   1.0943140000000001e-02  -7.8978775798432266e-01   1.4924651486810234e+00  -8.3472113892622690e-01   5.6303858060835299e-01   2.7597294259416916e-01   7.6047899850141232e-01  -2.4970634387623039e-01  -3.6347311625101486e-01   3.1946058552925889e+00   1.7297153829103440e+00
   1.0474690000000000e-02  -1.4199051631262909e+00   3.2501976079675654e-01  -2.6643599951221469e-01   4.6181928704225300e-01  -1.0944672821266028e+00  -4.4235892216807404e-01   7.2197955131953062e-01  -6.4380120840161037e-01   3.1829156648173553e+00   1.7258213274239389e+00
   9.5579399999999991e-03  -9.1944207467220884e-01  -2.3306230380745985e-01  -2.0537745398858914e-01   1.0640389417370084e+00   2.1137752778022648e-01  -4.0419491288442561e-01  -1.1921133722853035e+00  -1.0761682373099304e+00   3.1624576887345190e+00   1.7200416349780914e+00
   9.1108700000000001e-03  -1.1944308859877555e+00  -2.0741589769212657e-01  -5.2406035175244992e-01   6.3869164750479612e-01   5.2644192399165546e-01  -1.5864731456302610e+00   1.7424601088429087e-01   7.6744061158038293e-02   3.1740939620255149e+00   1.7230328274567901e+00
   9.7283000000000005e-03  -4.2397890671590915e-01   4.8567838773194760e-01   6.7592917310503930e-01  -4.7827934866231897e-01  -1.1475424599816333e+00  -6.5676692263729186e-01   9.2270014494960395e-01   1.0740419997795720e+00   3.1741026971735304e+00   1.7234184588153960e+00
   1.0101809999999999e-02  -9.4773804925888583e-01  -1.1532532948356715e+00  -1.8465913333941555e-01  -6.1706985684116741e-02  -9.9425503341343746e-01  -8.6307415289349165e-01  -8.0251672498100302e-01   3.1358721998185679e-01   3.1656338326814484e+00   1.7207391583723612e+00
   1.0325970000000000e-02   4.2373773322351155e-01  -6.8186440053426134e-01   8.8933530604037719e-02   1.6936031838650720e-01  -6.1805397065959455e-01   1.8798764939706174e+00   2.8475776576742656e-01  -1.4234881541460523e-01   3.1618013228750086e+00   1.7199218293228336e+00
   9.7874999999999993e-03  -1.6928808533510711e+00   1.0155356065873807e-01   6.7579479563660982e-01  -5.2985877758814481e-01   2.4665986422464059e-01   6.3318432369704503e-01  -8.9448354872133332e-02  -8.8595445454553901e-01   3.1760815296588332e+00   1.7240233473432707e+00
   1.0827949999999999e-02  -1.0432285841820248e+00   1.1553880534846912e+00   2.1021714956749896e-01  -1.6264565455930238e-01  -7.2162563438572258e-01  -7.7069378056558768e-01  -9.4872708976694331e-01   4.6295976572812181e-01   3.1953408304598341e+00   1.7296197210688922e+00
   1.0281510000000001e-02  -4.3186145197632714e-01  -6.0369352092578343e-01   1.2420622205148397e+00   7.3195620370980663e-01   1.7556693376689775e-01  -8.9817761227825543e-01   1.0600090964025739e+00   4.3792041976861235e-01   3.1831461696526855e+00   1.7261646625761977e+00
   1.0398990000000000e-02  -2.9544329659349772e-01   1.5490970594289637e+00   3.1284723603576531e-01  -3.9433780184407635e-01  -1.0798950439688223e-02  -3.4741012060517934e-01   1.1999309262911391e+00  -6.8541852353366672e-01   3.1892497950382444e+00   1.7276891113338346e+00
   9.8001000000000008e-03   8.5161517846781809e-01   2.7204636605163024e-01  -1.3630045565758411e+00   1.6867569836258448e-01   7.6520893600524265e-01  -9.5339392400623157e-01   8.2221555099012922e-01  -3.1421169856865723e-02   3.1706846964707558e+00   1.7226087660266329e+00
   1.0015850000000000e-02  -8.3214578111880000e-01   4.1951939384671377e-01   4.8593789910105589e-01   5.2414517004882089e-01  -5.2552771857968616e-01   1.1403566112263777e+00   1.3088713460321439e+00   4.1996870923119134e-01   3.1827144365708828e+00   1.7259916063708713e+00
   9.5060100000000005e-03  -6.2985159259626022e-01   5.5354003307896882e-01   1.3628254501615633e+00   1.2998279139439979e+00  -4.0755260880536071e-01   3.4155638697403828e-01  -3.6183002606786047e-01  -4.4936499383505085e-01   3.1637303823324876e+00   1.7203932015879810e+00
   1.0314769999999999e-02   1.5039720843229720e-01  -7.0879123917196141e-01   5.5249484292728668e-01   4.8559498867623463e-01  -1.8627958884737197e+00  -2.0143843370282521e-02   3.9229048702081276e-01  -2.6260458801699954e-01   3.1815134404849674e+00   1.7254710553874280e+00
   9.8469800000000000e-03   1.0106764846820528e+00  -1.3153376351768684e+00  -1.1612453753687932e+00  -2.7126111391470747e-01  -8.3080253090097900e-01  -3.1397490834107172e-02  -1.6517456063834583e-02   1.0040165329461839e-01   3.1867628753166786e+00   1.7269614197014254e+00
   1.0199440000000001e-02   8.7190038400821079e-01   1.0817661569131221e-01   5.8311387909455414e-01  -8.8321066877909660e-01   6.3732830638219107e-01  -4.1360818342273631e-01   1.3035020846825935e+00   7.4058709904083075e-01   3.1593344461512025e+00   1.7193035537600749e+00
   9.9611400000000003e-03   4.7522912369394088e-01   1.6309363875905654e+00   4.0890930665166397e-01   2.4100711305281411e-01   2.6205291301905079e-02   9.1383565276399778e-02   1.5370235286725026e-01   1.2866790613995831e+00   3.1693428743131751e+00   1.7222995373093812e+00
   9.9521999999999996e-03   1.1356212853021344e+00   3.6929487727520260e-01   4.9492491648445741e-01  -3.2025659774089293e-01   7.4577036883543113e-01  -8.7319269893647877e-01   4.2062300869781993e-01  -1.2300054148724386e+00   3.1624759087286498e+00   1.7201382027111369e+00
   9.9150000000000002e-03  -9.0679372278728423e-02  -1.1690357772479856e+00  -2.2069982254794121e-01  -6.0559910081576163e-01  -6.2168142128136206e-01   2.4875273060413396e-02  -4.2503442995826968e-01  -1.5609232638681108e+00   3.1643946678481174e+00   1.7207405531579791e+00
   9.7081800000000003e-03  -7.5446862187853603e-01   9.0657819277717722e-01  -3.9774228376240950e-02  -1.4051519486055506e+00   3.6495360181053182e-01   6.5453100773685968e-01   4.9347998217753120e-01   8.5091879498521050e-01   3.1788789142773410e+00   1.7249149127414660e+00
   9.7306300000000005e-03  -3.0180925730971359e-01  -6.4357125272565729e-01  -1.6254361100660367e-01   3.4082981407215168e-01   1.1458132885718593e+00   1.2530903564166789e+00  -8.3059751574060192e-01  -7.9182151795005351e-01   3.1701786417882141e+00   1.7221957533562844e+00
   9.4036099999999997e-03   6.2966875138321909e-01   5.3349626752954782e-01  -1.1871093200705345e+00  -2.3228076172388180e-02  -6.9698767138667639e-01   1.5799481932560666e-01   6.2157591036546922e-01  -1.3967935251956316e+00   3.1871084253683728e+00   1.7266698891588428e+00
   9.5017200000000000e-03   6.9579769639548950e-01   4.4726831310987375e-01  -1.1294074233257505e+00   6.8448600015628025e-01   1.0657861399579851e+00   1.2517458941913726e-01  -5.2232985312483959e-01  -1.0359605117520694e+00   3.1904508071249409e+00   1.7276632591782670e+00
   1.0502289999999999e-02   8.1583075608815292e-01   3.0055874241117653e-01   4.0688208640270218e-01   1.1476256737995134e+00  -3.2541696316078889e-01  -2.1107681975503909e-01   1.4922183507969839e+00  -3.9532741787074760e-01   3.1963340876408850e+00   1.7299125552748085e+00
   9.6997100000000003e-03  -2.9238295742473824e-01  -2.7419558622573581e-01   3.7366053959518991e-01   5.9735246679703119e-02   4.2699918814910143e-01  -2.6520532630179394e-01  -1.8492910703130730e-01   2.0683391380845166e+00   3.1778563676764540e+00   1.7243550649030710e+00
   9.7731899999999993e-03  -1.8110016829485851e+00  -3.0276903104040109e-01  -6.4503789949015755e-01   3.7884145599842001e-01   5.1002585643310760e-01   4.8175883909834438e-01  -1.9861707417550892e-01   6.2945527122982603e-01   3.1725471732232378e+00   1.7229433218587475e+00
   1.0154160000000001e-02  -6.7226218463598275e-01   1.2736743194973102e-01   1.0895486141605919e-01   1.0566911035494206e+00   1.2341835111690411e+00  -1.4782548378162869e-01   7.4983163353870619e-01  -1.0085257801905023e+00   3.1593929681800526e+00   1.7194055942062263e+00
   1.0019370000000000e-02  -2.4206593355647599e-01   1.2694271971957265e+00   5.8806256660314982e-01  -6.1433402625489786e-01  -1.0624169842984910e+00   1.0559424572079230e+00  -1.4739539258882231e-01  -3.6560514605563260e-01   3.1676967092060271e+00   1.7217300436106013e+00
   9.7333400000000000e-03   9.9005427661479140e-01  -5.7317819659945801e-01  -2.2505863887601252e-01   1.3895694213241960e+00  -7.1772133105472802e-01   3.5679109355358496e-01  -6.9104950905446128e-01  -6.4666889543912831e-01   3.1622168805232613e+00   1.7200870647278323e+00
   1.0284270000000000e-02  -9.0858119220000103e-02  -5.6829606455428860e-01   8.7447990262943975e-01  -9.1926925499840373e-01  -5.6159840672877070e-01   4.9559293656087616e-01   1.3553279478423876e+00  -6.4610517739956075e-01   3.1763504513616603e+00   1.7240225019720112e+00
   9.9711299999999999e-03   2.9996206851823970e-01  -2.4568123614771009e-01   8.7065043366704509e-01   8.4993677394049516e-01  -3.0197884022442845e-01  -1.3192099732477833e+00  -1.0693757442045722e+00   3.9583971207394231e-01   3.1606104868385860e+00   1.7195176195074060e+00
   9.7495499999999992e-03  -3.9166454709794557e-01   6.3230197760495033e-01   4.6798095613079260e-01  -1.2660927979439593e-01   6.3375230158257279e-01   1.5720449266520973e+00  -8.0781477224329545e-01   7.5149684853841769e-01   3.1764531185686669e+00   1.7243150240481444e+00
   9.9352999999999993e-03   8.7040530223765533e-01  -1.0112577415458297e+00   1.2971926977370332e+00   7.3785512863643332e-01   5.3095787175340492e-01   1.0524099037473748e-01  -2.2473376271249790e-01  -6.6721325526121733e-01   3.1745849565883653e+00   1.7234472121826929e+00
   9.6459900000000001e-03  -3.0103600693804872e-01  -8.9873590568235140e-01   7.4732430361132585e-01  -7.5819557616612088e-01   1.2089744829499389e+00  -5.3697788240521571e-01   1.1443040697763458e-01  -1.0241717221891735e+00   3.1681813705291431e+00   1.7217142832528860e+00
   9.5663799999999993e-03  -1.2547112124141449e-01   7.4353335953385793e-02   7.0925163558167886e-02   1.6718746315102495e+00   6.5765599607211545e-01   1.2341723754525487e+00   9.9947867563183565e-02   2.5905864057938799e-01   3.1660579377079365e+00   1.7210621488096018e+00
   9.3375100000000003e-03  -2.2083356909582783e-02   4.5420062081970053e-01   8.3231776040566030e-01  -1.8416165643925688e+00  -4.0129546715999881e-01  -4.5616749547561275e-01  -1.9262076822283736e-01  -4.5737407952231213e-01   3.1673283695428269e+00   1.7212085350244273e+00
   1.0252819999999999e-02  -1.5657529427006417e-01   5.5265683222268036e-01  -9.0243658493637435e-01   4.2371193364619775e-01   9.9812881410380161e-01  -5.6576396412089203e-01  -1.0870118969172227e+00   9.5805518681406232e-01   3.1699038230316030e+00   1.7223365052222044e+00
   9.5461299999999999e-03  -8.6049154679655826e-01  -7.5094318651170888e-02   5.9504208206533626e-02   1.6590300081302454e+00  -7.0095970632891513e-01  -2.1968401001286234e-01  -2.0023261681512516e-01   8.8145011069042745e-01   3.1665894477429068e+00   1.7210984268694287e+00
   9.9359600000000006e-03  -7.7629804866901586e-01  -9.3747042542382031e-02   1.2851808582383091e+00  -9.5855160461228744e-02  -4.9766574242813039e-01  -1.1392784859962133e+00  -1.2654142678624758e-03  -1.0004450933284961e+00   3.1751977623253658e+00   1.7236268904299781e+00
   1.0198050000000000e-02  -1.9998655325283149e-01  -1.3216105264544371e+00   6.7429961468541647e-02  -1.4486036759657497e+00   2.3882744431520161e-01   7.9657124859077821e-01  -3.8446657756137453e-01   2.1466458299800251e-01   3.1820063144382082e+00   1.7255071482007911e+00
   1.0445680000000001e-02   1.4864453670272951e-01  -1.3786979187275030e+00  -2.5716084661588395e-01   3.8807602704837302e-01  -1.3265047018501591e-01   6.2428988439808619e-01  -1.1549542251003531e+00   9.2844168550915629e-01   3.1852871391419586e+00   1.7265603803385663e+00
   9.3919599999999995e-03   8.4879076629298156e-01   8.6909144147883088e-01   1.5706563521201700e+00   6.6636946089514607e-02  -7.5793457085535454e-01  -5.8699911143228367e-01   1.0009453702334502e-01  -6.1202787124682766e-02   3.1626557410736504e+00   1.7198151765539595e+00
   1.0142139999999999e-02  -1.0796720172481953e+00  -4.1762754306682087e-01   1.2886812049664744e+00  -3.9263814925886131e-01  -8.3507279006291357e-01   4.9416560279753796e-01  -3.4173824520337248e-01   7.4632867873159414e-01   3.1691165767458496e+00   1.7220456827823867e+00
   1.0018229999999999e-02   7.3251497427842838e-01   4.5492602668098403e-02   1.5756140280009617e-01  -5.0497451213630506e-01  -1.4168921634429519e+00  -5.9548014949032932e-02  -1.2320552168636580e+00   7.0632274187195432e-01   3.1891130703430339e+00   1.7278342882545163e+00
   9.4631000000000003e-03  -3.5811418007006229e-01   6.0948103816233490e-01  -5.5968694645371464e-01   8.3721633566136378e-01   5.8220067894016481e-01  -2.1282435943501671e-01   1.2767541062373362e+00   1.1721456472379348e+00   3.1653926539369004e+00   1.7209518240494042e+00
   9.8656100000000004e-03  -4.3153898379808708e-01  -8.8373314142770876e-01   7.4089161567339301e-01  -8.2181483601873592e-02   1.1719911778687440e+00   9.7267721579963651e-01   6.8392361070997598e-01   7.0878164545604694e-01   3.1675398563428190e+00   1.7216216150907733e+00
   1.0032910000000001e-02   7.5035970026093401e-01   4.0125379834670655e-01   6.8902611864813035e-01   9.9799470021378367e-01   1.5130533082165851e+00  -3.8789465071502760e-01   6.1318677494245882e-02   4.4057443377785960e-01   3.1872610335381255e+00   1.7270007502448039e+00
   9.8685300000000004e-03   1.9056737669168262e+00   1.6635709416051400e-01  -1.1695333068620929e-02   2.6666674210616204e-01  -2.7167858338441628e-02  -8.9914020663558003e-01  -2.8737506464082807e-01   4.8883922166368576e-01   3.1886724898423693e+00   1.7276344699739874e+00
   9.9482200000000007e-03  -8.8969821901165147e-01  -7.8255836299181458e-01   9.1688972265413293e-01   2.7194163146088524e-01   1.0257400284664064e+00  -3.2396883131274629e-01  -1.1200138934086523e+00   3.4257676916277524e-01   3.1857247759432559e+00   1.7266121367115745e+00
   9.8346700000000002e-03  -9.6421294394154963e-02   1.4091473543921570e-01   4.6839772914000338e-01   5.9353412597201749e-01  -2.6790870329342831e-01   7.3138236562639047e-01   4.9937553813275037e-01  -1.8457754369492583e+00   3.1834877356530171e+00   1.7260902086203707e+00
   9.4989099999999993e-03   1.0676996164006396e-02   8.2742494401752964e-01   3.7607383388075638e-01  -3.8990989653520758e-01   6.5262018813766731e-01  -1.7709385427715589e+00   3.2278975992028131e-01   4.6676992164263503e-01   3.1619885482982335e+00   1.7197709834586754e+00
   1.0251600000000000e-02   8.8560794200171067e-01  -1.1138892345872875e+00  -4.7051379665203602e-01   7.1786973317999297e-02   8.1489170003080125e-01   5.2947323762573761e-01   8.7727642099371639e-01  -8.9330649645910820e-01   3.1727398141941152e+00   1.7231408845100338e+00
   9.4205999999999995e-03   3.7411055295632006e-01   4.3612472085402731e-01   2.1745117871177433e-01  -1.2296158022840720e+00   7.2083716515071972e-01   1.0615460701691413e+00  -2.4493172161041182e-01  -1.1426813845826673e+00   3.1660624745192316e+00   1.7209959839361637e+00
   9.7849400000000007e-03  -1.3621550623079868e+00  -4.7356437717349792e-01   2.4725269616096981e-01  -1.2570938982832698e+00   2.7105511395352133e-01  -8.1365411388402642e-01   3.4323414196062968e-01   4.8660228824789176e-01   3.1566621583540195e+00   1.7185197564482124e+00
   1.0056490000000000e-02  -6.7895720901211876e-01  -1.1023874212488600e+00  -1.5328975300014440e+00  -2.7707088395456664e-01   5.6518013447760296e-01  -2.3358105359558995e-01  -2.8948669725000964e-01  -4.5492610542569001e-01   3.1680526399414388e+00   1.7216437809588097e+00
   1.0020190000000000e-02   1.4595001748001571e-01  -5.3575238291397842e-01   1.2685857695602085e+00  -3.6883306014246348e-01  -4.4271816551383952e-01   6.8634427145174171e-01  -1.3064243639763460e+00  -6.1456702819071451e-01   3.1733449318496807e+00   1.7232935455119480e+00
   1.0169589999999999e-02   4.2357900501530277e-01   2.9175220496918486e-01   1.1898658584541126e+00  -9.7280397636279314e-01   6.7651488274087268e-01  -3.0574176722925933e-01  -9.7445637219167414e-01   7.9480874173244909e-01   3.1681991194718413e+00   1.7218780785804617e+00
   1.0414120000000001e-02  -3.4647029131672430e-01   4.6203078168943912e-01  -3.7139155303422644e-01  -6.9459344171031390e-01   1.9590807838653426e+00  -9.2990491147888613e-02  -5.3071386825093166e-02   8.9694801031868041e-02   3.2046807099766794e+00   1.7320798031315756e+00
   9.9324900000000004e-03   1.4427675802544180e+00  -3.1589149952538476e-01   1.1267628621742472e-01  -3.4524964004788516e-01   1.1457248454362112e+00   7.7245324413652594e-01  -4.6964897175457215e-01   6.1656024923780128e-01   3.1801626474471072e+00   1.7250293044142935e+00
   9.9512200000000002e-03   9.9688632417061260e-02   4.0149407217633776e-01   1.7890822367843149e+00  -2.4634527487617236e-01   7.1149797522912617e-01   6.7553423013919045e-01   6.0733453874981413e-01  -2.1058242978398925e-01   3.1750799389843252e+00   1.7236625219273605e+00
   9.5289699999999995e-03  -8.4643786286294653e-01  -6.7005770227319461e-02  -1.0069966360852314e+00  -6.2569426043017429e-01  -1.2262351695060240e-02   1.3396556310946461e+00   6.9290266393625366e-01  -6.9426275315868879e-01   3.1717066492505368e+00   1.7225126638778459e+00
   9.8558199999999995e-03  -1.6331856319608851e-01   1.1423475434185788e+00   8.3908030340675011e-01   3.2516089601788402e-02   1.0198162589953768e+00  -3.0113765287688893e-01  -1.0198425387718237e+00  -8.2329109461264149e-01   3.1856646910119335e+00   1.7267485168372319e+00
   9.8210399999999996e-03   7.1164686322365445e-01  -2.2936305317409594e-01   1.2364214609411797e+00   8.6712211423654295e-01  -5.4103006180593416e-01   6.4014686432438017e-01  -1.1122926294992155e-01   1.1214730823010002e+00   3.1676038855043536e+00   1.7214636807068386e+00
   1.0046660000000001e-02  -8.2356903189750930e-01   6.4933210277561482e-01  -7.8462652917202513e-01  -6.2424938117196471e-01   3.8493159532517274e-01  -7.2250502153033180e-01  -8.3230299293984733e-02  -1.4187132599212482e+00   3.1712276052954063e+00   1.7227040242231120e+00
   1.0479169999999999e-02   1.6597009422251968e-01   1.2737634229855308e+00  -2.1213291906233103e-01   1.3604831912333801e+00  -1.8200511997880812e-02  -1.0378638935180460e+00  -1.2599672296070527e-02  -3.8341262153241157e-01   3.1879837866377789e+00   1.7275043136112467e+00
   1.0028440000000000e-02   6.6254772185211441e-01   2.0992795682272197e-01  -1.2226805022498168e+00  -5.9225311010068038e-01  -3.3130662286583107e-01   1.2052627150404833e+00  -9.0602223525785164e-01  -2.6815705646077381e-01   3.1651847051380955e+00   1.7210131665889634e+00
   9.3814499999999995e-03   6.2326669605518914e-01   5.7506991025374177e-01  -3.1905213679708766e-01  -5.1284760709781108e-01  -1.2736359622938143e+00  -1.4094614519428721e+00   2.6950998392708825e-01  -2.9068228598079771e-01   3.1458349707125999e+00   1.7152852555184399e+00
   1.0082390000000000e-02   1.0346845873923998e+00  -6.8791694580139484e-01  -2.9967818741948737e-01  -3.1987378039524150e-01   6.6104546079256943e-01  -3.3456629164186880e-01  -1.4959175423506192e+00  -5.4081923914070984e-01   3.1859332296360856e+00   1.7268412725621847e+00
   9.7992500000000007e-03   3.5613554318228974e-01  -1.3468562134220248e+00  -2.1228872138902405e-01  -2.5393632060119758e-01   1.1381718484883934e+00  -1.0111721209328670e+00   1.8260532964803047e-01   6.4504082916775973e-01   3.1644775603989905e+00   1.7206872029108682e+00
   9.9019899999999994e-03  -8.0589032715413089e-01   8.9741428110802912e-01  -1.5056409979380179e+00  -5.0225714177411651e-01  -2.1209088414900629e-01  -5.6682377302285258e-01   4.9681328912570899e-01   5.0170283082366451e-01   3.1832413174740060e+00   1.7257711888332092e+00
   1.0654050000000000e-02  -8.9459129179067731e-01  -1.6717993856618651e+00   3.9673124483879180e-01   7.1581272460452339e-01  -1.2609957530401014e-01   3.1747945602608046e-01   3.8406754524676451e-01  -4.6978542929668143e-01   3.1969141162900785e+00   1.7299352989277914e+00
   1.0428349999999999e-02  -8.6715541848314259e-01   2.1260122486581928e-01  -4.9717044959754503e-01  -1.0709536412234946e+00   2.1088081689107546e-01   2.4381544149771645e-01  -1.5731268616549592e+00   3.2535992440311301e-02   3.1870578797623428e+00   1.7271642134299034e+00
   9.8722199999999993e-03  -7.0229942760052977e-01  -1.1989202376822250e+00  -5.2316808181088192e-01  -3.1126148904540107e-01  -6.3562041826314486e-01   2.8363843497830665e-01   9.8328477681209392e-01   1.0502925527176372e+00   3.1811745147778683e+00   1.7255164467309148e+00
   9.4631500000000000e-03   3.4768230910719888e-01   1.1240072200723425e+00  -3.3035358733170578e-01   8.7222981658693022e-01  -1.5716498601488971e+00   3.3695044655921991e-01   1.0046106964362880e-01   1.1235669919591984e-01   3.1634791680994128e+00   1.7201275788074231e+00
   9.8835499999999996e-03   1.1117963613551306e-01  -3.5212163422740839e-01  -1.4005606861766140e+00  -2.2003592285028789e-01   9.0962823235096257e-01   9.2354055427469328e-01   2.6640438509861392e-01   9.4984091975662710e-01   3.1639040555092866e+00   1.7204906487712324e+00
   9.7147299999999995e-03  -9.0372357732589295e-02  -8.1857259990341447e-01  -4.2485482465621383e-01  -4.9051517886047935e-01  -4.9027899009640152e-01  -1.1485343748325922e+00   1.3702577999475194e+00  -5.3202007304082155e-01   3.1670696780764853e+00   1.7213230807668458e+00
   1.0896750000000000e-02   8.8060392386664588e-01   1.5841441664109139e+00  -5.8578174248361059e-01  -8.4865527512567018e-01   1.7037643245839570e-01  -1.7397945576022225e-01  -5.4895409458159938e-01   4.9784595351990750e-02   3.1941200147650597e+00   1.7292672917942984e+00
   1.0068880000000001e-02   6.5963518935347765e-01   9.5975880090962218e-01  -2.7704659304238033e-01   1.8787670379853783e-02   9.0864438256059155e-01   1.1409571910043428e+00   1.1178215837427072e+00  -1.4898001160136956e-01   3.1885732621918565e+00   1.7274202551534090e+00
   1.0546250000000000e-02  -3.4558521748153087e-01  -4.4402650947129219e-01  -1.3663407837385479e+00   1.1824144741250049e+00  -4.4327390878795364e-01   3.9532108886846612e-01   8.1980814271943092e-01  -3.1895436247928288e-01   3.1717634108656902e+00   1.7229211902722825e+00
   9.5089200000000006e-03  -1.3514068533662693e+00   1.0314004598347049e+00   9.0338488574070031e-01   3.6518229434864413e-01   7.5940763721398208e-01  -2.2847979806867383e-01   2.1071960319400226e-01   5.7285802237110650e-01   3.1527796200418643e+00   1.7172978831459660e+00
   1.0548210000000001e-02   6.8049324868358374e-01  -1.3573538547291573e+00   1.0178315262823778e+00  -7.2870042578629146e-01  -4.7876072413312565e-01  -7.3222917211922645e-01   3.2239311086979569e-02   3.8959100941737418e-01   3.2062155280544702e+00   1.7325616117697062e+00
   9.7956699999999994e-03   1.7191613542432771e+00  -2.1499914196308853e-01   3.7679085522716360e-01  -6.8757576716132440e-01  -7.3644515477207595e-01   3.4373912616054636e-01   2.2389969748162686e-01  -7.1467513821215567e-01   3.1721003295332451e+00   1.7227737726509833e+00
   9.7456200000000000e-03   3.2373832932404673e-01   7.2698541891873547e-01   7.1557003972522099e-02  -4.0476928829174974e-02  -9.0906662443061426e-01  -3.5405974934719864e-01  -1.1514504653147921e+00  -1.3907141541030814e+00   3.1686638278343073e+00   1.7219357975043057e+00
   1.0168520000000000e-02  -1.5182033303985482e-02   1.4218246101298443e-01  -1.6116108098051618e+00   4.5109922356808724e-01  -7.6379361222492992e-01  -6.3299784573502160e-01  -9.7108965339553555e-01  -7.5979908117244963e-02   3.1645460890007242e+00   1.7207578358162334e+00
   9.9871400000000003e-03  -6.2647277686120550e-01  -8.1319829878575972e-02  -6.4403375619637915e-01  -1.2995112580010750e+00  -1.5086156797435235e+00   1.6758646946366434e-01   1.1236067611276487e-02  -2.0542077943737655e-01   3.1873225085424099e+00   1.7270719489017941e+00
   1.0011910000000001e-02   4.2322767636771452e-01  -1.2008545477719648e-01  -8.3995638306074905e-01  -1.1880126021835824e+00  -1.0638873901779546e-01  -6.2149947949442952e-01  -3.8858654276660926e-01   1.4078008931960500e+00   3.1905236540455109e+00   1.7279135657519487e+00
   9.8320899999999999e-03   7.5773491914182312e-01   5.1565145846213500e-01  -7.8945281906923015e-01  -5.1972357211111253e-01  -8.9682778590028844e-01   4.0749171320469008e-01   1.3801425867188759e+00   4.6617412531054098e-01   3.1627245378125477e+00   1.7206223981049986e+00
   9.2595000000000004e-03   1.3374093228412414e+00   1.0335334037425554e+00   5.6386509218626213e-01   6.0970128779539423e-01   1.0484278426428383e-01   9.8423858132054276e-01  -3.5007585267882912e-01  -5.8448682820016262e-01   3.1774736626392581e+00   1.7243888743665889e+00
   9.7254899999999998e-03  -9.3452777342933691e-01  -2.5334145839972516e-01  -4.0757623933795578e-01   4.9408334168928092e-01  -1.1058793012289816e+00   1.0903344964348016e+00  -9.1288957006760107e-01  -4.8488443486940819e-01   3.1647759065220589e+00   1.7206734486548654e+00
   9.7110300000000007e-03  -5.4256473920681392e-01   3.7935869209735906e-01  -7.9605662243065023e-01   4.3654436320464930e-02  -9.3378227922901413e-01   9.0097245417400829e-01  -3.2913863008070049e-01   1.4157576809147916e+00   3.1684329341174959e+00   1.7220263227231698e+00
   9.8968900000000002e-03   4.8180875458703304e-01  -8.3755682998660264e-01  -1.7474549250312307e-01   8.9536299530184515e-01  -1.8769347448000875e-01  -1.3297596719073839e+00   1.2194481984019513e-01  -1.1250361484466753e+00   3.1837406039774132e+00   1.7259575548424326e+00
   9.8545600000000001e-03   3.8213570773626748e-01  -3.0437341266401502e-01  -5.6119998217992773e-01   7.0898722768466949e-01  -8.8142251714865549e-01  -1.1894759474751941e+00   4.3099355141258555e-01   1.1637488903970961e+00   3.1639396030774827e+00   1.7203511264964855e+00
   9.7753500000000004e-03   6.3347239320762527e-01  -2.0691468542105695e-01  -8.9086907004625104e-01  -1.7345433392605258e+00   4.0552589010979340e-01  -1.9269054667406518e-01   4.5327496533686790e-01  -3.9297594354732990e-01   3.1561393638671973e+00   1.7185296961652448e+00
   9.4473200000000004e-03   8.6539169680925887e-01   6.8362593624873180e-02   4.9620573856603872e-01  -1.1282296967581171e+00  -5.4857523649601259e-01   1.0548852800350679e+00   2.2107555658008041e-01   1.0825086208019603e+00   3.1750720168334654e+00   1.7236521146988546e+00
   9.2979199999999994e-03   1.2146547423161156e+00   4.3089476798469278e-01  -1.0971653399297490e+00   9.3467860504562839e-01  -9.1697214530993096e-02   6.1487473064158416e-01  -7.5308886092763816e-02   9.1378539958711336e-01   3.1796188861502426e+00   1.7248485509525247e+00
   9.3901000000000002e-03   1.0658992274213257e+00  -1.0666571113149916e+00   1.0138408791638676e-01   5.7820642100390118e-01  -1.6836500727543717e-02   3.5070277653704590e-01   1.1855652377380219e+00   8.6592611539351305e-01   3.1758166666574628e+00   1.7234875587223857e+00
   9.3826900000000008e-03   2.4451392176536435e-01  -1.0339417465148630e+00  -6.3476736940505740e-01   1.5200366805995560e+00   8.4828237506980664e-01  -3.6676275981341044e-01  -1.9540525521043767e-01   3.9531891742069841e-01   3.1679982488865019e+00   1.7214294811070736e+00
   9.5151200000000002e-03   3.3256176814632882e-01   6.8063454280191116e-01   1.5282207642411949e-01   8.5013051448239396e-01  -2.2536813662661744e-02   3.6572426594835183e-01  -1.8001297353192889e+00   4.4157679174982817e-01   3.1690552473406921e+00   1.7219352917101736e+00
   9.2306799999999998e-03   4.0892441108508960e-02  -2.5411962402086807e-01  -3.0749718514416507e-01  -8.8188984125075776e-01   1.2331926878378831e-01  -1.6668425492269452e+00  -1.0451788622689215e+00  -3.2910788234380411e-01   3.1755547928549275e+00   1.7234363170332681e+00
   9.2515099999999992e-03  -8.1078394189023839e-01  -2.6471806230192529e-01  -3.6796316449333172e-01  -3.4952209826916719e-01   8.8256322447988533e-01  -6.7818726980288319e-02   1.7488505468668707e+00  -2.3863269729458803e-01   3.1625738868469995e+00   1.7198737191655706e+00
   0.0000000000000000e+00   0.0000000000000000e+00   0.0000000000000000e+00   0.0000000000000000e+00   0.0000000000000000e+00   0.0000000000000000e+00   0.0000000000000000e+00   0.0000000000000000e+00   0.0000000000000000e+00   3.1747335149675573e+00   1.7235743618950727e+00
