   2.2606700000000002e-03  -2.8468615997358446e+00  -2.3075915157632357e-01   1.7397128661034747e-01   3.6679502276795600e-01
   9.2848300000000009e-03  -1.0162905148356232e+00   1.3292183090139136e+00   3.8936843722855698e-02   1.8515970909946691e-01
   5.9112499999999998e-03  -2.1694054773603311e+00   1.5153450164068111e-01   6.7434406062000254e-02   2.4232766455587146e-01
   5.9682099999999998e-03  -2.5136424002792288e-02  -2.1639271573780623e+00   6.5654635064896841e-02   2.3940906765072734e-01
   1.3437970000000000e-02   9.7257212877921129e-01  -6.5578831942566540e-01   2.7431583938235728e-02   1.5563924165580198e-01
   2.6205099999999999e-03   8.3719154832613185e-01   2.6939502516450693e+00   1.8487108036883565e-01   3.7916261571629173e-01
   6.7468900000000002e-03   5.4888154481179863e-01   1.9249749002092509e+00   5.3181573754255446e-02   2.1525983222673012e-01
   1.8891400000000001e-03   2.8838219794236202e+00   5.6429290320562275e-01   1.9099610190826111e-01   3.8239456642921310e-01
   9.2903599999999992e-03   2.5502279595037797e-01  -1.6713035227272670e+00   4.0321135107338139e-02   1.8836974015163943e-01
   1.0168780000000001e-02  -1.6288631427410272e+00  -1.4452796262283354e-01   4.0024212906222989e-02   1.8773727972905305e-01
   1.6544870000000000e-02   4.6921740400974887e-01   6.4325003896463218e-01   2.3124590105126325e-02   1.4312294877078971e-01
   6.6749599999999997e-03   1.9801127540346048e+00  -5.7769505752762917e-01   5.9242502574864735e-02   2.2737973300572423e-01
   2.6561000000000002e-03   2.3874220362044132e+00   1.4213622497900096e+00   1.6525882893356897e-01   3.5840716592033661e-01
   1.0675700000000000e-02   1.4313642347133879e+00  -6.4604204705168977e-01   3.7811330362351153e-02   1.8255298172405843e-01
   2.3740300000000001e-03   1.3659851932928513e+00  -2.4755847354397615e+00   1.7203294483983236e-01   3.6336834574493793e-01
   1.3634000000000000e-02   1.1385176181225813e+00  -2.4366781616107824e-01   2.7559804758560791e-02   1.5604082779599407e-01
   1.0378290000000000e-02   1.1715144697478108e+00  -1.0983137084357637e+00   3.8833294929646336e-02   1.8503976522856319e-01
   9.3298600000000006e-03   1.1862226998874126e+00   1.1783719385001366e+00   3.9351337084839989e-02   1.8593112078288104e-01
   5.2418100000000004e-03  -5.3342210346668240e-01   2.1679717529073921e+00   7.0092399920494500e-02   2.4522016334352620e-01
   1.3790480000000001e-02  -1.1443776388986475e+00  -2.7829851471456529e-01   2.8384888885895129e-02   1.5828377319372849e-01
   1.8448440000000000e-02  -1.6163266352592981e-01   1.7167519250792782e-01   1.9353386804984368e-02   1.3091820776784838e-01
   1.0949520000000001e-02  -8.0356474109501974e-01  -1.0286486518983329e+00   2.6481195108978946e-02   1.5278667211197050e-01
   1.5275440000000000e-02   2.5222255874225680e-01  -8.7032441674926775e-01   2.3604294187145800e-02   1.4445979229905931e-01
   9.7366999999999992e-03  -5.1261305849533323e-01   1.5645185347168904e+00   3.9187555699873450e-02   1.8572701123955315e-01
   2.2445700000000000e-03  -4.8304045719222072e-01  -2.8121288914467670e+00   1.7496444660233357e-01   3.6639068560755317e-01
   2.4655800000000002e-03  -1.4869553204194479e+00   2.4483374243791225e+00   1.9210344413075622e-01   3.8956937586201906e-01
   7.3737500000000001e-03   1.6608556562800212e+00   9.2086335476317327e-01   4.7615724018672791e-02   2.0357517085121643e-01
   1.6030860000000001e-02   9.4911173919955197e-02   8.2666830621736354e-01   2.3406882307290020e-02   1.4370899809777632e-01
   2.2883100000000000e-03  -2.6090571817752299e+00  -1.1327908757362242e+00   1.7097888207264245e-01   3.6304410432869555e-01
   1.0378270000000000e-02  -1.4818094315171100e+00  -6.4252446176021694e-01   3.9359669024700658e-02   1.8624958925577173e-01
   6.1430599999999997e-03  -1.3315445508979757e+00  -1.6904490749878538e+00   6.5378846913201644e-02   2.3909331329246575e-01
   8.8826300000000007e-03  -1.6816886613728985e+00   3.9676678787424813e-01   4.1610839534232724e-02   1.9100337314107466e-01
   9.4083199999999995e-03  -7.9062135644781251e-01  -1.4806126435801688e+00   4.0083532726363599e-02   1.8775281094764218e-01
   1.0461089999999999e-02  -1.2720446411508688e+00   5.7824287535154650e-01   2.8669318058324199e-02   1.5894890120684879e-01
   1.6557820000000001e-02  -8.2167206983047514e-01   6.7558486748598417e-03   2.3659919956405144e-02   1.4475839577893687e-01
   1.0105690000000001e-02   7.5979753865243871e-01   1.3814599468377082e+00   3.6373654981878029e-02   1.7887284459026420e-01
   1.5588289999999999e-02   8.3196119607230745e-01   4.4987590180936549e-01   2.4869181782901543e-02   1.4838312199893577e-01
   4.9338699999999999e-03   2.1391211682033933e+00   6.4638480542571153e-01   6.4279322327074673e-02   2.3623488312020824e-01
   1.3221159999999999e-02   7.0614577887244978e-01  -9.6391780941880256e-01   2.7966628011624136e-02   1.5703347064438947e-01
   1.8211729999999999e-02  -2.8364557204564023e-01  -4.4496741111824029e-01   2.1381151970439567e-02   1.3755800630336049e-01
   2.5247300000000002e-03   2.7497337941134448e+00  -3.3374677876743636e-01   1.5541383701285991e-01   3.4552378657814836e-01
   1.2165489999999999e-02   1.2119170108646320e+00   6.6191476147176032e-01   3.2320099679776455e-02   1.6896769778961909e-01
   1.9779919999999999e-02   3.9600834346861147e-01  -1.8577071554880262e-01   2.2491726150946127e-02   1.4094403776579434e-01
   9.5981399999999998e-03   1.6145471409152679e+00   3.6451666180495212e-01   3.8891520359424128e-02   1.8514476166918459e-01
   1.6310570000000000e-02   5.0984782637230652e-01  -5.8891805340954706e-01   2.2803520655136512e-02   1.4186679343610914e-01
   1.0972829999999999e-02   4.0933764641531623e-01  -1.2448884525865809e+00   2.6683770306232753e-02   1.5339801364925226e-01
   1.7979900000000000e-02   1.4475206818930661e-01   4.4165943837458288e-01   2.0429388492936771e-02   1.3446009434573772e-01
   9.4850000000000004e-03  -1.2455235335535126e+00  -1.1134679416302440e+00   3.9833867857863442e-02   1.8717898827384671e-01
   6.3794200000000002e-03  -2.0610007510681312e+00  -5.2869092715464872e-01   6.4922051609040091e-02   2.3792106402341393e-01
   1.0414550000000000e-02   1.5734557227838133e+00  -1.4690060480666578e-01   3.7498034254579135e-02   1.8179417568639558e-01
   1.8740320000000001e-02  -4.2457242854647276e-01  -9.4788686293887023e-02   2.0914499134669740e-02   1.3611664686760194e-01
   4.9693599999999999e-03   1.6493507259392293e+00   1.5018780697716312e+00   6.4302859599104437e-02   2.3623150833899031e-01
   9.4692100000000005e-03   8.0045164133689606e-01  -1.4706566401352597e+00   3.9924661222006184e-02   1.8745485922579197e-01
   1.2856780000000000e-02  -1.2427170267803471e+00   1.3548003343527210e-01   2.8758148281042485e-02   1.5940027523448844e-01
   1.2888830000000000e-02  -4.0915704719530160e-01  -1.1499319089982050e+00   2.8000367270833621e-02   1.5717802307643453e-01
   1.5386360000000000e-02  -5.3913661031257720e-01  -7.2628649199077155e-01   2.3721798878242141e-02   1.4483033902012152e-01
   5.8901200000000004e-03  -1.9980180452445793e+00   8.9642452500789904e-01   7.0006802445754038e-02   2.4649959246780190e-01
   1.2267220000000001e-02  -9.4789118724410160e-01   8.6477357846860026e-01   2.8691898701553226e-02   1.5919498347550118e-01
   1.6782539999999999e-02  -7.0283834157719105e-01  -3.6540722252021013e-01   2.3472116130881772e-02   1.4408168857642614e-01
   2.3998299999999999e-03  -2.0933978597925118e+00  -1.8710169070112257e+00   1.6575429514031598e-01   3.5625876706511456e-01
   6.2218200000000003e-03   1.3203572026923369e+00  -1.6796556655875310e+00   6.4206754611781838e-02   2.3683622501978036e-01
   1.8801229999999999e-02  -3.2915618086053998e-02  -1.7744442239420127e-01   1.9673068289227311e-02   1.3180345254984444e-01
   1.3781270000000000e-02   3.9902965865082890e-01   1.0615415972091999e+00   2.7243728846387000e-02   1.5493260064843581e-01
   5.9944500000000001e-03   1.1220202656788978e+00   1.8392819598489940e+00   6.6410375549237982e-02   2.3956958231729714e-01
   2.5296400000000001e-03   2.5327894620807738e+00  -1.1494632113042620e+00   1.6295421041976133e-01   3.5201019273872453e-01
   1.7758299999999999e-03  -4.2601842406305995e-01   2.9888695613514717e+00   2.2424505770149666e-01   4.1806728420492528e-01
   9.8763500000000008e-03  -2.8200219132257237e-01  -1.6273553261319409e+00   3.9928450865897504e-02   1.8763870288430531e-01
   6.0317100000000000e-03  -7.0104848350846738e-01  -2.0394115650887890e+00   6.5556462755994166e-02   2.3913168134296797e-01
   1.5293650000000001e-02  -5.8857794364563654e-01   6.6669259600545028e-01   2.3171492766682136e-02   1.4320224777984678e-01
   1.8737680000000000e-02   1.2961798550856204e-01  -4.9356821935714962e-01   2.1806598278392212e-02   1.3891589189385875e-01
   6.1370799999999996e-03   6.9698641550251084e-01  -2.0346883981056263e+00   6.5937355136342080e-02   2.3975609406055187e-01
   6.2227799999999998e-03  -1.7962882402402307e+00  -1.1445524418525717e+00   6.3784510184642734e-02   2.3596751091718896e-01
   1.4706960000000000e-02  -8.9411635269476486e-01   4.0578240885451106e-01   2.4326735944424756e-02   1.4669897390546641e-01
   1.2502380000000000e-02  -5.7860538955782403e-01   1.1225207772435208e+00   2.8729648991925372e-02   1.5908952585485372e-01
   2.3156499999999998e-03  -2.7516872982992209e+00   7.5381802064103165e-01   1.7825120851518034e-01   3.7157106944405971e-01
   2.3110000000000001e-03  -1.3844089226728169e+00  -2.4836418435960090e+00   1.7511379536645430e-01   3.6684109480314897e-01
   1.3656500000000000e-02  -2.6936246646503470e-01   8.9521410177631600e-01   2.1729353525075674e-02   1.3851647517502516e-01
   1.7787150000000002e-02   4.8942887732773704e-01   2.4134544972822197e-01   2.1300556828941049e-02   1.3714494450851303e-01
   1.7551410000000000e-02  -5.2052073392704978e-01   2.7533576016832589e-01   2.1221340890386412e-02   1.3712520962170563e-01
   1.7058350000000000e-02   1.8045942669838255e-01   8.7470253722416819e-02   1.7839852993506530e-02   1.2558952287963432e-01
   9.8107999999999997e-03   3.0490199989807554e-01   1.4683343436591709e+00   3.1224987611776649e-02   1.6585511966700145e-01
   2.3296200000000001e-03   4.6845280236261927e-01  -2.8002532247175820e+00   1.7353988315111982e-01   3.6547034889282870e-01
   1.3205130000000001e-02  -9.9797391434027172e-01  -6.6887377587096086e-01   2.8031898198733553e-02   1.5725198422469908e-01
   1.4737260000000000e-02   7.4523633985099214e-01  -3.2042800373949459e-01   2.1080152609235514e-02   1.3644598607113673e-01
   6.6458799999999998e-03   1.7333338666630034e+00  -1.1574152347130022e+00   6.1587331595531404e-02   2.3185741811835403e-01
   2.4072400000000002e-03   2.0826465565116647e+00  -1.8950561305144134e+00   1.7003993571603596e-01   3.5992467322986327e-01
   1.6653740000000000e-02  -1.3880494523971915e-01  -8.0967184650540525e-01   2.3766607668986642e-02   1.4505953150310297e-01
   5.3766500000000002e-03  -1.6035882710576406e+00   1.5581150552756291e+00   7.0284474669435174e-02   2.4692977571246422e-01
   2.1823799999999998e-03  -2.3449797243487476e+00   1.7092521458081973e+00   1.9326589246559506e-01   3.8710245028866341e-01
   2.0279999999999999e-03   1.8157271044104319e+00   2.3189908108466715e+00   2.0056734010699756e-01   3.9478570515495787e-01
   5.6384499999999997e-03  -1.0309491345290744e+00   1.8500073545434736e+00   5.6684740654871474e-02   2.2204447960150500e-01
   1.7230189999999999e-02  -2.1523796157742411e-01   5.2934264915728646e-01   2.0725196418302755e-02   1.3540721854766338e-01
   8.5848200000000000e-03  -1.4430645439841732e+00   1.0012456507314595e+00   4.2087347092461411e-02   1.9215155224527422e-01
   1.3618220000000000e-02   8.0596336417721037e-01   8.9002291628922048e-01   2.8649243478030523e-02   1.5914880774925214e-01
   1.6423330000000000e-02   7.9050480556090874e-01   3.8075851955036884e-02   2.3248783851009622e-02   1.4321216417960583e-01
   1.3726930000000000e-02  -8.8614683161210697e-02   1.2580226643528785e+00   3.1487001777226825e-02   1.6664331578370700e-01
   1.3689270000000000e-02   1.1847225756327191e+00   1.8972844241014752e-01   2.8808890440926740e-02   1.5954147781357311e-01
   1.2803320000000000e-02  -5.1638861943492948e-03  -1.2318369401839171e+00   2.8169661264610360e-02   1.5767504863029336e-01
   6.1917300000000003e-03   2.0949657429541069e+00   3.0572062721289022e-02   5.9634915792065070e-02   2.2737099105196737e-01
   8.3838500000000000e-03  -5.4135240315269256e-02   1.7746879225515331e+00   4.2290118184808982e-02   1.9275197519926465e-01
   4.1953700000000003e-03   1.2233443398214394e-01   2.3574120963872645e+00   7.3731505362245556e-02   2.5218492183046354e-01
   0.0000000000000000e+00   0.0000000000000000e+00   0.0000000000000000e+00   3.8283208001717854e-02   1.7372487162180250e-01
