1.2233212469464245453080482689618652e-04	-3.8715978377803248350212784261675360e+00
2.5806544757355707842497488559370183e-04	-3.5045572161409174613567249653333314e+00
4.6060491854260654004343223156018972e-04	-3.2472616300555235136681012959979424e+00
7.0283941533689257876403573815708050e-04	-3.0459145073708278307851235806171837e+00
9.7797787162762584190592661488507843e-04	-2.8787078533053769661186297291326555e+00
1.2807730758429151815739911610247824e-03	-2.7346051965983903938347076062225278e+00
1.6069662311550506733598103724374129e-03	-2.6072265278961834529828535613696920e+00
1.9529875455658645398146797642517586e-03	-2.4925398847364619013993445203055564e+00
2.3157755255161020298101733313978380e-03	-2.3878286876785603214047219027125899e+00
2.6926593440810051360204664371245992e-03	-2.2911720162039904198498698938837424e+00
3.0812779349953581250251788790649467e-03	-2.2011592655682014118669537308183113e+00
3.4795219531997459666654706085808393e-03	-2.1167226197179498313594634235043425e+00
3.8854907274252170360466385578912144e-03	-2.0370333035967765369126146482172866e+00
4.2974594553093203151624117027772732e-03	-1.9614344750528677913491102503133008e+00
4.7138536359079077790587780926593440e-03	-1.8893962162338439773800154738097999e+00
5.1332287619225228182604432191609308e-03	-1.8204844086343142203045435957053343e+00
5.5542539265619840894571291170702507e-03	-1.7543386372293963898592084783009642e+00
5.9756984042217684212850174832963521e-03	-1.6906561438308753146266014035787412e+00
6.3964205308543520591873966315041126e-03	-1.6291799394045582184046373886976614e+00
6.8153583907353905606063029624625815e-03	-1.5696898413872725025242401007110073e+00
7.2315219419229844227624834871386257e-03	-1.5119956098835612776896345083110153e+00
7.6439863017990370817431949098341839e-03	-1.4559316171416622121646174227033741e+00
8.0518859784799458793403436825452229e-03	-1.4013526552469944408721274310208655e+00
8.4544098812223055511509179729273589e-03	-1.3481306010815954529584797183174486e+00
8.8507969782781944978435728337797040e-03	-1.2961517354731444602880513242562656e+00
9.2403324973847022320371666006288859e-03	-1.2453145675620171576091318464940963e+00
9.6223445845504536998030889019380829e-03	-1.1955280536210737976617541713424726e+00
9.9962013526702955692687936444308535e-03	-1.1467101269461909335464580202553166e+00
1.0361308263925186451886343698841177e-02	-1.0987864753311320072240264594757997e+00
1.0717105799748959951372541994870156e-02	-1.0516895172781857263399552898577191e+00
1.1063067379981333549122382366836202e-02	-1.0053575389910596956624231936364299e+00
1.1398697499131329717043595680871004e-02	-9.5973396239330198634094838873569901e-01
1.1723530052786439835180660826807359e-02	-9.1476672064405656516111938274397816e-01
1.2037126831376571127928964621289819e-02	-8.7040772239996661791175290090381179e-01
1.2339076161933366578806385871136170e-02	-8.2661238976761148357832416776709220e-01
1.2628991681325105593423940531640676e-02	-7.8333925777299375022107483025673208e-01
1.2906511226811618840094328369056454e-02	-7.4054962543935546848202330462289696e-01
1.3171295831743610560560113300108046e-02	-6.9820725035683700484763483826410078e-01
1.3423028815898266308633553708248590e-02	-6.5627808005516566076444728825887438e-01
1.3661414961354994265080785600881867e-02	-6.1473001463484069846304812914429858e-01
1.3886179766017104968326792839381191e-02	-5.7353269603467503820074018800098257e-01
1.4097068767913760456715426296860989e-02	-5.3265732006102330285637061389689306e-01
1.4293846934301216565827535275395144e-02	-4.9207646791267960091158435674917406e-01
1.4476298110347332649639787301688302e-02	-4.5176395443321337451830723227671694e-01
1.4644224522848258232431753482214371e-02	-4.1169469073119070823884069392520431e-01
1.4797446335007375656849484899121136e-02	-3.7184455914534484571091076868027063e-01
1.4935801248817447640336133285852660e-02	-3.3219029880972868021392033548386405e-01
1.5059144152038717304081467606341309e-02	-2.9270940030381116878627245056706758e-01
1.5167346807167859701881955063966334e-02	-2.5338000806278796469678942519845968e-01
1.5260297580153153181430346192048861e-02	-2.1418082938076508771024705825678693e-01
1.5337901206936809885620447908958962e-02	-1.7509104896928533987651376345070074e-01
1.5400078596201905027075941816992324e-02	-1.3609024814015893161629425278952949e-01
1.5446766666973829729645790705927055e-02	-9.7158327768118522589928349761460472e-02
1.5477918219979097406141074951605679e-02	-5.8275434258120597447129782371502782e-02
1.5493501841901600655909841152038771e-02	-1.9421887796249899678189506792491167e-02
1.5493501841901600655909841152038771e-02	1.9421887796249899678189506792491167e-02
1.5477918219979097406141074951605679e-02	5.8275434258120597447129782371502782e-02
1.5446766666973829729645790705927055e-02	9.7158327768118522589928349761460472e-02
1.5400078596201905027075941816992324e-02	1.3609024814015893161629425278952949e-01
1.5337901206936809885620447908958962e-02	1.7509104896928533987651376345070074e-01
1.5260297580153153181430346192048861e-02	2.1418082938076508771024705825678693e-01
1.5167346807167859701881955063966334e-02	2.5338000806278796469678942519845968e-01
1.5059144152038717304081467606341309e-02	2.9270940030381116878627245056706758e-01
1.4935801248817447640336133285852660e-02	3.3219029880972868021392033548386405e-01
1.4797446335007375656849484899121136e-02	3.7184455914534484571091076868027063e-01
1.4644224522848258232431753482214371e-02	4.1169469073119070823884069392520431e-01
1.4476298110347332649639787301688302e-02	4.5176395443321337451830723227671694e-01
1.4293846934301216565827535275395144e-02	4.9207646791267960091158435674917406e-01
1.4097068767913760456715426296860989e-02	5.3265732006102330285637061389689306e-01
1.3886179766017104968326792839381191e-02	5.7353269603467503820074018800098257e-01
1.3661414961354994265080785600881867e-02	6.1473001463484069846304812914429858e-01
1.3423028815898266308633553708248590e-02	6.5627808005516566076444728825887438e-01
1.3171295831743610560560113300108046e-02	6.9820725035683700484763483826410078e-01
1.2906511226811618840094328369056454e-02	7.4054962543935546848202330462289696e-01
1.2628991681325105593423940531640676e-02	7.8333925777299375022107483025673208e-01
1.2339076161933366578806385871136170e-02	8.2661238976761148357832416776709220e-01
1.2037126831376571127928964621289819e-02	8.7040772239996661791175290090381179e-01
1.1723530052786439835180660826807359e-02	9.1476672064405656516111938274397816e-01
1.1398697499131329717043595680871004e-02	9.5973396239330198634094838873569901e-01
1.1063067379981333549122382366836202e-02	1.0053575389910596956624231936364299e+00
1.0717105799748959951372541994870156e-02	1.0516895172781857263399552898577191e+00
1.0361308263925186451886343698841177e-02	1.0987864753311320072240264594757997e+00
9.9962013526702955692687936444308535e-03	1.1467101269461909335464580202553166e+00
9.6223445845504536998030889019380829e-03	1.1955280536210737976617541713424726e+00
9.2403324973847022320371666006288859e-03	1.2453145675620171576091318464940963e+00
8.8507969782781944978435728337797040e-03	1.2961517354731444602880513242562656e+00
8.4544098812223055511509179729273589e-03	1.3481306010815954529584797183174486e+00
8.0518859784799458793403436825452229e-03	1.4013526552469944408721274310208655e+00
7.6439863017990370817431949098341839e-03	1.4559316171416622121646174227033741e+00
7.2315219419229844227624834871386257e-03	1.5119956098835612776896345083110153e+00
6.8153583907353905606063029624625815e-03	1.5696898413872725025242401007110073e+00
6.3964205308543520591873966315041126e-03	1.6291799394045582184046373886976614e+00
5.9756984042217684212850174832963521e-03	1.6906561438308753146266014035787412e+00
5.5542539265619840894571291170702507e-03	1.7543386372293963898592084783009642e+00
5.1332287619225228182604432191609308e-03	1.8204844086343142203045435957053343e+00
4.7138536359079077790587780926593440e-03	1.8893962162338439773800154738097999e+00
4.2974594553093203151624117027772732e-03	1.9614344750528677913491102503133008e+00
3.8854907274252170360466385578912144e-03	2.0370333035967765369126146482172866e+00
3.4795219531997459666654706085808393e-03	2.1167226197179498313594634235043425e+00
3.0812779349953581250251788790649467e-03	2.2011592655682014118669537308183113e+00
2.6926593440810051360204664371245992e-03	2.2911720162039904198498698938837424e+00
2.3157755255161020298101733313978380e-03	2.3878286876785603214047219027125899e+00
1.9529875455658645398146797642517586e-03	2.4925398847364619013993445203055564e+00
1.6069662311550506733598103724374129e-03	2.6072265278961834529828535613696920e+00
1.2807730758429151815739911610247824e-03	2.7346051965983903938347076062225278e+00
9.7797787162762584190592661488507843e-04	2.8787078533053769661186297291326555e+00
7.0283941533689257876403573815708050e-04	3.0459145073708278307851235806171837e+00
4.6060491854260654004343223156018972e-04	3.2472616300555235136681012959979424e+00
2.5806544757355707842497488559370183e-04	3.5045572161409174613567249653333314e+00
1.2233212469464245453080482689618652e-04	3.8715978377803248350212784261675360e+00
0.0000000000000000000000000000000000e+00	4.3548217144010330335057167032251112e-04