   1.1999820000000000e-02  -8.0617869346060100e-01   7.9238852603214927e-01  -9.3397408648233149e-01   1.6926774737646949e-01   3.9492483773681064e-01
   4.8833200000000000e-03  -8.2235309991753422e-02   2.3971062252613020e+00  -6.5275061323310357e-01   4.2304986203835371e-01   6.0069318375358938e-01
   4.9540000000000001e-03   1.6907691352176288e+00  -6.2189349440686925e-01  -1.6316322906440708e+00   3.8202987429496493e-01   5.7308929927088670e-01
   4.5119599999999998e-03  -1.5614190285710485e+00  -8.7346380687883152e-01   1.7308412416735521e+00   4.1044894884705818e-01   5.8927160210152973e-01
   4.6970900000000001e-03  -2.2301460480620521e+00  -5.6571286016028777e-01  -8.8535092429791862e-01   3.9465093209040442e-01   5.8110382456078657e-01
   9.9751500000000003e-03  -9.1705615430304177e-01   1.2279919482228299e+00   3.9568682403472621e-01   1.6919777589979865e-01   3.9466610113237693e-01
   4.2574500000000003e-03  -3.4322530510318688e-01  -1.6850535001778646e+00   1.9273959535641980e+00   4.5901671450912318e-01   6.2533628500300920e-01
   3.4187699999999998e-03  -3.6758478637378028e-01  -2.5755900901611231e+00   6.4690146317872854e-01   4.8171304471058368e-01   6.3830169166101669e-01
   8.3512299999999994e-03  -2.5880519747519953e-01   1.4549295718918582e+00   9.9454496829048034e-01   1.8963058894560661e-01   4.1728201026192707e-01
   1.0125139999999999e-02   6.3004238780285282e-01   1.3395603980288988e+00   6.6123402658397445e-01   1.7668285906768383e-01   4.0372803619693365e-01
   1.7345770000000000e-02   7.9194536426378470e-02   2.5852257151183949e-01   1.3669925387517043e-01   1.0610069123358050e-01   3.1412597414807580e-01
   1.5801280000000001e-02   4.6322849777977576e-01  -3.9013324087358786e-01   2.9592391480974300e-01   1.1385773025482719e-01   3.2498896754258860e-01
   9.9119900000000007e-03  -1.1026876277938719e-01  -4.1205521930465577e-01  -1.5503349079893409e+00   1.7197337404191895e-01   3.9811550250509631e-01
   1.0461880000000000e-02   1.1663654100891607e+00   7.3267510988429221e-02  -9.6361844284321652e-01   1.6252963506226881e-01   3.8708598384068371e-01
   1.0492090000000001e-02   1.5614292730161863e+00   2.8027389670507219e-01  -7.2055060607489910e-02   1.7581459851837572e-01   4.0252269050961215e-01
   1.4737060000000000e-02  -4.3885671043542095e-02  -9.1709713842090135e-01  -1.6611361962710330e-03   1.2122241335812535e-01   3.3588025310479674e-01
   1.0370030000000001e-02   6.0581498973006431e-01   8.3688901335184984e-01  -1.1994282622757422e+00   1.7267571404249518e-01   3.9889573630778896e-01
   9.1018799999999997e-03  -1.5823238794255073e-01  -1.4387305364291276e+00   8.3289324298203793e-01   1.7559509169489476e-01   4.0200566237471541e-01
   1.3704710000000000e-02  -4.2041940832233610e-01   8.6281076236095422e-01  -1.0240612868449962e-01   1.2005341242703448e-01   3.3400121442694553e-01
   1.1106110000000001e-02   4.6663086848006485e-01   6.5210991443040367e-01   1.2738493845963113e+00   1.6681335932183461e-01   3.9208629700651182e-01
   1.3774580000000000e-02  -5.6902312989474776e-02   8.0763337451146633e-01   6.2165971283126376e-01   1.2594293574223067e-01   3.4176227278056831e-01
   4.6247700000000003e-03  -1.0237748179533199e+00   2.2761565398337829e+00   4.1163826621375044e-01   4.3581461409766326e-01   6.1101238051884255e-01
   4.1825200000000003e-03   6.6148028643297985e-01  -7.9830796560650596e-01  -2.3639409142758248e+00   4.5196573598053713e-01   6.2018391824935515e-01
   9.1276900000000008e-03  -1.5095887638716219e+00   4.6399761849232285e-01   5.3873736331005839e-01   1.7569319983703943e-01   4.0194262686017485e-01
   1.4423320000000000e-02  -6.6936078878701344e-01   4.0938672758426597e-01   4.6504882184751695e-01   1.2042436994542040e-01   3.3448017703457061e-01
   1.0474850000000001e-02   7.4230980570894400e-01  -7.8053569148319424e-01  -1.1967789303497989e+00   1.7795464851899315e-01   4.0539155098607432e-01
   3.6993899999999999e-03   5.9921730601973411e-01  -4.6222840973885593e-01   2.4950470994366873e+00   4.4264651464672294e-01   6.1241883782818785e-01
   1.1973700000000000e-02  -9.2552284481167080e-01  -3.0837327734901412e-02   1.1338563498889696e+00   1.6923799270406198e-01   3.9482101302298367e-01
   1.6591959999999999e-02   4.5337187993667608e-02  -2.0474400628181161e-01  -2.7906279518957006e-01   1.0349539004295989e-01   3.1035982325801326e-01
   1.0706540000000001e-02  -1.2885003321476746e-01   5.4594983972727273e-01  -1.4582507571293357e+00   1.7161792610743540e-01   3.9793279228395795e-01
   4.0526299999999998e-03   1.4885172711554850e+00   6.7920618912594000e-01   2.0272770886029576e+00   4.6276775589341007e-01   6.2765291362236064e-01
   4.7221499999999996e-03  -1.2895252738977447e+00   4.5073879070765493e-01   2.0745724201057318e+00   4.0956392230221550e-01   5.9124475137128862e-01
   1.1591470000000000e-02  -1.2580755764431946e+00   6.5190839645903409e-01  -2.3896411405218893e-01   1.5993863419619728e-01   3.8417000382546790e-01
   1.1126040000000000e-02  -6.0018110252855805e-01  -7.5555937185022037e-01   1.1522398773639444e+00   1.6749390100376219e-01   3.9285200573346973e-01
   9.9160600000000008e-03  -6.2781936825960713e-02   1.6415425365811180e+00   1.1125611753447713e-01   1.7982125871494234e-01   4.0704474155579118e-01
   4.0400899999999997e-03  -1.6606922224352196e+00  -3.3483474290922416e-01  -1.9263177558278166e+00   4.3207497505492864e-01   6.0629671011966180e-01
   1.4999020000000000e-02  -1.7232105367784854e-03   5.0591375522768234e-01  -6.0381249437666251e-01   1.1490186125716739e-01   3.2677527452352234e-01
   5.4858099999999998e-03   2.2623561003598707e+00  -5.3256299868474066e-01   2.2720496092788187e-01   3.5098183932962479e-01   5.4828017389075667e-01
   4.0626799999999999e-03   2.4794468053133473e-01   2.4285263836056710e+00   8.3935942124518337e-01   4.4170088901079241e-01   6.1327659162612447e-01
   5.3697500000000004e-03  -5.9662939993924979e-01  -4.6016342722281234e-01   2.1998147340977714e+00   3.3940575197919004e-01   5.4062770791454140e-01
   1.5376100000000000e-02  -5.8889792350118131e-01   1.9673745627596023e-01  -2.4832137759457254e-01   1.1004612281522451e-01   3.1980513253161552e-01
   1.1542220000000001e-02  -1.2573786877310309e+00  -6.1648642998810954e-02  -7.0279772910115734e-01   1.5997316763146588e-01   3.8430775576174930e-01
   8.3116700000000002e-03  -1.8227410167685976e-01  -1.7752387354902210e+00   4.0867660744512126e-02   1.9102185122266091e-01   4.1839306408458865e-01
   5.3419599999999998e-03   1.7157013608049612e+00  -1.5929248698269765e+00   5.7894604993590637e-01   3.9124809610623651e-01   5.7877249153673704e-01
   4.8545500000000000e-03   8.5031484663075574e-01  -2.3372742046170969e+00  -1.5191107167298198e-01   4.2375584950813316e-01   6.0177160398995300e-01
   1.2747349999999999e-02  -1.0613106265412897e+00  -1.6969909391205759e-01   1.7518694870127027e-01   1.2601227383656347e-01   3.4171216605285459e-01
   5.8088400000000000e-03  -1.2160523952228803e+00  -1.6515233203108390e+00   9.7626226367947933e-01   3.2657556573157648e-01   5.3123596249115068e-01
   1.5003280000000001e-02   6.8774310893738189e-01   4.4415093829288038e-01   4.2890638608905945e-01   1.2486279811150844e-01   3.4049685816819220e-01
   4.2305600000000004e-03  -2.3054556892372355e+00  -1.1639334818192950e+00   3.6356463491947283e-01   4.7897946782330231e-01   6.3839040774814260e-01
   1.4491370000000000e-02   3.9089674512016898e-01  -4.0165618889983663e-02  -9.0675526368979176e-01   1.2649717657752302e-01   3.4288153845858121e-01
   9.0290300000000004e-03   6.7850238322807999e-01   1.4507196397701143e+00  -4.7847843671271445e-01   1.7613217961683672e-01   4.0224965669359902e-01
   3.7178699999999999e-03   1.2727285593104394e+00  -1.3410744244241224e+00   1.8425059557388621e+00   4.4281766734854627e-01   6.1239564621456644e-01
   4.4712500000000004e-03  -3.3193579902467607e-01  -2.3431823187834064e+00  -9.7162086941565040e-01   4.5209042022411566e-01   6.2155312412785546e-01
   7.7900000000000000e-03   1.3922147450838964e+00   8.8816215688964240e-01  -7.7161934966303647e-01   1.9084027419197441e-01   4.1819164539485243e-01
   7.7256699999999996e-03  -1.8267197509696764e+00  -1.3168042004177091e-01  -2.6733164959026782e-02   1.9392432637513624e-01   4.2116845155853877e-01
   4.4918800000000002e-03  -1.0539095167148476e+00   9.8371281716314518e-01  -2.0396858209257958e+00   4.0902951128983006e-01   5.8975189433811170e-01
   7.8275500000000008e-03   1.1556724374028802e+00  -1.3410765504780946e+00  -4.6803329451707387e-01   1.9447075522775822e-01   4.2190538666249311e-01
   5.1227399999999998e-03   1.9675955790598472e+00  -4.1518467303160156e-01   1.3523653806673219e+00   3.9321510912406638e-01   5.7926984439250617e-01
   1.2410819999999999e-02   5.4684208982340166e-01  -1.0052617731914219e-01   9.1387909331588357e-01   1.2248535229101778e-01   3.3684500458884903e-01
   4.1988900000000003e-03   4.5172789193962309e-01   9.2087436958000835e-01  -2.3494585588178403e+00   4.4305696905128522e-01   6.1301772581644831e-01
   8.1276800000000000e-03   6.7398861135463251e-01   5.5095979590328414e-02  -1.7208643543298057e+00   2.0308800133555999e-01   4.3087718052519908e-01
   4.7835800000000000e-03   2.3546989286008695e+00   1.5946279260675700e-01  -7.9005367016241068e-01   4.1843951518867029e-01   5.9787282543621956e-01
   4.4941599999999996e-03   1.6298367498669151e+00   6.6576360701232784e-01  -1.8093453239798298e+00   4.3370913068293365e-01   6.0694235449094092e-01
   4.8117400000000001e-03   1.0527253347649959e+00   2.1853495109787158e+00  -3.8522999542977686e-02   3.7485751084325108e-01   5.6727080058868007e-01
   1.6682460000000000e-02  -4.0327546288758659e-01  -3.3262289275483864e-01   3.6499306361462353e-01   1.1568314308515625e-01   3.2762922067811084e-01
   4.5792100000000002e-03   1.0300166417533996e+00   1.8453844866991984e+00  -1.3813884039277950e+00   4.3550859185693852e-01   6.0944544930311628e-01
   4.3847499999999998e-03   1.6019282890747713e+00   1.6807939982375082e+00   9.7546564314378181e-01   4.1771679516587518e-01   5.9681079504033752e-01
   6.2706999999999997e-03  -1.8892705582121270e+00   6.6897653303313986e-01  -1.1063823282873726e+00   3.5314543854294239e-01   5.5218172915677877e-01
   1.3726040000000000e-02   6.2009885088048255e-01  -6.7947475354768982e-01  -3.9776860342029430e-01   1.2334443146747968e-01   3.3846151433852323e-01
   8.3125400000000002e-03   2.9409984544662876e-01  -9.3675829187104809e-01   1.5056086167837124e+00   1.9250795576181484e-01   4.2042271049660279e-01
   8.9920499999999997e-03   1.4910423537498001e+00  -5.1226893962506315e-01  -5.6919237326861172e-01   1.7547284664312549e-01   4.0174340301690198e-01
   4.9684100000000004e-03   6.3684168380116063e-02   6.4953735695137993e-01   2.3511145892326923e+00   3.9397529169045470e-01   5.8089714274256421e-01
   9.6488600000000004e-03  -1.3877008901347982e+00  -9.1900891022566900e-01  -2.8359967812612125e-01   1.8529034399032154e-01   4.1288101029402752e-01
   9.4567799999999997e-03  -3.4705659409471157e-01   6.3132972357653794e-01   1.4416972084863933e+00   1.7106758291495608e-01   3.9600790354628951e-01
   8.9747899999999999e-03   1.2865768755447922e+00   6.4662627461429911e-01   9.7004105108995031e-01   1.8867426363370224e-01   4.1629555985126182e-01
   1.0081359999999999e-02  -6.1442942868998274e-01  -1.3357649724580587e+00  -5.7803414424082467e-01   1.6802252182135602e-01   3.9367237136094729e-01
   1.2305959999999999e-02  -7.5286457092666681e-01  -1.0652266998989759e+00   3.0671667344584252e-01   1.5098213786300724e-01   3.7369846005424645e-01
   8.2337699999999996e-03  -8.0932707222185662e-01   1.5289957573824646e+00  -4.4914612653623864e-01   1.8896217014907249e-01   4.1648900030216557e-01
   1.3482070000000001e-02  -4.1213887278314471e-01  -3.3460545209597937e-02  -8.8694097770372149e-01   1.1967017115928558e-01   3.3347241366503727e-01
   3.9121399999999997e-03  -1.3526170298385227e+00   1.8753065047160828e+00  -1.1715928987750106e+00   4.5802912615630470e-01   6.2122603969624945e-01
   1.0232069999999999e-02   9.5229708872677221e-01  -8.6440101802169689e-01   9.2736845108995836e-01   1.7260633358396368e-01   3.9867100661225979e-01
   4.5855200000000000e-03  -3.9939332716810183e-01  -1.4698889656576196e-02  -2.4261925213589799e+00   3.8099182136857845e-01   5.7219582416200632e-01
   3.9380200000000004e-03  -6.9378508430952845e-01  -1.2847622696336169e+00  -2.1433702661018952e+00   4.4762218504579432e-01   6.1709652611359578e-01
   1.3807550000000000e-02   7.0566538753022279e-01   5.4125086538371259e-01  -4.1306671554137470e-01   1.2374356462789420e-01   3.3863483631470381e-01
   5.1538900000000004e-03   5.7861122064915149e-01   1.5402112152745746e+00   1.7230157963015134e+00   3.6254000133738473e-01   5.5847630876606702e-01
   9.9271099999999994e-03   1.2262578488044351e+00   1.0368352333873667e+00   1.3142392560323884e-01   1.7354656031900259e-01   3.9968932367457960e-01
   1.4522470000000001e-02  -1.1889163735716025e-01   8.3460389714258482e-02   8.2440426331081396e-01   1.1713834656983313e-01   3.2946806614725216e-01
   4.4399000000000001e-03   9.4867999633899114e-01  -1.8466337044901735e+00  -1.4891174862606409e+00   4.4509223350345184e-01   6.1675354657262416e-01
   1.1660850000000000e-02   5.9716662364738660e-01  -1.2902733725894104e+00   2.8411614378494970e-01   1.6208571313875067e-01   3.8696780503629624e-01
   1.3007690000000001e-02   7.7675942654061692e-02  -7.0096364174990455e-01   7.6075986685666486e-01   1.2327530643632802e-01   3.3802071517625243e-01
   4.4427700000000004e-03  -1.5370401233819999e+00  -1.6133965539767687e+00  -1.1764060416949480e+00   4.1876234792897621e-01   5.9788142244561715e-01
   1.0108730000000000e-02  -2.2705893173071878e-02  -1.2572958087574093e-01   1.5425666390573400e+00   1.6405739352521162e-01   3.8892256018273141e-01
   1.0031300000000000e-02  -9.1868087750479555e-01  -7.3780103700768240e-01  -1.1631323473892397e+00   1.8282678608251204e-01   4.1029481559574055e-01
   8.1390999999999998e-03  -9.1906716781425257e-01   1.1476860416259667e-01  -1.4725695130755363e+00   1.7680679662265758e-01   4.0313462659659383e-01
   1.0518150000000000e-02   1.2490649857941170e+00  -7.2887387767777712e-01   1.7681408319568362e-01   1.5482542552554843e-01   3.7739853026646858e-01
   4.9070399999999997e-03   2.3061698415428635e+00   6.1406785815915954e-01   6.4481333085703274e-01   4.1364969914922356e-01   5.9426162128673821e-01
   9.5970599999999993e-03   3.1538333015737496e-01  -1.4550507608936372e+00  -5.9489837327901074e-01   1.6749233018520751e-01   3.9279520290409353e-01
   3.9502000000000001e-03  -7.6788579215304076e-01   1.6997039654646515e+00   1.8239357026619540e+00   4.5758795746834158e-01   6.2495545241463657e-01
   4.9616499999999997e-03  -2.1274188655575119e+00   1.0170331538743445e-02   1.1766538421193231e+00   3.8270730585598861e-01   5.7361893739898329e-01
   3.7285700000000001e-03  -2.5843594927480744e+00   5.0499855473015864e-01   1.3702020240170591e-02   4.6956531716306604e-01   6.3035199934138009e-01
   5.2504099999999996e-03  -1.3096752689477704e+00  -1.9787242892897190e+00  -6.0128175293962700e-02   3.6174474216031055e-01   5.5718887951378926e-01
   1.0955309999999999e-02   1.3067138889663301e+00  -1.0024787422066303e-01   6.1676812173061291e-01   1.5705404502868142e-01   3.8040178106123984e-01
   1.4166530000000000e-02  -6.4624719275657405e-01  -5.4749216787293087e-01  -3.3699952076421963e-01   1.1773408181614943e-01   3.3102536534917293e-01
   5.7641999999999997e-03  -1.9528949985470478e-01   1.6310020545394406e+00  -1.5908653268806232e+00   3.3179188155297101e-01   5.3585276252839031e-01
   5.4571699999999999e-03   6.5552075992492409e-01  -1.9733890382782426e+00   1.0283036883744407e+00   3.3810288750219669e-01   5.4047091242600420e-01
   4.1212699999999998e-03  -1.8939148667752279e+00   1.3526190697824652e+00   1.0753000312175964e+00   4.3251365846438472e-01   6.0787621435560035e-01
   1.2959950000000000e-02  -5.2279532230030484e-02  -7.1639571296805371e-01  -7.8744407949290907e-01   1.2348054505045955e-01   3.3876736594997880e-01
   1.2702200000000000e-02   3.1616137437223152e-01   9.4021476200964504e-01  -1.2287592084835269e-02   1.1652787536966801e-01   3.2888270527537761e-01
   5.2476099999999998e-03  -1.8439392512890802e+00   1.4327737931758047e+00  -1.4759404236493548e-01   3.4128288073116819e-01   5.4242337486594738e-01
   9.4486499999999994e-03  -1.3823572341641239e+00  -6.3975896259856679e-01   6.9166544261681107e-01   1.8096750101286163e-01   4.0813448728555352e-01
   1.4569410000000000e-02   8.3204323417414894e-01  -5.3647795880374459e-02  -1.5709431488707121e-01   1.1815209233259126e-01   3.3106383599451672e-01
   3.5844399999999999e-03   2.1373980263815211e+00  -1.4154197188979420e+00  -6.9127717022583990e-01   4.7724626129626962e-01   6.3587921822118942e-01
   7.3965400000000001e-03  -6.3675083220480280e-02  -1.3205302070703349e+00  -1.3879382850983577e+00   2.1238511765331985e-01   4.3938525941983847e-01
   7.9909100000000004e-03  -1.0131240580558292e+00   8.4075772973412799e-01   1.1173694840608019e+00   1.7414098304366102e-01   3.9948642207470492e-01
   1.0665800000000000e-02  -4.7549022479783647e-02   1.2489768876475862e+00  -7.6337048623798831e-01   1.5607897514937707e-01   3.7944735950537689e-01
   4.0591100000000003e-03   2.1061113713290718e+00   1.4624548786215681e+00  -3.8989458972329971e-01   4.5609473489870189e-01   6.2359901060051914e-01
   8.1264500000000003e-03   9.5249722279031401e-01  -1.2093007306323263e-01   1.5738824699838523e+00   2.0164689886437950e-01   4.2999964821392483e-01
   0.0000000000000000e+00   0.0000000000000000e+00   0.0000000000000000e+00   0.0000000000000000e+00   2.0784722421699706e-01   4.1967838996435641e-01
