   1.1841569999999999e-02  -7.9647079758071482e-01   8.2004602055278553e-01  -9.1625529889098267e-01   1.6765604174417931e-01   3.9299880447775937e-01
   4.7755400000000000e-03  -7.4366654455580343e-03   2.4244943178986609e+00  -5.7883012316739313e-01   4.1917401627733508e-01   5.9798413687308682e-01
   5.4380599999999998e-03   1.6101452858878755e+00  -6.6804140514310517e-01  -1.5970560846983219e+00   3.6329440476831881e-01   5.5992704018016115e-01
   4.1501799999999998e-03  -1.6303187541463544e+00  -8.9317749863500306e-01   1.7471847222009500e+00   4.3033829635543719e-01   6.0347194608390509e-01
   4.6445200000000001e-03  -2.2136262079181503e+00  -5.5641543118162284e-01  -9.2598542042631560e-01   3.9075847729261903e-01   5.7829687326537382e-01
   9.6953300000000003e-03  -9.0476884420808446e-01   1.2672236834990391e+00   4.0732053314932209e-01   1.7142166424813549e-01   3.9713345892258872e-01
   4.1957399999999999e-03  -3.0565680588720051e-01  -1.6410475750468310e+00   1.9911327601615587e+00   4.6704340729689298e-01   6.3108224775724076e-01
   3.5417299999999999e-03  -2.0861434693512398e-01  -2.5493506262909365e+00   7.6359935077347363e-01   4.8458407339470860e-01   6.4044052690212250e-01
   8.4187800000000007e-03  -2.0164848411512301e-01   1.4150221850829339e+00   1.0193064521179758e+00   1.8475720835570922e-01   4.1205597352546364e-01
   1.0022280000000000e-02   6.6102461921840605e-01   1.3325772629416230e+00   6.7884206926425450e-01   1.7855872357870894e-01   4.0558496791400039e-01
   1.7191620000000001e-02   2.1587879397098914e-02   2.5995475232777382e-01   1.6307298736307593e-01   1.0478879746857275e-01   3.1238003510312651e-01
   1.5269939999999999e-02   3.6581792888391856e-01  -3.6409811278944038e-01   2.6559714478332963e-01   1.0681793135591698e-01   3.1476377330710487e-01
   9.7374000000000002e-03  -1.7529816230676734e-01  -4.2190564440301903e-01  -1.5482666043452589e+00   1.6997477991263651e-01   3.9609911173568607e-01
   1.0866280000000001e-02   1.1197856824884815e+00   4.7913029113202894e-02  -9.6791362947406545e-01   1.6111451943629462e-01   3.8539489616400552e-01
   1.0736630000000000e-02   1.4543557886064216e+00   2.0483825881205686e-01  -1.2517079463608397e-01   1.5736202351336076e-01   3.8119747856250963e-01
   1.4332730000000000e-02  -1.0168704938230412e-01  -9.0468616841862237e-01  -1.3897019888034826e-02   1.1863626059073776e-01   3.3221379586138339e-01
   1.0224560000000001e-02   6.2188001845068674e-01   8.4340173289009535e-01  -1.1827184143063325e+00   1.7045740809531623e-01   3.9649376602365749e-01
   9.2532299999999994e-03  -1.4098858035271442e-01  -1.4151588475873118e+00   8.5013293729879569e-01   1.7455749585791838e-01   4.0085019250126064e-01
   1.3404980000000000e-02  -4.2286602995052192e-01   8.7852951043871230e-01  -9.5250327955802044e-02   1.1965028759847027e-01   3.3333487328281830e-01
   1.0765840000000000e-02   4.2303114455643542e-01   6.5818285404927568e-01   1.3209352511335481e+00   1.6877880020480412e-01   3.9433563733651983e-01
   1.4009610000000000e-02  -6.0865843700766913e-02   7.6925159861238901e-01   6.5392473862186273e-01   1.2699590321544188e-01   3.4315273681393244e-01
   4.4621599999999997e-03  -9.7025360063724686e-01   2.2968632555787947e+00   3.9077573749775957e-01   4.2233130121064660e-01   6.0118128526089298e-01
   2.7746400000000001e-03   1.0384669808126441e+00  -3.1923122081762123e-02  -2.5140301698171945e+00   4.5428964694954527e-01   6.1789005545425979e-01
   8.7650300000000000e-03  -1.5357678185941634e+00   5.0818937658174690e-01   5.4095362054968499e-01   1.7928203842681642e-01   4.0575273522010452e-01
   1.3447400000000000e-02  -7.1501413471869035e-01   4.3260290752317826e-01   4.1299771861122281e-01   1.1610847038681303e-01   3.2847134293774038e-01
   1.0340820000000001e-02   6.5316779590254681e-01  -7.6301578640713963e-01  -1.2082331569201081e+00   1.6962780451927492e-01   3.9573908337013397e-01
   4.0225499999999997e-03   4.0559861106182610e-01  -3.9112738890601317e-01   2.4705903196284251e+00   4.0427388115116647e-01   5.8621787204640574e-01
   1.1091020000000000e-02  -1.0363368649828459e+00  -3.7981092177502132e-02   1.1124796814320490e+00   1.7004757561730197e-01   3.9580963149000076e-01
   1.5818110000000000e-02  -3.5107957034034049e-02  -2.1124036271871077e-01  -2.9021392121473832e-01   9.9782720645896383e-02   3.0498712831758762e-01
   1.0771350000000001e-02  -1.4233138713511778e-01   5.6555190297151270e-01  -1.4166251992480103e+00   1.6676855480915301e-01   3.9243608186648987e-01
   4.1914500000000002e-03   1.2382888700370660e+00   6.0073432514413427e-01   2.1353992513307918e+00   4.1717712556416803e-01   5.9690070482812929e-01
   4.5504400000000002e-03  -1.4393266880492663e+00   5.2723102665199439e-01   1.9713431662588501e+00   4.0842535458242551e-01   5.9056100745078866e-01
   1.1154170000000000e-02  -1.2840099063799861e+00   6.8046239525046448e-01  -2.4391835869387865e-01   1.6238296465991178e-01   3.8691731223515813e-01
   1.0610369999999999e-02  -6.4549618618154070e-01  -7.5215282703863562e-01   1.1867085290882129e+00   1.7000102350530136e-01   3.9575073877096362e-01
   9.7435500000000001e-03  -3.7167598805458536e-02   1.6473654515414362e+00   1.4552015370310165e-01   1.7889534016716735e-01   4.0620038341550618e-01
   3.8400200000000000e-03  -1.6769822289039986e+00  -2.5822073679124030e-01  -1.9536219385206308e+00   4.3656484015538050e-01   6.0905341750946618e-01
   1.5150270000000000e-02  -5.0135409517841076e-03   4.9390010445221766e-01  -5.6808101651223164e-01   1.1355555215669376e-01   3.2483288851274877e-01
   5.9917099999999999e-03   2.1970801477101105e+00  -5.1249638454595359e-01   2.1298135448074959e-01   3.2653441736363076e-01   5.3154366445343693e-01
   3.8939600000000001e-03   2.4309202965422214e-01   2.4129512928605101e+00   8.8746536428621292e-01   4.2885649544419779e-01   6.0438756532245042e-01
   5.6853199999999998e-03  -6.9080749021130439e-01  -3.6584644418008794e-01   2.1342414660204043e+00   3.2263968337822563e-01   5.2762744293377228e-01
   1.4628350000000000e-02  -6.3227984494324130e-01   2.1963319160513600e-01  -2.6485095449440044e-01   1.0877066849015288e-01   3.1799840337760782e-01
   1.1061720000000001e-02  -1.2996002970161673e+00  -2.7097284850803819e-02  -7.0786416393423401e-01   1.6146722907177638e-01   3.8607114871493231e-01
   8.1145499999999999e-03  -1.9281276264851030e-01  -1.7839256980593368e+00   8.2801816161995362e-02   1.9110436308750001e-01   4.1833167739545940e-01
   7.1288499999999999e-03   1.3381347272654294e+00  -1.3058264225140448e+00   1.9969043850506715e-01   1.9469032057271701e-01   4.2220598483346000e-01
   5.0912300000000004e-03   8.8272171711705361e-01  -2.2963577661592782e+00  -1.0426953091573729e-01   4.0841676210661398e-01   5.9281308961771395e-01
   1.2308420000000000e-02  -1.1122626935803659e+00  -1.5904270393422978e-01   1.7804202112655124e-01   1.2812040227206173e-01   3.4439948938332710e-01
   5.5198799999999996e-03  -1.1767543712541138e+00  -1.7051018410118712e+00   1.0371647701382416e+00   3.3784667177818245e-01   5.4025158110640870e-01
   1.4185880000000000e-02   7.0813157801574467e-01   4.8224116467223510e-01   3.9056557356790900e-01   1.2214963173644000e-01   3.3661624955119063e-01
   3.9452200000000002e-03  -2.3200568072382897e+00  -1.2163262050418631e+00   3.1392825083972564e-01   4.8532108442969818e-01   6.4274354230861042e-01
   1.4093130000000001e-02   3.4286461012573233e-01  -2.6539916752108775e-02  -9.0620185032127298e-01   1.2256448869751783e-01   3.3752581306405860e-01
   8.9554100000000005e-03   7.4165728606751347e-01   1.4707588531912292e+00  -4.2153671984839941e-01   1.8011060091429587e-01   4.0690812603363113e-01
   3.8893600000000001e-03   1.2811477585503921e+00  -1.1168042071362221e+00   1.9641643149092602e+00   4.4398887416798133e-01   6.1465696698625283e-01
   4.2618800000000000e-03  -3.2674009182002867e-01  -2.4058745008336637e+00  -8.7316849456055778e-01   4.6058844368621804e-01   6.2578965387869556e-01
   7.6515799999999998e-03   1.4439796906931619e+00   8.4774642976537484e-01  -7.2348201854970073e-01   1.8845070811751022e-01   4.1578083392258836e-01
   7.3706900000000001e-03  -1.8679761880464414e+00  -1.4635216947403279e-01  -2.4276961579853734e-02   1.9782715023071293e-01   4.2529467545891170e-01
   4.5653500000000001e-03  -1.0099357577301089e+00   1.0293880030269855e+00  -2.0111479466254960e+00   4.0026609422319448e-01   5.8283623815517738e-01
   7.6460100000000000e-03   1.0604363088728157e+00  -1.2862077703915864e+00  -6.2200583158941658e-01   1.7973686109595663e-01   4.0576621077535535e-01
   4.2608000000000004e-03   2.1325249937812436e+00  -4.0664196985876713e-02   1.4153758860000067e+00   4.4250551202236793e-01   6.1290125192426181e-01
   1.3830580000000000e-02   4.3878829363516547e-01   2.2204496840130525e-02   8.2501227918902886e-01   1.1980179203199161e-01   3.3326892304320355e-01
   4.4980400000000000e-03   3.8381139280823351e-01   1.0826898943423191e+00  -2.1917284426587318e+00   3.9682125478202157e-01   5.8061413497374703e-01
   8.3841999999999996e-03   5.9361695580437834e-01   5.9797611819946146e-02  -1.6642833660832537e+00   1.8705277749361174e-01   4.1455199601090020e-01
   4.9063199999999996e-03   2.3311862318495593e+00   1.0311324143872240e-01  -8.3447988355420200e-01   4.1931651187844698e-01   5.9749490422127627e-01
   4.6958900000000003e-03   1.6202883468724569e+00   7.1600197179341951e-01  -1.7062964722887788e+00   3.9093009532393141e-01   5.7893611227173047e-01
   4.6143800000000004e-03   1.1274402432542221e+00   2.1796184355096577e+00   8.9697785889687950e-02   3.8095517915209293e-01   5.7229655719806682e-01
   1.5743839999999999e-02  -4.6497378464861761e-01  -3.1684801418600400e-01   3.4482198031061229e-01   1.1304803476398124e-01   3.2362721745644579e-01
   4.5500300000000000e-03   1.0307523622509449e+00   1.8800368269864292e+00  -1.3249882460490643e+00   4.2652202703945113e-01   6.0343047991287302e-01
   4.0246800000000001e-03   1.7570475420660501e+00   1.5816359455375633e+00   1.0939542480491027e+00   4.5811530896387670e-01   6.2516271116347355e-01
   5.9199200000000004e-03  -1.8778034789415388e+00   7.2645248866061363e-01  -1.1439019506480246e+00   3.5066885848841139e-01   5.5100153482255043e-01
   1.3817400000000001e-02   5.6326086323420355e-01  -6.6499930509561400e-01  -4.2596671394693519e-01   1.2119402526812055e-01   3.3554235065904675e-01
   7.9737200000000001e-03   2.5877135387716171e-01  -9.2536626416420009e-01   1.5191738516090241e+00   1.8786298705637436e-01   4.1513825195152071e-01
   9.1565499999999994e-03   1.4516804856836694e+00  -5.4483308297768029e-01  -5.6142957246643355e-01   1.7269855245990900e-01   3.9858365685438674e-01
   4.4116900000000002e-03  -7.5556570380763008e-02   7.4855673760532759e-01   2.3861672279924382e+00   4.0932460414982380e-01   5.9077791847641947e-01
   9.1399600000000008e-03  -1.4162393825481523e+00  -9.3217960825946355e-01  -2.7366097579751492e-01   1.8408244030361492e-01   4.1169495008951240e-01
   8.6994099999999994e-03  -4.0281388604874291e-01   5.6880397598881327e-01   1.5177482393893726e+00   1.7312648394776883e-01   3.9838907686313918e-01
   8.5626499999999998e-03   1.2515501595289573e+00   6.7856893746819313e-01   1.0376130827050445e+00   1.8861428858107634e-01   4.1606276329539538e-01
   9.7486900000000008e-03  -6.5472291179144593e-01  -1.3478439073447896e+00  -5.3272591617223808e-01   1.6515422197053439e-01   3.9053620035707903e-01
   1.1999110000000000e-02  -7.7257117068977244e-01  -1.0671990049980939e+00   3.3462778596824766e-01   1.5114445261432166e-01   3.7386581906582328e-01
   8.1934899999999995e-03  -7.6228795240362146e-01   1.5468969094067693e+00  -4.4751795115891141e-01   1.8666160102616053e-01   4.1418989704774478e-01
   1.3079260000000001e-02  -4.5275153363495041e-01  -1.8158681888943654e-02  -8.9122810190020940e-01   1.1900396630778026e-01   3.3254175058443242e-01
   3.6777799999999999e-03  -1.3331770805146483e+00   1.9515784002054370e+00  -1.1469719925591599e+00   4.6535772021087823e-01   6.2621207262840040e-01
   6.7046099999999997e-03   1.4784010651316317e+00  -7.7036314820047069e-01   9.5782747422866865e-01   1.9657799208732094e-01   4.2423681982866046e-01
   4.7133499999999998e-03  -3.6370241252910368e-01   3.8591192517662389e-02  -2.4294399813074539e+00   3.8645584788776882e-01   5.7624795681291363e-01
   3.8102600000000002e-03  -7.8203027614792686e-01  -1.2156355297794150e+00  -2.1425785248914813e+00   4.3919339211926334e-01   6.0895273531723282e-01
   1.2772060000000000e-02   7.1775334144768022e-01   6.0568915428145265e-01  -4.3466802935528620e-01   1.2157012885366808e-01   3.3572100404807370e-01
   4.7490900000000001e-03   6.0619386744076154e-01   1.5894004560416752e+00   1.7351534602956580e+00   3.6863094837644539e-01   5.6327044768439682e-01
   9.5475899999999999e-03   1.2819152781792973e+00   1.0205245931564555e+00   1.6338735183575687e-01   1.7579233183453721e-01   4.0226194664108333e-01
   1.3468210000000000e-02  -2.8098997666331460e-01   8.3432346521788839e-02   8.6691664315818173e-01   1.1650669577048257e-01   3.2861377588180496e-01
   4.2170899999999997e-03   8.9364112179477473e-01  -1.9329391055756320e+00  -1.4350065818675832e+00   4.4386866142740605e-01   6.1458386067979298e-01
   1.1593590000000001e-02   5.0987480874834723e-01  -1.2539916763085477e+00   2.2503093505380567e-01   1.5023074256705601e-01   3.7255196967755860e-01
   1.2874450000000001e-02  -2.8658461580912967e-02  -6.4621920322325632e-01   7.4987819844444903e-01   1.1839016697762485e-01   3.3132445503441599e-01
   4.4172600000000001e-03  -1.5295639675354940e+00  -1.6392813647900650e+00  -1.1533567866662715e+00   4.2438539188915386e-01   6.0123549456294112e-01
   9.9710800000000002e-03   1.7823328906697283e-02  -1.3739297439497217e-01   1.5133969547316761e+00   1.5940347204341523e-01   3.8291663471007914e-01
   9.7351499999999997e-03  -9.7804711823594626e-01  -7.2886942898508766e-01  -1.1445044667720918e+00   1.8165976291250752e-01   4.0919745645466621e-01
   7.9874100000000003e-03  -9.2833557143964940e-01   1.4623382918898739e-01  -1.4814322558879789e+00   1.7768586959460536e-01   4.0414805797660996e-01
   1.1661299999999999e-02   1.0736821796717981e+00  -5.5199843553722883e-01   1.3799465737855585e-01   1.3149086353158485e-01   3.4878666435466632e-01
   5.4017199999999996e-03   2.2303336878508428e+00   5.9243095498830523e-01   3.9357343769479541e-01   3.5003956270209136e-01   5.4829662899959830e-01
   9.4702599999999994e-03   2.6066413502575747e-01  -1.4633231169625458e+00  -5.8414793944801957e-01   1.6529144811097057e-01   3.9010342121061331e-01
   4.0265700000000001e-03  -7.9765838839930003e-01   1.7418423550864846e+00   1.7346905479725836e+00   4.3704561974132317e-01   6.1216663000946614e-01
   4.6717299999999998e-03  -2.2055298832317920e+00  -1.5798217711600702e-02   1.0822938588681246e+00   3.8630142179833454e-01   5.7552087137680008e-01
   3.6737900000000001e-03  -2.5763683926716427e+00   5.5628739980195563e-01  -9.4446756625171643e-02   4.6805679073138340e-01   6.2912357699837318e-01
   5.1430199999999999e-03  -1.2848701746549869e+00  -2.0068449565388380e+00  -7.7755083707288031e-03   3.6454313420731743e-01   5.5917173072361803e-01
   1.1032240000000000e-02   1.2655955286220049e+00  -4.7154552237535837e-03   6.2096342944853578e-01   1.5352373142598147e-01   3.7591378266167041e-01
   1.3656230000000000e-02  -7.0673607920122705e-01  -5.3258519741376009e-01  -3.4726403363978392e-01   1.1783630821207711e-01   3.3112809103654850e-01
   5.8884400000000000e-03  -2.0473619969751775e-01   1.6683887059327569e+00  -1.4693528912913174e+00   3.0991533476724986e-01   5.1814452642648956e-01
   6.2746599999999996e-03   7.5656933243981206e-01  -1.8231806995226918e+00   1.0670490734539879e+00   3.2175695007368316e-01   5.3036041080504170e-01
   4.1216800000000000e-03  -1.8885082816254115e+00   1.3693864735088934e+00   1.0315394220276550e+00   4.2178566700864817e-01   5.9982572655063238e-01
   1.2771050000000001e-02  -1.1171042417371102e-01  -7.2610648210328910e-01  -8.0452372354956703e-01   1.2417077544447741e-01   3.3976358692201014e-01
   1.2718820000000000e-02   3.0662130635439877e-01   9.4011061749567693e-01   2.0341961358091382e-02   1.1640237904187074e-01   3.2867148766066362e-01
   5.0401999999999999e-03  -1.8117156168436273e+00   1.4908496176411277e+00  -1.5153297711337499e-01   3.3617949922317869e-01   5.3871245833387671e-01
   8.8465200000000001e-03  -1.4208744805929681e+00  -6.9892721912641365e-01   6.8709514963718854e-01   1.8453306844757503e-01   4.1183749333191455e-01
   1.4909630000000000e-02   6.8790199698094578e-01   6.0192472097153988e-03  -2.0586032191835027e-01   1.1211408068491203e-01   3.2240050529140846e-01
   3.6640700000000002e-03   2.1180452968478862e+00  -1.4447902300212456e+00  -6.8674232546149372e-01   4.7301803909985796e-01   6.3461352147710470e-01
   7.2294899999999999e-03  -1.8530911162987831e-01  -1.3893119404623580e+00  -1.3493891150489759e+00   2.1748764656810385e-01   4.4403734646067383e-01
   8.3950499999999994e-03  -9.3774690571545216e-01   8.3715442387653805e-01   1.0670611012620133e+00   1.6375592311555440e-01   3.8778561350096014e-01
   1.0882879999999999e-02   4.3737881933574368e-03   1.2362935354723774e+00  -7.1904368815267439e-01   1.5275072700366135e-01   3.7542481243067893e-01
   3.6112300000000000e-03   2.1236145318456789e+00   1.5196549967471273e+00  -4.5649282015634418e-01   4.6716979173955259e-01   6.3059459937589424e-01
   8.9176900000000007e-03   9.2083794103100025e-01  -1.5064129118698849e-01   1.4690122256027247e+00   1.8720178861439671e-01   4.1484143014411190e-01
   4.3844399999999999e-03   4.6460310619965256e-01  -1.0454030786555837e+00  -2.1808365977300337e+00   3.7242768118305980e-01   5.6465330712018769e-01
   2.7899800000000001e-03   2.0334894867492666e+00  -1.7070633725649733e+00   8.3220773920744839e-01   5.1693515814313662e-01   6.6095822506748725e-01
   1.1129320000000000e-02   7.0073192028906750e-01  -7.7572353484856571e-01   8.4405617012691159e-01   1.4377637524742215e-01   3.6407024510202257e-01
   0.0000000000000000e+00   0.0000000000000000e+00   0.0000000000000000e+00   0.0000000000000000e+00   2.0478791954008169e-01   4.1655960162489342e-01
