   6.7392600000000004e-03   5.8331398960165537e-01   1.8135619641940874e+00   4.2977500212735309e-01  -7.8023562745746200e-01   6.0675364742081839e-01   1.0855244675287761e+00   9.9475248554321627e-01
   6.9721000000000002e-03  -1.6987634011972255e-01  -7.5668081363213335e-01  -9.1040838187586282e-01  -1.7703907973592801e+00  -2.3388587111567918e-01   1.0664860240676055e+00   9.8601885081016138e-01
   6.7790300000000001e-03   2.1432256765678823e+00  -2.5540868388022642e-01   1.1247573852905865e-01  -3.5517370467506421e-01   3.6563509749048578e-01   1.1264869401526212e+00   1.0132473151204169e+00
   6.9150799999999997e-03  -8.5064083900433951e-01   8.0697859768389291e-01  -9.8237217427633150e-01   1.5968181949104350e+00  -1.6312105190628928e-01   1.1250401791208757e+00   1.0125989667620463e+00
   6.7576399999999997e-03   1.6174984744528611e+00  -9.5916583858119242e-01  -1.8008769650386788e-01  -1.3104951874450610e-01  -1.0965168757336534e+00   1.0921277096385225e+00   9.9711639348292347e-01
   6.6006800000000003e-03   3.4644630842766261e-01  -8.1253217592476001e-01  -8.3662665366416067e-01   8.9743253649607457e-01   1.5533743205320478e+00   1.0672495733705349e+00   9.8555617270413343e-01
   6.8477700000000004e-03   5.2354480540195092e-01   1.3464228288468951e+00   9.4539867187194138e-01   8.7727159568310253e-01   1.0138495653107611e+00   1.0902218931247794e+00   9.9684388797420931e-01
   5.0771599999999998e-03  -1.6244884396307531e+00   4.1824519747870237e-01  -1.0649801336903473e+00  -1.4008427236719643e+00  -4.2251132363572458e-01   1.3182180537398545e+00   1.0933172219650960e+00
   5.0011400000000003e-03  -2.3331760628220062e+00  -3.7909228179540666e-01   1.5338309789863616e-01  -4.7664389553885611e-01   4.4007831195571101e-01   1.2973924836200796e+00   1.0835820600829891e+00
   6.3606799999999996e-03  -5.8992709657959186e-01   3.3419987337367685e-01   9.0279926104071512e-02  -1.6542239875511275e+00  -1.3719866447948488e+00   1.1382397866218275e+00   1.0170754051997239e+00
   5.2242399999999998e-03   5.8787496440331699e-01  -4.1972799440156283e-01  -2.8538607494192531e-01   4.5595544741610716e-01  -2.2426527689604425e+00   1.2711480979525964e+00   1.0720316162426915e+00
   7.2277599999999997e-03   8.8966266530598070e-01   2.9574564130897829e-01  -1.2547998690732260e+00  -2.9422967632277308e-01  -1.3909251841750596e+00   1.0492549380396363e+00   9.7790286712839802e-01
   5.5960699999999999e-03   3.6839226928745428e-01  -1.1080041402954648e+00  -6.7447779284352738e-01  -1.2286589959161598e+00  -1.5154950421303039e+00   1.2396038808525571e+00   1.0603426981462067e+00
   5.7140500000000000e-03   7.7515675061223488e-01  -1.3748418859831661e+00  -3.3223942817005275e-01   1.3553544836401490e+00  -9.2661471554371266e-01   1.1509965282999088e+00   1.0219857801222643e+00
   5.6016099999999999e-03  -8.4149121190229925e-01   1.7543829633121941e+00   1.1346890294144441e+00  -3.8808019859153736e-01   6.9305698622663814e-01   1.2617839273584690e+00   1.0699988254110899e+00
   7.3209099999999999e-03  -9.6554779195616747e-01  -1.3246575464118773e+00  -3.2304748263541949e-01   6.0678652551009432e-02   1.3051486056579780e+00   1.0631761096799297e+00   9.8439141407888753e-01
   6.8256499999999999e-03   1.2974135560321105e+00   4.4362899211018708e-01   9.1271744707705349e-01  -1.4050226738685612e+00   1.3099504013783947e-01   1.0781246054463738e+00   9.9113455693258368e-01
   6.7937099999999997e-03   8.6116199544222127e-01  -3.9532329637057184e-01  -1.7874573875878688e-01  -1.6925453297001192e+00   1.0077588357764851e+00   1.1046324512181642e+00   1.0021998231971212e+00
   8.2350099999999992e-03  -8.4033919365250287e-01  -5.0562731530672300e-01   6.9874220205813672e-02   7.8733907306488893e-01  -1.4126573064104542e+00   8.8791335894282908e-01   9.0480694147368035e-01
   1.1991160000000001e-02   8.3553043983464426e-01  -3.6202629770058237e-01   6.4665636232589641e-01  -1.2524103499322298e-01  -1.8641744248243980e-01   5.8754032158862968e-01   7.5055904759499326e-01
   6.1174599999999999e-03  -2.6720242236480807e-01   2.2328503828360047e-01   1.6970475887193286e+00   1.0230067020416130e-01   1.5030234979237727e+00   1.1843554393052305e+00   1.0367925188548455e+00
   6.8408200000000001e-03  -1.4278926653105914e-01   1.3114072004171140e+00  -1.0956217709178893e-01   1.0320019646931385e-01   1.6940214419982276e+00   1.0640216206017057e+00   9.8467086020393624e-01
   5.7345000000000000e-03   1.8449619962425976e+00   1.2384446839753629e+00   8.4010698686249063e-01   1.7479510900805514e-01   5.7169769416039691e-02   1.2618433542326972e+00   1.0698632948039639e+00
   6.8145300000000001e-03  -1.6701784166953193e+00   3.2571798992424975e-02   3.5507871501968946e-01   1.3638998935292466e+00  -3.2272748441173021e-01   1.1213394912781731e+00   1.0098748068017041e+00
   6.5919699999999999e-03  -1.3783058379972453e+00  -6.4641324880956719e-01  -1.2482753450982269e+00  -6.5806057571151400e-01   5.8818509809195108e-01   1.0443181927500360e+00   9.7573011306097135e-01
   5.8473400000000003e-03   1.3612145033230980e-01  -1.4922565087107562e+00   8.7360072245725884e-01   6.9270980611965927e-01   1.3895714539473465e+00   1.2098069815684453e+00   1.0466614270005623e+00
   6.7168499999999999e-03   1.2160530083620517e-01  -1.5373305142719018e+00   1.1591708774347032e+00  -7.8171524585223262e-01  -7.3492093932888147e-01   1.1186178626759697e+00   1.0084273287747130e+00
   6.6939199999999999e-03  -2.1812831759225861e-02  -6.2010035207690672e-01   2.8681242811121094e-01  -6.6741930723405274e-01   1.9868407436220072e+00   1.1045122197266872e+00   1.0027316730157236e+00
   5.4752999999999998e-03  -3.6267221086949347e-01  -1.1226882934171738e-01   2.1294861209229263e+00  -9.7461948671765597e-01  -4.6725503527550527e-01   1.2900122816683994e+00   1.0820876802268331e+00
   6.3596800000000004e-03   1.5828288639560033e+00   2.0380088319404938e-01  -2.1347010581293471e-01   1.0980862361024075e+00   1.1693772717801272e+00   1.1602241776632440e+00   1.0268289276912015e+00
   6.7766500000000004e-03  -4.0783163234815248e-02  -1.8936001015304835e-02   9.4393521382591161e-02   2.0496372959683207e+00  -8.5111265935226155e-01   1.1295568320853684e+00   1.0138773764816964e+00
   1.0847780000000000e-02   6.5557396710390195e-02   4.8081532603582122e-01  -2.1575841084910266e-01   9.7703708468767425e-01   5.5966341101594019e-01   6.0344004888756919e-01   7.5988250682658565e-01
   5.8025200000000002e-03  -1.4972909503470042e-01   1.2059814420221600e-01  -1.4072236208805888e+00   1.0321201522547936e+00  -1.4892994815021872e+00   1.1616716796932889e+00   1.0267615536196739e+00
   4.9961600000000004e-03   1.7158485217199078e+00  -1.2331977952981168e+00  -9.8752858022261714e-01   6.5561038631774993e-01   4.3534606210761467e-01   1.2963413729600373e+00   1.0838376697383247e+00
   6.5897600000000001e-03  -3.0061548580721062e-02   9.3048966611703643e-01  -1.8283851048217595e-01  -2.0241520828899047e+00   1.4849690659738207e-01   1.1389678790600086e+00   1.0176727314484959e+00
   5.1167000000000001e-03   4.2095843411456318e-01   1.1763542058713909e+00  -1.9652768903111184e+00   6.1588495474140503e-01  -2.3380692813456075e-01   1.2528305219950620e+00   1.0654719052905728e+00
   1.0482119999999999e-02  -1.1408306987684722e-01  -1.0524897619619256e+00   4.0679423956121041e-01   3.8003029952811668e-01  -2.5355666259353182e-01   5.8264385784695560e-01   7.4699477060509889e-01
   6.3538400000000004e-03   1.6804920374793739e-01   7.8203130975822754e-01  -1.3628284285224714e+00  -1.3510109215779877e+00  -7.5690665646428135e-01   1.0960785187061972e+00   9.9843133869660683e-01
   1.1493190000000000e-02  -1.1108252854916549e-01   8.5050948810757962e-02   7.7552970504857910e-01   7.5837717930518600e-01  -2.6963164294064496e-01   5.7755375011195975e-01   7.4403197768885165e-01
   4.7733400000000000e-03  -7.9902623103104264e-01  -1.8258278841705859e+00  -1.3542914784625224e+00  -4.9642760090320948e-01  -3.7254307134524250e-01   1.3190596244119552e+00   1.0933549080916172e+00
   1.0957000000000000e-02  -3.8939178901149446e-01  -7.9923638215153536e-01  -7.6971412745166390e-01  -5.5048757726877118e-02  -3.2888388744248814e-01   5.9449100609255390e-01   7.5455787608777569e-01
   6.7796000000000002e-03   7.4698850066833500e-01   1.2702748176379346e+00  -6.2805384626433325e-01   1.1535194406035882e+00  -1.0365743420040467e+00   1.1474696871586703e+00   1.0218230047749679e+00
   6.8015300000000001e-03   1.6422806401074495e+00   6.1552546705868016e-01   2.8064770159185887e-01  -1.7151222410829423e-01  -1.2810502005238678e+00   1.1149752887373923e+00   1.0066495900636696e+00
   6.7443900000000003e-03  -1.8524906464715578e+00   1.2034077151639413e+00  -9.1302457165229362e-02   2.2690725669441558e-01  -5.2991429092681452e-02   1.1312469517778487e+00   1.0142046001308935e+00
   7.1965700000000002e-03   2.5783332492913458e-01  -1.2357019980535506e+00  -1.3242609775760912e+00  -5.8180273912607594e-01   9.9292559740745345e-01   1.0892233017881969e+00   9.9631694582611396e-01
   7.0742200000000000e-03   7.8817604555470611e-01   1.1223742366306849e-01  -1.8425348111983018e+00   7.5102468974867387e-02   6.7567940623268075e-01   1.0477140538321619e+00   9.7757925981442328e-01
   6.3040600000000002e-03  -1.1253006824284810e+00   1.0235296211903153e+00   3.4378421795119096e-01   1.2007796670245967e+00   1.1291864184703995e+00   1.1651623774966875e+00   1.0282601703540466e+00
   7.2530900000000002e-03  -1.7216270815195590e-02  -8.6021295388821339e-01   1.9340205151839467e+00   4.5971306907211951e-01   9.9998520032259161e-02   1.0967169913096873e+00   1.0003139129425205e+00
   6.3773099999999997e-03  -1.3421582316708551e+00  -8.2155932886620675e-01   8.9272252287403819e-01   8.9479368802520376e-01   9.4280396216255602e-01   1.1156815325222516e+00   1.0068083279942883e+00
   5.7636400000000004e-03  -5.0665800925060467e-01  -1.4093538227591957e+00   8.2956864639663008e-01   1.5840626394526698e+00  -3.6189304034067321e-01   1.2288497323558174e+00   1.0558844613034877e+00
   7.0232300000000001e-03  -1.4203436354982031e+00   5.0599896232317032e-01   8.5373721979566886e-01  -1.3385762208161027e+00  -1.1872355237733169e-01   1.1148932044651911e+00   1.0078411802147922e+00
   5.2603399999999996e-03   1.2916189351892591e+00   5.8553387403033341e-01   8.6924080644572810e-01  -5.0643246100062267e-01   1.7235277112461511e+00   1.3124269479917177e+00   1.0910669645504012e+00
   6.9265799999999999e-03  -1.2792939713544516e+00   2.4936603682410563e-01   4.9573519742490302e-01  -2.5359752244865202e-01   1.6168046828386415e+00   1.0663612830919360e+00   9.8514279498321167e-01
   5.1427299999999999e-03  -2.4982619804667688e-01   5.2849795900802354e-01   1.3897334235331025e+00  -1.5789219837306547e+00   1.1116431559694702e+00   1.2980763366355759e+00   1.0854064586779655e+00
   5.5041300000000003e-03   1.4239358062144400e+00  -6.8951210268375973e-01  -1.4534105885500679e+00  -1.0770602715903899e+00  -4.0281471421043560e-02   1.2756936475436440e+00   1.0754875185067325e+00
   1.1686970000000000e-02  -1.1146387829877500e+00  -2.2198969451788189e-01   1.2142743657700859e-01  -1.8586659327743942e-02   1.2654469838716539e-01   5.8673353736244560e-01   7.5002787820044592e-01
   1.1813430000000000e-02  -6.4664802317928394e-01   2.3497702236256540e-01  -4.5866391664071393e-01  -7.6436814446499213e-01  -2.5806369163698828e-01   5.8942384141732507e-01   7.5179681877737525e-01
   1.2379420000000000e-02  -4.7519432708761633e-01   6.1621571529823083e-01  -1.2094509019085725e-01   3.4445258457920358e-01  -7.3097874861539613e-01   5.9805113140582133e-01   7.5697546227208301e-01
   5.8332100000000001e-03   1.2085070639714803e+00   2.8292187651937517e-01  -2.9356081481569912e-01  -1.6877056846639689e+00  -9.4278093247685057e-01   1.1826662096027254e+00   1.0353320842912190e+00
   1.2263909999999999e-02  -2.9841623727797195e-01  -3.3893641868071915e-02  -5.7899266765644142e-01  -9.4440834639765783e-02   9.0466321746686029e-01   5.8613915458621579e-01   7.4992651085803952e-01
   7.9365200000000007e-03  -1.2191385403107868e+00  -1.1410945594685244e+00   8.0901208747950426e-02  -1.1393670198548673e+00  -6.5251968210369538e-01   1.0922767471833630e+00   9.9884774640634633e-01
   1.1553210000000000e-02   3.8005074337642131e-01   7.0206750785040906e-01   2.2570630904540392e-01  -6.1348580160460531e-01  -5.4236384335724142e-01   5.8894865351839820e-01   7.5115380421956635e-01
   7.3807200000000003e-03   6.4504461393125290e-01  -8.8076038266078627e-01   1.4079182614120767e+00  -8.6074238782675772e-01   8.4738146482011123e-01   1.0914902439119012e+00   9.9751216119646713e-01
   7.2095500000000003e-03  -1.0151994539122564e+00  -9.2728753371281369e-01   1.2612558453046534e+00  -7.8845533182799721e-01   7.5781454784265334e-01   1.0879316853638969e+00   9.9573470738393199e-01
   6.9313300000000003e-03   5.1688294937593082e-01   5.4697023051633598e-01   1.4603324260570762e+00  -4.1230130776628605e-02  -1.1924385678622582e+00   9.4999734798356983e-01   9.3213163802874854e-01
   5.6267699999999997e-03   2.3185166372010893e-01   1.3196554042365183e+00   1.2119711179884201e+00  -1.3690990470994642e+00  -7.5432054416725536e-01   1.2627773523296049e+00   1.0698734118898054e+00
   5.4089200000000002e-03  -5.9834719932713654e-01  -5.4041189206199292e-01  -3.5035792227497786e-01   2.0752939079644581e+00   8.9365848903420153e-01   1.2921168235248119e+00   1.0827836844924483e+00
   6.9815900000000002e-03  -7.4927680772301419e-01   1.7562277940497493e+00  -1.1316907616438671e-01  -8.7028676763093615e-01  -5.3303317134250727e-01   1.0857993307497646e+00   9.9436173997895227e-01
   8.7353900000000009e-03   5.1624085848046419e-01   6.3498155346943153e-01   1.4426044011600014e+00  -3.0743541052963758e-01   3.3321142642852464e-01   7.7489980292981220e-01   8.5086286943999212e-01
   4.8033700000000004e-03  -1.5014211371759620e-01  -1.8873312232222377e+00   6.1871919270176191e-02  -1.3898072680071429e+00   8.1435149509304738e-01   1.3353652164736274e+00   1.0987305826243072e+00
   6.2160699999999998e-03  -3.1337671760597069e-01   8.1514255310813827e-02   1.2871983563473639e+00   1.7119921494346322e+00   6.7044641588712661e-01   1.1440499185386439e+00   1.0200309293083156e+00
   6.9555199999999998e-03  -3.8759098067214381e-01   2.0360179257695448e+00  -4.5231586019410630e-01   6.4389187134400350e-01   1.8263647710792838e-01   1.1449693917857788e+00   1.0210739547912471e+00
   1.1822569999999999e-02  -4.9782095028383194e-01   8.5887680550795997e-01   4.1727098943161667e-01   1.0369024700113594e-01   3.2301259361799733e-01   5.8537430470206797e-01   7.4906418044337020e-01
   4.6582400000000001e-03   4.0127054234240261e-02   1.7426572190561844e+00  -1.4540742218672151e+00  -7.5572531200764137e-01   7.5560158476998995e-01   1.3333764124011676e+00   1.0995227392691795e+00
   1.1569390000000001e-02  -4.2787342804824297e-01  -1.1851296982855490e-01   8.9742249128918550e-01  -4.1810341788659999e-01  -4.6127818608244758e-01   5.9460070032514523e-01   7.5473135695033466e-01
   5.3916099999999998e-03  -7.7242058764788790e-01  -3.6807907811791736e-03   1.5904683483752007e+00   1.0637344582902537e+00  -1.1787599316102888e+00   1.2174393160278087e+00   1.0501345626573411e+00
   1.1201710000000000e-02  -1.6246433364212406e-01   2.6282556634812282e-01   4.4172105834604403e-01  -8.8563549427513488e-01   5.4141194326348385e-01   5.8570940158896267e-01   7.4883739241698988e-01
   6.8679800000000001e-03  -8.1780794821054703e-01  -3.5727766438247277e-01  -1.0304543980098257e+00  -4.2907377776693967e-01  -1.6831345217061160e+00   1.1290236270675034e+00   1.0136621107934798e+00
   7.8310199999999993e-03   7.6946472639912333e-01  -7.5401960481268793e-01   3.6230264815175367e-01   1.6037228263440717e+00   4.4180353929162519e-01   9.8026377073197846e-01   9.4740499276245971e-01
   6.8683800000000003e-03   6.4802966924255290e-01  -1.0387353064047535e+00  -1.6265702469409573e+00   3.2850796370479002e-01  -7.8927778629067014e-01   1.1224696477354394e+00   1.0111880872040406e+00
   6.9992900000000000e-03   1.2422606209244162e+00  -2.5347438331407235e-01   1.2723926544070876e+00   7.0346120490308250e-01   9.5793305489515801e-01   1.0803435632208742e+00   9.9142003746222118e-01
   7.2910600000000002e-03   1.7579071064758083e+00   4.1329875096293234e-01  -1.0506348557158673e+00   3.4813872428156489e-01  -2.7922543985713466e-01   1.0764481591087107e+00   9.8983809290159774e-01
   5.4950499999999996e-03   7.0963676442103374e-01   1.0538497189586069e+00   6.3188180659279041e-03   2.0129535584637757e+00   3.0546424505378922e-01   1.2702377761663723e+00   1.0731061212280593e+00
   1.1920780000000001e-02   7.0565013300776225e-01  -5.7404660697786392e-01  -4.2165450518324399e-01   3.9588623169397830e-01   3.2042438857461392e-01   5.8380010771511659e-01   7.4808275765420529e-01
   6.3094500000000003e-03  -3.3355466193366401e-01  -1.8903907153595068e-01  -2.1311459275796074e+00  -5.2432106530546374e-01  -4.2505299141690184e-01   1.1612506940154410e+00   1.0267169043707389e+00
   6.6465800000000000e-03  -7.1840225525835804e-03  -1.8710976780145139e+00  -6.3669398284538858e-01   9.0446689334594821e-01   4.4432913176116529e-01   1.1231427496995219e+00   1.0109998430788332e+00
   7.1736300000000003e-03   7.3350003213445636e-01  -1.3274495638189088e-01  -1.2497482789771914e+00   1.6386821363690973e+00   1.8791532382568920e-03   1.1240089638528703e+00   1.0117654985324387e+00
   7.3892100000000002e-03  -7.3786172855856980e-02  -5.0161413111335518e-01   7.3574394220977601e-01  -1.9192717269384503e+00  -2.4524694595857782e-01   1.0751788324150142e+00   9.8980441447114287e-01
   5.9967800000000002e-03   9.2990109527897689e-03   8.2263185686923945e-01  -1.2629660526749171e+00   1.1600924821000007e+00   1.3196793825525270e+00   1.1893154704075666e+00   1.0398755830109214e+00
   6.5870099999999999e-03  -1.6017404114363341e+00  -1.1200485926254602e-02  -6.7342102434476059e-01   8.1615559197311416e-01   1.1023399704403734e+00   1.1117981414054108e+00   1.0054934506907698e+00
   6.6297600000000002e-03   3.8811944865489950e-01   1.9141238817817723e+00   7.4034678042259761e-01   3.3277429993401564e-01  -6.9728619347359577e-01   1.1328606488834183e+00   1.0146894545511655e+00
   6.8953699999999996e-03  -1.2739640504659053e+00   1.0967755230742178e+00  -3.9465687345119138e-01  -9.0236020131441730e-01   9.2268339827082402e-01   1.0709668311203591e+00   9.8746824461639782e-01
   1.0733150000000000e-02  -5.2496778192773019e-01  -4.2654066057766832e-01  -3.1209919320674623e-01   9.6166939978478483e-01   1.4081146435103606e-01   5.9268082293887947e-01   7.5324548829111670e-01
   1.1159440000000000e-02   7.6753483331720951e-01   3.0115973917625039e-01   1.4056803859120515e-01  -1.6632134860114872e-01   8.4724917748880491e-01   5.9236917610703954e-01   7.5320853175897606e-01
   6.0451100000000002e-03  -1.6768811426805272e+00  -1.3865109951889167e+00  -3.1343327022377748e-01   5.5688059726961348e-01  -1.9662492643733442e-01   1.1483985998964352e+00   1.0210400313226338e+00
   7.0228699999999996e-03   5.9393513866494285e-01  -9.0445996741653845e-01   1.1440098553459177e+00   6.6140203510848938e-01  -1.3442777792246858e+00   1.0948981700784803e+00   9.9884549538573952e-01
   6.6697199999999996e-03  -1.7845596257823813e+00   1.4958476967931814e-01   1.3807614621492564e-01  -3.1406832432434967e-01  -1.2130506300445170e+00   1.0964473548842733e+00   9.9823421764885256e-01
   6.8232900000000001e-03  -9.9576218572676611e-01   1.1450306699778194e+00   1.1388308912023553e+00  -1.5445455807157055e-01  -1.0540373321156156e+00   1.0780728522043204e+00   9.9146714634292188e-01
   5.0426799999999999e-03   1.6089816125349312e+00  -3.7186438944230982e-01   1.7579840069998554e+00  -2.2698106183938624e-01  -4.2626536060574405e-01   1.3110627686803613e+00   1.0893305271810447e+00
   1.0982270000000001e-02   1.4670243185348672e-02   2.4746821911690056e-01  -1.0468735888599228e+00   3.3104876283547424e-01  -2.5442657274143915e-01   5.7765387939054169e-01   7.4377564811784902e-01
   1.0870400000000001e-02   5.4135742316866342e-01  -1.7586829665736725e-01  -2.4695450183825296e-01   6.6832529173821242e-01  -8.2534373938373684e-01   5.9634780574414636e-01   7.5526563921847023e-01
   6.7184999999999996e-03  -1.0063577655551594e+00  -4.1067257834862447e-01  -1.3354065417855238e-01  -1.6423713079985991e+00   1.0013128504884088e+00   1.1229407336396708e+00   1.0103176560888329e+00
   7.3445000000000003e-03  -1.0815027122188994e+00   8.8552990757961347e-01  -1.4601443223023061e+00   9.7411300539315321e-02   4.9420922492790453e-01   1.0195322133137765e+00   9.6519783719946284e-01
   5.9097200000000003e-03  -3.3782454455882333e-01  -1.7879178461405916e+00  -5.3164971306252390e-02   1.6018031163611099e-01  -1.4434556883550158e+00   1.2056369640408608e+00   1.0460069740323137e+00
   1.1851739999999999e-02  -1.1051689882347400e-01  -3.2624750898922811e-01   6.1799360780592660e-01   3.0874244026632874e-01   8.1180956148599559e-01   5.8160376395617741e-01   7.4669034843721338e-01
   6.0966600000000003e-03   9.2408124782412548e-01   1.7805120435789845e+00  -6.1336390768284732e-01  -4.6456180436025429e-01  -7.8308279372349598e-01   1.1682433627944742e+00   1.0296873771497952e+00
   6.4872799999999998e-03  -6.1377658109753563e-01   1.3450316557602824e+00   7.5477867090906114e-01   1.4086345815842396e+00  -3.4577396633801377e-01   1.0880565730054041e+00   9.9559156314719399e-01
   6.1238200000000003e-03   1.2283799215816671e+00   1.5767242144052451e+00  -6.4554899083135953e-01   5.1066234012382150e-01   7.4612024330687676e-01   1.1575704078519260e+00   1.0261154826182477e+00
   1.1712470000000001e-02  -5.6875814134942040e-02  -8.6778531792109892e-01   7.9639844847025340e-02  -6.5379391587690772e-01   3.5125441977297162e-01   5.8578883797841863e-01   7.4938179654541281e-01
   6.1836399999999998e-03   1.8393434126007078e+00  -1.4041650782436935e-01   1.9021133395262577e-01   1.2455767120441383e+00  -6.1931453538880443e-01   1.2137090362520517e+00   1.0495886786623199e+00
   6.9163499999999999e-03  -1.6519553673941101e+00  -5.3620193102107333e-02  -1.1992879258621676e+00   4.2466580214040567e-01  -6.0396113294570142e-01   1.0825573738806915e+00   9.9249095082002980e-01
   6.7216899999999998e-03  -5.5938419052031207e-01  -6.2417238565458233e-01  -1.8461640175473859e+00   7.9327871870657329e-01   5.3672612897864458e-01   1.1579043839926295e+00   1.0253808979715149e+00
   6.2857000000000000e-03  -7.4518008724850693e-01   1.2993118438955178e+00  -1.2903960491067739e+00  -9.3735671593937808e-02  -1.0745135924949580e+00   1.1282903701789400e+00   1.0133044455913947e+00
   6.7700700000000004e-03  -4.3317535321772564e-02   1.6732902179363660e-01  -1.4536421835546052e+00  -1.3346885930834644e+00   8.0877380015441747e-01   1.0399923957437682e+00   9.7340033886390120e-01
   4.8798599999999998e-03  -1.0990091180372588e+00   1.0943621141121851e+00  -1.3421153120036095e-01   9.6983401105473155e-01  -1.6717308579879959e+00   1.3200950627289041e+00   1.0930731778853480e+00
   7.0307800000000004e-03   6.7102177378960270e-01  -1.8519149254980669e+00  -4.5029556282191063e-01  -4.0380732033163036e-01  -2.4937437302361343e-01   9.9033658774095235e-01   9.5177321415159410e-01
   6.4540200000000004e-03   1.5212279579916244e+00   9.4104230267906930e-01  -7.2230698723996023e-01  -1.0875678028804157e+00   4.0784590005901356e-01   1.1425390870695173e+00   1.0194387800812810e+00
   6.9989300000000004e-03   1.1934506764647517e+00  -1.2386094005429984e+00   7.6651801593470070e-02  -2.3413516133969414e-01   1.2797119756300044e+00   1.0810256641822475e+00   9.9200322839663946e-01
   6.8202499999999999e-03   4.0769482796652080e-02   9.9227054535456249e-01  -6.8562066769413788e-02  -4.3894451196418371e-01  -1.9373789178580176e+00   1.1371294040601805e+00   1.0174686513962883e+00
   4.8909399999999999e-03  -6.5377577503776441e-01   5.0499091791211946e-02  -1.2559526477557694e+00  -2.6428664358115778e-01   2.0194911065134789e+00   1.3163217140100703e+00   1.0918377687538605e+00
   1.1202310000000000e-02   8.1182764342174474e-01   7.0430348449913793e-01   1.5543852510769049e-01   5.0466957904013310e-01  -1.4937385128112779e-01   5.9917754281684665e-01   7.5718650300552448e-01
   6.3242600000000000e-03   1.1570966680539490e+00   1.4638840327295180e-01  -9.0013444753716965e-01  -3.1867796240791829e-01   1.6791736094046839e+00   1.1499161052065543e+00   1.0223189974484423e+00
   6.4878499999999999e-03   6.9989944559954873e-02   5.5809747863503317e-02   2.9091726769844822e-01   9.9289667510609747e-01   2.0148260697668330e+00   1.1725011572364150e+00   1.0323875550384087e+00
   5.8515800000000003e-03   8.3209435343477955e-01  -3.0595692801520874e-01   9.1943861984753117e-01  -1.1151219621712560e+00  -1.5193327479302032e+00   1.1331146153433094e+00   1.0141349200843210e+00
   7.0267999999999997e-03  -1.4858834542883728e+00   3.4609795474024990e-01   1.4966268866791201e+00   2.2027527007375333e-01   2.5267314129639623e-01   1.0805240528418214e+00   9.9243831404532423e-01
   6.0986699999999996e-03   9.6438411909875543e-01   3.2611752590316839e-01   1.4360743307235928e+00   1.3822395256829194e+00  -3.6788529204782827e-01   1.1488219779694731e+00   1.0210535238508822e+00
   1.1389949999999999e-02   9.3839873834865459e-02  -3.9825202761301925e-01  -2.2454312078877294e-02  -4.3434988534443147e-01  -1.0256738472395999e+00   5.9587773923764686e-01   7.5535180560852055e-01
   5.7851200000000004e-03  -6.2399496073664540e-01  -3.7743483147748375e-01   9.1732671152091161e-01  -4.5815502134210379e-01  -1.9750285234796452e+00   1.2123905432703181e+00   1.0483350349538223e+00
   5.5107400000000001e-03   1.4865652282194253e-01   8.3817936902136236e-01  -2.0514261967555139e-01  -1.3053005040051473e+00   1.6328440303704206e+00   1.0885349960982007e+00   9.9412755677703113e-01
   6.2722000000000003e-03   1.2248853179365289e+00  -1.6866614111676526e+00   8.3631920384768721e-01   4.6663856798959003e-01   1.4741478821153000e-02   1.1897454604691602e+00   1.0389241188799745e+00
   1.2245420000000000e-02   6.8252541376297082e-01  -1.4646497583844517e-01  -5.6843121459706691e-01  -6.7604801213834276e-01  -8.4061490514154139e-02   5.9373312398362998e-01   7.5433060806214269e-01
   6.1666899999999998e-03  -1.4170956051001140e+00  -1.0326909805718660e+00   1.2443314294215031e+00   4.6782419809986792e-02  -7.1116542056621146e-01   1.1460008617648854e+00   1.0199641249675544e+00
   6.0656299999999998e-03   1.2929886929318009e+00  -1.1801195312818069e+00   3.2074756228557261e-01  -1.3428952001691827e+00  -1.7960118649837734e-01   1.1088951469519608e+00   1.0024599983076412e+00
   5.4066000000000001e-03  -7.1742623105161596e-01  -1.0686883098534417e+00  -1.1048261661500125e+00   1.4460695805762642e+00  -7.5523340644589931e-01   1.1941519622827872e+00   1.0399185846492591e+00
   1.0678780000000001e-02   1.7838859393387624e-01   9.6003601057788535e-01  -6.4173711143533940e-01  -2.8132867755633278e-01   2.7558034629793299e-01   5.9291770267376509e-01   7.5350368739142948e-01
   5.5043799999999997e-03  -6.3390659192870347e-01  -2.1250867893618679e+00   6.3580174586602722e-01  -4.3141059152173943e-02   2.1828292022257278e-01   1.1592024709841666e+00   1.0254235954245301e+00
   6.0896199999999996e-03   4.3746037171838265e-01   6.7248825266153855e-01   6.4307179026862793e-01   1.0231708142089544e+00  -1.6606262560821314e+00   1.0788689394576039e+00   9.8945051211374491e-01
   4.9732200000000004e-03  -1.0825446363237386e-01   1.0059920691965836e+00   2.1183191542415036e+00   5.0866326312406973e-01  -2.4803497012410705e-02   1.2293768214603498e+00   1.0532647247977998e+00
   0.0000000000000000e+00   0.0000000000000000e+00   0.0000000000000000e+00   0.0000000000000000e+00   0.0000000000000000e+00   0.0000000000000000e+00   9.8472462345269440e-01   9.4255123255936113e-01
