   6.5100999999999996e-03   1.4356199970112911e+00   1.0318618276096458e+00   4.8967246242465906e-01  -1.2488069916914837e+00   2.7173708545529812e-01   1.6518059021104751e-02   1.6407277228036563e+00
   7.3725800000000001e-03  -1.3229039666540474e+00  -5.8904425997528626e-02  -1.7207945291013369e+00   3.5859439330002646e-01   2.2338309894460004e-01  -1.2643019857619012e-01   1.6777737099866274e+00
   7.3448799999999998e-03  -8.6095926414499302e-01   6.6385434630729079e-01   6.3458220839641766e-01   7.1980577437190008e-01  -1.3663855707263852e+00  -8.9557121881332491e-01   1.6342426079473278e+00
   1.1437060000000001e-02  -2.2009891091398531e-01  -2.9369775583745933e-01   3.9350521080480050e-01   7.6873726581544999e-01   1.9362766589653263e-01   4.3364327540396203e-01   8.7465362979586903e-01
   7.4788500000000004e-03   5.3909967578482931e-01  -4.1663771321416615e-01   1.3693187134479717e-01   8.6939827272394676e-01   1.8622859947822314e+00  -5.2032204357340135e-02   1.6116308922307558e+00
   6.9606700000000004e-03   1.1299025403319634e+00   7.7920782718864556e-01   1.2482624119055252e+00   3.4361965930345140e-01   9.5857577432146301e-01  -7.5005793328160397e-01   1.6950616731929877e+00
   6.1978099999999998e-03   4.8111675643825258e-01   9.4436341363935972e-02   9.8113603381250769e-01   6.9000956445920347e-01  -5.4385669368892198e-01  -1.8675322621277501e+00   1.7748019697240216e+00
   6.3189099999999996e-03   8.2759153723983403e-01   5.7230338072053889e-02   1.4935580927635983e+00   5.9089265647436351e-01   8.6936727381029333e-01   1.0603300024894926e+00   1.6648841315243952e+00
   5.9793099999999998e-03   2.2925023859878446e+00  -1.9265619644316612e-01   5.9009176168920513e-02   2.0959813147315648e-01   6.9993754988472645e-01   4.4849997031229644e-01   1.9564252747748008e+00
   5.6946300000000000e-03  -1.6757860298600108e-01   1.1374622239265653e+00   1.7849949875639093e+00  -8.7584114966244275e-01   6.5545948257289099e-01   5.2729735099317832e-01   1.9063127841800001e+00
   6.5860500000000004e-03  -1.0689993746732840e+00  -1.1368402976737717e+00   6.2683798554742243e-01  -8.8356008822534771e-01  -1.1335804875781434e+00   1.7222124899260258e-01   1.6207315389715551e+00
   6.5139100000000004e-03   3.2795979353476373e-01   1.4883763928310549e+00   3.5542656639339476e-02   1.4584836685667024e+00  -3.3905742110451043e-01  -8.2360564143052228e-01   1.7269166683157806e+00
   7.0642099999999996e-03   1.1745625930621111e+00   1.5758390058588769e+00   4.4641436023973191e-01   5.0040243383005845e-01  -7.8284515910433828e-03   8.1843480438964844e-01   1.6776987661545599e+00
   7.3644200000000000e-03  -1.8600551645142230e-01  -7.3519256826651314e-01  -1.1778726071012027e+00   2.8033370770083255e-01   1.2372516297813581e+00  -1.0950921733989420e+00   1.6334778521236495e+00
   7.3174800000000003e-03  -1.3387688150713390e+00   1.2554719965006755e+00  -4.5852009363816132e-01   8.6501376275005115e-01   3.2012935553986505e-01  -5.9503208791189133e-01   1.6332801115405529e+00
   5.1285799999999998e-03  -7.0128466788866184e-01  -3.5992434480217650e-01   5.2434106611507858e-01   1.6059346273749944e+00   1.1902341737531408e+00   1.0628046449847592e+00   1.8433397462584367e+00
   6.9881400000000003e-03  -2.5820107865362291e-01   7.5510834928209380e-01   1.0795151194182184e+00   3.5437275571969074e-01  -3.2313061008694155e-01   1.6783437465628808e+00   1.6248683416137910e+00
   6.8718299999999998e-03  -1.5600178105412512e+00   3.4293162058679849e-01   1.3530366905160480e+00   6.2458269601682948e-01   9.8167150175020632e-02   4.3668458388108289e-01   1.6649955022747955e+00
   6.4752999999999998e-03   1.0735802201702229e+00   1.1316100947663925e+00  -6.8844332994696555e-01   8.9911438862345439e-01   1.0976140482141148e+00  -1.5842161880317429e-01   1.6126001191420960e+00
   7.4159999999999998e-03   1.0599257212400766e+00   1.9303582780740880e-01  -5.6683484756715596e-01  -7.0893775125317826e-01   1.4662481723875094e+00  -7.6089043288495484e-01   1.6209405599094118e+00
   6.0061999999999997e-03   1.7574029979562855e-01   1.1441545336926264e-02  -9.4939238299193673e-01  -1.6795944841986787e+00  -7.1826413755667340e-01   1.0999636792430618e+00   1.7541064382731575e+00
   7.8455000000000000e-03  -3.2998638925628559e-01   1.3197491948755868e+00   7.0243026161117728e-01   9.6494337012766884e-01   1.1404297768061149e+00   2.9678572597689107e-01   1.6248309819453444e+00
   5.9399199999999996e-03   8.8102177379745117e-01  -7.9845218545184504e-01   6.8530575563116936e-01  -3.4690613858953810e-03   1.2178147306928759e+00  -1.3553534630250434e+00   1.6667123046511048e+00
   7.4833100000000000e-03   1.5319084429716772e+00  -5.2577656277352747e-01   4.9740835982741838e-01  -7.8923169332101450e-01  -3.0896231374866201e-01  -1.0712140192274904e+00   1.6298113824486509e+00
   1.1854770000000001e-02  -8.0562959134875017e-02  -2.4506398777872329e-01  -2.4645050977752986e-01  -4.0141659894885240e-01  -2.3532647256460279e-01   8.5113908943528627e-01   8.8712323667337911e-01
   6.5031400000000001e-03   1.3072037366061393e+00  -5.7065837519350215e-01  -4.6688910436765529e-01  -1.5640306286164884e+00   2.9363101982701295e-01   2.7243424387700088e-01   1.5936505536495833e+00
   6.7774899999999997e-03  -7.7486979392605360e-01   4.9831938813854287e-01   1.5231008435938433e+00  -5.5165217806101341e-01  -1.2417853792962938e+00   1.4891052898034310e-01   1.6677377074938058e+00
   6.4619899999999999e-03  -3.7435839790526743e-01   8.3913686456462455e-01   2.2438684046831911e-01   1.8493960872289243e+00  -4.4680675826141242e-01   9.0554618525297004e-01   1.7468825087390958e+00
   6.8497599999999999e-03   1.5589157449393352e+00   1.0870544664197779e+00  -3.4529358627687989e-01  -4.8158927744927103e-02  -4.0080280229959301e-03  -1.0770990761152506e+00   1.6297688082754040e+00
   1.1924370000000000e-02  -1.0734221260861489e-01  -7.3602140106581238e-01   1.9379669891185508e-01  -4.6653185473346653e-01   4.4455741024364553e-01  -2.3587262330166500e-01   8.8672148143648144e-01
   7.5741599999999999e-03   6.6135667453557312e-01   1.5812347065169924e-01  -6.3504942286069288e-01   2.5469264206157088e-01  -1.5665047447727654e+00  -1.1790897419167570e+00   1.6447089623377509e+00
   6.1240499999999998e-03  -6.0425686411710908e-02   8.1650144277156611e-01  -1.1457115915327078e-01   7.3757901691618455e-01   1.3918821012573404e+00  -1.5433605416044007e+00   1.7919148245119216e+00
   6.3660000000000001e-03  -9.1903346993022617e-01  -8.8251813510745514e-01  -3.8826657371337131e-01   3.2777266558342294e-01  -1.6520663133043887e+00  -7.0589282392311814e-01   1.6588332918209909e+00
   6.8406400000000003e-03   2.4090190457065069e-01  -1.7680942743557476e-01   1.9055585919318465e+00  -5.7429092411658045e-01  -1.5895407880703954e-01  -8.9783427110282665e-01   1.6257423245193090e+00
   7.9278000000000005e-03   2.2381094191623518e-01  -4.4926488928469044e-01   1.2218852121214811e-01   1.7511094004554688e+00  -1.0500722694867359e+00  -4.6821190101265470e-01   1.6263508907340654e+00
   6.5723500000000002e-03   1.6435523209963698e+00   4.3891919151560865e-01   6.4779072756451350e-01   7.8631793467249766e-01  -8.2183192521747062e-01  -4.7799717756852272e-01   1.5929696591712219e+00
   6.5264199999999998e-03  -2.9473539128340709e-01   1.2958869091766776e+00  -1.6561126340107096e-01  -1.4817042371210773e-01  -4.2016961012066179e-01  -1.7142578784137779e+00   1.6172545685831023e+00
   7.3864300000000003e-03  -9.1478468675463509e-01  -3.0782423637777295e-01   5.6610314248025151e-01   7.5282419054504823e-01  -1.3950459747521391e+00   8.8835622156542915e-01   1.5602401662259107e+00
   7.0230400000000004e-03  -2.5940549167823468e-01  -3.5880009075370489e-01  -1.1243041528087776e+00   1.2561629283315578e+00  -4.2039661441369802e-01   1.2341154318418686e+00   1.5953297067250800e+00
   7.5445000000000000e-03   5.9744279597372285e-01   2.9558053595869510e-01  -3.5211826115421418e-01   8.9677914435358630e-01   9.2158586348721372e-01   1.5571955088911380e+00   1.6032320762298438e+00
   7.3847599999999998e-03   1.0880872170681838e-01   5.7313518481540726e-01   1.7594100611446712e+00   1.0101342229296477e+00  -4.8570953432957020e-01   1.1517741131250774e-02   1.6081526852521681e+00
   6.4444799999999998e-03   4.4125919826272925e-01   9.5572307589538041e-01   4.7857589608851581e-01   6.0206483899511454e-01  -1.8449280142930846e+00   4.4989879799135607e-01   1.7318136436012439e+00
   7.4188600000000002e-03  -9.6602882369061316e-01  -9.1028900746300090e-01   1.2699634455148243e+00   5.4772273486355905e-01  -5.7790437663500893e-01  -7.9603654669979429e-01   1.5872744244645436e+00
   7.5250999999999998e-03   1.0720992770253392e+00  -1.0106066788434611e+00   1.2771737368435041e+00   7.6030455175067979e-01   6.4377260319985613e-02  -3.9860205359748979e-01   1.5785934658129073e+00
   7.2200399999999996e-03   8.8129281228935419e-01  -5.5694154191151035e-01   1.1778218879039593e+00  -1.0765617532139147e+00   1.1376103991807152e+00   1.3221169335156030e-01   1.6755579253807269e+00
   7.1863500000000002e-03  -8.2163565218915835e-01  -2.3076740574219198e-01  -5.2696414539142211e-01   9.9237034421736670e-01  -2.1348881105394252e-01  -1.6615652594887445e+00   1.6314454448798514e+00
   7.5683900000000004e-03  -3.1272238016250681e-01   1.2372846086242807e-01  -8.6548411700477645e-01   1.7944551884544211e+00   7.4812216213604121e-01  -1.6566283299356355e-01   1.6132238362299285e+00
   6.8151000000000002e-03   1.4490431087500364e+00  -3.5708013041328490e-01  -1.4918421257326835e+00  -3.5885673495263393e-01  -1.8307302819748472e-01  -6.3056578080558456e-01   1.6716273650815030e+00
   6.3973500000000004e-03  -1.8078122272431540e-01   1.4948137035076459e+00  -1.3342953697580193e+00   8.4744135556393707e-01   2.0316117082088814e-01   7.3497271706644063e-01   1.7369818171845224e+00
   7.7032999999999997e-03  -6.7578652464055222e-01  -1.4244637137217006e-01   6.5776033334252459e-01  -3.0899376494347092e-01   1.4198305632922579e+00   1.2845054911629261e+00   1.6159599142842211e+00
   6.0203899999999996e-03   4.0841568131216401e-02  -1.9084372438324759e+00   1.0859379529452859e+00  -6.7318026054187086e-01  -1.2561823220221523e-02  -4.9063951059646482e-01   1.7690852700730335e+00
   5.7380499999999997e-03   5.0181777036963937e-01  -8.6644568334249084e-01   1.1853993829414615e+00   1.0395801245065930e-01  -1.8552442869127010e+00  -3.5176259014138411e-01   1.9153915915822479e+00
   7.5972000000000001e-03  -5.3772767273378552e-01  -3.3362676188857027e-01   4.3602802527156553e-01  -9.6164318515400293e-01  -9.5354505236462483e-01  -1.5126227964957943e+00   1.6282427567847664e+00
   7.1755100000000004e-03  -2.6568806184121213e-01  -1.5476780572816309e+00   2.4151506438392104e-01   1.2062731001275917e+00   6.5521869862891757e-01  -6.7606961833822266e-01   1.6488581335819656e+00
   7.1616300000000004e-03   1.3287038441018351e+00   4.5901941391755985e-01  -1.0098683917492015e+00   1.2134464812162216e+00  -6.2261013061832859e-01   3.5385552268970372e-01   1.6855863312473371e+00
   7.5200199999999997e-03   1.8110524699708280e-01   2.2187916653360443e-01  -1.9274214724145533e+00  -2.5474152651777898e-01  -8.7905949098626057e-01   3.3956563538265566e-01   1.6304477267775288e+00
   7.5823899999999996e-03  -6.0796160335608895e-01  -1.2651096271612339e+00  -8.8727496130857419e-01   5.8386516469013205e-01   9.7547829330662150e-01   7.5529754224205559e-01   1.6011654292084112e+00
   5.2242100000000000e-03  -2.0758164199923906e-01  -1.1478877483198555e+00   1.3368818224367072e+00   1.4656695208928756e+00  -4.1247371016769463e-01   6.9230362132501555e-01   1.8305132641358577e+00
   7.5082999999999999e-03   1.0492785574357084e+00  -3.5601052656832310e-01   5.7911270271245097e-01   9.4059987883198914e-01  -7.6572523505330625e-01   1.2696841927879017e+00   1.5981365301308643e+00
   7.6434800000000002e-03   4.7609471398288955e-01  -1.1974682507877927e+00  -5.3981216223623885e-01  -1.0844452470927057e+00  -1.2479332137824974e+00  -2.9861481049406752e-01   1.6560515411648027e+00
   5.7783000000000001e-03  -5.0400225780319452e-01  -1.2760764810645209e+00   4.7086230877602428e-02  -6.5322943691598523e-01   1.8160408640507464e+00  -2.0484525941038967e-01   1.7946697164269116e+00
   6.2906699999999999e-03  -6.0825021213603392e-01   1.4734661856454465e-01   9.0091921767038485e-01   1.7603031226741908e+00   4.2571566772477987e-01  -9.0742354724078755e-01   1.7233147707062837e+00
   6.1889199999999997e-03  -7.5568430882071447e-01  -7.1346123909859338e-01   6.4229668069455037e-01  -1.5224191849200810e-01   7.3840270465149649e-01  -1.7672841475052024e+00   1.6644004993617627e+00
   6.3395999999999999e-03   5.2023834030289116e-02   1.0901436133883158e+00  -1.6430334094321570e+00  -2.1596187382313484e-01   5.8421083175081323e-01  -8.7267627294420469e-01   1.6400594564252466e+00
   7.5162500000000004e-03   6.0197704748406036e-02   1.9292204926986425e+00  -1.2845110606837118e-01  -5.1444252958067704e-01   7.8640711186655854e-01  -4.0544852583310509e-01   1.6496297097494654e+00
   6.3769999999999999e-03  -4.5538688763704965e-01  -5.5838836048619755e-01  -1.4983966282803343e+00  -6.2914931603572211e-01  -5.7415104119069160e-01  -1.2459399188667741e+00   1.6444088195722972e+00
   6.9365599999999996e-03  -9.9591830226171596e-01   9.4171385023978360e-01   1.2726219196661717e+00   5.9619935890865297e-02   3.5523850978361393e-01  -1.1327732571295785e+00   1.6459595205610362e+00
   7.6600200000000000e-03   1.1117552614468447e+00   9.8304881135571953e-01  -1.1720332542856302e+00  -6.7015732397528738e-01   4.3100233748567063e-01   7.0265583335784410e-01   1.6266969002910776e+00
   6.5730600000000004e-03  -2.7582023510867265e-01   1.4588368128726508e+00  -9.7735689616899171e-02  -3.6949388852947035e-01   6.4853806658729629e-01   1.4637272384798554e+00   1.6218976012539346e+00
   7.1227699999999996e-03   1.0494355099516623e+00  -1.6959962920828331e+00  -5.2730799506702808e-01  -1.2139261273788673e-01   7.0135174694114955e-01  -3.6403689192718802e-01   1.6590575059681394e+00
   6.5865300000000002e-03  -3.3279194068274776e-01   4.3833297118898085e-01   6.6014477217835088e-01  -5.3090709413929515e-01   1.8782333747718380e+00  -5.3053772878961403e-01   1.5873328298002112e+00
   6.0623999999999999e-03   1.5736554270203511e+00  -1.1344767362773343e+00  -3.0305946795353922e-01   5.7773935222401607e-01  -9.5195210055976642e-01  -2.3731699971958015e-01   1.6424306881638673e+00
   6.0565899999999997e-03   8.2002960065497987e-01   6.9974919868967556e-01  -6.2572914112294964e-01   1.5459893030293001e-01  -6.9779075420229109e-01   1.7666182541099957e+00   1.6622087182305372e+00
   6.3085900000000002e-03   4.3145431854419880e-01   1.6949358226863798e+00   1.1390560391204585e+00  -8.9535301474497342e-02  -4.4177739816215134e-01  -6.0070638425552658e-01   1.5963991814047893e+00
   6.5843200000000003e-03   1.2764413344386456e+00  -1.3257616162617045e+00   6.7159060232999856e-01  -6.0305851746981698e-01  -4.8027128635436039e-01   6.7296364263193198e-01   1.6134293785827198e+00
   7.1985699999999996e-03   8.5049583293984654e-01   9.5358123655588295e-02   4.9978196966078287e-01  -9.3966896962848434e-01   3.2141608571866015e-01   1.7286467720778715e+00   1.6758046335593069e+00
   6.8414499999999998e-03  -9.1441743070920245e-01   1.8616606933466990e+00   4.1955063860599223e-01   2.6325600525821502e-01  -5.6558623653713513e-01   3.5285244383724707e-01   1.6692508319256367e+00
   6.8753900000000003e-03  -1.4906838646540364e+00  -7.2632564232872376e-01  -2.5441120891789915e-01   1.4510135450660959e+00  -3.4786319962271561e-01   5.2395396486952489e-02   1.6850738200826014e+00
   7.1871699999999997e-03  -1.1789659883258656e+00   2.1591396432897250e-01   4.8914749392090057e-01  -1.1619658698574018e+00  -2.3053594775520811e-01   1.3499844361460895e+00   1.6618818053499400e+00
   7.0138700000000002e-03   1.2329069084702116e+00  -4.0430697760569440e-01  -4.1905396705123182e-01   1.2305032410999308e+00   4.4163971895949244e-01  -1.2048742372743511e+00   1.6864681661322518e+00
   6.7044100000000001e-03   6.6644539877250231e-01  -6.1879484002704266e-01  -5.9387426082327444e-01  -6.0365252088998522e-01   1.5460145092749478e+00   9.5902792616344901e-01   1.6085482544973291e+00
   7.7304699999999997e-03   2.7564156238356230e-01  -2.3395142590176310e-01   8.7268757782034201e-01  -1.8649673227412158e+00  -5.6505979187084510e-01   9.6295398452026185e-02   1.6317044837478678e+00
   1.1733459999999999e-02   1.2759133562949343e-01   2.2977294608536683e-01   2.7281242541906592e-01   4.0931508347261619e-01   2.6026758850607623e-01  -8.5046212863815385e-01   8.8692506562305806e-01
   7.6406299999999998e-03   1.5716275931326718e+00   2.6953813080270556e-01  -3.3250369433843302e-01  -6.4099003379246844e-01  -1.1946575854416042e+00   3.9637440541218938e-01   1.6148320282333943e+00
   7.9435700000000005e-03  -1.6880476313468906e-01   4.9158763457002586e-01  -4.7171671749156555e-02  -1.8134110436495585e+00   9.8412275042813224e-01   4.1573251588853949e-01   1.6570539968342022e+00
   7.3200200000000000e-03  -1.2183419965057125e+00  -3.9645734408255956e-01   1.1553329430185866e+00  -1.2709662860508497e+00   5.1435419237583335e-01  -3.0216843025077655e-01   1.6806154263274926e+00
   1.1676910000000000e-02   2.5162345875554787e-01   3.0880436929311866e-01  -4.1839717878764227e-01  -7.5146049956785077e-01  -2.2159139342117742e-01  -4.0863788257260075e-01   8.8330525701320117e-01
   7.4498200000000002e-03  -2.2290833240243357e-01  -7.6191061572996099e-01   1.7220051083543990e+00  -3.9277954298004442e-01  -1.6312340601215694e-01   9.3930380039446459e-01   1.5942239387712298e+00
   7.1543800000000001e-03   2.5424568659853430e-01   1.3492588816581317e+00   3.3233645009665175e-01  -1.1591844692779736e+00  -8.0699354091976117e-01   8.5204594529073396e-01   1.5976888543907566e+00
   6.9038800000000003e-03   1.1172026610368380e+00  -9.9130088814610440e-01  -1.0078022518878613e+00  -9.5466464537331930e-02  -2.4027797258551961e-01   1.3084752655908760e+00   1.6785680922636279e+00
   6.9620400000000001e-03  -1.2104942727222245e+00  -8.7924378742823872e-01  -1.0553128432927108e+00  -2.7134782377102346e-01  -9.0438148864994350e-01   8.7453358108701651e-01   1.6859093274542274e+00
   7.1619700000000001e-03  -4.0876278550223172e-01  -4.9979040606521996e-01   1.6869023622661188e+00   4.1667550747801446e-01   1.1713525487021688e+00  -2.3514138761770059e-01   1.6431160859758933e+00
   6.9131300000000000e-03  -1.1878667866569277e+00  -1.6281840818439381e+00  -5.0437604578544837e-01  -2.5999835182688541e-01   6.6502936919791811e-02  -7.1182641881256425e-01   1.6458341584772205e+00
   5.7298499999999999e-03   5.5093820568236629e-01   7.5935483656914127e-01  -9.1105399017224165e-01  -1.8212016792094847e+00  -5.0215450857787836e-01  -8.4165082009457637e-01   1.9174562452241160e+00
   7.4845199999999997e-03  -1.4687541420712122e+00  -2.5921778912213911e-01   5.9876429743102311e-02   6.6416924076804140e-01   1.3096153029161672e+00  -4.4835591163423455e-01   1.5775370850206929e+00
   6.7856899999999996e-03   5.1433757282551140e-01  -1.5198522105596337e+00   6.4571727104998566e-01   2.5480881422868140e-01   9.1785740463283139e-01   9.7772996144465207e-01   1.6149496831006431e+00
   1.1840150000000001e-02  -9.7027876316450379e-01   5.5227378630314142e-02  -1.0263264354972860e-02  -7.3544180189699354e-02  -2.7213717233666268e-01  -2.0107515387422109e-01   8.8405524716037487e-01
   6.3140300000000000e-03   8.8257378403094577e-01  -1.1555599072569054e+00  -3.9020443804253524e-01   1.5545294951854076e+00   3.3659939917356191e-01   5.9549545510619395e-01   1.6673410815564893e+00
   5.9229100000000000e-03   8.8760114780086419e-01   9.4160820294450942e-01   3.2427543105776613e-01  -3.1848157614688372e-01   1.6851626445028551e+00   6.8151684910412225e-01   1.6411223468269922e+00
   6.9241600000000004e-03  -1.5154472721295522e+00  -1.2884589533378896e+00   6.4317051150075799e-01   1.0169633983410820e-01   3.1366459232179639e-01   6.6147474791373506e-01   1.6451803042017146e+00
   6.7999499999999999e-03  -2.7781819545475089e-01  -1.4166325490143501e+00   6.6643235476882723e-02  -1.3858049160641561e+00   3.1147908594826057e-01   1.0434533397230927e+00   1.7332272883324813e+00
   6.8510799999999998e-03  -9.0749279491527302e-01   1.1880889456223638e+00   4.4920162264552915e-01  -1.4175513906938182e+00  -4.5947744174335792e-01  -5.1124753048229499e-01   1.6462600639659080e+00
   6.3252300000000003e-03   1.0037265385155419e-01  -1.0253683821147361e+00  -2.1676627079128144e-01  -1.6914006187661932e+00   4.9479013916540099e-01  -1.0740766539038231e+00   1.7459398282421794e+00
   6.7463599999999999e-03  -1.5824035915180079e+00  -4.6318341381145667e-01  -6.4362560404702740e-01  -8.5554245612925206e-01   8.7854510865290869e-01   4.6699991525894691e-01   1.6148087178267410e+00
   6.8814599999999998e-03   7.6918680869330036e-01  -2.4649975626748760e-01  -1.7628628845536221e+00   5.8432943416884620e-01   8.7479735636215827e-01   3.2591465925999669e-01   1.6605301372262635e+00
   6.6531799999999999e-03   1.2719092305422206e+00   3.2969162128551377e-01   1.5554625238930495e+00  -4.1413292129941653e-01  -6.4808786207053781e-01   5.6932283712685094e-01   1.6680556455203304e+00
   6.3494500000000004e-03   5.3454114920543128e-01   1.8079581320513347e+00  -8.6906102882178571e-01  -1.6171346876310241e-01  -1.0485562354906328e+00  -1.1303347389315872e-01   1.7691268230854773e+00
   6.5444400000000003e-03  -7.2140793969446193e-01   5.8499390161063924e-01  -1.0154979272962645e+00   1.2053006473947030e+00  -1.2986700364143040e+00  -3.8300456998222709e-02   1.6632903104901278e+00
   1.1846370000000000e-02   9.4299893326854817e-02   7.6251784049921745e-01  -2.2538539929276324e-01   4.4227543960193927e-01  -4.4930307169439182e-01   1.9433652812042393e-01   8.8957965271324124e-01
   5.2798200000000002e-03  -2.1519585577116795e+00  -1.3041193325765693e-01   1.0667275460765029e-01  -1.7244992095930622e-01  -1.8116177302788075e-01  -1.0687326651954689e+00   1.8256056904901858e+00
   6.9423100000000001e-03   3.0729102427147426e-01   6.3018076218758778e-01   7.0909069471929187e-01  -1.2873313875268018e+00   5.7684412770358773e-01  -1.3652254834191333e+00   1.6312562786041271e+00
   6.1779599999999997e-03   7.1266020246468365e-01   7.4528109331457471e-01   6.8311829578596628e-01  -8.7260656548315307e-01  -1.4339880293517484e+00  -9.1460372400971601e-01   1.6716347175014068e+00
   7.4224699999999996e-03  -3.9560843900489834e-01   3.4287946232886118e-01  -3.0613378325661617e-01  -8.2955122655455704e-01  -1.8738565382647245e+00   3.2732782735088742e-02   1.5783112184239185e+00
   1.1615449999999999e-02   5.7261145947142586e-02  -5.2940769607756322e-01  -7.2294210869060260e-01   4.0428329997055334e-01  -2.3374661372204972e-01  -2.4216015048294218e-01   8.7946526984904871e-01
   7.3246800000000001e-03  -9.4150791763445230e-01   1.1873248635035256e+00  -1.1255001528664095e+00  -9.7097538786039239e-01  -8.3285737314357944e-03   4.3175729769538940e-01   1.6037373689485839e+00
   6.2430100000000002e-03  -1.6028159175282830e+00   1.0888049555459993e+00   3.4342925535829710e-01  -5.4199698329293056e-01   9.5127527487145025e-01   1.7641472429761537e-01   1.6527622888318554e+00
   7.5552199999999996e-03  -1.4800107439025338e+00   4.3154132209241564e-01  -3.8378019888825343e-01   6.7592483174503848e-01   3.7792857889776921e-01   1.1914376552113384e+00   1.5770431751515508e+00
   5.7334300000000003e-03  -6.0799263789434788e-01   6.9473289192205179e-01  -1.0285488736822155e+00   1.5719392108339930e-01   1.9826777088891379e+00   3.6606827295197214e-01   1.9265137159537005e+00
   6.8311900000000000e-03   3.3451611752340499e-01  -1.4771315810885097e+00  -1.8404285770445016e-02   2.4000278018007618e-01  -5.8619341033415062e-01  -1.4596211821837746e+00   1.6096007212044674e+00
   7.6762000000000002e-03  -1.0264841813099121e+00   3.9744717512566541e-01  -5.9562710152147247e-01  -9.0509971384957988e-01   8.5055512874411754e-01  -1.2209012421544614e+00   1.6040301400471297e+00
   6.2515799999999996e-03  -4.0679301178184241e-01   3.8088682151184071e-02  -1.3818125603784843e+00  -4.6316029048794544e-01   5.6295768094051235e-01   1.6635776585854287e+00   1.7317223777653872e+00
   6.6791400000000001e-03  -1.1189137803751459e+00  -3.4854124398407210e-01  -6.0929266175077079e-01  -1.7046930559320712e+00  -4.8685391327807032e-01  -2.0512545558615305e-01   1.6258376759555497e+00
   6.5808999999999998e-03   3.9282363356956551e-01  -5.8050662415313248e-01  -7.5154614431854938e-01   4.5352939005190707e-01  -1.8151097381253027e+00   6.5224640190608274e-01   1.6375940507428473e+00
   5.4477900000000001e-03   4.3645707529405407e-02  -1.3361677170833079e+00  -1.6295197407789810e+00   1.0672212505289362e+00  -5.4121506417570009e-01  -4.4287435983847673e-01   1.9073882821883732e+00
   1.1493430000000001e-02  -2.2458580333826011e-01   3.3260405554431866e-01  -5.3073983977076145e-01   3.9687596107123010e-02   8.1256973089061479e-01   1.5360489473793631e-01   8.7977532309851958e-01
   6.4197500000000001e-03  -5.9462608982532764e-02  -1.4478935831060247e+00  -1.4768172891458824e+00  -7.1162176359261065e-01   6.0788501957685981e-02   3.0450488220566679e-01   1.6063344967338096e+00
   1.1556169999999999e-02   2.4178838542432773e-01  -3.0924401389620582e-01   5.2899346587656881e-01  -1.5680284911714280e-02  -8.1615730725663160e-01  -1.3292281588963817e-01   8.8011189487441166e-01
   7.7847799999999998e-03  -1.1320585170278075e-01  -1.9015746297741563e+00  -3.4818712306690876e-02   4.2442487945925811e-01  -7.2685149390915782e-01   5.2579947957958295e-01   1.6068763088978202e+00
   6.2396300000000003e-03   5.6626341679845815e-01  -1.5794404701200884e-01  -6.2769230104705032e-01  -3.9790750336022207e-01   1.5864593018479534e-01  -2.0271265543238255e+00   1.6254514980349626e+00
   6.4374899999999997e-03  -9.2722295616510492e-02  -1.5575715934468887e-01  -1.6062086071883364e+00  -1.2318915397530235e+00   9.1293514769205064e-01  -1.0363705594638063e-01   1.6304234935223738e+00
   1.1661710000000000e-02  -5.0145821314274135e-02   5.2232247231331275e-01   7.4755927077674877e-01  -3.7699288600237291e-01   2.4393580535431711e-01   2.2953137402451448e-01   8.7888659275883541e-01
   6.2853099999999997e-03  -3.9628518775807936e-01  -8.4505633612698405e-01   1.2567535425796295e-01   2.7674712177023125e-01  -1.0334383338315536e-01   2.1094939093219072e+00   1.7620844190899774e+00
   6.1685500000000001e-03   1.9613803465450774e-01  -4.5813063397082471e-01   4.9275467427966962e-01  -7.2008653140645196e-01  -1.5083061490950214e+00   1.4380540152747152e+00   1.7261362927440651e+00
   6.2072999999999998e-03  -7.7720756136990332e-01   8.5147992447479970e-01  -6.6935510499806661e-01   3.8260691900525697e-03  -1.1816830547969976e+00   1.3858196045996158e+00   1.6445669108769991e+00
   1.1751640000000001e-02   9.9997410696288902e-01  -7.1375621676081580e-02   1.7456115444318392e-02   8.5063367834013318e-02   3.0008901992869857e-01   2.1512887214351464e-01   8.9142706438516117e-01
   6.3646900000000001e-03   9.8655642874990190e-01   3.1765850744571278e-01   5.9813473446718723e-01   1.8083510089491708e+00   4.7708060692088811e-01   1.0577923825850306e-01   1.6097680839313255e+00
   6.1066499999999999e-03  -1.0901492151957464e+00   8.6899736896012647e-01  -1.1189602536052883e+00  -2.9416252154318412e-01  -1.0633281831597943e+00  -8.4474012461895709e-01   1.6493932503486044e+00
   5.3084700000000000e-03  -2.0985703526009534e+00   4.4134606432066531e-01  -4.1239307060962994e-02  -1.9082329150311964e-01  -9.8150139272039716e-01   3.7211431424469371e-01   1.7871734297413269e+00
   6.2742600000000003e-03   3.2105400533228623e-01   5.4541116736965545e-01  -1.5218174703322573e+00   1.0012015127006721e+00  -2.7670945163648047e-01  -1.0789386754066395e+00   1.6094479472939947e+00
   0.0000000000000000e+00   0.0000000000000000e+00   0.0000000000000000e+00   0.0000000000000000e+00   0.0000000000000000e+00   0.0000000000000000e+00   0.0000000000000000e+00      1.5537262884171579e+00
