   3.0815000000000000e-03  -2.4089505938905678e+00   3.9592671335443730e-01   6.4527505066839227e-02   2.3680664824570150e-01
   7.3979800000000002e-03  -7.5821139524466563e-01   1.3446079915307421e+00   2.5137810085146348e-02   1.4892113543360561e-01
   4.8276500000000002e-03  -1.8941418557398482e+00   5.8402703671499656e-01   3.6094096294738948e-02   1.7794563749997941e-01
   3.0697900000000002e-03  -3.4687994081656215e-01  -2.3968593546893544e+00   6.2061950575227946e-02   2.3191701918063798e-01
   8.9951700000000002e-03   1.2012324350573078e+00  -5.6373517266637807e-01   2.2121827230171733e-02   1.3985283312605459e-01
   1.1659000000000001e-03   1.2794718108503620e+00   2.8025038055249252e+00   1.7619738165413878e-01   3.6921060830109853e-01
   3.3346299999999999e-03   6.7394222092981870e-01   2.2725654739373948e+00   5.9357024733494267e-02   2.2680457878830179e-01
   1.1599700000000000e-03   3.0456998410306881e+00   3.5489769280544270e-01   1.6666315257958114e-01   3.5949608857591087e-01
   4.7752699999999999e-03   5.3126433492774883e-01  -1.8420610184354338e+00   3.1193612402561303e-02   1.6554933923936210e-01
   5.3067899999999996e-03  -1.9356522618945331e+00   6.0095368152552453e-02   3.5944576788708646e-02   1.7770803826585474e-01
   1.1484579999999999e-02   4.2037081117594832e-01   7.4597853989973828e-01   1.6845508084347306e-02   1.2214587294046074e-01
   4.0478900000000002e-03   2.1768760173135568e+00  -6.0111711379489030e-01   5.4611053684569387e-02   2.1832788161684660e-01
   1.1301600000000001e-03   2.7839233650138895e+00   1.3706695932180748e+00   1.7706179926892285e-01   3.7198312077328771e-01
   6.7669399999999999e-03   1.6278380992209251e+00  -5.7754328030274960e-01   3.0927550353479511e-02   1.6514738352740446e-01
   1.0829200000000000e-03   1.2836565391191612e+00  -2.8387549829931977e+00   1.8060042809797516e-01   3.7485469841844254e-01
   9.4629299999999996e-03   1.1515046595969387e+00   1.1190495944698278e-01   1.9062140498831773e-02   1.2970642061509768e-01
   2.7706300000000001e-03   1.8712081212113378e+00  -1.5598062625112334e+00   5.7461377742573767e-02   2.2345324177964046e-01
   4.6738800000000000e-03   1.1978701788849990e+00   1.5161053857060194e+00   3.1704877827907887e-02   1.6682270983296546e-01
   3.3966900000000000e-03  -4.5601587577304792e-01   2.2341768074993662e+00   4.8113941379507863e-02   2.0477907451264110e-01
   8.2423099999999992e-03  -1.3587764462430207e+00  -5.0603021752021182e-01   2.4104023748382958e-02   1.4597136093429317e-01
   1.2129879999999999e-02  -5.5990674229814197e-01  -8.9277935571443756e-03   1.4505692136774901e-02   1.1327196867352259e-01
   7.7825799999999999e-03  -8.9434131330714983e-01  -1.2242800051604090e+00   2.5232607372927016e-02   1.4928672210592375e-01
   9.4612900000000007e-03   5.7490445151473002e-01  -1.0596888050771993e+00   2.0122556251477172e-02   1.3332527195249280e-01
   8.1352899999999999e-03  -3.2765597606419211e-01   1.4285622311589861e+00   2.4316724848960348e-02   1.4663530936682828e-01
   1.0962599999999999e-03  -7.7291291532657169e-01  -3.0194640685470255e+00   1.8347191974275628e-01   3.7733078433389028e-01
   3.1430099999999999e-03  -1.0323962027840208e+00   2.1641243035681650e+00   5.9482528762940502e-02   2.2722112619365162e-01
   6.3945199999999999e-03   1.4277752598162339e+00   1.1020754389365313e+00   3.3657955080772080e-02   1.7203002143616780e-01
   1.1209610000000000e-02   8.8292901025537260e-02   8.2472299795220771e-01   1.6229836531837016e-02   1.1977217069221451e-01
   1.4735499999999999e-03  -2.8030480856384852e+00  -9.7806412912608953e-01   1.5664351380263386e-01   3.4972944076390189e-01
   6.0030200000000004e-03  -1.5980071423742805e+00  -8.6457537428671216e-01   3.2111598061696847e-02   1.6827199951680502e-01
   5.2121499999999996e-03  -1.0346778005720634e+00  -1.6453469856859055e+00   3.5697110839174186e-02   1.7722055943626946e-01
   6.6393900000000002e-03  -1.5255291411490284e+00   8.5880855795510824e-01   3.2467822559518696e-02   1.6863946803892665e-01
   7.0678299999999998e-03  -5.6429618217517985e-01  -1.4977694486014563e+00   2.6253472059820537e-02   1.5212999042633202e-01
   7.7413200000000003e-03  -1.2845386279577362e+00   5.3979716215480811e-01   2.1271348818290240e-02   1.3681590400930732e-01
   9.7740599999999993e-03  -1.1306267300006871e+00  -1.9748034926883598e-01   1.9254681249858966e-02   1.3050054549569370e-01
   5.4411199999999998e-03   7.8991636361526152e-01   1.7327279840274343e+00   3.4739156632754301e-02   1.7471340600890456e-01
   1.0766190000000000e-02   7.6596060814828615e-01   6.5225694995909034e-01   1.8225468309630195e-02   1.2699356819949711e-01
   3.0136000000000000e-03   2.3419520473297961e+00   6.5860206892673268e-01   6.2048081509231551e-02   2.3207683303454762e-01
   5.1718900000000002e-03   1.3783437265253193e+00  -1.3928370884687888e+00   3.6826469088338247e-02   1.7980734696933495e-01
   1.2891580000000000e-02  -2.4397744173775551e-01  -1.5868583805705408e-01   1.3717184372655695e-02   1.1015495019672315e-01
   1.3799999999999999e-03   2.9339650845921534e+00  -5.6709426461592127e-01   1.6117650412694801e-01   3.5015619158708122e-01
   8.9043700000000000e-03   1.0691164755935090e+00   8.6348113389224090e-01   2.3498022593720923e-02   1.4403922292940299e-01
   1.0827860000000000e-02   4.8364992838087628e-01  -4.2226508140582464e-01   1.3814553540827508e-02   1.1034274010467783e-01
   5.4189099999999999e-03   1.8930090231250214e+00   3.3033228670861370e-01   3.5864735898327726e-02   1.7746372305773669e-01
   9.4901599999999992e-03   9.1472015292923414e-01  -8.4686330212252325e-01   2.1054247321438554e-02   1.3643827985577725e-01
   7.3530000000000002e-03   5.7540638649511289e-01  -1.4227747822776773e+00   2.4619404248957866e-02   1.4741444852434379e-01
   1.3279810000000000e-02   2.5181450733282418e-01   1.7551825288501507e-01   1.4224318414508672e-02   1.1220011835680541e-01
   5.7852399999999997e-03  -1.3566193642894799e+00  -1.2782472330125498e+00   3.3969935077186555e-02   1.7298112542718896e-01
   3.4791700000000002e-03  -2.1264421679890573e+00  -8.0876666505354955e-01   4.9284940228572639e-02   2.0688969405681060e-01
   8.4749100000000004e-03   1.4039139614805036e+00  -2.0282241740285004e-01   2.3684506267551451e-02   1.4474165075868328e-01
   1.1197640000000000e-02  -8.7523499479890776e-01   7.6342310412615855e-02   1.6755821927348334e-02   1.2182980949274186e-01
   2.9713100000000000e-03   2.0531669319812980e+00   1.2458469546447399e+00   5.9267317818650453e-02   2.2550719429706728e-01
   5.2693599999999998e-03   9.6955205991641280e-01  -1.6816782323622013e+00   3.6221767167534911e-02   1.7820217518452017e-01
   7.7183299999999998e-03  -1.4982980211848278e+00  -1.0060308891473639e-01   2.4419343393590757e-02   1.4687578165513576e-01
   9.4496400000000005e-03  -4.7832334314555847e-01  -1.1293920515710800e+00   2.0539675308050655e-02   1.3473472791887778e-01
   9.7927199999999995e-03  -7.5767993590963212e-01  -8.7894102928568429e-01   1.9642274171542250e-02   1.3182218698712653e-01
   3.4110099999999999e-03  -2.1277049788736258e+00   1.0599714537351939e+00   6.1564543144898995e-02   2.3138896875935130e-01
   8.2619100000000008e-03  -7.8380698483669131e-01   9.7973771291566825e-01   1.8906939929949209e-02   1.2900002621131443e-01
   1.0834969999999999e-02  -5.0138108131707282e-01  -3.0051409056695111e-01   1.3159687547943255e-02   1.0788902381970049e-01
   1.3153500000000001e-03  -2.4128560569448156e+00  -1.8243725486184814e+00   1.6495559723089895e-01   3.5786120505295288e-01
   3.0032200000000000e-03   1.4033883118833652e+00  -2.0163293127355200e+00   6.5338411702786897e-02   2.3820498915732377e-01
   1.3086670000000000e-02  -2.9876701430791286e-01   1.4228628462878246e-01   1.4180255240700207e-02   1.1197569025643493e-01
   8.1617900000000004e-03   5.2432979667170765e-01   1.3916379665188723e+00   2.5212785023709647e-02   1.4921833025070039e-01
   2.9987700000000000e-03   1.2758498048424671e+00   2.0655465149297592e+00   6.0274736715047433e-02   2.2891473850165922e-01
   1.8693500000000001e-03   2.5249709265125584e+00  -1.2816948379150992e+00   1.3463806768844283e-01   3.2343766200123719e-01
   1.3115600000000000e-03   2.8602319442501167e-01   3.0092865342790267e+00   1.6646109101746165e-01   3.5902780927171968e-01
   4.2595599999999999e-03  -6.4090734431563978e-01  -1.9235213092444330e+00   3.4784980902807870e-02   1.7470175989088371e-01
   2.8083200000000000e-03  -1.0559298427225858e+00  -2.2332105512947784e+00   6.4186451530718613e-02   2.3588021633225170e-01
   1.2143380000000000e-02  -6.2707815512050447e-01   6.6511595938590884e-01   1.8857423357765787e-02   1.2912435841813244e-01
   1.0863309999999999e-02   5.4965512124103066e-01  -7.2966548062152403e-01   1.6895117272301238e-02   1.2220698394085840e-01
   3.0904299999999999e-03   7.8245931938315127e-01  -2.2911712638218638e+00   6.1989429114473908e-02   2.3209209093906524e-01
   3.4756600000000002e-03  -1.9068167754627712e+00  -1.3058797443975168e+00   5.4466015651779859e-02   2.1677011630768039e-01
   9.3012000000000008e-03  -1.2052092969887818e+00   1.6942122111170263e-01   1.9845725860931883e-02   1.3254742384840629e-01
   9.4244800000000007e-03  -4.6144525087451960e-01   1.0700214355385311e+00   1.9288487028861663e-02   1.3034966447325694e-01
   1.5689899999999999e-03  -2.3334464573374296e+00   1.8056818115431519e+00   1.5775528602793165e-01   3.5001969922360632e-01
   1.1080599999999999e-03  -1.7371566421912839e+00  -2.5525164980172281e+00   1.7056980677268466e-01   3.6353336435822731e-01
   1.0922180000000000e-02  -7.8506709944168043e-02   5.7467524041602169e-01   1.3181787786068105e-02   1.0795969386558125e-01
   1.2197250000000000e-02   5.0402182877435053e-01   4.1141339137157734e-01   1.5371561635766990e-02   1.1665613784324000e-01
   1.2028860000000001e-02  -6.1226509483868941e-01   3.0495037200551489e-01   1.5560736368162829e-02   1.1731487455894293e-01
   1.4448200000000000e-02   3.0093736102421964e-01  -1.6613232693169827e-01   1.5617030689815362e-02   1.1757669316352255e-01
   5.9512000000000002e-03   3.2578814768194697e-01   1.8205226631913844e+00   3.3989318059498362e-02   1.7299391746422435e-01
   1.6070900000000000e-03   2.7068950053614471e-01  -2.9311669933937443e+00   1.5535859232971716e-01   3.4947328993019794e-01
   8.2093200000000009e-03  -1.1562783068929037e+00  -8.8741043043355605e-01   2.4284759090008996e-02   1.4651889889850128e-01
   1.0698579999999999e-02   8.2112783246215526e-01  -5.0884757892064691e-01   1.7365045538590428e-02   1.2399435704486760e-01
   4.6895900000000004e-03   1.8163175071826148e+00  -1.0208337874240709e+00   4.3584424524402178e-02   1.9500614385145124e-01
   1.0433800000000000e-03   2.2066120705548746e+00  -2.2333664399099620e+00   1.9320583402163194e-01   3.8569983524336177e-01
   9.4009999999999996e-03   2.1308932128016561e-01  -1.2370615680171768e+00   2.1086360947469455e-02   1.3658809542812933e-01
   5.2732400000000002e-03  -1.1329954747928941e+00   1.5938348046739743e+00   3.6948337151873969e-02   1.8030199764657137e-01
   1.0602900000000000e-03  -1.6397742198047489e+00   2.6686020504317498e+00   1.9164287537386340e-01   3.8491680997177702e-01
   1.3717700000000000e-03   2.1028208112607407e+00   2.1606862955489703e+00   1.6703956326866046e-01   3.6135707023375047e-01
   5.6725600000000001e-03  -6.4179840880922778e-01   1.7526883128260704e+00   3.3592103175750045e-02   1.7191450114397661e-01
   1.2277049999999999e-02  -3.5029668362697586e-01   4.5719167115912607e-01   1.4856000763112345e-02   1.1460449252894479e-01
   7.2325999999999996e-03  -1.1752227542602038e+00   1.1366267233091059e+00   2.8307601136481231e-02   1.5803823873940703e-01
   9.6095000000000000e-03   6.5952127919881021e-01   9.9793233576785290e-01   2.0229596421524887e-02   1.3367083402019500e-01
   9.7606900000000007e-03   8.4181910923244474e-01   2.3762363580083934e-02   1.4282882170227969e-02   1.1232859297107571e-01
   1.0214000000000001e-02  -9.5311698377707477e-02   1.1098084551615688e+00   1.9373117242613702e-02   1.3094808695582943e-01
   1.2493539999999999e-02   5.2929179507212543e-01   8.5605498864984253e-02   1.4765471637928474e-02   1.1427753378677685e-01
   8.4913300000000001e-03  -1.6620352691147527e-01  -1.3881954534284737e+00   2.2976552349294462e-02   1.4254508811690156e-01
   3.4783599999999998e-03   2.3630910468021034e+00  -1.2205464325812796e-02   5.9480231657593217e-02   2.2785198712570931e-01
   8.4312699999999994e-03   9.8403924543165100e-02   1.4421295698203067e+00   2.4466779258691406e-02   1.4711831977922249e-01
   3.4454799999999999e-03   8.3100405690358550e-02   2.3217431699925672e+00   5.4985961731889174e-02   2.1824699690103039e-01
   1.4914500000000001e-03  -6.3565153542291331e-01   2.8918784431065481e+00   1.5625891125102920e-01   3.4872028021384927e-01
   1.0038230000000000e-02   1.0300898509296426e+00  -2.4027253124443368e-01   1.7979608290354589e-02   1.2608722630612373e-01
   7.3728400000000003e-03   1.4416620217480487e+00   6.2600979818938474e-01   2.6491989202611470e-02   1.5261524361856457e-01
   1.2248520000000001e-02   2.0975675379191006e-01   4.9403874434491890e-01   1.4448379414285091e-02   1.1309836907240857e-01
   1.3590140000000001e-02   1.8909101981804913e-02  -3.3940249968686853e-01   1.4685714916836843e-02   1.1399860615589122e-01
   7.8300899999999996e-03   1.4933544341992313e+00   2.0473020512405690e-01   2.5376656749350569e-02   1.4942345458654568e-01
   1.1924360000000000e-02  -4.4326243034577481e-02  -6.9362502834976025e-01   1.5493237772434037e-02   1.1705286732359237e-01
   1.0697190000000001e-02  -1.0326421200166747e-01  -1.0277604547020234e+00   1.8542777701927506e-02   1.2811156608914537e-01
   1.0080590000000000e-02   2.8907296154474488e-01   1.0941718222599153e+00   1.9558686681542224e-02   1.3153515741144525e-01
   3.2829100000000000e-03  -2.3603856432259129e+00  -2.8462242735346371e-01   5.8844538598943223e-02   2.2616806118382468e-01
   6.6478800000000001e-03  -1.5738040233537363e+00   3.0897643088222959e-01   2.5122372902975840e-02   1.4863123607599854e-01
   9.4847100000000004e-03   1.1128556108629142e+00   4.7242965865906555e-01   2.0337629594461996e-02   1.3388834541891401e-01
   4.6179200000000002e-03   1.8073208932100058e+00   8.0812812881608231e-01   3.4237185028076052e-02   1.7341746150893214e-01
   3.2403300000000000e-03  -1.5731211096366562e+00  -1.8002473725785735e+00   5.9667304844723108e-02   2.2774236912670554e-01
   5.9844700000000004e-03  -1.5024145898234417e-01   1.8136543713133506e+00   3.2346543245313157e-02   1.6878983268639725e-01
   1.2304130000000000e-02  -2.6687167692892361e-01  -4.8784199294825986e-01   1.4686110902174346e-02   1.1397314050980445e-01
   7.3226799999999998e-03   1.3243751747588297e+00  -9.4421529560839912e-01   2.8230104874382253e-02   1.5779019978915715e-01
   7.3306899999999999e-03   9.2820746259266651e-01   1.2378409329219151e+00   2.5553373649140676e-02   1.4972207539114327e-01
   1.1254300000000000e-02   2.3772544005778790e-01  -8.8732887317129072e-01   1.7453787936238117e-02   1.2432527325970780e-01
   6.7130699999999998e-03   1.7257670454617158e-01  -1.6306540203500335e+00   2.6730604261096066e-02   1.5336822709229966e-01
   1.1250909999999999e-02  -3.7662177063455210e-01  -8.0267141064542480e-01   1.6979880798159555e-02   1.2259554918144336e-01
   1.0721220000000000e-02  -9.1635859608748838e-01   4.2597576952112037e-01   1.8288326834472075e-02   1.2717899384225606e-01
   6.1403999999999999e-03   1.8306197256420609e+00  -1.5294211096541163e-01   3.4384455563712911e-02   1.7395228043941244e-01
   1.2059469999999999e-02   2.3408939419629088e-01  -5.4857119178730784e-01   1.4995794338523835e-02   1.1491256532736915e-01
   1.0719410000000000e-02   8.0919076927346079e-01   3.1910874468052258e-01   1.6151416648902534e-02   1.1936673435141401e-01
   1.2861279999999999e-02  -4.1307255962483164e-02   2.8058664054160476e-01   1.3689002083894461e-02   1.1002456998386653e-01
   5.8707200000000003e-03  -1.7963404213400236e+00  -4.1640040889263258e-01   3.3203099249424328e-02   1.7103737132456914e-01
   7.5510400000000002e-03   9.5365458985968543e-01  -1.2247788724053363e+00   2.5852086233074917e-02   1.5111486738701266e-01
   4.5490900000000004e-03  -1.6364537710138787e+00   1.3444000078952052e+00   4.5429760154724413e-02   1.9882983224166645e-01
   1.1017720000000000e-02  -8.0374012259148209e-01  -2.5920011434615930e-01   1.6064382348897302e-02   1.1919950557318844e-01
   1.0085360000000000e-02  -9.7657361271331378e-01  -5.5611437006858022e-01   1.9345412276824816e-02   1.3084489670043201e-01
   1.1699099999999999e-03  -3.0770664646509944e+00  -4.1535965758687649e-02   1.7420024198404313e-01   3.6744783027847971e-01
   1.3579750000000000e-02   1.3684205332727179e-02  -1.9538501379089607e-02   1.3865239665211604e-02   1.1076972078812965e-01
   2.6380200000000000e-03  -1.5996426820600305e+00   1.8965848329898878e+00   6.1260595566820071e-02   2.3046003851070337e-01
   4.0351800000000002e-03   1.7909038050155784e-01  -2.1874341720554877e+00   4.7689906145375181e-02   2.0393549028746982e-01
   1.1439690000000001e-02  -2.9141498414165251e-01   7.9463132535635650e-01   1.6925447360112734e-02   1.2224104240146379e-01
   1.1838300000000001e-03  -2.9099297400430317e+00   1.0129370544628555e+00   1.7614616286794435e-01   3.7002134253557500e-01
   1.1288619999999999e-02   6.5601500204830077e-01  -2.0566421983467062e-01   1.4912495441480850e-02   1.1461372010505511e-01
   3.1822500000000002e-03   1.6628566147919774e+00   1.5953698145186230e+00   4.8762587807453794e-02   2.0573931392828868e-01
   5.7197000000000003e-03  -2.0085503547510375e-01  -1.8257271455277129e+00   3.2243945659653168e-02   1.6826876182365544e-01
   8.5917300000000005e-03  -1.0267962150607157e+00   7.6373963169303061e-01   2.0646084637534399e-02   1.3444395010913804e-01
   1.1067730000000000e-02  -6.2151417066621284e-01  -5.7559385325672252e-01   1.6269730426861213e-02   1.1992261578069131e-01
   0.0000000000000000e+00   0.0000000000000000e+00   0.0000000000000000e+00   2.7363937695043770e-02   1.4677527746585683e-01
