   6.9518999999999996e-03   8.3175547793270521e-01  -2.2352206118797957e-01   8.7121752039869982e-01  -1.3735561114392756e+00   3.4446032566181001e-01  -5.5144089869633739e-01  -1.1366425893410801e+00  -3.5864775750697148e-01   2.1516405851632739e-01   3.6757318462979196e+00   1.8613976718525496e+00
   6.6884800000000001e-03  -4.2774428952848392e-01  -1.5164520335908849e-01  -1.9572874268196380e-01   7.4826807798769734e-01   4.1541451277070995e-01   1.1633933127334573e+00  -1.6910969797316169e+00   4.2335249119130358e-01   9.2426927834754896e-02   3.6870126988104746e+00   1.8644195996463206e+00
   6.7182300000000004e-03   3.5490828553910664e-01  -7.0989753194948824e-01   8.8386648135408130e-01  -2.5467222027592601e-01   6.2139021800003036e-01   1.6065141143940728e-01   2.5677850673169630e-02  -1.6261828523979014e+00  -8.9718865584406826e-01   3.6911014664931887e+00   1.8651382795178975e+00
   6.7665099999999999e-03   1.6145647582834148e+00  -2.0428813532212181e-01  -2.0616972953656773e-01   2.3734461052818806e-01   6.0943257672663864e-01  -3.2645374006612005e-01  -6.7042513634731216e-01  -1.2319156591253766e+00   3.5395704131965799e-01   3.6772366993329468e+00   1.8615508894502133e+00
   6.8902700000000004e-03   2.5559579424373324e-01  -1.4550797827825075e+00  -1.2862373541104151e+00  -5.7026046299376187e-01  -4.7119872673664374e-02  -1.1339340251733934e-02   8.5723837080017840e-01   5.6301104948515157e-01   3.1964121357927661e-01   3.6908335583595484e+00   1.8651718484878355e+00
   6.8963100000000001e-03  -1.0465126310332002e+00  -3.1629578349045345e-01  -1.1957007289595349e+00  -1.0764937382129627e+00   4.1728804623186577e-01  -9.2585376183237467e-01  -5.4028654486847405e-01   1.7929087366197591e-01  -4.3490657751965933e-01   3.6921982851308983e+00   1.8657205641107877e+00
   6.8792999999999997e-03   8.1605064722400911e-01  -2.4684861949980499e-01   3.9759438802279040e-01   3.5559601189839324e-01   5.0931544403854268e-01  -3.2303799068144318e-01   1.2362929704470400e+00   1.5125759983284135e+00   2.9341888636155683e-01   3.6747106954210582e+00   1.8610545510867202e+00
   7.0014900000000000e-03   1.0827793457896802e+00   5.9503982952288714e-01  -1.9874068169047490e-01   4.0503448421647714e-02   6.4502115164566287e-01   6.7701000066140204e-01  -1.1074100157472757e+00  -3.3102769337906582e-02  -1.2625461850968196e+00   3.6863727099215349e+00   1.8643200513793057e+00
   6.7317100000000001e-03  -1.0920234829777780e+00  -6.9831021823014572e-01   6.9545542690713202e-01   9.2653439715724129e-01   9.1440253749132294e-01   1.0878637305677398e-01  -3.8830499290796472e-01   2.0596291305157502e-01  -1.1332345645815944e+00   3.6875243164818845e+00   1.8641734670314396e+00
   6.9496999999999996e-03   2.5934892078865535e-01   8.7630415389523464e-01  -2.8878235383429257e-01  -8.8184661003457521e-01  -1.0912623910653594e+00  -6.1898750358804933e-01  -1.0062091489068505e+00  -4.3070795402346379e-01  -8.8259332487564068e-01   3.6725009440831902e+00   1.8604424749277244e+00
   6.8265399999999999e-03  -6.8903904629766399e-01  -5.4984448304875944e-01   3.4645227278178942e-01  -2.9732406034491449e-01  -1.0006976065952351e+00   1.5656678280327145e+00  -1.9156200096620371e-01   8.5834031301804425e-01  -3.6671160803681907e-01   3.6891771047049784e+00   1.8651813705414499e+00
   6.9325000000000003e-03  -1.9591318586247511e-01   1.0803329220856112e-01   8.6889365825041331e-01   8.2890009090578676e-01  -6.8302733032285290e-01  -2.8719097642086333e-01   2.0519702065446929e-01   1.0924810493782260e+00  -1.4212634841962710e+00   3.6874339386296344e+00   1.8643046169654254e+00
   6.7873800000000000e-03  -5.3968703119673822e-01  -4.7371505156333657e-03  -4.6511995812428719e-01   6.6036680324727759e-01  -1.7096523937973624e+00   3.6155064510932161e-01  -9.7564107481257845e-01  -5.7299757168143883e-01   5.7059035825354945e-02   3.6660522664593023e+00   1.8588043014126463e+00
   6.8248299999999996e-03   4.1567748655432885e-01   1.9685510543106288e-01   6.9467756819584859e-03  -1.7665043763196508e+00   3.6402537880667557e-01  -5.4177299778915367e-01   7.4139343795681778e-01   9.3022392026303369e-01  -3.9317297202538770e-01   3.6910731569829340e+00   1.8653669862130475e+00
   6.5956299999999999e-03   5.0017863641156690e-01   7.3442933932434129e-01  -4.7223532125552314e-01   2.5291104479861543e-01   3.0928017089176984e-02  -8.4944839474231060e-01   1.3512366831890849e-01  -4.9378261749616764e-01  -1.8264633429645249e+00   3.6922012611013191e+00   1.8653950314750969e+00
   6.9809599999999996e-03  -1.6074725123042435e-01   4.4574955652643228e-01  -1.5937374352667921e+00  -1.0041399631997781e+00  -3.2652141457641876e-01   8.7200056180764851e-01   2.0696957859181790e-02  -6.0676221182150249e-02  -8.1267025231693979e-01   3.6933048224756639e+00   1.8659858509806415e+00
   6.7093900000000000e-03   1.9699697924959788e-02  -4.4966672376293065e-01  -5.4663898801656952e-02  -1.1286818862619576e+00   2.6526597600463231e-01  -6.5524657380168749e-01  -7.4343201499531109e-02   1.0406433203662704e+00   1.5128697940136553e+00   3.6796682052791434e+00   1.8623927081739593e+00
   6.7000000000000002e-03  -8.8207484713298846e-03   2.0111866211183113e-01   9.1082448031814589e-01  -2.2194438932653759e-01   1.5275755812165979e+00   1.0906860394473919e-01  -3.2592703833299524e-01   1.3799915726097010e+00  -2.9524038371987993e-01   3.6826990912916382e+00   1.8632498179391013e+00
   6.9506000000000004e-03  -1.3998650980131477e+00  -1.4940266202420580e+00  -4.3064243698409643e-01  -1.0415950921778826e-01  -6.5302123547467839e-01   9.6349109160152421e-02   3.6480508269575546e-01  -4.7443488544679735e-01  -2.9336390307865728e-01   3.6774033697080211e+00   1.8619205472854119e+00
   6.7184699999999998e-03  -5.9352484957021891e-03  -8.6094338098702905e-01  -6.2596239909585105e-01  -3.4943194479891793e-01  -6.3292149295366384e-01  -1.3871742442490425e+00  -8.9023449210849326e-01  -5.8258224688825344e-01   7.6548136618794849e-01   3.6663760898821836e+00   1.8589513089581513e+00
   6.7110000000000000e-03  -6.7733748241280411e-01  -1.8812552799856352e-01  -6.7169756224399002e-01  -8.2229406195245158e-01   2.9146522306601469e-01  -3.3719634278805311e-01   1.4872578664700951e+00  -5.1035114811900428e-01  -1.0359770847211038e+00   3.6829250282350148e+00   1.8631152541969993e+00
   6.7662900000000003e-03   9.3180359941289947e-01   1.9300531647579538e-02  -2.3619716975004817e-01  -5.3604414772459685e-01  -5.8354777490132181e-01   1.1676947419680719e+00   1.0006251750952029e+00   7.4398552003200502e-01   9.0794639644051522e-01   3.6781307858432140e+00   1.8615864271009579e+00
   7.2076700000000002e-03  -2.2508242854745841e-01  -5.1603148899008366e-01  -5.3893033956553804e-01  -1.0050589496829574e+00   2.8777058112904241e-01   2.1896148065754634e-01   3.0093872468696664e-01  -1.4715869264052002e+00   1.0849651619343992e+00   3.6860926528785964e+00   1.8638724590014148e+00
   7.0438200000000001e-03   8.8378425541498240e-01  -1.7509513418423303e-01   1.1079599694553421e+00   4.5789751536459022e-01   8.7507551539931731e-03   8.4001896796110898e-01   5.7400099874129795e-01  -1.0220559035692725e+00   9.6810923936185767e-01   3.6904988566001653e+00   1.8650271313107776e+00
   6.5033699999999996e-03   2.1201690002712290e-01  -1.7848864957401989e-01  -1.7909966280378964e+00   1.0867149224838087e-01   8.1649322179963868e-01  -7.5603820234567409e-01   4.8433203112004514e-01  -3.6473580671445283e-01   7.1663997484421538e-01   3.6883889094511102e+00   1.8645588542352884e+00
   6.8905800000000003e-03   1.5125423549522898e-01   6.8840068669836640e-01  -1.1270643148859398e+00  -4.8450913199573448e-01  -6.7623134811363050e-01  -1.0783720719347207e+00  -5.5707742280043330e-03   1.2887947783334648e+00   4.0909265396034941e-02   3.6772075552387609e+00   1.8618265145384543e+00
   6.8708399999999996e-03  -6.8831449778012932e-01  -7.5882532330362440e-01   3.0774176041844481e-01  -7.7376017923469642e-01   1.6472912375094186e+00  -7.7813969823007001e-01   4.0975077729504505e-01  -5.8771182393372805e-02   1.5636939580135331e-01   3.6663670057843514e+00   1.8588976913598865e+00
   6.9440400000000003e-03   1.3116647780975643e+00   8.1124662452772334e-01   7.2531557291491588e-01   8.1563917512856108e-03   4.6217304697652156e-01   7.5086456087402642e-01  -5.9540847839818678e-01   6.0034985840333388e-01   9.5344501834811435e-01   3.6845642955063709e+00   1.8637215257359416e+00
   6.7626800000000001e-03   4.1704299028500508e-01  -1.2272806603552147e+00  -1.3877028268614264e+00   2.5257399893197047e-01   1.7907278359802128e-02   2.4091525625385432e-01  -1.1503638000676644e+00  -4.0499612828456943e-01  -2.0688481141650608e-01   3.6619148468390121e+00   1.8575907762336887e+00
   6.5219800000000001e-03   7.6990692627014368e-01   1.2927643300616004e-01  -3.0441523202400839e-01  -3.7221721978846017e-01  -5.4011345204481209e-01   1.7951227053810268e+00  -5.6066198121057642e-01  -8.2454435708474627e-01  -3.1724313917028870e-03   3.6702199219513991e+00   1.8595352129437408e+00
   6.9975200000000001e-03  -6.8669295122047147e-01   7.3606386300550741e-01  -6.4645332008584266e-01  -1.1432499417506186e+00   5.7026621537153421e-01   2.7563644434754420e-01   1.1373452786611185e+00   4.7195109152108838e-01   7.9604728543073611e-01   3.6982311941643013e+00   1.8669493587100463e+00
   6.6587399999999998e-03   7.3533427054775807e-02  -1.1748110913537475e+00   2.4853713234374281e-01  -1.1623102174327817e-01  -3.7032620186108983e-01  -1.6212158293357972e+00   6.9268398911056961e-01   6.4261539660241662e-01  -4.3772448582457241e-01   3.6719387870422868e+00   1.8602139022913158e+00
   6.7591600000000002e-03  -6.7841191414537516e-01  -6.9238596927359752e-01  -6.2346413010927193e-01   9.4416661270870750e-01   9.2605390580413127e-01   2.0156942573743658e-01   1.3037507452815573e+00   2.4594925634972825e-01   6.1035249039337403e-01   3.6579708710560390e+00   1.8564831975786262e+00
   6.7473600000000000e-03  -2.4382688765866969e-01   4.6323136747841082e-01  -1.3416264743597917e-01  -1.3854435242308225e+00   3.4817551296542543e-01   5.9566875251130036e-01  -1.3686497571561278e+00   9.1835638683090504e-01   1.8257243399403333e-02   3.6980133308212890e+00   1.8674033889038848e+00
   6.8046199999999999e-03   3.7305981413054062e-01  -8.2713750873190073e-01  -6.6758650513557694e-01   2.1901119417975509e-01   6.7776313098174457e-01  -1.3050902461745731e-01   2.1949656570037518e-01   1.0947359820386164e+00  -1.4882778779949650e+00   3.6638430811166951e+00   1.8582099421132130e+00
   6.7134500000000001e-03   3.8962274192541869e-02   1.3656213406313380e+00  -7.1210048019570393e-01   2.1382184426236775e-01  -8.4791436706710410e-01   9.3563178593902929e-01  -6.3171132513609285e-01   8.2743653383474514e-01   5.1695776734935683e-01   3.6857006496180493e+00   1.8639449980550280e+00
   6.8409600000000001e-03  -7.7941370673603450e-01  -1.1020861141334716e-01  -7.1496044136238113e-01   3.5550903030676351e-01  -5.3846368145837598e-01  -1.6251247910963248e-01  -1.3048293113577638e+00   9.5083169860870653e-01  -1.0570868679859475e+00   3.6835821708927319e+00   1.8632982790253472e+00
   6.9775300000000000e-03   3.1173413402528716e-01   7.8613717773056979e-01   7.4874565649308356e-01  -1.3013642306312949e+00  -1.2730469307634884e+00   1.9984183431043789e-01  -2.4413237854040051e-01   1.3501743774752542e-01   7.2133326359669314e-01   3.6678497039218065e+00   1.8593409513090846e+00
   6.6200800000000004e-03   2.6014264635821405e-01   9.2608026586268422e-01  -1.6112625075652105e+00   5.4905922655460448e-01   1.5647416441673528e-01  -3.3730985895317700e-01  -1.0940618390523651e+00  -4.4731497535507858e-01  -5.5171077096678196e-03   3.6809006602734184e+00   1.8626801740823706e+00
   6.5484300000000000e-03  -2.4316420967796709e-01  -1.2470087441691788e+00  -4.7824609424959053e-01   6.1596039052723273e-01   7.9397912222091205e-01  -1.0026998726749341e+00   2.4114979359998626e-01  -9.7202782628799622e-01  -7.0508911368487936e-01   3.6682324450439623e+00   1.8591500900812497e+00
   6.6181100000000000e-03  -1.1708925437531865e+00   9.2341758354467363e-01   1.3041828003381950e-01   4.0990447418710690e-01   2.8387385038085185e-02   9.8690801993484711e-01  -6.4810647716016734e-01  -8.7409429091064395e-01  -9.2427611667522847e-01   3.6984105556841533e+00   1.8671836922591654e+00
   6.7597500000000001e-03  -4.0539918576737305e-01   2.8867213944316894e-01  -8.1848455128473885e-01   3.5143615956938418e-01  -4.6188164912572799e-01   6.5988085522308615e-01   1.3835484794503292e+00   1.1752010692925356e+00  -5.7776555430232146e-01   3.6768154694967179e+00   1.8613400761645080e+00
   6.8155899999999998e-03  -8.9240543285981855e-01   8.6216533500153980e-01   7.1614778687069469e-01   1.4512183777408219e-01  -1.0888061727662779e+00  -1.6005020039265916e-01   3.6675827219177054e-01  -1.1447362340951566e+00   7.5367042860428968e-01   3.6734200849150049e+00   1.8608347087415678e+00
   6.9529500000000003e-03   1.8820460326730115e-01   1.1542867889619306e+00  -7.1160242045328981e-01   2.6924822146585314e-01   1.0479266501270230e+00   1.2794514467072133e+00  -6.6896974678579647e-03  -6.9913828721744997e-01   3.6738895795400106e-01   3.6954341992811059e+00   1.8664568039551186e+00
   6.4753700000000003e-03  -5.3314320895650913e-01   1.1946713221762104e+00   6.8100438094669369e-01  -1.0605739413118888e-01  -3.4862165871073930e-01  -6.6853851772651116e-02   3.4958889009463290e-01   1.5691335767071568e+00   7.2230491238834449e-01   3.6807332332626568e+00   1.8624803484956225e+00
   6.6882499999999998e-03  -4.4648251831385349e-01  -9.1491855043889889e-02  -1.0095346975617685e+00   7.6616097660227589e-01  -7.5148194558994907e-01   1.3663555565545964e+00   6.0930272114748596e-01  -5.6087733679873708e-01   6.7947122050625630e-01   3.6983801785288639e+00   1.8669727555860132e+00
   6.5976100000000003e-03  -4.0206878430086157e-01  -3.5502026791732549e-01  -1.4267044789082670e+00   3.9832283801785323e-01  -1.1458821967724755e+00  -9.6042603462009501e-01   3.7591962086051889e-01  -9.5175586530468786e-02  -7.3647959126527662e-01   3.6984236729280200e+00   1.8669771458105233e+00
   6.7626500000000003e-03   2.3964937064783362e-01  -1.1280846210306326e+00   4.1406889970754002e-01   3.6332549835384337e-01  -6.8739273456114824e-01  -8.5020341675948397e-01  -9.9329927594125955e-01  -2.9549320718629468e-01  -1.1782746589492652e+00   3.6762481633356083e+00   1.8612055744189253e+00
   6.9966200000000003e-03   3.3956387397097743e-01   1.3144825207722444e+00   1.5999592409165573e+00   5.8573306111961376e-01   3.4585330711684714e-01  -8.1590791438211047e-02  -1.3323807066553667e-01  -4.0416622485915510e-01  -4.4506130829456186e-01   3.6883736036120118e+00   1.8643546938623283e+00
   6.5575399999999997e-03   1.1196510071699071e+00  -8.3617183367064940e-01  -7.4658239154160289e-01  -1.0706309816944215e+00  -8.1586557107168264e-02  -6.5265910332882349e-01   4.5251552458977606e-02  -6.7089149551501381e-01  -9.2314832554855275e-01   3.6787020320551003e+00   1.8620623131130836e+00
   6.6733499999999998e-03   1.1871705824555256e+00  -4.3020844864228475e-01  -5.3284914845574882e-01   1.3356258312037805e+00  -1.2807033135197279e-01  -1.2229583240877568e+00   1.7041715730318258e-01   1.4050799190732513e-01  -3.6271339115473211e-01   3.6837409688572000e+00   1.8631461958046605e+00
   6.7896900000000001e-03   5.0825989103846107e-02   1.4781839604253547e-01  -8.0634942282250022e-01   1.0932305698047795e+00  -9.1650858553021508e-01  -5.9876525969430572e-01   7.1222673891640720e-01   9.2074780097244457e-01   9.2860454165560924e-01   3.6737408425288511e+00   1.8606290029251520e+00
   6.9649800000000000e-03   6.7778490947494008e-01  -2.2743373481304738e-01  -6.3049011405399563e-02  -4.9629041560787124e-02  -2.8590100419340823e-02  -7.6485528214675635e-01   1.8779470006471641e+00  -6.8296766972216072e-01   4.2437030435742729e-01   3.6827501495378856e+00   1.8630963769784519e+00
   6.8864699999999996e-03   1.3031859613702243e-01   8.8510664498476188e-01  -3.7898090686646645e-02   8.1314719927746903e-01   9.4632246336241899e-01  -6.8560449568104231e-01   5.5016127131113624e-01  -1.4606634771284921e+00   2.1192705437675555e-02   3.6728329688540735e+00   1.8603943046135294e+00
   6.5774199999999996e-03   1.8847807392712379e-01   7.1070941637925955e-01  -4.1326727300976446e-01   1.4940279796909796e-02  -4.3512297591940099e-02  -9.8232592035235933e-02   3.1199555885445063e-01  -4.0366255506706550e-01   2.0996802802327044e+00   3.6847970138202917e+00   1.8634134946884602e+00
   6.7355399999999999e-03   1.6179140941927075e+00  -6.8267383735415244e-02   7.5064097151897902e-01   8.1080616406940753e-01  -7.2949467060747675e-02   3.7624672264771702e-01   8.3391241774187796e-01  -4.4432585891629149e-02  -7.9388025270687979e-01   3.6891363846092804e+00   1.8641839726684233e+00
   6.4422799999999999e-03  -1.1350803049197076e+00  -1.7353310592308688e-01   5.8303839891334108e-01   3.3380940176966256e-01   7.6763166902122826e-01   4.9417540505290730e-01   9.2948285314786561e-01  -1.3498131098842376e+00   3.7656403201275085e-01   3.6910215367443246e+00   1.8650862721594863e+00
   6.5287499999999998e-03  -2.7948733044964613e-01   3.6381635902492293e-01   2.1431429172663458e-01  -5.0482181208361043e-01  -5.2540612295579203e-01   1.3289815855945082e+00   1.4174610501872318e+00  -8.6459742465759781e-01  -1.8361581021538276e-01   3.6738478689493816e+00   1.8603504180232702e+00
   6.7887499999999996e-03  -1.1639738106233395e+00   3.7022257707752076e-01   1.3918888341832236e+00  -3.3603491217985865e-01   2.1416832285463330e-01   2.0224255876918648e-01   1.1475939311075871e+00   4.2778892516339440e-01  -4.3160576299073339e-01   3.6830963932000595e+00   1.8632335164345495e+00
   6.8318800000000002e-03   9.6466969535360425e-01  -4.2715444373055017e-01  -7.6094352336145943e-01  -3.0669539376648774e-01   9.6930208393216388e-01  -9.6787079931559006e-01  -8.9564736035974524e-01   9.2753698127283246e-01  -1.4682773456173528e-01   3.6917851371409149e+00   1.8655715944191453e+00
   6.8228799999999999e-03  -1.4264647181161485e+00   5.8557941361259103e-01  -1.4822878519192409e-01  -9.6446618462551148e-01  -1.2499833181699036e+00   8.8258434296880600e-02   2.5656302302065703e-01   3.1255486763652429e-01  -5.2855336636569350e-01   3.6910266938712337e+00   1.8651669573207419e+00
   6.7377000000000001e-03   2.9114127592256761e-01   1.0171175515190973e+00   4.3315135712200264e-01  -7.9463727440265058e-02  -1.9902083783598182e-01   2.8438719178973726e-01  -1.2047588482106606e+00  -1.4266768729901114e+00   6.3816330439868008e-01   3.6826438969444415e+00   1.8630145452827360e+00
   6.6323399999999996e-03  -8.6099601971403028e-01   1.3747160192588863e+00  -3.4768646380986640e-01  -1.9712690655993081e-01   4.8039879546112563e-01   3.0315839186588932e-02  -2.6472270402937725e-01   9.0598745660526658e-01  -1.1721355587969109e+00   3.6579851916334722e+00   1.8564979257713707e+00
   6.8653899999999999e-03  -5.6217030572752968e-01   7.7289011622613535e-02  -1.3382008640147347e+00   1.5089439827200135e+00   3.9970055739284599e-01   3.4773468080645564e-01   6.7132352154106442e-02  -1.0282708364070579e-02  -7.9504806180166732e-01   3.6884710617108545e+00   1.8647283291075811e+00
   6.7033700000000002e-03  -9.7503491735492484e-02  -7.7410269558969635e-01  -3.5999853094663387e-01   1.2970749632443814e+00  -5.6145997409299475e-01  -5.4641442195581535e-01   2.0407483890064487e-01  -1.1186643169845070e+00   1.0461620882384368e+00   3.7094257290512456e+00   1.8700198564749624e+00
   6.7286200000000003e-03   7.5075709029980964e-01   5.4871094381127272e-01   2.0357512245757001e-01   5.9487815781286335e-01   9.4700754349429217e-01  -1.4065992204240234e+00   6.1339531677216414e-03   2.5769010760239364e-01   1.0571764703358006e+00   3.6775700057618028e+00   1.8617157295551565e+00
   6.9068999999999997e-03  -5.8878554829239560e-01  -7.6549514753446413e-01   5.0991521756987424e-01  -1.5024517006926938e-01  -9.4174491704539609e-01   2.4777742447884149e-01   1.3616336083525755e+00   3.1192010339558102e-01   1.1002802083395620e+00   3.6924489864908483e+00   1.8658773616076596e+00
   6.8397199999999997e-03   2.4207881086351274e-02  -1.4047737312329154e+00   7.4283053664679410e-01  -1.2985778415203550e-01   4.9627548512899222e-01   6.0130266690158152e-01   1.3098381514187121e+00   1.4671854572170412e-01  -6.8571283853707932e-01   3.6954260940382331e+00   1.8664312720265661e+00
   6.8875200000000003e-03   8.4356615357980821e-02   5.3542852296159471e-01   1.4363662454903827e+00  -8.5072240848634628e-01   5.7249444866461086e-01  -3.7821758443189779e-01   6.8871713908023502e-01  -3.1793503880880880e-01   1.0554945760566374e+00   3.6722712612847914e+00   1.8603614210784818e+00
   6.8392300000000000e-03  -3.7012427158305039e-01  -3.4488860955810163e-01   6.3902021878688975e-01  -1.1776666974692318e+00   2.6310556075670394e-01  -5.6335582060302418e-02  -4.0205887342753233e-01   3.2747115672616955e-01  -1.7128938536265470e+00   3.6875414769677102e+00   1.8643878920685570e+00
   6.5925799999999998e-03  -1.7564751907427445e-01  -1.3736609923676741e+00  -1.7275908778638172e-01   4.5648664356585561e-01   7.1884187133910660e-01   1.2878669851438926e+00  -2.6643399613628704e-01  -9.0067076534526314e-01   3.6903129437048438e-01   3.6732066454713790e+00   1.8606317009604876e+00
   6.6804300000000002e-03  -6.1632590466406523e-01  -5.1922591714702748e-01   5.1837055534278043e-01   8.2950741711018405e-02  -1.7947989863721623e+00  -8.3747418052328748e-01  -2.9240741706857076e-01   5.9989207285225576e-01   2.1503157328997696e-01   3.6747224989454454e+00   1.8610387289475951e+00
   6.9571399999999997e-03  -1.2280445714721511e-01  -8.5836839247917240e-01   2.0754497664139127e-01  -1.7780744092840617e+00   1.1859952432503297e-01   1.0679977113242984e+00   3.3088049737593939e-01  -1.5227620549892543e-01   1.8513934499701706e-01   3.6885523914361857e+00   1.8646341921769549e+00
   6.7876899999999999e-03   1.0124127016918574e+00   3.3889126575609224e-01  -1.1986018861987824e+00  -1.2583519229690718e+00  -5.7285270970750543e-03   3.1900312345562898e-01  -6.2859807739755791e-01  -1.2515437678535068e-01   8.1817852146348868e-01   3.6863284338128008e+00   1.8641590408277102e+00
   6.6374600000000004e-03  -8.3236653805942773e-01  -9.3147467268948614e-01   1.4136690526041813e+00   6.6772244134416381e-01  -7.0314581168381640e-01   6.3862149399365464e-01  -2.4813141637474562e-01  -6.3795030289542021e-01   2.7653481628290115e-02   3.6848249565811124e+00   1.8637657992535372e+00
   6.7505400000000002e-03  -5.2294861911756774e-01  -5.1839377073778237e-01   1.1064709843790930e+00   2.9254729964297299e-01   4.5952751469622594e-01  -8.3974887293218692e-01  -8.9547752798608460e-01  -1.1405325601386023e+00   6.5663544608705959e-01   3.6741023587895514e+00   1.8608640342089049e+00
   6.8099299999999996e-03   5.1940128366618044e-01   1.9189762046605747e+00  -3.5311169117602480e-02  -5.7984876834310783e-01   7.5745981581720578e-01  -4.3320481762507751e-01  -4.1069960271588080e-01   1.8849503428386374e-01   2.0843051057052972e-01   3.6865733494046724e+00   1.8639859445407185e+00
   6.6393199999999998e-03  -1.6642433479828034e+00  -4.7424995293433547e-01   8.8819316393641823e-01  -8.0317145763767972e-01   1.8943214296470504e-02  -2.8355659516921466e-02  -6.1134109448968266e-01   1.8219787165322140e-01   6.9889104279467318e-01   3.6695963332415213e+00   1.8595377303148297e+00
   6.6961800000000004e-03  -1.0343857499736457e+00   1.0018815204449005e+00  -3.6541197924790686e-01  -4.9697055181225303e-01  -3.8460170123713361e-01  -6.9939000703531184e-01  -1.1000185826741233e+00   2.5001194940416947e-02   1.0346559422967345e+00   3.6841803049638004e+00   1.8636032003778320e+00
   6.8427200000000001e-03   8.4011669973221803e-01   6.5095116078140489e-02   1.0079406399392696e+00   2.8765518029141945e-01  -9.8204442395730163e-01  -1.2216266168511443e+00  -2.8939921484125105e-02  -1.0158790459195923e+00  -6.1065396171099406e-02   3.6829212367974864e+00   1.8631114227620327e+00
   6.7725700000000003e-03   1.5912160778338262e+00  -1.0919395162687684e+00   1.9538755615890005e-01  -5.7272197560745297e-01   4.8042519828225116e-01   7.7721857132442751e-01  -1.6939566189564403e-01   4.3761732216895854e-01  -3.1147152981195408e-01   3.6596197178167125e+00   1.8569371378143584e+00
   6.9617400000000001e-03   1.1802179517814411e+00  -4.6873107900761030e-01  -8.0559702228435215e-01   1.0360097881490402e+00   2.2431106217132898e-01   5.8444293799426827e-01  -1.5109106709506076e-01   3.6244154178952526e-01   1.1675146926661091e+00   3.6701483050896764e+00   1.8598110177624143e+00
   6.8138199999999999e-03   1.1740275743708088e+00  -1.0385043675592112e-01  -1.1130579015660391e+00   5.0840730048016158e-01  -1.1058831888310066e+00   5.3199852566048456e-01  -2.9896813879355699e-01   6.4302374538690799e-01  -6.3756448768878760e-01   3.6751387671971325e+00   1.8611870151425376e+00
   6.8342699999999999e-03   6.5893901118894505e-01  -1.6814216261082084e+00   4.4481948983479103e-01   1.7179007340436144e-02   5.4812209746860607e-01  -6.0570904716847496e-01   3.6096562937642096e-01  -2.5906760864561879e-01   9.9153280723848580e-01   3.6823694027026352e+00   1.8629264733284137e+00
   7.1079200000000002e-03  -7.9415716992092245e-01   1.0975063582098679e+00   3.4831007837818750e-01  -1.4059041781046888e+00   5.6023039462013480e-01  -6.9510079529952029e-02  -6.3497087688994924e-02  -9.5194868813345068e-01  -2.8747124889132786e-01   3.6868573699651899e+00   1.8643025265805335e+00
   6.6273399999999998e-03   8.7682941664560043e-01  -7.7210103021251120e-01   1.2510901051911771e+00   9.9025493057477398e-01   5.2621614547937157e-01  -2.0496702159821684e-01  -9.9337355724725229e-01   3.9580879350051490e-01   2.5184009766745740e-02   3.6809405363544503e+00   1.8628328870271689e+00
   6.6085199999999997e-03   1.3471079356220890e+00   7.4555636469768960e-01   5.7315588932313721e-01  -2.3292875676732760e-01  -5.2834947385752129e-01  -7.1297876818357286e-01  -4.9831026661013894e-01   1.0181514887036105e+00  -7.3160946005861149e-01   3.6786231777061582e+00   1.8619613558601715e+00
   7.0566200000000004e-03   4.2545697353430434e-01  -4.9364424441184690e-02   1.8258368025001628e-01   1.6720233073672546e+00  -2.1747479760454819e-01   3.9091300626852704e-01  -6.6335379133577566e-01  -1.0886817191530522e+00  -6.6186820340778274e-01   3.6971364873864849e+00   1.8669369386529140e+00
   6.9550499999999999e-03  -3.1154639065754380e-01  -3.8101029746577297e-01   1.3395522208523201e+00   1.3380545678276961e+00   3.8803248054899991e-01  -7.8756645989449003e-01   8.2736265762221184e-01   6.3443845713551106e-02   1.1702864396318184e-01   3.6878087924307832e+00   1.8646872591160686e+00
   6.7830700000000004e-03  -9.0343436877271710e-01   8.3732917508058380e-01   4.2192182278605439e-01  -4.5231748891729673e-01  -1.0593875831356724e-01   1.4907418566132959e+00  -1.4123659129556840e-01  -9.6306506326376703e-02   1.0908867374211482e+00   3.6966412887633111e+00   1.8665896500155590e+00
   6.8219700000000001e-03   8.8013944776861075e-01  -3.4983050372643223e-02   3.5454916740862097e-02  -6.7295852136000023e-01   1.5910608987078125e+00   4.8721233914179340e-01   9.0495239291567597e-01  -1.2352528883172066e-01   6.6310396101419844e-01   3.6835042157662503e+00   1.8629694249519777e+00
   6.9410000000000001e-03  -4.8454342457162680e-01   2.9005471917020037e-01   9.2475299500891006e-01  -5.4270038854792901e-01   1.1073379471654202e-01  -1.6242852043925884e+00  -6.7654556366212770e-01   8.2953279810407465e-01  -1.8846301207158112e-01   3.6840429763782412e+00   1.8636149541510822e+00
   7.1530500000000002e-03   2.3830577286049936e-02   8.9258231972255395e-02   6.6624167545187296e-01   1.1182160796894096e+00   3.1385404673730882e-01   1.6901600737990630e+00   3.3130453129965809e-01   5.4174961217990891e-01  -3.2776204947086579e-01   3.6664242108998351e+00   1.8588807823920617e+00
   6.7482699999999998e-03   5.5511357128035987e-01  -3.3502010985833980e-01  -4.0777211607134593e-02   1.1797294472831297e+00   1.8645879814959969e+00   1.7307440134445645e-01  -8.2996457527294856e-02  -1.1740745670792110e-01  -1.2618106044701694e-01   3.6909531668594702e+00   1.8652311521645568e+00
   6.7456599999999997e-03  -1.3196995714154922e-01   1.5245340603765464e-01  -8.4260820273772841e-01  -9.5254244870888641e-02  -5.4611255310660600e-01  -8.2759660844335031e-02   1.6181983763666089e-02  -1.9836717741733350e+00  -5.5698282873610261e-01   3.6733948151994773e+00   1.8606067925889493e+00
   6.6204200000000001e-03  -2.9508573047231357e-01   5.1700723651774161e-01   2.8184545369993314e-01   1.6660272518981041e+00   1.8425908029790711e-01   4.3730162579546111e-01  -6.1787311839673720e-01  -3.0867129398603305e-01   1.2073028472567426e+00   3.6795496333651134e+00   1.8623386376183551e+00
   7.1631600000000000e-03   9.1940669277916054e-02   1.2622636484691174e+00   5.4047266280473261e-01  -2.5479948560193710e-01  -7.0789547438216982e-01  -1.0619825236829294e+00   1.2433051826909012e+00   2.4124401645624691e-01  -2.3704642509045318e-01   3.6980168178099286e+00   1.8671569165471413e+00
   6.8154799999999996e-03  -5.5531109753568797e-01   5.0576007741016860e-01  -4.4137204388627244e-01   5.5412374618215510e-01   9.9297665196487561e-01  -1.3197352208081137e+00   8.2748512193779100e-01   7.0933427319154740e-01  -5.9457566106037307e-01   3.6896845438284629e+00   1.8649267560834355e+00
   6.5883000000000001e-03  -1.5012533897898521e+00  -1.1169029033130114e-01  -8.9673955605740552e-01   5.1703475383402453e-01   5.4306897114202879e-01  -1.3421269301051994e-01  -7.0295618925949110e-01  -1.0343340692336120e+00   4.3773129557502072e-01   3.6925688879031271e+00   1.8656338161312342e+00
   6.9528400000000001e-03   5.1013177972041379e-01   9.5583061707684369e-01   5.9560221993921814e-01  -8.5697800943696634e-01   3.1328199628086389e-02   1.2238686538552510e+00   3.8622861355820620e-01   8.8816617867027292e-01  -7.6727898613284007e-01   3.6899343624674441e+00   1.8651604486476885e+00
   6.7912500000000004e-03  -6.9747778063747087e-02  -1.9068944654444825e-01  -2.5800397801188413e-01  -3.5313804225935996e-01   1.4077988323754305e+00   7.1136662243117779e-02  -1.1944294943378464e+00  -2.6271962691222134e-01   1.2940830971323365e+00   3.7031408839632203e+00   1.8685754258297895e+00
   6.9295299999999997e-03  -7.3509440352937119e-02  -7.9327552566240377e-03   1.2985167514371734e+00  -4.9872518918011793e-01   1.1197637196768990e+00   1.2169348068683747e+00  -6.1260039824302270e-01  -4.4245554903123385e-01  -1.4830431786449075e-01   3.6764197538887280e+00   1.8614344102642810e+00
   7.4334300000000004e-03  -7.6731811747816936e-01  -9.0367738044445600e-01  -2.8921663603755138e-01   1.0528207631259865e+00   3.8698275376205366e-01  -9.8113644506669662e-01  -8.0557089019529660e-01   7.5079901121634152e-01   5.2366115927798706e-01   3.6932703074220856e+00   1.8663564345616954e+00
   6.8269500000000000e-03   1.7551088238904219e-01   1.2462905352566709e+00   3.0088255994419871e-01   9.7571156398940839e-01   3.0983213715945884e-01   4.2524424503758929e-01   1.3882753674795538e+00   1.6838677807890037e-01   6.6246445443141477e-01   3.6850742059147681e+00   1.8634300210217027e+00
   6.8305099999999997e-03  -4.1216342164193864e-01  -7.5708341128383971e-01   7.6968453751252397e-01  -1.3668185956020393e+00  -6.6337560266148821e-01  -8.5177637298970177e-01   5.2485254993901742e-01  -8.2623406421009382e-01   2.7532656121014541e-02   3.6977568335607995e+00   1.8667914416136233e+00
   7.0215399999999997e-03  -1.4276330468399103e+00   1.4317311523524565e-01   4.6827290388604309e-01   1.0858329649131743e-01  -2.0544838489182501e-01  -1.1240617419659071e+00  -2.0679578932033600e-02  -7.4068982333519173e-01  -1.0474179693200860e+00   3.6732907827168324e+00   1.8607765234563431e+00
   6.9035700000000004e-03   5.1457984729622219e-01   9.6930081212883012e-01  -3.2353362727191803e-02   1.5401182526741972e+00   3.8187606663184442e-01  -2.6757472299881138e-02  -4.0777086814684077e-01   1.1055259118084306e+00  -3.6733984841328338e-01   3.6671699908885946e+00   1.8591245203021174e+00
   7.0088399999999997e-03  -4.4214492154141416e-01   1.0858763375024012e+00   2.4101018340019372e-02   1.2516185371453499e+00  -6.5137908962192426e-01  -1.2840985733020109e+00  -5.0991697583659801e-01  -9.6408641846352602e-02  -1.3297752449453151e-01   3.6978144447599965e+00   1.8671512570017450e+00
   7.0321500000000000e-03  -3.9624506978850732e-01  -1.4581595578194725e-01   1.6298865135609378e-01   1.2060456055427042e+00  -8.6270427282346529e-01  -1.5904327958705422e-01   1.3552208417058562e+00  -6.6249000544322900e-01  -7.8451880221204306e-01   3.7019018757636162e+00   1.8684070472876428e+00
   6.7123499999999997e-03  -1.2139435323379024e+00   1.0703605652559169e+00   5.7141530887627956e-01   4.5986963668897773e-01   1.3536198566897693e+00  -2.4734158870560335e-01  -1.8557788394917415e-01   8.7258542674259004e-02   4.8962013164974627e-01   3.6748750280789975e+00   1.8611882055712974e+00
   6.9478200000000004e-03   8.3069910748689968e-01  -1.2790101128507847e+00   2.2909161226196229e-02  -1.2194175731254796e-01  -1.3316206888732103e+00   3.6014721380074810e-01   2.9797234854853411e-01  -9.7209429734619779e-01   4.1840630284559338e-02   3.6796257181017351e+00   1.8624620634015285e+00
   6.8317999999999999e-03   1.2493464336397154e-02   2.2908894628645537e-01  -9.9260217535442374e-01  -9.0490498485945037e-01  -1.4979003183978117e+00  -1.9591148576622011e-01   6.7104595809953138e-01  -4.9223672774828842e-01   6.8187556982771957e-01   3.6880141877722492e+00   1.8642571906828314e+00
   6.9643900000000000e-03  -6.6019021225574126e-01   7.0939139194914003e-01   1.3327943915355063e+00   1.6235465285552347e-01  -4.4812035726741822e-01   1.8403413881813391e-01  -1.4258813153465784e+00   5.1220237607134556e-01  -1.6712963396169597e-01   3.6917914604510935e+00   1.8657910974755116e+00
   6.8646899999999997e-03  -1.3283618515463052e+00  -9.5973268180978635e-02  -1.4264285556495479e-01  -1.4670682140902249e-02  -4.9026323195778806e-02  -1.3338701369518802e+00   8.4570630881885400e-01  -6.7320058765361013e-02   1.0071495387765597e+00   3.6782242947291617e+00   1.8622303684071015e+00
   7.0261100000000003e-03   4.3262856248971310e-01  -7.1000579390848961e-01   1.8609297617872120e+00  -6.0753013993329585e-01  -3.8363109833796194e-01   9.8029628791581530e-02   2.2859317970245999e-01   7.4134385034044425e-01   2.7853016247207124e-02   3.6875174015591492e+00   1.8645193552955870e+00
   7.1272799999999997e-03  -9.6008742234129951e-01  -5.7645757236406270e-01  -1.3119685147636881e+00  -2.0278823873945367e-01  -5.3614654443601473e-01   5.0720710029493687e-01  -4.6366817305085950e-01   5.7938234168686054e-01   1.0858178935450886e+00   3.7002404809891085e+00   1.8678213579846354e+00
   6.8612800000000000e-03   9.4678433661448791e-01  -4.6885334528916001e-01  -1.0706946643782373e+00   4.4608090923433696e-01   2.9842946797898995e-01   7.7119634375609081e-01   1.1139206120704137e+00  -8.3016208292193017e-01  -4.4469361688740333e-01   3.6688550640276563e+00   1.8596186832403054e+00
   6.6667200000000001e-03   8.1824371612251834e-01   1.9634996130613794e-01  -1.8016052500339153e-01   4.7630818059982799e-01  -6.3979030582410712e-01  -5.9523181460290919e-01  -1.7425085106795919e+00   3.5531781298193527e-01   6.7322659827816411e-01   3.6743109333902213e+00   1.8609469820793865e+00
   6.8232800000000001e-03   1.2907095699903020e+00   1.1153952708900605e+00  -5.6781128798797953e-01   6.5055849992102133e-01  -9.0589461896578549e-01  -1.6075600995341749e-01   2.3606670558481668e-01  -7.3308689780325942e-01   4.5874692561520447e-01   3.6873563758653463e+00   1.8643399851233935e+00
   6.8313400000000000e-03   8.9995277104446736e-01  -2.1015887858032489e-02   1.0077709100164292e+00  -2.8044094079594339e-01   1.0487115942215286e+00  -1.1065090269228079e+00   4.7112171124339663e-01  -1.1718059379468111e-01  -8.9898181597606730e-01   3.6745467320764065e+00   1.8608896377990984e+00
   7.1256499999999999e-03  -1.6235166670213871e-01   3.6085449547041726e-01   1.1024691918910430e-01   2.8157636261654134e-01   1.0034250665630984e+00  -8.9145445945246748e-01  -1.5357773420952390e+00  -4.6451046998527407e-01  -7.6511144594849190e-01   3.6805365003287216e+00   1.8627073590030452e+00
   6.9304700000000002e-03   8.4046919570000947e-02  -1.1501170804101762e-02  -9.1144068072493756e-01  -8.1583722731129027e-01   1.6091756775564652e+00   2.3053068231633841e-01  -3.4132350461953981e-01  -6.6953543006502714e-01  -7.5586294472926119e-01   3.6940910825099786e+00   1.8660385101601262e+00
   6.8063100000000003e-03   2.5603416475835178e-01   6.6243469415070988e-01  -4.4115091595862443e-01  -8.6515256117260786e-01   2.5448515587552661e-01  -1.7399979495629527e+00   1.3335335439638571e-01  -8.6126014772617787e-01   2.5272988231853005e-01   3.7031587279671005e+00   1.8683373317127732e+00
   6.8370799999999997e-03   5.6480899278146712e-01   3.7958960973011713e-01   8.6043871151575868e-01   9.4998358898657120e-01  -1.5518191432620341e+00   5.8795511376199405e-01   3.4760357940481773e-01   4.0565504634625554e-01   3.9532661775894723e-01   3.6817692936778172e+00   1.8629095579773023e+00
   7.2513700000000000e-03   1.3053480938775455e-01  -1.5641122254793265e+00  -5.6022097035796116e-02   1.3079124083274645e+00  -6.2665871725276756e-01   4.1623749584749026e-01   1.5557537363588064e-01   6.7954188652733083e-01  -8.6713838487922287e-02   3.6985537299403832e+00   1.8672778542683175e+00
   6.7654999999999998e-03  -1.5777733889648764e+00  -2.2962453374905964e-01  -5.3828794917026590e-01  -4.1809938934642149e-01   9.6735974926093227e-01   1.1027896100574344e+00   1.7400795444222639e-01   1.5325222493295590e-01  -3.6320291610933442e-01   3.6875345244719693e+00   1.8644068524470330e+00
   6.7140899999999998e-03  -7.3219832848628902e-02   7.4555127852672698e-01   2.3411425702475530e-01   2.3285774497083062e-01   1.2214879874388918e+00   5.6383285571075292e-01   1.0883076951971455e+00  -2.2081029842291724e-01  -1.2563537115991759e+00   3.6686389885399397e+00   1.8594662596096345e+00
   6.4720100000000003e-03   3.0011969232072150e-01  -9.3238232904917429e-01  -3.9538509119876769e-01  -1.3088222084205898e+00  -1.1610015926666883e+00  -2.8898527071085121e-02  -6.8860658647448314e-01   8.3293967031081872e-01  -2.6779387925847942e-01   3.6749098350955869e+00   1.8612449647951348e+00
   7.0392800000000002e-03   1.2918501514444585e+00   8.8931480007544161e-01   2.6208948986682146e-01  -1.0927842693606582e+00  -2.0385014212807844e-02   2.8198333761803457e-01   6.0257948428144004e-01  -9.8428416059977131e-01  -2.9339589072038791e-01   3.6779685249026874e+00   1.8616921672312876e+00
   6.9687300000000002e-03   1.2988723201326067e+00   9.3261926142492113e-01  -1.1187341576777263e+00  -6.1284271532775075e-02   5.4704179307674194e-01  -9.9760298224147601e-02   8.7203675744110332e-01   5.5327714754722501e-01  -3.4347704465311329e-01   3.6913944631929936e+00   1.8654755994874237e+00
   6.7568200000000002e-03  -3.3680306675362942e-01  -1.8008127011673114e+00   2.8780887374920461e-01  -5.1148845978454649e-01   5.8362047361899305e-01   7.0351384443114576e-02  -9.9729872726817803e-01   4.7410041519591412e-01  -1.9961615449027237e-01   3.6769390647784079e+00   1.8615040629140813e+00
   6.7697699999999996e-03   1.6792772139303787e+00  -2.9023737316937381e-01   5.6426465289294118e-02  -4.5620129204673149e-01  -7.8667826488543069e-01  -7.9277033015575782e-01   2.8587373910099895e-01   3.4431803466696292e-01   8.7155410743733353e-01   3.6783726316443612e+00   1.8618804808097302e+00
   6.7984899999999999e-03   6.5413330840544726e-01  -2.9697812327895656e-01   3.3802059837895339e-02  -6.2973106917423149e-01  -1.3341458117816642e+00   1.2038757453405045e-02   1.1244578198287942e+00   4.5164446378068090e-01  -1.0641152466989754e+00   3.6739660430358887e+00   1.8610342109017926e+00
   6.6633999999999999e-03   2.7538056361073254e-01  -4.1186853713221416e-01  -9.8948069005713435e-01  -2.3222835653963508e-01   8.6564085010783731e-01   1.4521812374609910e+00  -3.2518257683223153e-02   1.1013641571015080e+00  -8.4183230971370052e-02   3.6931064776743643e+00   1.8656097508712519e+00
   7.1233399999999997e-03   2.0740449165185942e-01  -9.2876904318362719e-01   3.8751392109745036e-01  -2.4945738546441990e-01  -7.6880356351434020e-01   6.6355603311201194e-01  -9.4356601823019515e-01  -1.6241951508823699e-01   1.4842382971230355e+00   3.6901415853662538e+00   1.8652968874665345e+00
   6.9239799999999997e-03  -7.1902171502327994e-01  -5.1723067843997783e-01  -1.2412262359822063e-01  -9.9765022320597518e-01  -3.7988396430624238e-01   4.6514400638667475e-01  -1.3874093955516851e+00  -1.0443094426020294e+00  -3.1402238743699973e-01   3.6779411565832554e+00   1.8619004040018088e+00
   6.7886999999999999e-03  -9.8983000970784218e-01   1.4397840962878001e+00  -1.1356583107910478e+00   1.9125020267663237e-01  -1.5696227149321970e-01  -1.9336429196986449e-01   7.9466930463146479e-01  -5.1522552767146812e-01   1.2692226380048435e-01   3.6874728152798828e+00   1.8644885332746026e+00
   6.7582700000000002e-03  -1.6456301470029150e-01  -7.4107927438700738e-01  -3.3455372485840695e-01   1.5501633904016718e-01  -3.6968263372259569e-01   1.1117724680892946e+00  -1.8032210419131475e-03  -3.9644778167453326e-01  -1.7682112563979950e+00   3.6903561212473353e+00   1.8651986753007692e+00
   6.9486699999999997e-03  -1.7157699851653154e+00   2.6312663263752140e-01   1.0179437208057981e-01   1.2044222663147970e+00  -5.2588591234058946e-01   2.8645675669059223e-01   1.7437362740387188e-01   6.6290836122521635e-01   1.8430012365653642e-01   3.6890428010546339e+00   1.8650527815501285e+00
   6.5132999999999996e-03  -1.2016232369745428e+00  -7.5593576673924823e-01  -1.8298859128720851e-02  -4.0669649961455023e-01   6.7470089849255260e-02  -2.4107516541315926e-01   5.1777305910613880e-01   1.6930292985127726e+00  -2.7133634744271057e-01   3.6963244329186549e+00   1.8666604893558070e+00
   6.6220799999999998e-03   4.1514113342540349e-01  -4.7213311516461282e-01   1.4626751845869404e-01   2.2646641029053621e-01  -4.4431996559796000e-01   2.5135218809708121e-01  -6.8231238633422875e-01   2.0161640082501462e+00   3.5274744546421011e-01   3.6847639161145640e+00   1.8637118311730756e+00
   6.9858000000000003e-03  -5.0311455245742420e-01  -6.8531780630328087e-01   7.5514122421787699e-01   3.1351670489662481e-01   7.7997125655281718e-01   8.3931680428671929e-01   1.6803379054031189e-01   8.9285606987389077e-01   1.3198643186910508e+00   3.6839026423339716e+00   1.8634495618144324e+00
   6.3635599999999999e-03  -5.8721288849058612e-02   2.9744942045168221e-01   1.3556046433856874e+00  -5.1768783287570985e-01  -1.0146951936230455e+00   3.6434738424552077e-01   6.9806538968181980e-02  -8.4016596549146438e-01  -1.1405305179470882e+00   3.6667557515001930e+00   1.8586600701812896e+00
   6.6684500000000002e-03  -4.8088681189350713e-01   6.0297880504102885e-01  -1.0897403403135693e+00   3.6309588837605344e-01   1.0422095296415614e+00   4.1047719101275228e-02  -2.8057512691849701e-01   1.2691955342339984e+00   7.9623150436264212e-01   3.6731545691174605e+00   1.8605879876312148e+00
   6.1724199999999996e-03   1.0326330773344983e+00  -3.0657433701935488e-01   8.8424652955631433e-01   2.1296947940989467e-02  -9.1685760466225275e-01   8.3418286399712804e-01  -1.2707026268197052e+00   4.4588479979061291e-02  -6.0244953351083308e-01   3.6791278632211792e+00   1.8619516011470862e+00
   6.4828200000000002e-03   1.6828357790197523e-01   1.5640167412661277e+00  -1.0112538385908441e-01   5.4628169462744824e-01  -1.0119654290147155e+00   7.1870328450559773e-01   2.3126333920363681e-01  -2.0173660025003889e-01  -9.8227429883265760e-01   3.6809346424927498e+00   1.8625205477731657e+00
   6.0522099999999997e-03   1.0094745747971935e-01   8.4145527065770359e-02   1.2856525638982121e+00   5.8526546151334291e-01  -5.3807310383560658e-01  -8.0918024837048530e-01  -2.7971093567567173e-01   5.3165771291821240e-01   1.4836488010576401e+00   3.6856354991261990e+00   1.8634768366113783e+00
   0.0000000000000000e+00   0.0000000000000000e+00   0.0000000000000000e+00   0.0000000000000000e+00   0.0000000000000000e+00   0.0000000000000000e+00   0.0000000000000000e+00   0.0000000000000000e+00   0.0000000000000000e+00   0.0000000000000000e+00   3.6830884446992189e+00   1.8632018371528696e+00
