   5.6597699999999997e-03   8.5448417004641908e-01   1.0701624518387440e+00  -1.6677322619232957e-01   1.7778324891476254e+00   6.5358340272885174e-01   7.6254269128731234e-01
   5.7592600000000004e-03   1.7947371034046489e+00   3.2255946900365656e-01  -1.0583874373104825e-01  -1.0905710794377825e+00   5.5451027901821115e-01   7.0699176145730513e-01
   4.5881899999999998e-03   9.8697843230517446e-02   1.8891002332434077e+00   5.2964112585070755e-01  -1.4253487532894311e+00   7.3022843321088360e-01   8.0648862397185761e-01
   4.5206900000000000e-03  -4.6280370322481196e-01   2.0260748997339402e+00  -1.3017219126209438e+00   2.2757914484943276e-01   7.5951171565933706e-01   8.2199938993259924e-01
   5.8288500000000000e-03   9.3800435569215090e-01   1.5002427208579674e+00  -1.2138803002259317e+00   7.3031923670451748e-01   6.6906820778739984e-01   7.7339871119435910e-01
   4.7118600000000000e-03  -5.3854476006985197e-01   1.7338151438054932e+00  -9.5458471402463485e-01  -1.3011521552053555e+00   7.4550885303656234e-01   8.1363088025986008e-01
   8.5112699999999996e-03   1.2844354691182773e+00  -3.4335717910638414e-01   1.1489034398520521e-01   6.2940797141248794e-01   3.3517136239981232e-01   5.6245140004724514e-01
   5.2491800000000000e-03   5.7472891804471415e-01   1.1927013727440681e+00  -1.8568059648708701e+00  -6.7064829498062861e-01   7.2896391838645036e-01   8.0585477513941217e-01
   5.2166699999999996e-03   1.6965408657873104e+00  -9.0244178957881682e-01   1.2115831598902000e+00   3.8960092012025205e-01   6.6109922658384046e-01   7.6820984222772337e-01
   4.6666499999999996e-03  -6.1985320919920006e-01  -5.4454153483246082e-01  -3.3460266117296728e-01  -2.2507347841467293e+00   7.3855837410685854e-01   8.0862702400896780e-01
   9.1977699999999992e-03   1.7775002828350815e-03   7.9397553055819403e-01  -1.2259532645753388e+00   1.6196988512955332e-01   3.4916551368988386e-01   5.7409369864478121e-01
   8.7069499999999998e-03  -1.1371639650016216e+00  -6.5258208908177928e-01  -1.2684036206630470e-01  -8.0673982439768666e-01   3.5956211701693080e-01   5.8247187590727634e-01
   4.7068500000000003e-03   1.4761222761007446e+00  -5.4284479419668005e-02  -1.5324299710473124e+00  -1.1910930185760076e+00   7.5860015746389720e-01   8.2034193582804105e-01
   4.1489600000000001e-03  -1.5440338115645027e+00  -2.7627941848025677e-02   1.9858288039509961e+00   3.9658609459136690e-01   8.3363515902297425e-01   8.5952938703805348e-01
   5.5378800000000002e-03   3.0861616377334658e-02   2.4615215258728787e-01  -1.4695714448584896e+00  -1.7746335640810946e+00   6.9573928367448645e-01   7.8708904172840699e-01
   4.5469200000000003e-03   1.0825842376772732e+00  -4.4695275667249074e-01  -2.3386236216821973e-01  -2.1307882094176729e+00   7.5683483682222474e-01   8.2053997254148414e-01
   4.4558200000000001e-03   9.4282208470334394e-01   2.2041914315494000e+00  -4.6524736454065319e-01  -4.0779141735501429e-01   7.7091505188303899e-01   8.2826551494171141e-01
   1.2883610000000000e-02  -1.1243249355962018e-01   4.7152993872584736e-01  -2.9258114587208600e-01   8.2798027350070982e-02   2.5347870288445806e-01   4.9097605588026444e-01
   4.9040700000000000e-03  -2.3520746632253431e+00  -1.8650231709436157e-01   4.1220283542115427e-01  -3.9831812846454193e-02   7.3206276008697546e-01   8.0630022909619214e-01
   4.0545299999999998e-03   2.0216949014489702e+00  -1.0794601652575102e+00  -3.3183353481493560e-01  -1.0238320665373404e+00   8.0990997000751697e-01   8.4599448140885769e-01
   1.0118390000000000e-02  -4.5434142227568119e-01  -9.8128272666946570e-01   5.7228413734721084e-01   6.2504036883776803e-01   3.3994510345995788e-01   5.6657924569928575e-01
   8.1507200000000002e-03  -8.2553326815154326e-01  -8.6783778445665405e-01  -1.0125781375263485e+00   2.8947344653633123e-02   3.5821390258744512e-01   5.8077104405318591e-01
   5.2161000000000004e-03   1.6051960910156722e+00   1.3755188025412488e+00   5.8303129008145849e-01  -7.7235307725071567e-01   6.8633384836542177e-01   7.8219550713275476e-01
   4.6017699999999998e-03   3.6878635883358646e-01  -1.5024107557001096e+00   2.0863840800646888e-01  -1.7709286929404853e+00   6.7795933268043373e-01   7.7552301803841539e-01
   1.0003110000000001e-02  -1.9647099285094757e-01  -5.9703332687597743e-01  -6.0920829088276929e-01  -1.0816797618150573e+00   3.4317668302495602e-01   5.6930208625769896e-01
   4.4281800000000003e-03  -1.7127323802448127e+00  -1.2760885316580177e+00   7.0282342402006959e-01   1.0008994345804820e+00   7.5596943715712750e-01   8.1997947669415028e-01
   5.4612000000000003e-03  -7.1054408670760150e-01  -3.2470797040787819e-01  -1.4978726515526404e+00   1.5388151103173824e+00   6.6311236247008631e-01   7.6944491965752393e-01
   9.0859600000000006e-03  -3.3143374415872440e-01  -4.4746075279463060e-02   4.8597984612848000e-01   1.3686620890887666e+00   3.5390217012019975e-01   5.7768620738633236e-01
   5.3414900000000000e-03   4.7500594505189830e-01  -2.0397390249266847e+00  -6.4149438998926389e-01   7.7766319667316264e-01   6.9005145813782798e-01   7.8463921328019814e-01
   5.5490399999999999e-03   1.1728707334084818e+00  -1.4907140952830695e+00   8.9706261824230216e-01  -8.1001255158690866e-01   6.3748215677536235e-01   7.5489305014335317e-01
   9.2970299999999995e-03   1.1677630692911849e+00  -5.3741631837351111e-01   3.0818409014729103e-01  -3.4233670736488886e-01   3.2599362354146694e-01   5.5468815243391090e-01
   1.1310890000000001e-02   4.2554536199235726e-01   5.5791302962225753e-01   4.8207711538694964e-01   9.2454175711165965e-01   3.3304393046938130e-01   5.6126077244255090e-01
   4.7254300000000001e-03  -6.9829307054227008e-01   1.3743409219745579e+00   1.6838022378833579e+00  -7.9860002137245811e-01   7.4074394174993141e-01   8.1063301786484998e-01
   4.4510699999999997e-03  -4.7550348674678999e-01  -1.9618184475814153e+00  -1.3745349095868176e+00  -3.7194174838754107e-01   7.6658790149581690e-01   8.2594944195993336e-01
   5.3658800000000000e-03   7.1170051566214820e-01   1.2637054575560647e+00   1.3798094064248965e+00   1.1773380983126807e+00   6.8759161153428416e-01   7.8328207722056575e-01
   1.0818510000000000e-02  -2.3139336782201506e-01  -8.1936626433634541e-01  -4.6083022010135077e-01   8.7796157709766387e-01   3.3497061058311212e-01   5.6291110085652074e-01
   4.8981600000000004e-03  -6.2426122099332138e-01  -4.0036568475344247e-01   2.1225604995204121e+00  -8.4181392160800195e-01   7.3580891312911778e-01   8.0839523019425152e-01
   4.6304700000000002e-03   2.4442378300397229e+00  -2.1502134266479539e-02   2.4215564724260294e-01   1.5867320980552316e-01   7.7301919305362510e-01   8.2860250687055648e-01
   4.1907300000000001e-03  -1.9651300727516317e+00  -2.2895761115050370e-01   5.4787400581809156e-02  -1.5599158528871628e+00   8.1670001292709093e-01   8.4881247013069427e-01
   9.1795200000000000e-03   4.3859679053236800e-01  -2.7272335911203923e-02  -1.2543988824201249e+00  -5.6371389944006878e-01   3.4369004064167047e-01   5.6950968911945876e-01
   4.1155300000000001e-03  -7.5534082818000448e-02  -7.1848269014771317e-03  -3.4796215452523505e-01   2.4907679197315713e+00   7.9902861171025785e-01   8.3878300639786607e-01
   4.6612499999999996e-03   5.1237486956951872e-01  -7.0212178556525939e-01   1.4643856431996833e+00  -1.7192811820487794e+00   7.3586621143245212e-01   8.0777074604052435e-01
   5.2083499999999996e-03   6.0824375980521739e-01  -1.9244110452427372e+00   1.1536043037740928e+00   5.8384561068090268e-01   7.5654440272229362e-01   8.1962087700424702e-01
   3.9934899999999997e-03   1.9585156453091304e+00  -2.4041916388512347e-01   1.2093453374162837e+00  -1.0129551997462569e+00   7.8714253164189152e-01   8.3603582297924584e-01
   5.6326900000000001e-03  -8.5406052791078835e-01  -8.4276549234424336e-01   9.2549113858800736e-01  -1.6237453176983836e+00   6.2063892330546111e-01   7.4455885292947388e-01
   4.3601700000000000e-03  -1.8826059273295770e+00  -1.4953405318937425e+00  -5.7637074435542091e-01  -2.5829896182141610e-01   7.7423200617198984e-01   8.2961477729140576e-01
   4.7741299999999997e-03  -7.1850973399350682e-01  -2.2607132798453953e+00   4.2002372786783754e-01   4.1429842248343707e-01   7.6693497550818823e-01   8.2664262921491527e-01
   4.4438200000000002e-03   7.6482236697197115e-01  -4.0627819784946434e-01   2.0297032327221833e+00   1.1461853299172504e+00   7.8932738433933558e-01   8.3640053989474328e-01
   9.6097800000000001e-03   2.9953532468188104e-01   8.5917422130620136e-01   1.1074500134781740e+00   5.7302756279731053e-04   3.4674616605300485e-01   5.7217565353754174e-01
   7.6680300000000002e-03  -7.9527620240706642e-01   5.2592366753694963e-01   1.2852996146066253e+00  -6.8751679047089051e-02   3.5551725907211446e-01   5.7850927886705361e-01
   5.2415900000000000e-03  -9.6521940173584087e-01  -1.6823122659193508e+00  -8.6418185566813133e-01   1.0147410013849616e+00   7.1017830681820304e-01   7.9598814695007658e-01
   4.3882799999999996e-03   5.1118788342776145e-01   2.9643756147958451e-02   9.8958740284211422e-01   2.1939811092021344e+00   7.5243804322209018e-01   8.1643272015653545e-01
   1.0216180000000000e-02  -6.2222982299859542e-01   2.8465893201616244e-02  -9.9257528614668766e-01  -4.5973613336850749e-01   3.1687842071153488e-01   5.4732692879184608e-01
   1.0940739999999999e-02  -5.8853170239706754e-01   1.4567931316758584e-01   2.3256172807269124e-01  -1.0287700605896750e+00   3.1949386863710083e-01   5.4953056712096970e-01
   1.0460900000000000e-02  -4.5665315182042265e-01   1.0229198422143908e+00   4.6737184719551417e-01  -5.0871942150146998e-01   3.3280170703241402e-01   5.6066224150243960e-01
   4.4860400000000002e-03  -1.9801048763904197e-01   1.2656767448371391e+00  -1.2596634394153614e+00   1.6454917999774323e+00   7.4194316158255180e-01   8.1103168964257955e-01
   5.4024199999999998e-03  -4.8566369003432031e-01   5.6069302436013357e-01   1.6250615915699693e+00   1.3290376535201707e+00   6.0889817481853192e-01   7.3891380904928416e-01
   6.0129399999999996e-03   1.1778415246602933e+00   1.6072352012578309e-01  -1.8557204420178710e+00   2.7031302202339436e-01   6.4240233123268697e-01   7.5814390641049023e-01
   5.3156399999999999e-03  -3.7158657216728230e-01   1.1889917253025679e+00   4.5627555748720949e-01   1.8703952056896576e+00   6.5909718202943890e-01   7.6637965450120404e-01
   6.3627900000000001e-03  -1.7305172989683408e+00   5.9476632567332988e-01  -1.6727910975612595e-01   6.0537585125505344e-01   4.6310262529216084e-01   6.5088555364507494e-01
   1.0365320000000001e-02   4.9013951247322701e-01  -1.2170400841598819e+00   1.1416007922867828e-01   2.6664627479082770e-01   3.3865496965357794e-01   5.6544188712316290e-01
   1.0010410000000001e-02   1.2517465804564929e+00   5.3397577047991396e-01   2.8622154094550772e-01   1.4878032546477155e-02   3.4381253454335264e-01   5.6979002385782040e-01
   5.0834900000000004e-03   5.0205059445367028e-01  -2.2396244208630405e+00  -1.7927505014386208e-01  -5.6313474373229877e-01   7.2269764338429088e-01   8.0112449199264735e-01
   1.0627549999999999e-02  -1.3380327550777646e-01   6.1283944819121672e-01  -5.6759380198403631e-01  -9.2966759318412839e-01   3.2350053966140174e-01   5.5287510595338263e-01
   4.9393900000000001e-03   2.4724632820841452e-01   2.1587463336495372e+00   6.9687422667905036e-02   9.8350463105274621e-01   7.2316329997294526e-01   8.0188047208457436e-01
   1.0426520000000000e-02  -6.1908525175594031e-01   9.3735335992208602e-01   5.0753293785320797e-01   6.0137686959824066e-01   3.4637432714469407e-01   5.7206020186971862e-01
   1.2094239999999999e-02   2.7216053145556429e-01  -2.4086612608820770e-01   1.2472615700221169e-01   5.3086196436689848e-01   2.5309513041293846e-01   4.9044332984011496e-01
   5.3502100000000002e-03   1.6385589512081780e+00   2.8685853750071449e-01   8.3948836458765741e-01   1.3173576628804871e+00   6.5292805755488281e-01   7.6315551189665176e-01
   4.7579099999999997e-03   8.6111610971610839e-02   6.1206240464394190e-01   2.3397144121898314e+00   1.7366871014176427e-01   7.4319038616064792e-01   8.1328702270997544e-01
   9.5205700000000008e-03   4.6344456560889541e-01   9.1253143389456304e-01   3.8538893219754211e-01  -9.5990891254063426e-01   3.5236798053366120e-01   5.7683779911316224e-01
   5.0144400000000002e-03   6.9683601624560165e-01   8.2277832013406171e-01   1.8171396765104433e+00  -1.0852085071553046e+00   7.0484523852772241e-01   7.9356805039685829e-01
   8.3617599999999993e-03  -1.2170039587564414e+00  -1.3354742070423165e-01   8.2778051289060273e-01   5.8814621534849032e-01   3.6755974074906000e-01   5.8836418466664842e-01
   5.4503399999999997e-03  -7.2581651757336252e-01   2.1642827868892023e+00   2.4297404292706842e-01  -2.3060204748374921e-01   6.7842549891152859e-01   7.7899495179816292e-01
   4.4676899999999999e-03  -1.2343964702244719e+00  -5.4141392291201551e-01  -2.0346161446811410e+00   2.5323227335733645e-01   7.5464626076622443e-01   8.1846736815598908e-01
   4.8148499999999999e-03   3.7617753123757702e-01  -1.2671850534971283e+00  -1.2930841432644880e+00  -1.5439266448992603e+00   7.3020903036184315e-01   8.0680639714368851e-01
   5.3237900000000001e-03   7.8054474840913635e-01   1.6618861344408667e-01  -1.5042825910437285e+00   1.5577798896502342e+00   6.7717990435107578e-01   7.7629857961129123e-01
   5.0274300000000003e-03   1.9060782167176596e-01  -1.1280837034088320e+00  -1.9456180392481917e+00   7.4565822478839894e-01   7.1421944402501303e-01   7.9783465193143699e-01
   3.9775300000000000e-03   1.0105218251604446e+00   6.8406633463024547e-01   7.2296375646526012e-01  -2.0605484272275683e+00   7.5154501848547062e-01   8.1600679459895797e-01
   9.5323999999999999e-03   8.2547002543718262e-01   1.7750071505877332e-02   1.0835625729295069e+00   2.5497687364509608e-01   3.3389809721144326e-01   5.6128159645557285e-01
   5.0391300000000002e-03  -1.6375317919429715e+00  -1.3369852288076196e+00   1.0082318033117226e+00  -4.7860480388741866e-01   7.2808737247608268e-01   8.0604520780988498e-01
   4.9158600000000002e-03   5.7464799371909103e-01   1.9938141220988357e+00   1.1552994494377637e+00  -1.5684293908497932e-01   7.1151085468829911e-01   7.9631449929278009e-01
   1.1079660000000000e-02   8.1179604975161224e-01   4.8491717460302292e-01  -5.6474300726698734e-01   6.0869171675215361e-01   3.2687965121501528e-01   5.5631350680163993e-01
   6.2411300000000001e-03  -1.1977325658941720e+00   4.4791060661449295e-01  -7.9292387181549784e-01  -1.4228237424618637e+00   5.4418106760607887e-01   6.9989576637617024e-01
   5.2796400000000004e-03  -1.7990090091435533e+00   1.1890958719322506e+00   8.7646952336605843e-01   4.8928506818582095e-02   6.8933241401167422e-01   7.8364689213356953e-01
   1.0032120000000000e-02   5.1763105564678967e-02  -1.9769941371385541e-01  -1.2212162642220745e+00   4.3365344701291214e-01   3.2535476188790735e-01   5.5438444778496454e-01
   9.4229299999999995e-03   6.9571912815811865e-01   1.7884685097229590e-02  -3.6963035769297597e-01  -1.1329418616740621e+00   3.3185809909628461e-01   5.5960041033883412e-01
   5.4141099999999998e-03   1.6137923528970430e+00   1.4870974281148446e+00   2.4499066449641205e-01   6.7819538445081085e-01   6.8678313297699667e-01   7.8205764914688625e-01
   4.5767400000000001e-03   2.0270141979721221e+00   1.0083293302874781e+00  -9.7463452951512319e-01  -1.8218956629907340e-01   7.8135191505141832e-01   8.3211679052488541e-01
   8.1354099999999992e-03   1.4960722761935654e+00  -2.2262884449755069e-01  -7.4000760091064721e-01  -1.3081142473599008e-01   3.9693054537414685e-01   6.0972698606958309e-01
   4.9371700000000003e-03   1.8615889866376769e+00   3.9585843233852036e-01  -6.0333679271539176e-01   1.2279829195435850e+00   6.9202732072400297e-01   7.8328984273601465e-01
   5.8215400000000000e-03  -1.5662937817339277e+00   1.6359969152411119e-01   1.1704291436341421e+00  -9.4002104743098613e-01   5.9824933862086638e-01   7.3199729787280998e-01
   8.8665900000000006e-03   8.0978689036156082e-01  -7.1901740610447373e-01  -7.8696591210924882e-01   6.9388675812580058e-01   3.5366255136104657e-01   5.7758994471136837e-01
   4.6083100000000000e-03  -1.4483793559264306e+00   9.5707202321239604e-01  -1.5263133418434491e+00   6.9712032332763441e-01   7.2122437381071502e-01   8.0100534047159122e-01
   9.8853199999999995e-03   4.7599928576426342e-01   1.2387140204191633e+00   1.8606156026096721e-01   2.1846247991998191e-01   3.3684095137232212e-01   5.6365589919915593e-01
   5.5429099999999999e-03  -1.3262629594036499e+00   1.2272735839586293e+00   3.2794483935260482e-01  -1.3134518645820388e+00   6.4708696996069615e-01   7.6000063075762814e-01
   8.2484800000000007e-03   8.0883366504875853e-01  -1.0306067343494363e+00  -3.9604842984270117e-01  -7.8376055738574202e-01   3.6352366547076298e-01   5.8481818618517123e-01
   5.9162099999999999e-03  -1.0580980015437884e+00  -7.1098104784808069e-01  -9.4560794405576659e-02   1.7468780545917302e+00   5.9515957185215518e-01   7.3053482605341402e-01
   1.0938850000000000e-02  -1.1938904958561574e+00   2.9305155501412145e-01   9.4601656088324243e-02  -2.9874820193190743e-01   3.2877259130531045e-01   5.5761834984202441e-01
   5.7980400000000000e-03  -2.1048626835364775e-01  -1.7617210346004537e+00   1.2029384241689236e+00  -7.3536680830222256e-01   6.6963786400883774e-01   7.7261507937686913e-01
   5.4396899999999996e-03  -5.4640091617224573e-01  -1.2348510334892406e+00   1.8341648304396982e+00   3.8323707985679273e-01   6.8663382596009004e-01   7.8293495692779236e-01
   9.2559400000000007e-03  -4.6579551454686652e-01  -1.4154088121111186e+00  -4.4139637523581847e-02  -2.0306586971127874e-01   3.6222488807189690e-01   5.8428272173514972e-01
   4.6763000000000004e-03  -1.3280624232199562e-01   5.4398838188123899e-01  -2.2675282406953841e+00   6.4408854104387780e-01   7.3758465661741091e-01   8.0960831891258112e-01
   5.4987999999999999e-03  -8.9324075532078484e-01   7.5605334732494711e-01  -1.8782319027765255e+00  -6.6097887409082645e-01   6.8885485469521912e-01   7.8376044009481527e-01
   1.0893060000000000e-02   8.0418290591943845e-02  -8.1241992465836943e-01   3.7173708203340999e-01  -8.1255753590451629e-01   3.1700991595335754e-01   5.4754804445522509e-01
   4.4554800000000004e-03  -1.3199348706062057e+00   1.7929035695507323e+00  -1.3108901652655164e-01   9.7596955419112152e-01   7.3369357314692230e-01   8.0623008569335952e-01
   4.5274699999999996e-03  -6.3650564628442741e-01  -8.1437091820223373e-01   1.4180013664054245e+00   1.6962858573552511e+00   7.4676156895906209e-01   8.1335052109969574e-01
   5.1328299999999997e-03  -5.4943801790933255e-01   5.3172064026321630e-01   1.1679337043492393e+00  -1.8878545192057326e+00   7.0877687995212590e-01   7.9269147199421075e-01
   1.1449549999999999e-02  -2.8852740150215123e-01   1.0595745311749645e-01   5.7190427981091896e-01   1.1416410722582042e-01   2.4713623159932602e-01   4.8447639037704970e-01
   5.3843500000000004e-03   9.6291434546212951e-01   1.1884947635796261e+00  -7.1353227154577770e-01  -1.5839018831806455e+00   6.8630434979984467e-01   7.8187704320896312e-01
   4.4821899999999996e-03  -2.0331479970026614e+00  -4.5201978667215215e-01  -7.8258984743133941e-01   1.0499160003422088e+00   7.6579109689595537e-01   8.2277691195415636e-01
   8.9127100000000008e-03  -1.4902461161232022e-01  -1.5280993137529428e-01   1.3702030838324326e+00   5.2157584333110718e-01   3.5126278341039896e-01   5.7517516104753319e-01
   5.0734800000000000e-03  -1.1346718120858796e+00  -7.7470531617858462e-01  -1.4727103418174456e+00  -1.2552206311111873e+00   7.1910350828532288e-01   7.9957634133885358e-01
   5.4655800000000003e-03  -1.5815542493145200e-02  -1.5319929033088955e+00   3.3130094317739878e-01   1.6864371995658174e+00   6.8148767336498972e-01   7.7976654480801988e-01
   1.2893440000000001e-02  -3.5480148077570023e-01  -4.1280580299420727e-01  -1.5444717994903395e-01  -1.2686331935821740e-01   2.5445388833283611e-01   4.9187497394450513e-01
   5.1688899999999998e-03  -2.3014243059611525e-01   7.9669600092988346e-01  -1.7185281068789923e-01  -2.1275061221588563e+00   6.5329956167904468e-01   7.6228444590600042e-01
   5.3808199999999997e-03   7.6064301100598641e-01  -6.7931736353729921e-01   2.0625639034110259e+00  -3.6641253570343424e-01   6.9284366120280660e-01   7.8682731610093171e-01
   8.3175899999999997e-03   5.2954912353936601e-01  -7.1662364854693916e-01   8.3195766486943801e-01   1.0464847319835540e+00   3.7313820637315126e-01   5.9219777009903563e-01
   9.7974700000000008e-03  -5.9335989125999612e-02   7.4422414219700347e-02   1.1914816780608655e+00  -7.5193301996751283e-01   3.4431195158653427e-01   5.7032012272840438e-01
   6.0174000000000000e-03  -1.8955153728672551e+00  -2.8522534057772095e-02  -9.8634052812749906e-01  -3.6562891861534536e-01   5.9397081344504910e-01   7.3096085494981533e-01
   1.1457670000000000e-02   5.1097994388136248e-01  -2.4727741080444102e-01  -4.3382743108996541e-01  -1.3802588931284385e-01   2.5471316816478945e-01   4.9163234039698067e-01
   9.0507699999999996e-03  -1.2544107902815762e+00  -7.0588066437337560e-01  -9.0654815050945137e-02   3.3330683059565919e-01   3.4838546368360812e-01   5.7347318751098841e-01
   1.0258959999999999e-02  -7.3371610818510669e-01   8.2801655841679811e-02  -6.0240508661945316e-02   7.3253407436407103e-01   2.7925940011538325e-01   5.1390164474257582e-01
   9.6185500000000000e-03  -2.6876564334777760e-02   2.3510116509051646e-01  -6.0767903449243654e-01   1.1954481790020655e+00   3.2991373156104464e-01   5.5827039509816734e-01
   9.0700099999999999e-03  -2.3048173243322126e-01   1.1452549960246508e+00  -4.1332505303800354e-01   8.0217445323476988e-01   3.4901632501251728e-01   5.7406507978435029e-01
   9.4007599999999993e-03  -9.2789810253552873e-01   1.0340138582855036e+00  -5.4206643241111407e-01  -1.5068708815636223e-01   3.6068538807403228e-01   5.8349848612625987e-01
   8.3620299999999995e-03   9.2817831072891832e-01  -4.2463700669423251e-03   8.5631275300987320e-01  -8.8803524659056221e-01   3.5837946796096848e-01   5.8071077061000265e-01
   9.8973099999999994e-03   8.8041200467327851e-01   7.8576856461328981e-01  -6.1804772762861604e-01  -3.9204318546561412e-01   3.3946701991542849e-01   5.6628560265758887e-01
   4.9784199999999999e-03   1.6019234926157910e+00   7.2200531919395528e-01   1.6152251217001685e+00   1.2013171809351662e-01   7.2354729065441803e-01   8.0299049467760808e-01
   4.6359499999999998e-03  -1.6756073117646673e+00   4.3939746779401889e-01   7.9917735174255333e-01   1.5642898318188543e+00   7.9505605932407974e-01   8.3856982045350326e-01
   5.3785999999999999e-03  -1.1543524430040939e+00   5.9591997778875716e-01  -5.1300447449580311e-01   1.6841172095097454e+00   5.8373425225759623e-01   7.2257340577626405e-01
   1.0231930000000000e-02   2.9126527424438653e-01  -7.9732476933462348e-01   9.6955377841019852e-01  -9.8161363953187059e-02   3.2563505750094573e-01   5.5451408115494594e-01
   3.8894200000000002e-03  -2.0440266271323337e+00   1.3493613964519762e+00  -6.0518685170805864e-01  -5.0772225130827753e-01   8.3760014305957042e-01   8.6002692576620210e-01
   5.3200200000000000e-03   3.4392629738218869e-02  -4.7427403936200019e-01  -2.2249877304306449e+00  -5.9412070891918356e-01   7.0975705376286757e-01   7.9612938499201058e-01
   4.4295599999999999e-03   4.1654806836494984e-01  -1.1117558222589699e+00  -9.8462753156669813e-01   1.8531103450055364e+00   7.0836873913155007e-01   7.9243134788905201e-01
   5.0954499999999996e-03   1.1663041716912759e+00  -1.3376842957303616e+00  -1.5217082380547231e+00  -2.7581699207400273e-01   7.0136398299351554e-01   7.9079766764955595e-01
   5.2923600000000003e-03   1.6195921661746262e+00  -1.5890354291006341e+00  -8.5806914014054048e-02   2.3870919988784076e-01   6.4971201821686853e-01   7.6232099413703380e-01
   1.0199450000000001e-02  -7.7582985693125861e-01  -5.9733015717087634e-01   8.5506224622537241e-01  -3.4324689314822410e-01   3.3335658129761270e-01   5.6148707982423940e-01
   4.6988799999999999e-03  -6.4368134987773029e-01   1.7243114875809775e+00   1.3811738261977373e+00   6.9892579739708982e-01   7.2626326494158011e-01   8.0276111555036433e-01
   7.8821499999999992e-03   6.6415951647904259e-02   1.4489629239642681e+00  -4.5378112450338365e-01  -3.8142756095260227e-01   3.5321433707540750e-01   5.7646434839935023e-01
   3.7611500000000000e-03   1.9135973062289000e+00  -8.5260772341030933e-01  -1.1952498697027381e+00   9.0975679486946170e-01   8.3603058103367334e-01   8.5904289845257220e-01
   4.9297799999999999e-03  -8.6971832967928686e-01  -1.7838318187705684e+00  -1.8738232108454611e-01  -1.2852256703361506e+00   7.1494161307753812e-01   7.9725744283735189e-01
   4.3061899999999997e-03   1.4769821529958211e+00  -1.1714831740278919e+00   2.6034682230734146e-01   1.6527071417980095e+00   8.1992111259707312e-01   8.5182588921204627e-01
   7.6156000000000001e-03   7.2584067802833840e-01  -2.5590984937851768e-01  -1.4198279335970337e-01   1.5209639286582792e+00   3.9706294240926476e-01   6.0847951066196226e-01
   9.0944100000000007e-03   1.5407501797924419e-01  -1.0675590491363867e+00  -9.2314155080026428e-01  -1.4939632917404022e-01   3.3777812360049642e-01   5.6438124688378544e-01
   9.4001699999999994e-03  -8.9205432793005557e-01   1.4182665462990121e-01  -9.3219930621765712e-01   5.1202368574810453e-01   3.3607932001055313e-01   5.6330279221235879e-01
   1.2318780000000000e-02   3.4179882999534861e-01   1.7622989084480212e-01   2.6443545485833592e-01  -3.8931132242706729e-01   2.5340771867919787e-01   4.9055172289141868e-01
   7.3824800000000003e-03   1.7004475014682305e-01  -1.4708759913090261e-01   3.8265162960456028e-01  -1.5933292614910595e+00   3.6720019315441321e-01   5.8684605692185365e-01
   0.0000000000000000e+00   0.0000000000000000e+00   0.0000000000000000e+00   0.0000000000000000e+00   0.0000000000000000e+00   4.9973902292542804e-01   6.6332358108119183e-01
