   6.2681400000000002e-03   1.5662242292982376e+00   7.7393193230853519e-01   6.4503629077524416e-01  -1.1456051127852196e+00   3.0498418915721465e-01  -3.3824586648686200e-01   1.5981285856156817e+00
   5.9450500000000003e-03  -3.3512076428916543e-01   4.3784547592558848e-01  -1.7913968852313324e+00   9.1637666804682416e-01   6.1116438448520931e-02   8.9941941078635046e-01   1.6344984798746474e+00
   6.2423699999999997e-03  -8.3860598664812003e-01   5.1734365077226663e-01   8.2702815991437550e-01   6.0138251777175089e-01  -1.3678528835911292e+00  -1.0137679281801524e+00   1.5723855079569355e+00
   9.7065999999999993e-03  -2.8293903391001995e-01  -7.5099182462887670e-01   1.9466872217833361e-01   3.0870573227894632e-01   2.6757713140244943e-01   6.6995234886183808e-01   8.6620808939512994e-01
   6.7583200000000000e-03   5.0908570026704070e-01  -5.8886648559717591e-01   2.9039980051349390e-01   7.7335514958084151e-01   1.8529422899165744e+00  -9.7363134946334747e-03   1.5565158031875903e+00
   6.1912299999999998e-03   1.0811176836174521e+00   5.7080278820691766e-01   1.4339550646226722e+00   3.4195121777733867e-01   8.9310634165497216e-01  -6.7247735297335642e-01   1.5747156880905240e+00
   5.4688499999999999e-03   4.1676319746035545e-01   4.5296970626228283e-01   7.2704364594585180e-01   6.5564347590146765e-01  -2.8070102713191447e-01  -1.9644371911820229e+00   1.6219977127927510e+00
   6.1363199999999998e-03   9.8540859321113639e-01  -7.0874187408937986e-02   1.3251968965884311e+00   4.5486922975453975e-01   9.3456618589977258e-01   1.0680695496552624e+00   1.5821661600513717e+00
   5.0836700000000002e-03   2.0670480839684187e+00  -9.5155044700649796e-02   6.5876025278282721e-02   1.0271582728670627e-01  -1.5917101619590347e-02   1.1810779126392779e+00   1.7322549523316857e+00
   5.7319399999999996e-03  -6.1234234140488245e-02   1.2100817581658312e+00   1.5732973791507170e+00  -8.8917386873581139e-01   7.8744026279010981e-01   3.7801819047225321e-01   1.7119703419920200e+00
   6.1516299999999999e-03  -1.1989911860426836e+00  -6.8307527420440728e-01   1.2834966762449849e+00  -6.7706952979463997e-01  -7.5113407024411061e-01  -4.8542869352736062e-01   1.5427449922145211e+00
   5.8756199999999998e-03   1.7323175296800475e-01   1.1937274633538495e+00   2.9926570946121785e-02   1.6565691589214933e+00  -4.4389322957901833e-01  -8.7414320205584528e-01   1.6167123100443430e+00
   6.2729900000000000e-03   1.2862390621722906e+00   1.5488540712244085e+00   4.4517556282931742e-01   4.4345322362753842e-01  -1.9056490551722469e-02   7.3352713773882783e-01   1.6033556086721830e+00
   5.7413700000000000e-03  -2.7623863729551462e-01  -5.4673541320689445e-01  -7.9315593860730405e-01   4.7329772540179155e-01   1.4318939964181243e+00  -1.4113734751909464e+00   1.6416380882769499e+00
   6.1511500000000002e-03  -1.5078822225854989e+00   6.9059974324706674e-01   3.2249956810919622e-01   1.4404869301669041e+00  -2.3931087153006524e-02  -2.6322727005481972e-01   1.5928918078439611e+00
   5.9892399999999998e-03  -5.6391658549784751e-01  -6.2370435157825244e-01   8.3593953580709623e-01   1.6726116243204459e+00   5.3262383512398714e-01   1.0223767924633174e+00   1.7532975782064371e+00
   4.7258400000000002e-03  -2.5402218746834171e-01   1.0015952836537849e+00   1.2628442035054799e+00   3.5381049099780709e-01   2.0553651962754705e-02   1.8699652166357768e+00   1.8986831483534234e+00
   6.0482000000000001e-03  -1.5966685732578125e+00   1.8211301869759505e-01   1.3585331291277045e+00   1.8995471364397892e-01   2.8229163050570466e-01   6.4703188015180457e-01   1.5645660517660349e+00
   6.3046800000000000e-03   8.1966427542646303e-01   9.0288602819004493e-01  -2.1384613744960199e-01   7.5360341155358057e-01   1.2912636778985924e+00  -1.0581082026099358e+00   1.5713093111899241e+00
   6.7572300000000004e-03   9.6171090215315747e-01   1.7077531938056151e-01  -7.7055307582328203e-01  -8.8509092634805697e-01   1.3314323993277122e+00  -7.4720944501375663e-01   1.5418956379282236e+00
   4.8106800000000003e-03  -1.0661175117109339e-01   4.1942232418751840e-01  -7.5656325011593017e-01  -1.7970018944300106e+00  -9.3444624267698839e-01   1.0301369833036589e+00   1.7593393783967695e+00
   6.7091399999999997e-03  -4.1970334265369208e-01   1.1331810657452415e+00   8.9918945689617868e-01   8.6202744704953604e-01   1.2855898070485170e+00   3.6550588664239031e-01   1.5792853195633336e+00
   6.4992200000000000e-03   9.7919926434268911e-01  -7.8327086316947114e-01   5.5128473596498639e-01  -2.0560262857044079e-03   9.2929345688877463e-01  -1.4084292854724718e+00   1.5449590673857199e+00
   6.5599700000000000e-03   1.4513883973260369e+00  -4.2169577649107565e-01   2.4989328721083687e-01  -6.2746406140981881e-01  -6.3486232006306853e-01  -1.2767767797848615e+00   1.5550323780928430e+00
   1.0187890000000000e-02   4.5121314233386813e-02  -6.6235347727991375e-02  -3.8916391103053743e-01  -5.7305750021219559e-01  -2.5010540258782238e-01   8.0052974395836218e-01   8.6027195239217180e-01
   6.2075899999999998e-03   1.4930301371688990e+00  -8.4122213870936768e-01  -3.0768142936043819e-01  -1.3861833347036925e+00   3.3964884049878172e-02   1.9307628432753773e-01   1.5973984202080371e+00
   5.9583300000000004e-03  -5.9812630410449918e-01   6.4572246996581961e-01   1.7116202355438108e+00  -4.5836874055120547e-01  -1.0280348733902798e+00   2.1104486420556115e-01   1.5883729468967227e+00
   5.5369099999999999e-03  -2.7848215483895528e-01   1.0852321961341505e+00   1.5458795435074616e-02   1.6399131586141560e+00  -4.3088019894287849e-01   1.1521560053862834e+00   1.6913230957755905e+00
   6.5283399999999997e-03   1.4965629168649004e+00   1.2472661694817211e+00  -4.4399838484472420e-01   1.4058435036058037e-01  -2.2777606152898100e-01  -9.2795746962452907e-01   1.6029567374604372e+00
   9.6530200000000000e-03  -4.8338410801071346e-02  -9.2188762852792161e-01  -8.3641489925971424e-02  -5.9415336564295740e-01   1.9253936083319173e-01  -2.8498063663305312e-01   8.7011140076045923e-01
   7.0355799999999996e-03   5.7847291577313997e-01   2.1787994227306179e-01  -6.1775206233916524e-01   4.1512851157520997e-01  -1.5875726080304997e+00  -1.1361388647020227e+00   1.5826499842692963e+00
   6.1304000000000003e-03  -8.6874938672894697e-01   1.1296895216434091e+00  -1.9130111654335361e-01   5.4654226785884641e-01   8.8596350658177769e-01  -1.3607567458431480e+00   1.5886449943362335e+00
   6.0000299999999999e-03  -1.0040933887181818e+00  -9.8922389193124760e-01  -2.6377940526391652e-01   1.8631836101820301e-01  -1.6078737671357008e+00  -6.4156311236246943e-01   1.6072498482232669e+00
   5.6337000000000002e-03   2.3540217961255944e-01  -4.5887032726094684e-01   1.8348895210412557e+00   3.6514547765475608e-01  -5.1871517449147631e-01  -1.0169567330811717e+00   1.5755042585351899e+00
   6.2935100000000004e-03   1.1003236457318039e-01  -4.1796543464975222e-01   4.0951261027689556e-01   1.7502053068732668e+00  -1.2313354176161129e+00  -3.5551558061807703e-01   1.6315715822180921e+00
   6.3220799999999999e-03   1.5993631778037645e+00   3.1279712358764794e-01   8.1693106546231631e-01   8.7230779696926009e-01  -6.9407015401077510e-01  -5.5644710679185660e-01   1.5746900815760936e+00
   6.1503100000000000e-03  -4.8043386419992501e-01   1.4565980527997220e+00  -3.9369323129673123e-01  -6.2642496646433149e-02  -7.6022059564097766e-01  -1.3932679966559072e+00   1.5953254224087949e+00
   6.6291400000000004e-03  -1.0136459331847083e+00  -3.2389149845364083e-02   7.1267479929441468e-01   8.7016638705770744e-01  -1.3317636767499306e+00   8.0700233254678233e-01   1.5412682025891333e+00
   6.1602799999999997e-03  -1.9774651964240325e-01  -6.4012718338197638e-01  -6.8400595131115749e-01   1.0080471350444224e+00  -7.0671253935639311e-01   1.5647483941089526e+00   1.5706298168903490e+00
   6.7408199999999998e-03   4.3878714214521991e-01   3.9038369819641550e-01  -3.5390834176821878e-01   9.5234349988242029e-01   1.0320134578656524e+00   1.5222334742189689e+00   1.5705019781236123e+00
   6.1498899999999999e-03  -4.8128976494525195e-02   6.7243414247989297e-01   1.6746380493563999e+00   1.3353177074639959e+00  -3.4093662966124327e-01   9.0209919880518602e-02   1.6361256394955770e+00
   6.0456299999999998e-03   4.1596095357524460e-01   1.2067272120450423e+00   5.1643804260047277e-01   6.7765059849370457e-01  -1.6583270178600735e+00   2.6653721466976038e-01   1.6361351502346024e+00
   6.1613199999999996e-03  -1.2433288747387281e+00  -9.6127710367875319e-01   1.0574336111674580e+00   9.7663118069206789e-01  -3.2485767934417459e-01  -5.6169313639325957e-01   1.5928202547712351e+00
   6.0785600000000002e-03   9.2509680425017415e-01  -1.1368810971480321e+00   1.1416903843239037e+00   1.2319633669406693e+00   1.7491381655817262e-01  -1.3829541965242811e-01   1.6064138649603035e+00
   5.7148199999999998e-03   8.7017417543534692e-01  -5.5657474235276194e-01   8.5570257804787586e-01  -1.1198890423465373e+00   1.5121503429722702e+00   1.2807999102889162e-01   1.6793685070635735e+00
   6.1518600000000003e-03  -8.5124773142975474e-01  -3.6195331427147276e-01  -4.5875191019515466e-01   1.1975385244146346e+00  -3.7092507993245177e-01  -1.5518955216002304e+00   1.6130034322974984e+00
   5.4206999999999997e-03  -6.3302198456106662e-01   2.7963874477579237e-01  -4.7835819300228799e-01   1.6231878274100282e+00   1.3639523890329799e+00  -4.7547816454620348e-02   1.6015761755511215e+00
   6.4059399999999997e-03   1.4536708949053492e+00  -2.7422587825110711e-01  -1.4660255458445222e+00  -1.9844174053260394e-01  -2.2276601226859202e-01  -6.8189437631657279e-01   1.5819544274559929e+00
   5.6927400000000000e-03  -2.3513754552768593e-02   1.8010405608405120e+00  -6.1811755175332228e-01   1.0432809980815418e+00   6.8076901645006616e-01   1.3827826196371690e-01   1.6120853771070880e+00
   5.6937400000000001e-03  -6.6059130777647379e-01  -4.6223100907516934e-01   7.0746279840351678e-01   8.6393370048848867e-02   1.6915452941151510e+00   1.0768119313867213e+00   1.6283121898688304e+00
   5.8981700000000003e-03  -2.4259361243980632e-01  -1.6576177793773379e+00   1.0417349918126622e+00  -3.3427563945807828e-02   9.2144781995331471e-01  -5.9492282343693648e-01   1.6168050870367647e+00
   5.0286899999999997e-03   5.3712240606813866e-01  -6.3931255191553693e-01   1.0776150053183340e+00  -1.0096950316803130e-01  -2.0483841015221174e+00  -2.5755018853592426e-01   1.8638724575444934e+00
   6.3914899999999997e-03  -3.3961638789412252e-01  -2.7996104302210401e-01   2.6525381724051406e-01  -8.8348386261114376e-01  -1.0495242210275217e+00  -1.6444783262707074e+00   1.5626696001032845e+00
   6.3527699999999998e-03  -3.5694362462106755e-01  -1.6638540682338334e+00  -2.8056001901944494e-01   1.1693218808589925e+00   6.2083400805367184e-01  -5.2012075382063749e-01   1.6134331998097442e+00
   5.9706600000000000e-03   1.2821803575351109e+00   4.8208233183535465e-01  -9.7639944992793526e-01   1.3508597359334613e+00  -7.7225112864120538e-01   3.1290796399053439e-01   1.7046294371865933e+00
   6.1785000000000000e-03   3.9679679663441247e-01   3.9986973753843724e-01  -1.8388426006812959e+00  -3.0395151079923965e-01  -1.0727948950682920e+00   2.2100718812134140e-01   1.6025677171425876e+00
   6.0141300000000003e-03  -6.1217588007575308e-01  -1.1204338275586334e+00  -9.6653816125060843e-01   7.0765950845740055e-01   1.1547618130281625e+00   9.4510052576446424e-01   1.6771312811019774e+00
   5.8467099999999998e-03  -1.6337095556141515e-01  -9.8190249290919451e-01   1.7263321088028616e+00   4.3384726659640105e-01  -5.8200406569958119e-01   8.1680852299571893e-01   1.6203493403675495e+00
   6.6152900000000002e-03   8.7899297958236655e-01  -1.3431211016491726e-01   7.0423665788419298e-01   1.1566406696796492e+00  -8.3567838816093920e-01   1.1609655729847750e+00   1.5316863675297065e+00
   6.6121000000000001e-03   4.2607332999528519e-01  -9.8714388042809320e-01  -7.5848616061499252e-01  -9.4277153896747290e-01  -1.4572647369553151e+00  -3.5047497016981843e-01   1.5857957943127590e+00
   6.0356799999999999e-03  -5.3475741868811222e-01  -1.0990212394185990e+00  -4.4119796999145222e-01  -8.5657387106529781e-01   1.6568124845009538e+00  -1.1750009100287546e-01   1.6466140141508143e+00
   5.1675499999999999e-03  -2.2318354555694070e-01  -1.5894567605338833e-01   9.3475984391700229e-01   1.5945407430042411e+00   9.6421112445663204e-01  -1.2273883500188378e+00   1.8251492781314396e+00
   6.2085400000000002e-03  -7.8346515789341964e-01  -6.5233596013823092e-01   6.3954384158190680e-01  -2.3641190381869764e-01   5.2154250903145971e-01  -1.7635106803332059e+00   1.5708550179214382e+00
   5.5411699999999998e-03   1.5837271785891927e-01   1.0795244436573272e+00  -1.6521903303436185e+00  -3.1707435844431980e-01   5.5917333659529855e-01  -8.9486611171574593e-01   1.5893529604217658e+00
   6.0819200000000002e-03   1.3988970690327862e-01   1.8699680012699416e+00  -2.3765909373051958e-01  -7.9664853163154326e-01   7.9879305700607484e-01  -3.9877142014577283e-01   1.5994356114286099e+00
   5.3654200000000001e-03   4.5793454946020419e-02  -1.4314920670473812e+00  -1.0574647664807821e+00  -4.5752487808684533e-01  -1.1429007963658472e-01  -1.4443378271049001e+00   1.6836294448018012e+00
   6.2586400000000002e-03  -9.8544360155274535e-01   7.5619765270469763e-01   1.4490020530076153e+00   1.2630525764982120e-01   3.3073407508587988e-01  -1.0351251856420525e+00   1.5534442090532192e+00
   5.7093200000000004e-03   1.3406503472705507e+00   8.5381617695823775e-01  -9.6292930400534060e-01  -1.1591937447878931e+00   1.3812432769014549e-01   5.9617251241881297e-01   1.6167752638105355e+00
   6.1863200000000004e-03  -2.1504671924160798e-01   1.6523558973559058e+00  -3.0895453223200448e-01  -3.6401064835486963e-01   4.7130602846781666e-01   1.3076913577506748e+00   1.5859616177506555e+00
   5.5345200000000002e-03   8.8289888910193104e-01  -1.4001746400042154e+00  -9.1194904586116021e-01  -1.0497553261734224e-01   1.1406406472958235e+00  -3.6767755821444187e-01   1.5650278963151758e+00
   6.2135999999999997e-03  -2.7980464637185576e-01   3.6496216927550146e-01   6.3350498725618831e-01  -4.1966856978961531e-01   1.9239676098817133e+00  -7.9274953259438663e-01   1.6394029176608487e+00
   5.2395200000000001e-03   1.1950425978376091e+00  -1.8949844466997277e+00  -2.0214514414988519e-01   4.7222381863132608e-02  -1.6519038235521294e-01  -3.7156309273137383e-01   1.5890999940978840e+00
   5.8759800000000003e-03   7.8873496472437499e-01   7.9388259670138261e-01  -6.3765388647977417e-01   1.5030130959284196e-01  -6.3057432263262381e-01   1.7323201582784082e+00   1.5961440235406164e+00
   4.4464600000000002e-03   3.0675103439667301e-01   2.0878788263347392e+00   1.1155489321669703e+00   3.6075426933523980e-01   7.7499435802095742e-02  -6.6795757316618520e-01   1.8723688084418857e+00
   6.2555700000000002e-03   9.3009488197539225e-01  -1.2079197394628096e+00   5.3199053430969845e-01  -3.9249219548058145e-01  -8.3048406356750482e-01   1.0181675824014558e+00   1.4562607616173966e+00
   6.2510600000000001e-03   9.4914662496410906e-01   3.5816144996765892e-01   5.3533549720322327e-01  -1.2119738817969505e+00   2.2163265732521031e-01   1.4663378348487870e+00   1.5984068419628741e+00
   6.3394200000000001e-03  -1.0934996389708360e+00   1.7566014314793479e+00   5.2670573415834343e-01   2.1761399283465255e-01  -5.8204395339223203e-01   2.5393740861231795e-01   1.6143129960728309e+00
   5.9314900000000002e-03  -1.5855781886322482e+00  -9.0014638621874554e-01  -4.8874385553071203e-01   1.0549644037491912e+00  -3.9337496322058502e-01   4.8768502305682104e-01   1.5974479122258372e+00
   6.4542899999999997e-03  -1.0872204055123817e+00   5.5753854128284785e-01   5.7956153312063652e-01  -1.3512691214740524e+00  -2.7710277519319515e-01   9.6975634134896005e-01   1.5223213876851069e+00
   6.3658899999999999e-03   1.0986963354490358e+00  -5.3949174425618940e-01  -4.6845002678889980e-01   1.3831708187764373e+00   8.0969777102365623e-02  -1.1883073504775123e+00   1.6157712710071650e+00
   6.5948400000000003e-03   8.4179819975512826e-01  -4.0380658755413684e-01  -7.2191289123958768e-01  -6.1954144581821025e-01   1.3800734602109577e+00   1.0264669296793967e+00   1.5619037538910896e+00
   6.9213299999999998e-03   4.3891384574446157e-01  -1.7319192974966158e-01   7.4730710728330785e-01  -1.7781285257243373e+00  -8.8861192786300480e-01   8.1645948873909066e-02   1.5776646438103812e+00
   9.5728099999999993e-03   4.8344222473171189e-02  -3.2438504189845271e-03  -2.8402937687731383e-01   1.0740053227094887e-01   1.3358146642214086e-01  -1.0598970169062929e+00   8.5077190214187326e-01
   6.9565800000000004e-03   1.4906608089331890e+00   4.4526824489222677e-01  -1.4582120902643725e-01  -5.7517901281053552e-01  -1.3623837982677005e+00   2.7733332866899002e-01   1.5656804574548262e+00
   6.4583699999999997e-03  -1.7150942006339386e-02   5.6121873728919691e-01  -6.4571365782351800e-02  -1.9928631793867648e+00   8.5401406157073811e-01   1.1008986624370180e-01   1.6345923420678685e+00
   5.6920399999999998e-03  -1.3263887583222433e+00  -4.4371132863112611e-01   9.0667738380855734e-01  -1.3556142812161531e+00   8.8283819651892093e-01  -2.5721951243834990e-01   1.6960098886488006e+00
   1.0055649999999999e-02   2.6093616641815703e-01   4.0528469487225838e-01  -4.4974843468112530e-01  -7.8220259381482138e-01  -2.9442480491915884e-01  -3.5864584976072111e-01   8.6515184634895204e-01
   6.0844899999999997e-03  -1.4841911482775169e-01  -6.2396737625344079e-01   1.5893387526700227e+00  -1.0420233600325863e+00   1.5954950645865479e-01   9.8448078198216715e-01   1.5956643390108831e+00
   6.3483000000000003e-03   3.4488514708744644e-01   1.5856683017063258e+00   4.4975121867012419e-01  -1.0922309879177945e+00  -6.9806532610335570e-01   5.1700515364044120e-01   1.5474080696773851e+00
   6.2449899999999997e-03   1.0723695620524676e+00  -7.4284955175562706e-01  -1.4629744012332990e+00   1.5819387667686388e-01  -2.1494924930329333e-03   9.1966303050852982e-01   1.5242247965720592e+00
   6.3762799999999998e-03  -1.0990409007504658e+00  -5.2445136172012063e-01  -1.4702166153827660e+00  -3.5674352195673453e-01  -8.5723704619414132e-01   6.2874007455836411e-01   1.5872720021937488e+00
   5.7232200000000002e-03  -3.0935494569151922e-01  -3.5902266845791803e-01   1.9569277153171589e+00   2.8383165138709943e-01   9.9699902270759078e-01   2.4063868265849532e-04   1.6034848204827292e+00
   6.0038499999999998e-03  -1.4475041411806020e+00  -1.4558979521505833e+00  -5.0104663536857730e-01  -3.0340187213737801e-01   5.8905776276545363e-02  -7.1229040908397678e-01   1.6183458829423123e+00
   5.0275299999999997e-03   6.2352432729405860e-01   7.5593526732021521e-01  -8.0585357815756153e-01  -1.7087907849416442e+00  -7.5996397589299647e-01  -1.0313001224346825e+00   1.8749222069554403e+00
   5.9024300000000002e-03  -1.4563271217530263e+00  -2.3497765226183587e-01  -1.3381940495790534e+00   6.9242789103713909e-01   4.9401229087178988e-01  -4.8438484053395797e-01   1.5641763066178342e+00
   5.5528299999999999e-03   6.4931582008563282e-01  -1.7597067127959192e+00   4.7666109692959563e-01  -9.7611198938536717e-02   8.9862978786438463e-01   8.7513716432105271e-01   1.6620114099382526e+00
   1.1311979999999999e-02  -9.8123254648892300e-01   9.5602781009482052e-02  -3.2942570577772037e-03  -9.4392752746529751e-02  -2.7111740477050128e-01  -1.2509595985835331e-01   8.6378561163566603e-01
   5.9189500000000001e-03   1.0035976401916167e+00  -1.1236560151797808e+00  -3.5012326749904604e-01   1.3744776669363088e+00   3.4200834797805901e-01   8.0656071682635244e-01   1.5999697910209740e+00
   6.3706099999999996e-03   9.7431705982307137e-01   1.0186409456468983e+00   2.5045643535491185e-01  -2.3517507056057430e-01   1.5776995807065743e+00   5.2743775536109361e-01   1.5802664249739173e+00
   5.3805700000000003e-03  -1.3700462323253280e+00  -1.6158087781454622e+00   6.2224981891514564e-01  -2.1375765235100774e-01   3.0591920829175639e-01   6.8750143434013389e-01   1.6822146547986494e+00
   5.9770099999999996e-03  -2.0486317652575650e-01  -1.0932856710284531e+00  -3.7836370576372113e-03  -1.6601732343278390e+00   3.8595880642308339e-01   1.0147034404209363e+00   1.6390217288928397e+00
   5.5922100000000002e-03  -1.1015109062855439e+00   1.2031008734241340e+00  -8.6034950713764125e-01  -1.2092522824759615e+00  -4.5975985685917559e-01  -7.9651486405363403e-02   1.5808663770331404e+00
   5.5543900000000002e-03   3.3978694823362260e-01  -8.0727139897660882e-01   5.7375011805181356e-02  -1.7415426509804004e+00   5.2545007601405003e-01  -1.1914800481974419e+00   1.6992775299638456e+00
   6.7891200000000001e-03  -1.5979904864381533e+00  -2.9310081809247496e-01  -7.5580972366456167e-01  -8.2931959219935725e-01   6.5256805989645628e-01   6.0009758723858764e-01   1.5617386603983201e+00
   5.7908100000000004e-03   7.5157518855507055e-01  -2.0957390055631112e-01  -1.3642178071220812e+00   1.1314699374892794e+00   1.1124297118192805e+00  -1.1338205053260327e-01   1.5667425975119251e+00
   6.0849500000000004e-03   1.0993979981531556e+00   4.9779355934170189e-01   1.6700581835091082e+00  -2.6302642083545352e-01  -5.7363069260316923e-01   5.2148700273954973e-01   1.5686917141315309e+00
   5.8048400000000003e-03   3.2792986308477579e-01   1.8600044684072572e+00  -9.5764938510009479e-01   1.1092481516010132e-02  -9.2961095474662458e-01   1.4202858733066220e-01   1.6877602849274460e+00
   6.0096000000000004e-03  -9.8177620777109154e-01   6.1314664218820680e-01  -9.4802103216877187e-01   1.0571694262660098e+00  -1.3914742137060447e+00  -1.6581529202093320e-01   1.6842272243651770e+00
   1.0316010000000000e-02   7.7158287495045400e-02   5.5077454378442225e-01  -4.5179448849498005e-01   6.1223461012967140e-01  -4.5518502655740317e-01   2.0732873244367839e-01   8.5942097935456363e-01
   5.0947299999999996e-03  -1.9322084273268216e+00   2.9801171788340103e-01  -4.7780696649449644e-02  -2.1200019021087690e-01  -2.2314007108196984e-01  -1.3358887788251153e+00   1.7258560959046716e+00
   6.1326300000000000e-03  -8.3282197680569170e-01   1.0046612283544607e+00   7.0905242932423240e-01  -1.4137144115985398e+00  -3.0449078657612838e-01  -8.2948523647310102e-01   1.5875636503654988e+00
   5.5955700000000002e-03   6.8102344630627321e-01   1.0051572390635071e+00   9.5981652712499810e-01  -6.0857664038618731e-01  -1.2069425564860898e+00  -1.0370323891901474e+00   1.6278424895594181e+00
   7.0029100000000002e-03  -5.5739857577760066e-01   5.7344747839605337e-01  -1.1606825775499548e-01  -7.5193471705896253e-01  -1.8631980586980577e+00  -1.4066932181240516e-01   1.5738117851570685e+00
   9.9331300000000001e-03   1.2184957388308576e-02  -6.3864213801303871e-01  -7.5707703887519306e-01   4.1328560298040062e-01  -3.6560930312612550e-01  -1.0537013010326872e-01   8.6835653300761295e-01
   5.5545500000000001e-03  -3.1258939082061193e-01   8.4245849003908235e-01  -1.5720035717910603e+00  -9.5980267902357308e-01   6.0070819372809059e-01   6.5316883556255168e-01   1.5603589437944421e+00
   6.2361800000000000e-03  -1.4907351387679377e+00   1.1907213143322681e+00   2.3812816107411608e-01  -5.2939982821237419e-01   1.0006072586653458e+00   3.6989892961917362e-02   1.5974601906481212e+00
   6.5939199999999996e-03  -1.4076955807572145e+00   4.9795152891749556e-01  -3.2294923460512143e-01   6.9560090719853018e-01   6.1123857253167713e-01   1.2550977393709548e+00   1.5595145787033657e+00
   5.2045399999999997e-03  -5.1034653284295262e-01   6.4230883000734185e-01  -1.0185960302838031e+00  -1.4603988898575412e-02   2.0564979652147009e+00   2.4837748331777224e-01   1.8570880530473375e+00
   6.1226700000000002e-03   2.3701849261460520e-01  -1.3463845971228103e+00   3.8429500345189410e-01   5.4380661139658171e-01  -7.7253369623452373e-01  -1.4153017606688549e+00   1.5704498827953504e+00
   6.8141699999999996e-03  -9.5134375785971437e-01   2.1121208974752434e-01  -7.9966446037692696e-01  -1.0822170662592003e+00   8.5224666437608365e-01  -1.1371912838653906e+00   1.5729880091993960e+00
   5.1402799999999997e-03  -3.1341809816952576e-01  -1.7295659569536709e-01  -1.2227009120835011e+00  -4.8820161104830889e-01   4.5444479442484498e-01   1.8500052019136051e+00   1.6729102134150866e+00
   6.2022800000000001e-03  -1.0720391243917962e+00  -5.8183911736713056e-01  -3.1747641956671535e-01  -1.7047281808336907e+00  -5.7405516249285726e-01  -3.4894530054081896e-01   1.5908378121553202e+00
   6.1103900000000003e-03   1.4507257235312349e-01  -2.6028947984332290e-01  -5.9403076753333039e-01   4.4668720541691220e-01  -1.9340298332086807e+00   6.9273875219256620e-01   1.5611897010808522e+00
   5.0064400000000000e-03   6.2281079635202241e-02  -1.2251048607825545e+00  -1.6630375339054571e+00   1.0196431988137764e+00  -8.8004395093767407e-01  -3.4428430196523641e-01   1.8998840861158077e+00
   1.1164570000000000e-02  -2.2218795227988195e-01   2.6441885207890936e-01  -5.1842547555464125e-01   3.9843005177981519e-02   8.2607782021138443e-01   1.3110499045016022e-01   8.6380922291734863e-01
   5.9697300000000003e-03  -2.4750643057286542e-01  -1.9128668130206725e+00  -9.3705492244827115e-01  -4.1046797092444587e-01  -1.3087020594864440e-01   6.7742025511678650e-01   1.6649426436201074e+00
   1.1158170000000000e-02   1.9631152577464991e-01  -2.8272033214310849e-01   5.4727437873355289e-01  -1.3975798322451221e-02  -8.0495286004039812e-01  -1.4037667635548209e-01   8.6135054231509744e-01
   5.9326200000000004e-03  -1.4029139565064028e-01  -1.8305131831318804e+00   2.3177014614416000e-01   8.3863230108575160e-01  -9.4696592209819042e-01   4.4659455361149492e-01   1.6498082629232640e+00
   4.4622600000000000e-03   5.0381940957489835e-01   8.0205297176282137e-02  -9.4008863012387134e-01  -1.8325963749380894e-01   7.7550515856972202e-02  -2.2443712208809723e+00   1.8178564386638705e+00
   5.8633399999999999e-03   1.4128425842046835e-01  -5.9724016152063220e-01  -1.5082608169533360e+00  -1.5766935847757260e+00   1.8391846399484912e-01  -5.1794841285013112e-02   1.6279174460782497e+00
   9.6501899999999995e-03  -9.2444372209232004e-02   4.8116896101401324e-01   5.8473550498091031e-01   1.8425836530493767e-01  -1.5332627721910818e-03   8.4346381830511541e-01   8.6556660613172953e-01
   5.2568099999999998e-03  -1.1805003713505933e+00  -4.9561882803129320e-01   2.3832416855064328e-01  -2.0208622539784360e-01  -2.6754025772255718e-01   1.9127818612184675e+00   1.6626051128042272e+00
   5.7007400000000001e-03   1.7864331501948111e-01   2.3365861453454648e-01   7.0471235867965476e-01  -5.2900283863263320e-01  -1.4318723225259784e+00   1.4947833214801025e+00   1.6057915505498994e+00
   6.1043599999999996e-03  -9.3689795720371671e-01   9.0402628449170819e-01  -5.9092351056468206e-01  -5.5472232243321526e-02  -1.0356872441898477e+00   1.3556422972594118e+00   1.5773356956369997e+00
   1.1337369999999999e-02   9.9172299894044502e-01  -1.0600128850384249e-01   6.9361223143019177e-04   1.0802755504498728e-01   2.4808045382427790e-01   1.3211509573750263e-01   8.6674022720665833e-01
   6.1858499999999997e-03   1.0391616082350139e+00   5.2025458703253269e-01   3.5254143126169091e-01   1.7563098052842407e+00   6.4978754886439871e-01   2.2440235871133082e-01   1.6065552326396575e+00
   6.3174399999999997e-03  -8.0343727533744003e-01  -7.2041462037129758e-04  -1.4972793017193644e+00  -4.3882887201609883e-01  -8.2539671347121724e-01  -1.0586089635848677e+00   1.5695661976377822e+00
   4.7879500000000000e-03  -2.2541675675261366e+00   1.7913901030517079e-01   8.7176177241457029e-02  -2.5797481918869208e-01  -8.8095490058755277e-01   3.1318246748310541e-01   1.8127058890037699e+00
   5.8558400000000002e-03   9.1651851725357739e-02   6.0667938386179787e-01  -1.5733440548503179e+00   1.1284689177243701e+00  -1.0388179196041884e-01  -9.5628176910325757e-01   1.5869185843705289e+00
   5.0730100000000002e-03   2.2079608642887671e+00  -2.3420205422646884e-01  -6.8509202575734979e-02   3.0223748452740312e-01   9.1326996782605108e-01  -2.9054397719841130e-01   1.8140133740108606e+00
   1.0284490000000000e-02  -1.1439248918630984e-01  -1.5001755837569616e-01   4.6063946640841730e-01   8.8007621555445259e-01   2.8741625245593455e-01  -3.1850521826360711e-01   8.6498613767824739e-01
   6.8291500000000000e-03  -1.5785588488165911e+00  -4.3201101788838348e-01   2.8941298047581843e-01   4.7586761137144562e-01   1.2482497368282255e+00  -3.4908402948955630e-01   1.5499767179804318e+00
   5.5081699999999997e-03   2.3424989913101012e-02  -1.8478114474332719e+00   7.5745518864025163e-01  -1.0446647379514227e+00  -5.8303371406307025e-01  -4.0891657976093593e-01   1.7347424498328168e+00
   5.9111900000000002e-03  -2.5338765077259967e-01  -2.8763503043614813e-01  -6.5978592811110148e-01   2.0613508250707429e+00  -8.9668969715485478e-02   1.3472577421733306e-01   1.5458107398150009e+00
   6.0006000000000000e-03  -2.5695925650416063e-01  -5.7784296250966727e-01  -2.0018395453036155e+00  -1.5291771676346538e-01   6.5719627023120386e-01  -1.5626142034938878e-01   1.5625768220870131e+00
   5.8912599999999997e-03   1.2102883436554941e+00   9.8889361324913538e-01  -1.2975777110572175e+00   3.0286634220474662e-01   7.0114644175082974e-01   4.9159272261731246e-01   1.5625751740709544e+00
   5.6468700000000000e-03   3.4450349700065153e-01   8.8215750811060956e-01   4.4493245955909388e-01  -9.0159702342146686e-01   6.4384861726085962e-01  -1.7109762876404970e+00   1.6169991123927199e+00
   5.8447700000000000e-03  -1.3543209418936621e+00   1.2680569235135921e+00  -1.1857471465168989e+00   3.0657577060536234e-01   9.5593123100329733e-02  -2.9209437085525293e-02   1.5649134269494915e+00
   5.8996600000000001e-03   1.4242754696846982e+00  -9.2455165851637533e-01   1.3509060367658712e+00  -4.6727198491016581e-01  -1.3644168515584844e-02  -5.9792844223849638e-02   1.5636554989291407e+00
   5.5244200000000004e-03   2.5218212091644732e-01  -1.2954162003261036e-01   1.7046349179319644e+00  -1.2042839942566734e+00   1.3104506717989026e-01  -9.4602694636853712e-01   1.6557102996938196e+00
   6.3557400000000003e-03  -8.1800497174909315e-01  -9.9234588215087183e-01   2.6760806590550745e-01  -7.5747019398142679e-01  -1.3407375592284980e+00   8.0321893363560326e-01   1.5312491125082230e+00
   5.3207100000000002e-03   3.9717753510983966e-01  -7.4895726221961023e-01   3.2729442332240805e-01   1.1526767652147908e-01   2.8872030054817682e-01   2.1029922276294983e+00   1.6439099870287632e+00
   5.6727699999999997e-03   1.5176751315457337e+00  -9.1022844341186770e-01  -2.8938059728100857e-01   6.2541284856804025e-01  -1.2169536675717580e+00  -5.7710396918981598e-03   1.5843140766909056e+00
   1.0448209999999999e-02  -4.3375955641915383e-02   2.4038175245164300e-02   6.6829438822531140e-01  -6.1794763428766131e-01   5.4957210970652182e-01  -6.7328769971288394e-02   8.6277580863934000e-01
   5.7455500000000003e-03  -5.0816968174412103e-01   3.9289363759579765e-01   2.3859979676411311e-01  -9.6021737686213482e-01   1.3011171675438673e+00   1.3770251113280967e+00   1.5674819716466488e+00
   9.5052000000000001e-03   1.4723171266269011e-01   9.6048398831921322e-01   4.6290154017315754e-01   6.9516664182399712e-02  -1.6339064303941109e-02  -3.7575709916879918e-01   8.5902271194303825e-01
   4.4465599999999996e-03   6.9932886263760441e-01  -8.0769685372480893e-01  -9.0749929646395644e-01  -8.3150551830232144e-01  -1.0640691800780948e+00   1.4844853653344776e+00   1.7562291166029169e+00
   0.0000000000000000e+00   0.0000000000000000e+00   0.0000000000000000e+00   0.0000000000000000e+00   0.0000000000000000e+00   0.0000000000000000e+00   0.0000000000000000e+00      1.5010243159633647e+00
