   5.0321899999999998e-03  -1.7078008585462323e-01  -2.2069363590569283e-01   6.2776423422012340e-01  -1.4630124368524413e+00  -8.2365962179116925e-01   7.6837138835425878e-01  -1.2528039537582158e+00   2.2131300279931785e+00   1.4334930918734590e+00
   4.6440099999999996e-03  -1.0299555071957571e+00  -2.4500963730832748e-01   7.5903675405055615e-01   6.0623128879103716e-01   1.2844152239601148e+00   1.0986249472871894e+00   7.9633688242374689e-01   2.1905457410789371e+00   1.4248193532385807e+00
   5.8258700000000004e-03  -2.6231431823825857e-01  -2.0242141087850277e-01   1.2470257753216765e+00   2.2827783671535573e-01   1.5759629284384020e+00  -9.1632348289893539e-01   5.3844675733805059e-01   2.2211929286555647e+00   1.4373907572393525e+00
   6.5831199999999996e-03   4.9310210165744411e-01  -1.7642537195855688e+00  -2.1800265079840458e-01  -6.1558910634214359e-01   9.8252076018005355e-02   5.4960041404308380e-01   7.8446955675423502e-01   2.0978050124179113e+00   1.3967479659620108e+00
   6.6013699999999996e-03  -1.5946177021525019e+00   1.8430036809428896e-01   4.1403442290827230e-01  -1.3021763916233389e+00  -5.6722773251414205e-01  -2.0567600456223514e-01   2.7164054025624562e-01   2.1462934389850683e+00   1.4130035028906212e+00
   6.5651099999999999e-03   1.0306472928454926e+00  -3.1536322286222701e-01   9.1116904552216382e-01  -1.5354984693089554e-01  -7.0591364979979765e-01   6.0333404435180449e-01   1.3498335116702820e+00   2.0874794363655003e+00   1.3933485653667959e+00
   5.8865799999999998e-03  -4.2681220887727550e-01   3.5652519714702463e-01  -3.4972530813130626e-01   7.8580096022794710e-01  -1.1565363008837353e+00  -4.0576867525192700e-01  -1.6298035874492338e+00   2.1869140198969883e+00   1.4261235888258461e+00
   6.2205899999999998e-03   1.2797703104201457e+00  -1.7188220883995023e-01  -9.6527432906802235e-01   7.7891116647071335e-01   6.2268011784448574e-01   3.0984989185859629e-01   1.1156054040571768e+00   2.1375139259619118e+00   1.4097943576213661e+00
   6.8707000000000004e-03  -1.2897555642048615e+00  -1.3827503048758867e+00  -5.7388676287842644e-01   7.6303495076230658e-03  -4.7455070020092938e-01  -3.0923727571869208e-01   6.5654487015646101e-01   2.1118364994386059e+00   1.4011855000915883e+00
   6.7306600000000003e-03  -1.5023668796272024e-02   3.6587925944740990e-01  -1.3600043021085537e+00  -4.6218734238540243e-01   1.9457668088725036e-01   2.0002030836858706e-01  -1.5945645654952150e+00   2.1452951637088695e+00   1.4125684947405885e+00
   6.0381400000000000e-03   2.2693831072117582e-01  -8.0422764971586058e-01  -5.5507460928908481e-01  -9.4071603105588342e-01   4.9551610472345776e-02   1.5608173460462100e+00  -8.3775036941764391e-01   2.1441783126038128e+00   1.4119659412113590e+00
   5.8254300000000004e-03  -1.5071094954872655e+00  -2.4088240706992919e-01  -6.8758019987688923e-01   1.0112391484155723e+00   4.1493140431757047e-01   3.3531351915033127e-02  -8.9067206017252021e-01   2.0685557158344050e+00   1.3859245451453277e+00
   6.3583099999999998e-03  -9.4605026702802664e-01   1.8055175859127242e+00  -1.7318466310586916e-01  -1.6229066728407373e-02  -1.4783048095664758e-01  -3.2704101841266930e-01   8.2369514014955258e-01   2.1630118753188325e+00   1.4184442495593699e+00
   5.5598399999999999e-03   1.1165468448620790e+00   2.7024869851194146e-02  -1.1191548460467200e+00   6.8682036677595260e-01  -2.4660547807987952e-02  -1.4518377072935713e+00   5.6463896109886647e-01   2.2194560836628248e+00   1.4363104974453644e+00
   5.7839399999999996e-03  -3.1140126157392789e-01   7.8400668991885580e-01  -6.3173791646619537e-01  -1.6689226968950750e+00   3.6541868329176030e-01  -2.2361881924438665e-01   1.0455809844961670e+00   2.1542779774861156e+00   1.4151370487885393e+00
   5.8757000000000002e-03   7.0674742738356222e-01  -5.4379232776622308e-02  -9.2254108202876273e-01  -9.4020051535955029e-01  -3.4235249766325709e-01   1.2453315100896700e+00   1.1457910833461358e+00   2.1879020466809722e+00   1.4262633734360419e+00
   6.0482499999999998e-03   5.0502400263372416e-01   1.4691185053301492e+00   1.0897079757217474e+00   3.8869194371925825e-01  -8.2295626774931618e-01   5.3315612543325938e-02   7.3290105550274409e-01   2.1249248352786805e+00   1.4053105980109764e+00
   6.6824199999999997e-03  -4.7931257169495922e-02  -1.0151042751733645e+00   7.4459615856927164e-01  -6.8356542340424475e-01   1.4791297526436735e+00   6.7037247340912920e-01  -3.4926720981466364e-01   2.1297334335964959e+00   1.4074637287547040e+00
   5.8033000000000000e-03   5.2303813067914573e-01  -8.1696354369684365e-01   1.0490381407008622e+00  -1.5805267473456419e-01  -9.6858122210148334e-01  -9.4594950817850731e-01  -1.2573066644248734e+00   2.2659337213602719e+00   1.4528851833394989e+00
   5.9662999999999999e-03  -3.8159609552184859e-01  -8.5386404630405544e-01  -2.3065283478765736e-01   6.4790394022414977e-01  -2.3055476443617748e-01   8.8811231047418904e-01   1.7385186353234994e+00   2.2010209872273085e+00   1.4304814478069516e+00
   6.4998699999999996e-03  -1.7878306179564973e+00  -6.7405000269785409e-01   4.9478240056667844e-01  -1.9166912335988034e-01   8.3139266390401445e-01  -2.5407268749523920e-01  -3.3627639603526077e-01   2.1200762920527660e+00   1.4038784281281234e+00
   5.6046999999999998e-03   1.6508859844021426e+00   4.7296878148562604e-01   7.9214665494330405e-01   3.3898398804203861e-01   6.6248782453010735e-01  -5.8644433624684456e-01   9.6491447192011126e-01   2.2186780881295105e+00   1.4364200217804404e+00
   5.6606099999999999e-03  -5.4068671304302429e-01   8.5167613741700565e-01  -1.0410365454927191e+00   1.4256453901883531e-01   9.7712266886440491e-01   9.4602027949088263e-01   1.2349760686063496e+00   2.2572876433470217e+00   1.4497842333654785e+00
   6.2901700000000003e-03   1.4573568337108529e+00  -2.0950100296641247e-01  -4.9047221919661321e-01  -1.1736716567217937e+00   9.8654210355408001e-02  -6.6391197544722369e-01   9.3316827372894073e-01   2.1930048864806171e+00   1.4283775982160940e+00
   5.9889399999999999e-03  -5.6489874930799377e-01  -5.7173149215165664e-01  -1.7349825928274294e+00   2.3512142314464196e-01  -1.7287500727074634e-01   1.1806499565655901e+00   2.9683422211520472e-01   2.2251399685732243e+00   1.4383755993257148e+00
   6.3984899999999997e-03  -4.1412693631805042e-01   9.8410411080649018e-01   8.9469264263699688e-01  -1.3821068158647815e-01  -1.0849187227471373e+00  -1.2882516695445809e+00  -3.9040951664994938e-01   2.1471081204765534e+00   1.4135731920124475e+00
   6.7502400000000002e-03  -1.9019980111454937e-01  -6.3044222293421415e-01  -1.2312922546827212e+00  -1.5910245407789418e+00  -5.9526247671315302e-01   1.5400422569928733e-02  -4.3110315896170606e-02   2.1453163303299858e+00   1.4126359709019181e+00
   6.2769999999999996e-03   1.0055765174370168e+00  -8.4374432000206578e-01  -2.8346161093322947e-01   7.1552161578310591e-01  -7.3047394416300493e-01   1.4799493440475064e+00   1.1946420804121832e-01   2.1722345681414161e+00   1.4212204263195631e+00
   6.6403499999999997e-03   1.2614459135943856e+00   6.4491791582517066e-01   7.8764171608450850e-01   1.1028798651348237e+00   1.0023283245012515e-01   8.6646119168229685e-01  -3.0771225174222655e-01   2.1007708673209375e+00   1.3977033152638874e+00
   6.2985300000000001e-03  -2.9535494011697294e-01   1.8826976979795187e-01  -1.9838869081221841e-01  -9.5451326753354840e-02   1.8043844640907283e+00  -5.8650929198763946e-01  -1.0789723080209717e+00   2.1539061717472592e+00   1.4151239225892809e+00
   5.8755999999999999e-03   7.6404903156308934e-01   7.5593213244211432e-01   6.0542388346620768e-01  -5.7363738546509568e-01  -8.8608557568526758e-01   1.5710584502443077e+00  -1.0769392297258747e-01   2.1474289517256206e+00   1.4132168720877341e+00
   6.0388899999999999e-03  -1.1528242803549154e+00   9.1432661470482157e-01  -7.5020559566569917e-02   1.0573008720138248e+00   1.2779886153123570e+00  -3.8182910099750189e-01   1.3674905176286981e-01   2.1641547261734937e+00   1.4182110709780329e+00
   6.2833699999999999e-03   7.2441230119198574e-01  -2.8017310768779381e-02   2.2599317717902784e-01   1.6302157791517267e+00   1.0525991022463177e+00  -7.6809381499409335e-01   5.9571642217985499e-02   2.1548231410726424e+00   1.4154577608913459e+00
   5.9949499999999998e-03   9.7883434231796984e-01  -1.0975725410110777e+00   1.3142178766860628e+00  -8.4794948993480201e-01   2.5727051456858402e-01  -5.3520388611334679e-01   4.1115906659557394e-01   2.1674469485947379e+00   1.4197525217466156e+00
   6.1235500000000002e-03  -4.7376486434516096e-01  -6.3229216250225051e-01   4.1981149093275993e-01  -6.5081979494338318e-02   3.2741202523008839e-01   3.4399824798876200e-01  -2.0482930536983392e+00   2.2211198191030332e+00   1.4375642987234334e+00
   5.7339299999999999e-03   9.8975815383456389e-01  -5.6041658105281396e-02   5.9415642609759534e-01  -1.5054857097314731e-01  -1.3095823989243940e+00  -1.2346985724127588e+00   8.1079942357537527e-01   2.1772895675756665e+00   1.4229349666988460e+00
   6.6821199999999997e-03  -7.6738893080845694e-01  -9.9416127571287982e-01   1.3815216216677044e+00  -3.2111346293178278e-01   1.4345634907837304e-01   3.6085374344339444e-01   9.9171653837822293e-01   2.1131212928983802e+00   1.4015366268442913e+00
   6.0264100000000003e-03   1.8161097488190554e+00   7.1311730942984353e-01  -4.0629690732862866e-01   9.1693556334039236e-02  -8.5585828071631820e-01   2.7951975021486797e-01   4.2873534753490045e-01   2.1266183301285211e+00   1.4056311741918444e+00
   6.5658499999999998e-03   1.0462241787942681e+00   1.4475965486690856e-01  -8.2217819478307863e-01  -4.2698295790026358e-01  -1.1074596077013610e+00  -1.0495768801910812e+00  -7.3443924351991108e-01   2.1406856191626944e+00   1.4109426009272805e+00
   6.0283500000000000e-03  -7.2643154976064495e-01  -6.4893325186491002e-01  -6.3726901674049463e-01   5.5581151111210247e-01   7.9206034711372197e-01  -1.7027337857005518e+00   1.0768427111238835e-01   2.2050496776788457e+00   1.4321451668821450e+00
   5.8500499999999999e-03  -6.4767365964584800e-01   7.2537980976703920e-01   6.6568902524734874e-01  -6.5581812921529692e-01  -2.9964754934462023e-01   1.0315111803814783e+00   1.5046657132019405e+00   2.1907877888412894e+00   1.4274413510573090e+00
   6.2399800000000000e-03   4.6397639750737568e-01  -1.5586920991164310e+00  -5.3004726170719763e-01  -5.3422589976888524e-01  -4.2175075857978428e-01  -1.2790136580590512e+00   7.2895400934795990e-02   2.1615222005435011e+00   1.4176042533667115e+00
   6.0654000000000003e-03  -1.5406035570117005e+00  -3.9527574949379884e-01  -7.2326319788880855e-01  -5.0320191036434958e-01  -7.2001110617723862e-01   6.2854706237964308e-01  -9.4536987318622234e-01   2.1728781473384458e+00   1.4215881503892516e+00
   6.0789800000000003e-03   1.0921450444088887e+00  -1.0515711142839113e+00  -3.6042555880693933e-01  -1.4528839918241105e-02   1.5160177817840672e+00  -6.7090220504598763e-01   1.8176841851328399e-01   2.2058454730889561e+00   1.4324480072547019e+00
   6.1660100000000004e-03  -7.5718905135635473e-01  -8.8630218779238246e-01  -5.0690620186890734e-01   5.1875257867726110e-01   1.4785597293186825e+00  -5.8150181546997186e-02   8.6793123246598725e-01   2.1082306667899640e+00   1.3999010271572452e+00
   6.7675100000000000e-03   6.2184910087257694e-01  -6.9366122702359911e-01  -1.0370985101493964e+00   2.0611000795455273e-01  -1.3581784100891678e+00  -1.0210990309303673e-01   9.7706551176832079e-01   2.1354498359217096e+00   1.4093353656285272e+00
   1.3846090000000000e-02  -1.9530674815951912e-01   1.7611536095420044e-01  -2.3562858892670041e-01   6.7014555253315206e-02   7.2890691307453861e-02   4.8779454128507166e-01   2.3784425719984467e-01   1.2053090460565643e+00   1.0843245335707894e+00
   5.9864100000000002e-03  -2.7932106527955891e-01   1.5385358727160636e+00   9.0481545232943894e-01  -1.2860988596497152e+00  -1.3999007904282634e-01   1.2981952735878438e-01  -2.1920459612834267e-01   2.1259027057302067e+00   1.4057334662546348e+00
   5.9189300000000002e-03   4.6032741329753385e-01   7.2279308956270949e-01  -3.9869349784023433e-01  -5.4433184275534414e-04  -3.5806805586627433e-01  -3.1922473027873105e-01   1.9828748153200844e+00   2.1398516970165073e+00   1.4103560149350833e+00
   5.7597799999999999e-03  -1.8485729628911211e-02  -7.3677570028318573e-01  -1.5870349224398783e+00  -4.3099004483287023e-01   4.4791238600669930e-01  -3.9264524470207851e-01   1.2803002166955408e+00   2.1802575490487630e+00   1.4235285447362009e+00
   5.8341000000000000e-03  -1.3875614960037046e+00   5.4894707755295528e-02   9.8164802961455203e-02  -1.2914876808885267e-01   4.8457539171876596e-01  -6.0304871493783141e-01   1.6149148177311641e+00   2.1650135681302776e+00   1.4186051936512145e+00
   6.5901299999999996e-03  -6.0839513571116899e-01   1.0348390067958593e+00   5.4256584889533854e-01   1.6312331049747506e+00  -5.9168575574548077e-01  -6.6101434208943781e-03  -2.0910546067914915e-01   2.1187775777223847e+00   1.4039022685593137e+00
   6.5763999999999996e-03   1.6533047537856702e+00   7.5385874058218127e-01  -5.7364287694699290e-01   5.3034764352202335e-02   8.5310171064923290e-01  -3.8690570479012637e-01  -6.3305838993653663e-01   2.1673462011371685e+00   1.4197203740164077e+00
   6.1501400000000001e-03   5.9551700355237158e-01  -9.4478354462093339e-01   1.4841350484215126e+00  -1.2345254209695762e-01  -2.7992285321423760e-01   1.1255450020225950e+00  -6.4474389160163181e-01   2.2397742554182858e+00   1.4433251318997307e+00
   6.4596200000000001e-03  -8.8250769172184851e-01  -1.5016698708827190e+00   2.2491333622315873e-01   5.6282706945044525e-01   5.3473084628574558e-02   1.2296785325941422e+00  -2.5076519542730780e-01   2.1649601910199783e+00   1.4194010541625739e+00
   6.1367100000000001e-03   4.2289647409280806e-01  -3.3551877457199464e-01   2.8702240948775876e-01  -6.4043899807104743e-01   1.1927076133658796e+00   3.8082604764974004e-01   1.6509380179164634e+00   2.1625162762400412e+00   1.4183207559585980e+00
   6.4860300000000003e-03   7.5546882110020097e-01  -1.0526774620692847e+00   9.0218339911136047e-01   9.6684208523073956e-01   7.4382546995023568e-01   6.2850992403465600e-01   6.9228558919098704e-01   2.1259824194996360e+00   1.4063282037167453e+00
   6.6338999999999999e-03   2.6967326022754901e-01  -1.4979213314299122e+00  -9.0323313699487318e-01   1.2332959357957904e+00   3.5543914002311508e-02  -1.5576925694502167e-01   2.8863343615744663e-01   2.1152012479755604e+00   1.4023656816892847e+00
   6.4254100000000003e-03  -6.4379336939449150e-01   2.0943153346853571e-01  -1.1631240555540054e+00   1.2216228670768592e+00  -5.4796464765136436e-02  -4.3146327690869457e-01   1.2102908971097421e+00   2.1616988653326072e+00   1.4180351465995111e+00
   5.9950100000000003e-03   1.1268702766991565e+00  -2.5573852323258217e-01   1.2308043165492293e+00   3.1660890224873955e-01   9.8155706029620149e-01  -3.2212560911326321e-01  -1.0903204592081732e+00   2.1916250100278813e+00   1.4274962586073587e+00
   6.2039100000000000e-03  -1.3077101398218383e+00  -5.7850377753157867e-01   1.1702087755707493e+00   4.1461944396543826e-01  -1.0537075062195400e+00   6.9636973941010857e-02  -7.6601679923810473e-01   2.2592482308526463e+00   1.4499519697612333e+00
   6.2968399999999997e-03   3.9384448979341340e-02  -6.4120638588366075e-01  -1.9484878927141649e-02   1.0781055835726949e+00  -1.1060078436839182e+00  -1.4464966033424584e+00  -8.7804818753486946e-02   2.1313298618453436e+00   1.4078480470890991e+00
   6.0093600000000000e-03   6.4682198259932377e-01   1.5794811518440062e+00  -5.5329532075755683e-01   1.2153580607825569e+00   4.0278300453413118e-01  -1.0225803834722978e-01   4.8772759373840135e-01   2.1612372666443798e+00   1.4176112310523603e+00
   5.9000099999999998e-03  -1.2062100888305687e+00  -7.5966029988101780e-01  -4.4283513816094106e-01  -1.0978349761029766e+00   5.2710456144194395e-01   1.0200149976234565e+00   7.3236297177325660e-01   2.2139024071855871e+00   1.4345821753950261e+00
   6.7811299999999998e-03   4.6259399076102820e-01   7.7433786673228377e-01   5.8636138419543715e-01  -6.6772425974683813e-01   8.5464977008270959e-01   1.0269345169229427e+00  -1.1982171486815920e+00   2.1486280432920388e+00   1.4136896842889135e+00
   6.7693199999999997e-03  -1.3693262179283185e+00   1.1192585504208461e+00   2.7524411426958251e-01  -1.1675426644806090e-01   1.8183922371488401e-01   2.3961355817500529e-02  -1.2521132814336164e+00   2.1464349879358990e+00   1.4129580051542190e+00
   5.8810900000000003e-03   2.9337172283955687e-01   3.0186928819237713e-01  -1.2310272494548886e+00  -2.8149508631242465e-01  -1.5094434458694272e+00   9.0802648024594090e-01  -5.1553439144933477e-01   2.1572407221018395e+00   1.4163199119173371e+00
   6.1655700000000004e-03  -1.7364778656442965e+00   3.6071955836953873e-01  -2.4871924432473666e-01   5.3952761756862144e-01  -6.9379264122299045e-01  -9.7231954689345645e-01  -2.5147988193366375e-02   2.1231880155262663e+00   1.4045867965265477e+00
   6.4528099999999998e-03   7.1057394674989438e-01  -6.3215600548875794e-01  -6.7336614738636191e-01   6.2067272346638158e-01   2.9158701909014256e-01  -1.0321919508022261e+00  -1.4257315629818201e+00   2.1456222012587842e+00   1.4130434682810338e+00
   5.8788800000000004e-03   8.5287317180361255e-01   8.5554890559377716e-01  -1.0741690410174927e+00   1.9244973162250317e-01   3.7796139537245416e-01   1.5399505652106367e+00  -3.7231646392782847e-01   2.2152160110498533e+00   1.4355738179678526e+00
   6.2878900000000000e-03   1.2996827901204120e+00  -7.8026220536955104e-01  -1.5641788531668488e+00  -2.7568348149225863e-01  -2.9308501183758922e-02   2.1585315395183197e-01  -3.1283988864628925e-01   2.1441155893493580e+00   1.4117748738716747e+00
   5.7451000000000004e-03   8.0020258423709167e-01   4.9209452825935496e-01   5.9380014764494926e-01  -1.3181062996568476e+00   1.4222065561711557e+00  -5.6041248900005458e-01  -7.3253340302556327e-02   2.2060941545613715e+00   1.4322068643133985e+00
   6.2616299999999998e-03   1.7780468554349378e+00  -3.5553066207049916e-01   2.7828448028374064e-01  -5.8039223477485369e-01   6.0432240061865083e-01   9.3307645297495467e-01   1.0055169683741250e-01   2.1350453016093662e+00   1.4089160193258259e+00
   6.5593200000000004e-03  -1.4631146267377944e+00   2.8225083736143852e-01  -1.3388834542765073e+00  -5.0037166528748589e-01   7.4450564393386143e-01  -3.4704629482369875e-01   7.6514818222400929e-02   2.1709223775407946e+00   1.4210397398576999e+00
   5.8471599999999997e-03  -8.9817004013845658e-01   1.2148096867514631e+00  -1.3649790032592839e+00   7.7794910218712687e-01  -2.8499426939143163e-01   4.8492652106481360e-01  -4.2111155993592059e-01   2.1983138422892017e+00   1.4296072881960411e+00
   6.2507500000000002e-03  -4.5451477927280898e-01   1.7597427449550510e-01  -7.7259582710072050e-01  -5.7130902966132691e-01  -6.1565795584209715e-01  -1.6649588326159785e+00   8.9000768262042784e-01   2.1910976938275981e+00   1.4277483934985753e+00
   6.1167000000000001e-03  -7.9285900877258486e-01   7.3940731826915629e-02  -1.6416806319011029e-01  -1.6897130747735769e+00   7.3172657941333608e-01   7.1577477521848384e-02  -9.6031326251417148e-01   2.1321283738566637e+00   1.4077680855937940e+00
   6.0265099999999997e-03  -1.8898260379349765e+00   2.6317610698056232e-01  -7.5667730691085275e-02   5.8908799580238258e-01  -1.2674847328729236e-01   9.6722630276861943e-01   5.1325600884738309e-01   2.2241933042016679e+00   1.4378868349855281e+00
   5.7482599999999998e-03   1.2260400933053399e+00  -8.6074311318063101e-01   1.2384280015576273e-01  -1.1158877728510237e+00  -1.2980919762847307e+00   3.2367753729239196e-01  -5.6332107896296342e-02   2.2016654755894240e+00   1.4305751878198647e+00
   6.0538600000000003e-03  -8.7286097204075486e-01  -7.7458639177681421e-01   1.0087918325380774e+00  -2.7348022182522452e-01  -4.4224532690469343e-01  -1.5176797640718904e+00   3.8276233457370101e-01   2.1660946542175332e+00   1.4190669767885082e+00
   6.6717699999999996e-03  -7.5154194052380729e-01   8.5616122971175324e-02   6.0216738710672035e-01   4.8372215546925407e-01  -1.3263436544018201e+00  -3.2049125198958966e-01   1.3082252189042320e+00   2.1120840801687204e+00   1.4015512167501600e+00
   6.6769000000000004e-03   2.7170326345050794e-01  -2.0676658036413392e-01   6.7606280257196127e-01  -1.8602418776184499e+00   1.7578496317585265e-01   7.7202311129919865e-01   4.0989251854077419e-01   2.1339502801175332e+00   1.4088526159416392e+00
   5.8121900000000001e-03  -4.7511829971385405e-01   1.6214029941240318e+00   5.3712666635084771e-01   5.2577485608166818e-01   4.7708751179474279e-01   1.2781512816942149e+00  -6.2174847361628214e-03   2.2018734865095126e+00   1.4308521271011820e+00
   6.4935399999999999e-03   5.1654095336763639e-01   1.8298263233428975e+00  -2.2643121048508089e-01   1.2578388089613035e-01  -6.4751311820136381e-01   2.9773558211044726e-01  -8.0375088454780297e-01   2.1224425300053724e+00   1.4050017636854870e+00
   6.4678299999999999e-03   3.5142508565904618e-01  -9.8658265209985130e-01   2.2967038179588234e-01   4.8498434747494790e-01   1.9549573513281746e-01  -1.0440576242465491e+00   1.6009056357631470e+00   2.2100993699244431e+00   1.4337419282243518e+00
   6.4055900000000001e-03  -4.4942790300984359e-01  -4.1512414049761737e-01  -1.8251526851886515e+00   2.7980661721196232e-01  -6.5572606487680096e-01  -7.3879295056595962e-01  -3.5376331165220487e-01   2.1312954271431575e+00   1.4075575609143056e+00
   5.7242600000000001e-03   1.7746908766011696e-01  -1.3649572699435886e+00  -6.1400752334928776e-01  -4.6870936007138146e-02  -1.3178002721863589e+00   2.7048754529225855e-01  -1.0609348342842035e+00   2.1989842510446977e+00   1.4296586777226838e+00
   5.5704800000000000e-03  -1.1267920139597072e+00   3.0254161775157867e-01  -1.1745603541021867e+00  -4.3985758266778230e-01  -1.0375987890779235e+00   2.5540919398556555e-01   1.0998127309666657e+00   2.1796530028118100e+00   1.4232627443480295e+00
   6.1776699999999997e-03   3.4911380863664254e-01  -7.5714984384465112e-01   6.3449867452480146e-01   1.6838668700954755e+00  -4.2841413065451045e-01   2.4303237693608584e-01  -9.9559322212147983e-01   2.2058907293515206e+00   1.4322765342732930e+00
   6.4393400000000000e-03  -5.5749462332889388e-01  -7.1727422116260542e-01   8.7141015464143629e-02  -5.5901733194727898e-01  -1.3538379935325882e+00   1.3674094674368205e+00   4.4594754645626705e-01   2.1872260397044645e+00   1.4267152245551635e+00
   6.1694300000000001e-03   1.6155921196162074e-01   9.4121803523609826e-01  -1.4430917026062806e-01   1.1644096283258851e+00   7.0186160523798191e-01   2.2927053212269161e-01  -1.4762316254822840e+00   2.1520989853834958e+00   1.4143656505906768e+00
   6.2246899999999997e-03  -9.5574899367648247e-01  -3.8040026631449542e-01  -4.0149965523195613e-01  -7.2806654624980238e-01  -3.8090027756503092e-01  -1.2723347627077934e+00  -1.2221271439106318e+00   2.1658167845580620e+00   1.4190182842274508e+00
   6.0186399999999996e-03   2.1544303271274018e-01   7.4718737144635961e-01  -5.7604999897018705e-01  -5.7954561825800707e-02   1.4798434218529937e+00  -1.0525457686164694e+00   1.0634923262526537e+00   2.2590163393592522e+00   1.4503863977145910e+00
   6.1419600000000001e-03   1.9300146167001750e-01  -2.4574829767604969e-02   3.8654093605376189e-01  -1.7889194192820135e+00  -5.4359637235128655e-01  -1.1311723637182500e+00  -2.0926154947511150e-01   2.1415449620367597e+00   1.4113337645319872e+00
   6.5121900000000002e-03  -3.9431870235886851e-01   2.8334255289844568e-01   7.7192148781919906e-02   6.4564145977911092e-01  -6.1699352657266338e-01   1.6410711297659437e+00  -1.1416564312655915e+00   2.1986519478701401e+00   1.4305693936372308e+00
   5.7324200000000002e-03   3.2889235528536348e-01   7.5952508865786306e-02  -1.3006437109076261e+00  -1.0311500300889540e+00   7.3560055707963368e-01  -1.3048789410752160e+00  -4.1595885818514705e-01   2.1986824962277129e+00   1.4294932042885429e+00
   6.3065800000000000e-03   1.6803249067513074e-01   1.4204429710738922e-01  -1.6558820091238347e+00   7.7470620711398708e-01   1.2395557295874218e+00  -1.3743494556224881e-01  -2.5163957019594774e-01   2.1586727139259474e+00   1.4169410516289831e+00
   6.6264899999999996e-03  -5.0694690104851270e-01  -1.3818664023059966e+00  -1.1186714425828463e+00  -4.6531570498113795e-01   8.0929758729734358e-01  -4.3651655667320308e-02  -6.8702952584562449e-01   2.1130822212016893e+00   1.4018748337103246e+00
   5.9470499999999997e-03  -7.1315577329412128e-01  -1.6228384298051939e+00   5.5938345840009196e-01  -1.1936466364917131e+00  -3.5135428132425572e-01   4.5605596568389396e-02  -3.9984810225218365e-01   2.1858817224554565e+00   1.4254545133242176e+00
   6.5236799999999996e-03   9.7406226114121808e-01   2.4498108697758514e-01  -1.1201880128972455e+00   1.3202242305298240e+00  -6.6417148219528466e-01   2.0223582209931357e-01  -4.8124641879177366e-01   2.1022473874159409e+00   1.3978437647064352e+00
   6.3178499999999999e-03  -1.9393249409215363e-01   6.4461510267926403e-02  -3.9056296506374188e-01   1.8246749683465142e+00   5.1615068549897114e-01   1.1289719411194090e+00   1.9590713504324980e-01   2.1973649020969028e+00   1.4298937112065893e+00
   5.9614799999999999e-03   3.8272566045490419e-01   8.4972885909572271e-01   2.7625113114304933e-01  -6.2329103386708162e-01   2.2487839105874446e-01  -9.2299274492511718e-01  -1.6847044288926116e+00   2.1484972816216961e+00   1.4133878396767576e+00
   5.7888400000000000e-03  -1.9727317622824780e-01  -7.9310881070554640e-01   1.1846071281865841e-01  -1.2123047286893160e+00  -7.9609254698507814e-01  -2.9967517387681486e-01   1.5071006739527251e+00   2.1527260702166076e+00   1.4142987686671018e+00
   5.8216099999999996e-03  -1.1934532572724179e+00   6.0622912925478098e-02   1.1016401416101502e+00  -6.5998574737196081e-01   8.5060226147716106e-02   1.3186592653951714e+00  -4.6392783945089022e-01   2.1327108443969749e+00   1.4077439890941981e+00
   6.1417299999999998e-03   7.5619130234403908e-01  -5.6457184121124042e-02   2.0757492787423282e-01   1.6902654774045476e+00  -7.5578503645636985e-01  -7.9583648563942400e-02   9.8506560202391846e-01   2.1493582203571946e+00   1.4136037364399796e+00
   5.9748800000000001e-03   1.0380167141168730e+00   7.9542691153705214e-01  -6.3664223589110081e-01  -1.5539320277789710e+00  -1.7986680663445545e-01   3.3901318927477736e-01  -5.5731309280822006e-01   2.1241136722120504e+00   1.4050178189583493e+00
   6.2011300000000000e-03   4.5203480485889491e-01   4.6360157519596973e-01   1.8110367820845823e+00  -2.8649985647879256e-01   6.8488943056960550e-01   7.1654684852571815e-01   4.3378839655097845e-01   2.1284863761065149e+00   1.4065249897294558e+00
   6.4351699999999996e-03   2.4153959992614571e-01   1.5455040274211043e+00   1.0674684332598436e+00   3.6400354165236948e-01   9.0928179705185608e-01  -6.0709414228435543e-01  -3.1876709887559518e-01   2.1800533382712635e+00   1.4239543821850262e+00
   5.6637099999999998e-03   8.5017989014902462e-01   1.5779964577092138e+00  -1.7687826535593962e-01  -6.1663879738818350e-01  -1.6074970483155010e-01  -1.2380613942859144e+00   2.9840735206029129e-01   2.1879725851706282e+00   1.4259696028097335e+00
   5.5897300000000002e-03  -2.1051671523440341e-01   7.9732786513363718e-01   4.8726964701803388e-01   1.0164667254508115e+00  -3.9292731635047075e-02  -1.6397361581434524e+00   8.7384316769826287e-01   2.2200006260694343e+00   1.4366695104130056e+00
   5.8217000000000000e-03   1.0629703230048730e+00  -4.5632064601654188e-01  -2.3987906742053666e-01   6.5611200581477136e-01   1.0468486762544458e+00   9.3797382247147598e-01  -1.0314941087673031e+00   2.0867435795619387e+00   1.3922903337354182e+00
   6.1125299999999997e-03   6.5662837843003719e-01   8.4096753702913321e-02   5.8045159371763899e-01   6.3862986716618542e-01  -1.9781361310980921e+00   3.3823861772037200e-01  -3.0645656297925222e-01   2.2405697489570242e+00   1.4440440778478316e+00
   6.3969300000000003e-03  -4.2599895451025349e-01  -4.4759520057734779e-02   1.7302893879082115e+00  -8.9966898986785448e-01   4.1691347331511647e-01  -4.6270465087096274e-01  -7.7128889519431043e-01   2.1612546520193101e+00   1.4180135728783694e+00
   5.5655300000000000e-03   5.3734119549334478e-02  -1.6385599569220571e-01   3.8390257580611570e-01  -2.2078661168878658e-01   5.3247720240469543e-01   2.1499899973892860e+00   3.4017632392993175e-01   2.1852217852742482e+00   1.4250726686102901e+00
   6.3881600000000004e-03  -6.5522266469230095e-01   8.4845428244802082e-02   8.7342898305366401e-01   9.2761561559188532e-01   3.4309644562726083e-01  -1.2469268291312439e+00  -1.0993489230917213e+00   2.1433396056728338e+00   1.4121292799062126e+00
   5.8448299999999996e-03   1.3922054183365755e+00   2.7845684219223198e-02  -4.0592733467908565e-02   5.4630968552217885e-02  -6.0321182192822909e-01   5.8570785881456022e-01  -1.6211217853835700e+00   2.2109511758187237e+00   1.4336924403681353e+00
   5.9953999999999997e-03  -1.3333897970651043e+00   7.8690537626287504e-01   1.5431674868017999e+00   2.4943245797808786e-01   3.1505485541000029e-02  -2.1304406557146893e-01   3.8119178763212230e-01   2.1377483566879421e+00   1.4094763695341996e+00
   6.2964600000000003e-03   1.0373896928764970e+00  -7.8890804879925058e-01  -1.1292566759158180e-01  -1.2843119605199251e+00   3.9957103095842661e-01  -2.2046532573039582e-01  -1.1544279739693240e+00   2.1415746260309017e+00   1.4110127287977776e+00
   5.9864300000000000e-03   2.4545414095373384e-02   9.4476303946604856e-01  -5.5533399470077438e-01   7.4582945352229946e-01  -1.0531415735983720e+00   1.2217342678470227e+00   9.2146318617998235e-01   2.2148677589022268e+00   1.4352576581485308e+00
   6.5335799999999998e-03   3.1746326287892612e-01   8.6985461133161834e-01  -1.0069299283363520e-01  -1.1405228269808267e+00  -1.4319361656713845e+00   6.1343658006862076e-02   7.1291146047564835e-01   2.0953709667919762e+00   1.3960618615552165e+00
   6.4365000000000004e-03   5.1616451195345558e-01   9.9896550966297204e-01  -1.8226093443026250e+00  -2.9462013385052660e-01  -1.6766704098962232e-01  -9.3361186125845139e-02   4.8304337394676961e-01   2.1573890048122530e+00   1.4166584472304400e+00
   1.3834790000000000e-02   2.0440600433876528e-02  -2.4494221079446510e-01   2.4968308599939512e-01  -2.6526018431955140e-02  -3.7302083838577393e-01   5.2071392684562678e-02  -4.2531555439933044e-01   1.2074820688324632e+00   1.0853422008639488e+00
   6.2175800000000003e-03  -2.3368520314310748e-01   1.1311960204539311e+00  -9.0352017997134337e-01   5.5255715943862382e-01   1.9431493007003170e-01  -1.4311570609102291e+00  -7.1829858080380182e-01   2.1734451119127058e+00   1.4217440479198900e+00
   5.7208099999999998e-03  -1.2374825002560665e-01   1.7025448918947634e+00  -7.6363866775801337e-01  -4.8932589321678777e-01   1.0965235643050086e+00   9.4945677755478974e-03  -4.8402669029512480e-01   2.1553447065616678e+00   1.4153991969324884e+00
   6.4533699999999999e-03   1.4899891696359204e+00   6.2413859561613072e-01   1.1601753764649472e+00  -7.6802744795995470e-01  -4.2938077603425140e-01  -2.3282760979715628e-01  -4.0115665726027383e-01   2.1515222464301198e+00   1.4149793454713755e+00
   6.0411500000000003e-03  -3.3039245926199046e-01  -4.0498482897975696e-02   1.2702942944295428e+00   1.0043401248781907e+00  -7.1962281036856790e-01   1.2592178304536590e+00   5.0232829064953866e-01   2.1598160285339043e+00   1.4169493775723854e+00
   6.1532899999999996e-03   5.7533935139240011e-01   5.7116619160103976e-01   1.9432613496361259e-01   4.7315291080938116e-01   1.9363394674184191e+00   5.9039122547456158e-01   1.8285249856986735e-01   2.1555698823739498e+00   1.4161132946533146e+00
   5.9212500000000003e-03   8.5472879079875097e-01  -6.7482214348124889e-02   5.3617725124614024e-01  -1.3363648823903351e-01   3.8838132666809427e-01  -2.0309830357167904e+00  -2.1175810445366125e-01   2.2513890721434278e+00   1.4477041509152913e+00
   6.3831299999999999e-03  -1.0601807122421114e+00  -7.0347048102198240e-01   6.4901894285038209e-01   1.5553404227683760e+00   7.2143916982726528e-02  -3.1917928378317167e-01   5.9317820235302865e-01   2.1432721480831303e+00   1.4114914832424237e+00
   6.1915299999999998e-03  -7.0306850491517681e-01   1.0254459127454298e+00  -6.7935871110499590e-01  -1.1191726145523615e+00  -1.6654718693178569e-01   1.3910365179960369e+00  -1.2743671095226752e-01   2.2312242565529417e+00   1.4409867563554406e+00
   5.9960899999999999e-03  -9.6551706533613624e-01   1.5687421547092850e-01  -5.6116273037394893e-01   3.1416645948228836e-02   1.2836101610361965e+00   1.3093996697513579e+00  -7.8754847229901859e-01   2.2144614837490306e+00   1.4351256701651940e+00
   6.6219299999999998e-03   3.9894261738466047e-01  -1.5888247055153429e-01   1.8662062835493181e+00   8.7639354587003782e-01  -3.2119608687961376e-01  -6.1714735480788396e-01   2.2784881051137076e-01   2.1798621368239113e+00   1.4240578114293216e+00
   5.7291800000000004e-03  -1.0371151635171978e+00   8.4300819036849395e-01   3.1600881697689603e-01  -7.3734393238239759e-01   7.4463514703639588e-01  -1.5319563555119950e+00  -1.1469104613313605e-01   2.2078265887675643e+00   1.4329879097955902e+00
   5.9040500000000001e-03   1.1618866954641969e+00   8.0996832843826061e-01   4.5414247467553226e-01   1.0534888527074713e+00  -5.7185517129998931e-01  -9.9340737527061163e-01  -7.4804052810120458e-01   2.1797808782209618e+00   1.4236465749870546e+00
   6.3264799999999998e-03   5.5630989001876623e-02   6.3049331728481262e-01   1.2263098742957594e+00  -8.9245186967057877e-01   1.1902153495095878e-01  -8.7471530152024701e-01   1.2741266960921516e+00   2.1915418022026767e+00   1.4281035274028038e+00
   6.5511199999999997e-03   4.0738061354100602e-01  -2.1564216199694848e-02  -1.0454196989430238e+00  -1.1209619658259378e+00   1.4250088026995646e+00   5.9271068881689704e-01   6.7291666064453928e-02   2.1550397936071177e+00   1.4157933754438008e+00
   6.2435600000000004e-03   9.3761899122631021e-01   1.4871353967452312e+00   8.9011320677002140e-02  -7.1837989067994001e-01   5.6988347000210782e-01   6.2638754493731474e-01   7.9597696895927239e-01   2.1414177338190572e+00   1.4113048998637974e+00
   5.7885000000000002e-03  -7.3262865683921052e-01   1.1571273412325009e+00  -9.8843459080334661e-01  -9.9887773873966390e-01  -7.4373645700659530e-01  -6.1089274201178190e-01  -4.8282054066512825e-01   2.1123441651878547e+00   1.4008834620742738e+00
   6.1563900000000003e-03  -8.1254938419441292e-01  -4.9637585790569583e-01  -5.6354361157254951e-01   1.2934858900695130e+00  -1.3895596290382235e+00   5.0411097562798257e-01   3.0389060289267602e-02   2.1660745566298769e+00   1.4194468140213297e+00
   6.2966500000000000e-03  -4.9377771360931844e-01  -9.2016288158129445e-01   2.1231544611042910e-03  -1.3362729046564958e+00   9.8556706470710176e-01  -8.8382925470641338e-01   6.5916068793413551e-01   2.1900792895642032e+00   1.4272675947968509e+00
   6.0709099999999997e-03   3.2441912738664230e-02   1.0566083321634572e+00  -7.1583360003346386e-01   6.7909149555769543e-01  -1.5142940706752614e+00  -7.3176457761325941e-01   3.1946806563519736e-01   2.1391289177061195e+00   1.4101076552273761e+00
   5.7597999999999998e-03  -1.0644336262162890e+00   1.0623646414854286e+00   3.3295501600811211e-01  -4.0611901746988144e-02  -1.5247570894980833e+00   6.6572906376695873e-01  -1.5073127661870109e-01   2.1517188487263987e+00   1.4144810626222106e+00
   6.1704300000000002e-03  -1.6277307578461606e-01   6.7179939321422155e-01   7.9361343458627176e-01   1.0483381466731165e+00   6.4268074808597164e-01   8.7550250718442246e-02   1.4950636914410644e+00   2.1069288737797240e+00   1.3997204569480031e+00
   5.1555000000000004e-03  -3.4103706063100159e-01  -1.0423116846228855e+00   2.0781540246084265e-02   1.1871332997925406e+00   1.4441694860357694e+00  -1.5114430200872567e-02  -7.6810633095127290e-01   2.1473176006619603e+00   1.4116695441233487e+00
   5.8869899999999999e-03   1.3878287988328367e-01  -1.6126569026110915e+00   7.2968280218200954e-01   4.7819825918030279e-01  -1.2357987225933682e+00   1.1670932464206125e-02   5.4090678779433787e-01   2.1906781226051448e+00   1.4268856821650964e+00
   6.6302300000000000e-03  -5.4126274329814394e-01   5.0911947925151482e-02   1.3166891845442623e+00   9.5708325118918913e-01   8.9837701046388185e-01   6.2808043902676081e-01  -7.3486650108214724e-01   2.1047525024431089e+00   1.3988856651912844e+00
   5.7537300000000003e-03  -6.2114982386607920e-01  -5.0683351983071501e-01  -2.0594953470355731e-01  -5.4432330357085779e-01  -1.9665386429715948e+00  -6.3356983805395239e-01  -7.5408058455411930e-02   2.1869482533836493e+00   1.4259580840164745e+00
   6.6389500000000002e-03   1.8185077772795852e+00  -9.2334285378609393e-01   1.9972340276193681e-01   6.0146414032385720e-01  -3.4845178350782241e-01  -4.3902428471176991e-01  -8.2146036246865936e-02   2.1594648606566933e+00   1.4172476767325513e+00
   6.4462299999999998e-03  -9.4543998140246654e-01   7.6694703080042870e-01   5.4805790922843056e-01  -8.3099380275348544e-01   1.4410572580542045e+00   3.5697477646337311e-01   4.1861754890664399e-01   2.1328363491145379e+00   1.4083627692660394e+00
   4.7111999999999996e-03  -3.1229681463730602e-01   5.3230409846637516e-02  -7.4828969489113284e-01   2.0029116496496804e+00   1.5340986325493959e-02  -7.8523038076497698e-01  -4.2707230183693651e-01   2.1578125372190646e+00   1.4142424420640258e+00
   5.6223999999999996e-03   6.3476141662127172e-02   8.4189527747954274e-01   1.5439276089855203e+00   3.2384737388852564e-01  -5.6984522047857344e-01   3.6162437287497917e-01  -1.2747392920463803e+00   2.1901943921386091e+00   1.4267883295393533e+00
   4.7690600000000003e-03  -9.5228157532407032e-01  -1.5622483309865660e+00  -1.6295936616168621e-01   7.0470320581491663e-01  -4.1497135045979316e-01  -6.9765636162020661e-01  -1.0166686763969004e+00   2.1876254779306361e+00   1.4245934681447048e+00
   1.4202899999999999e-02   1.5878903083666915e-01   8.5256794956382526e-02  -3.2955047407288935e-03  -3.8249348504015845e-02   2.8110864410369557e-01  -5.1677121959303840e-01   1.6345193444242448e-01   1.2115290192774413e+00   1.0871438809200977e+00
   5.6781599999999998e-03  -1.2113454721510396e-01  -5.9738326276347405e-02   1.6704362609098684e+00  -8.2076526004900252e-01  -1.3165854337274798e+00   1.2288383057388275e-01   2.6208856902677746e-01   2.1941315323174932e+00   1.4281924992046191e+00
   5.6851200000000001e-03  -1.0536762376463187e-01  -1.6987088911871677e+00   9.9891030126787306e-01   5.7534926639409678e-01   5.0213662260752290e-01  -7.1015668000658450e-01  -5.0527479973536106e-02   2.1174869162376537e+00   1.4022546182028190e+00
   4.3574900000000003e-03   9.5420176499094289e-01   5.9443619322469210e-01   2.2007361015183172e-01   6.8270637221071739e-01   3.3539198352965482e-01   1.4732310661469301e+00   1.3180919986043385e+00   2.2179025789817701e+00   1.4339794696416719e+00
   4.9626200000000001e-03  -5.0580936096742427e-02  -7.3733181604812947e-01  -1.2151125621988017e+00   9.7233394021233877e-01  -1.4861718286634750e-02   8.2832547717331584e-01  -1.3152686993017957e+00   2.1512092909278313e+00   1.4129191319993208e+00
   4.8778800000000002e-03   8.2575703773997533e-01  -1.9350159035604568e+00   1.2783449599684740e-01   1.0334460412273995e-01   2.3707596084286237e-01   3.3973905582729674e-01  -8.9018106033854227e-01   2.1666863216978607e+00   1.4176392529392452e+00
   4.7917500000000000e-03   3.4795334756269730e-01  -1.0907815839090202e+00  -8.6542034872083939e-01   2.9447913977008622e-01   1.2284484213841373e+00   1.3258945112042553e+00   3.8745477671250095e-01   2.1947104399658683e+00   1.4269357066742485e+00
   4.7757499999999996e-03  -1.9491243290636137e-01  -1.1092375096789933e+00   4.5127721951279220e-01  -6.3280738675897252e-01   9.5776227883980425e-01  -1.2304269121988054e+00  -1.0396026768053992e+00   2.1381931763926043e+00   1.4082857376950573e+00
   4.7387300000000000e-03  -2.7566295142291697e-02   7.0450365601305420e-01   1.2406667863947257e-01  -8.9694848415702444e-01  -1.4766919596368722e+00  -5.2892314481806132e-02  -1.4155265650901654e+00   2.1904429154318210e+00   1.4255277333666709e+00
   0.0000000000000000e+00   0.0000000000000000e+00   0.0000000000000000e+00   0.0000000000000000e+00   0.0000000000000000e+00   0.0000000000000000e+00   0.0000000000000000e+00   0.0000000000000000e+00   2.1246228580691042e+00   1.4046932294606411e+00
