   5.6965100000000001e-03   5.7906287826379299e-01   1.7423143275633244e+00   3.8534310651689496e-01  -1.0783222090877687e+00   4.7685354694295690e-01   1.0333866033914518e+00   9.7124718567376256e-01
   4.8934499999999997e-03   1.9818006497728750e-02  -1.0790628744247357e+00  -1.2069490928830169e+00  -1.3496061470745151e+00  -9.7680421500861747e-01   1.1053952565000569e+00   1.0008253237685751e+00
   4.9318499999999998e-03   2.2235373881051981e+00  -2.9270568356299564e-01  -7.4369264876635918e-03  -7.9354051211133381e-01  -2.3101925313467533e-01   1.1824856989785428e+00   1.0356333236172557e+00
   4.7127899999999997e-03  -1.2291676097295385e+00   8.0815846476648878e-01  -9.5869400275835548e-01   1.6918924694510509e+00   2.9206244077523178e-02   1.2417116654703726e+00   1.0606425144923699e+00
   5.0381599999999999e-03   1.4132827861966311e+00  -1.3869999139100060e+00   3.4027078335388439e-01  -2.2054701428241952e-01  -1.2214482412593219e+00   1.1505864399222794e+00   1.0227202935538338e+00
   4.4251999999999998e-03   8.3273786800321781e-01  -8.4627587071709809e-01  -9.4218956086505312e-01   6.2001315765012044e-01   1.8907613673699157e+00   1.2754484806939050e+00   1.0773472115547293e+00
   5.4236600000000003e-03   2.7881519880200029e-01   2.0193855254612805e+00   3.0102307451891042e-01   6.3673721572109787e-01   8.2502503055420906e-01   1.1184701468466669e+00   1.0090449424312389e+00
   5.1174999999999997e-03  -1.5435135335151393e+00   5.3656113913239212e-02  -7.4893508986296609e-01  -1.4564578768840968e+00  -6.9965386419208275e-01   1.1642345707740860e+00   1.0283957872691860e+00
   4.3068100000000003e-03  -2.3463479464265049e+00  -7.5854999990070782e-01   1.5622107733702917e-01  -5.2214753426200011e-01   3.3917073928319705e-02   1.2877079826280804e+00   1.0824698127192871e+00
   5.7073799999999997e-03  -1.6516335609853444e-01   3.7085486154903691e-01  -4.0425832792263178e-01  -1.6292520390585397e+00  -1.3628649600758347e+00   1.0237797867765710e+00   9.6661501450704901e-01
   4.8830999999999996e-03   1.2577095293695153e+00   3.1931339341889808e-01   6.0914054852795596e-01  -4.2152248701413497e-01  -1.8494180510956153e+00   1.1674805066387017e+00   1.0294888809718583e+00
   9.3212099999999999e-03   4.8115730586807659e-01   1.3412486818811961e-01  -9.4374701045641374e-01   8.4276220459558446e-02  -7.1469521712975459e-01   5.7582887225494761e-01   7.4209799570175616e-01
   4.9827099999999996e-03  -5.7694883625985932e-02  -1.0619388032980208e+00   1.3930611553218669e-01  -6.6266308489399950e-01  -2.0156742832230057e+00   1.1735529837725143e+00   1.0323726143519398e+00
   4.9368399999999996e-03   8.7222200661180405e-01  -1.2395401325848141e+00  -3.3922493565548623e-01   1.5666989763999133e+00  -9.5781640734121032e-01   1.1983349910090160e+00   1.0430616077577222e+00
   4.7253900000000003e-03  -7.3000929672021786e-01   1.7394830796613743e+00   1.3525004360819124e+00  -4.5609447503953149e-01   4.1238228173801289e-01   1.1779841263821555e+00   1.0343223988743839e+00
   6.0738199999999997e-03  -9.4928282545421649e-01  -1.1863652165147993e+00  -2.7450900268746575e-01  -8.3171434500551769e-02   1.5724663421799514e+00   1.0466577213235848e+00   9.7737731073346701e-01
   5.7376199999999997e-03   1.2873287231791541e+00   3.5858009263184659e-01   8.8407687425312420e-01  -1.5227501796109415e+00   4.0979087672365894e-01   1.0794872712992998e+00   9.9174425948518341e-01
   4.6646400000000003e-03   4.7802510528167691e-01  -9.3026190564769295e-01   4.7891964202671350e-01  -1.9579937235093376e+00   9.0303354841874395e-01   1.2214792036674802e+00   1.0533253980153321e+00
   9.6907399999999998e-03  -2.6797404533285524e-01  -6.1471757770333235e-01  -3.6709716831145883e-01   6.0916911781297167e-01  -8.4902183303998657e-01   5.8412186163590085e-01   7.4794745132553220e-01
   8.4412399999999992e-03   1.0174456080858942e+00  -7.3013023476411310e-01   4.9051494957363623e-01  -5.5270205867599742e-01   1.9614507301293804e-01   6.1828338418603246e-01   7.6648617769243954e-01
   5.5608899999999998e-03   1.1423766572779089e-01   9.7798438851625780e-01   1.0842706236937569e+00   2.2112155631626651e-01   1.7609239760017070e+00   1.1214770892409973e+00   1.0102520685159331e+00
   5.5763499999999999e-03  -7.9193900258438221e-01   1.3007512891633553e+00  -7.3614091610870103e-01   5.9096680308116922e-01   1.3042046354433359e+00   1.0296451499002883e+00   9.6879505087867812e-01
   5.0954800000000003e-03   1.4827784078420740e+00   8.5916393445188877e-01   1.1346416632351282e+00   1.1444445799517027e+00   2.3903954451756396e-01   1.1722854591239416e+00   1.0313488672927651e+00
   5.6299699999999998e-03  -1.7463731640909186e+00  -2.9023929993131919e-01   9.2868348895477376e-02   1.2424395615249830e+00  -5.4009573821991508e-01   1.0465990558838387e+00   9.7725645592585753e-01
   5.4063899999999996e-03  -1.4811097281308707e+00  -6.8652581506522514e-01  -1.3838209336045835e+00  -5.6578048652509927e-01   5.8030951266945652e-01   1.0933040806690557e+00   9.9739159437623059e-01
   4.1807199999999997e-03   2.5776195508907757e-01  -7.4062276104218949e-01   1.2365941136902667e+00   5.6578981373056181e-01   1.9297658683622061e+00   1.2378206114314692e+00   1.0587431822526778e+00
   5.3624500000000004e-03   4.6355695190862944e-01  -1.6851027124093871e+00   1.2010877141630374e+00  -8.8035548014641574e-01  -2.7865234546922291e-01   1.1223343783229673e+00   1.0103730150245753e+00
   5.3704099999999999e-03   1.5945871337681730e-01  -2.8771381276858199e-01   2.8600969111809832e-01  -7.5223537523335138e-01   2.1690388261817959e+00   1.1521936884067223e+00   1.0234951242889259e+00
   4.4200100000000003e-03  -2.7729249156776109e-01  -3.3335278252537937e-01   1.9756524965449982e+00  -1.4249579388867639e+00  -1.2841821524537647e-01   1.2466633600402679e+00   1.0649581906321985e+00
   9.2178799999999995e-03   1.2610762372448503e+00   2.2377428843052025e-01  -2.6139523842572655e-02   3.3059097775123125e-01   1.8213849624621503e-01   5.8501054387506679e-01   7.4812048230000783e-01
   5.7042500000000001e-03  -3.5449655772953836e-01   2.6987204874810910e-03  -1.9009993119675528e-01   1.9659789018686129e+00  -9.7162223625298949e-01   1.0487237640726090e+00   9.7803537082616343e-01
   9.6217000000000004e-03   6.3856121159215046e-02   6.0567234893677047e-01   3.8044295718771035e-02   8.8047513783604470e-01   6.0546534547795927e-01   5.6285246590747606e-01   7.3427150423119625e-01
   4.7369500000000002e-03  -1.5449457923827320e-02   1.9457287979493199e-01  -1.7152844856314702e+00   1.1192847860828110e+00  -1.3295480898569527e+00   1.2463379523775644e+00   1.0628569434224426e+00
   5.0017100000000004e-03   1.7551059966792273e+00  -1.4633111490798700e+00  -5.0656026464707604e-01   3.2367106859857203e-01   3.4072064443653982e-01   1.1806111794172414e+00   1.0367909194155529e+00
   4.1158799999999997e-03  -2.8676050364880501e-01   6.5550942175556492e-01   4.1593468646348497e-01  -2.3769170872552672e+00   7.7786980005711784e-02   1.2570086010594117e+00   1.0689135412726880e+00
   5.0336399999999998e-03   8.2173008174734130e-01   9.0442945664598373e-01  -1.9109136482352518e+00   4.2897437592747995e-01  -1.7455636793986978e-01   1.0886352983057312e+00   9.9541467458489596e-01
   9.9028699999999994e-03  -1.8736934221474619e-01  -1.1055568769590811e+00   5.1844510724692761e-01   1.7049757832592696e-01   2.1606648729540812e-02   5.7093679329793268e-01   7.3978673998851285e-01
   4.8080800000000002e-03   7.9556547579573011e-01   1.4516040237663463e+00  -2.9485082125715700e-01  -1.4456820905922279e+00  -8.8632716126758648e-01   1.1679244206327193e+00   1.0296691911112041e+00
   1.0224830000000001e-02  -5.0149561682449761e-01   4.6660464354008710e-02   8.3615474604151296e-01   7.2730193598933557e-01  -2.5125205882433466e-01   5.7652332108778936e-01   7.4356198483055036e-01
   5.4815999999999997e-03  -1.1773272033328388e+00  -1.3444485240674175e+00  -8.8797192478189091e-01  -4.9778121737532277e-01  -9.0535646450607632e-01   1.0570796796516240e+00   9.8118865396967059e-01
   9.6895599999999998e-03  -2.7487245045039593e-01  -9.1800312159812836e-01  -7.9488165061960603e-01  -1.1377813436847282e-01   1.5669180451404438e-01   5.7123018151587956e-01   7.3975851532756032e-01
   5.6743799999999997e-03  -5.4350002228044952e-02   1.6705394407231067e+00  -8.8563315249134544e-01   1.1127221961362737e+00  -4.5637644203393035e-01   1.0522793546095948e+00   9.8011164886960889e-01
   5.2224300000000001e-03   1.7817787523581616e+00   1.1990810964251013e+00   6.1106304430477509e-01  -2.4878042705040784e-01  -5.9104487802666450e-01   1.1297831586236973e+00   1.0139361829469984e+00
   5.4194899999999999e-03  -1.9394532446046313e+00   7.1084383553361752e-01   8.3239896676513492e-01   3.7818477124537492e-01   1.6637507931207390e-01   1.0628704899187189e+00   9.8424566727061669e-01
   4.3566999999999998e-03   8.0176206766685604e-02  -1.8220916228078623e+00  -1.6132646180082693e+00  -1.2126332017924436e-01   4.9582746651278553e-01   1.2596512140506495e+00   1.0696198145717801e+00
   5.4118300000000003e-03   4.4357274723422496e-01   2.9048021454478462e-01  -1.9646598679766185e+00  -4.9337611594716146e-01   1.0162554922346105e+00   1.1474968543773121e+00   1.0215705414847300e+00
   5.6454599999999997e-03  -1.0486262443052410e+00   9.3828778741004881e-01   5.7332157685991814e-01   1.3379478817402355e+00   1.0219204604048766e+00   1.1019229866667100e+00   1.0013105837366425e+00
   1.0625549999999999e-02  -1.3718494385814572e-01  -1.3221931403806028e-01   1.0894892415355382e+00  -5.6630307852277550e-01  -1.2533261127636697e-01   5.9066430726999530e-01   7.5242447334794871e-01
   4.9987800000000004e-03  -1.5501778051127275e+00  -7.1452046196328423e-01   8.7359519769449623e-01   9.5504218004737829e-01   9.5903987895252052e-01   1.1223203755713855e+00   1.0108169203892057e+00
   5.6546900000000004e-03  -5.4644744714254179e-01  -1.3363869346079504e+00   5.9831369783488431e-01   1.5883733674689597e+00  -3.1287741850836503e-01   1.0746891550556188e+00   9.8951864734761352e-01
   5.8810099999999999e-03  -1.5322065627414863e+00   4.0812688785876616e-01   1.0255581196345962e+00  -1.1712380443128527e+00   1.4295605425734792e-01   1.0525703119444301e+00   9.8079682848353977e-01
   4.8869999999999999e-03   1.6499083776420229e+00   1.1466395495059432e+00   4.6424701437916843e-01  -3.1560162404681830e-01   1.1490023483131080e+00   1.1720481946024834e+00   1.0312134516756555e+00
   5.2133700000000002e-03  -1.4757864832746761e+00   3.3809482886822151e-01   5.2201166982442637e-01  -2.4508332178656270e-01   1.7037812276656772e+00   1.1571382159196750e+00   1.0252266975736510e+00
   5.8545899999999998e-03  -2.1134544944794495e-01   5.3233624570894034e-01   1.1937697239150111e+00  -1.3142678517825956e+00   1.1806060163219558e+00   1.0334468813597446e+00   9.7142202351461748e-01
   5.2792799999999999e-03   1.3123942939802582e+00  -6.8142596109913389e-01  -1.7065629870028756e+00  -5.5024292325310575e-01  -1.6305796716691703e-02   1.1253113791005442e+00   1.0122982017599280e+00
   9.9485900000000002e-03  -1.1348142268952122e+00  -3.5867290431133386e-01   1.1567488506601782e-01  -3.6912930160641921e-01   1.9718956817500019e-01   5.8281736677879581e-01   7.4708227371215863e-01
   9.7286999999999998e-03  -6.4576562352065725e-01   1.1413226495112609e-01  -8.3022196722560193e-01  -5.1177331768370093e-01  -4.3048592402440428e-01   5.6821036528298163e-01   7.3791533374637153e-01
   9.2007400000000007e-03  -9.5032085804555055e-01   6.0958035508972575e-01  -2.9620754158432522e-01   5.0287483203151750e-01  -1.5452056894113636e-01   5.6807630820427635e-01   7.3741101674097820e-01
   5.0279100000000000e-03   9.6743541714988668e-01  -5.8318662976560867e-02  -6.3180576828971380e-01  -2.0299147158305031e+00  -1.2907128926245293e-01   1.1224816562238467e+00   1.0102373198410877e+00
   1.0318610000000001e-02  -4.6634353729778316e-01   1.6268240928898006e-01  -6.1797626264342120e-01  -2.4844071362275108e-01   9.0713972233894435e-01   5.7599193685890782e-01   7.4322820608270213e-01
   5.0735800000000003e-03  -1.0196303493817531e+00  -1.5942881887627391e+00   8.3562881028397185e-01  -6.7274170425836766e-01  -7.9404866064760127e-01   1.1030173281878235e+00   1.0014947310923301e+00
   9.3109500000000001e-03   9.0035953691824433e-01   3.6692636298016701e-01   1.1851260923717383e-01  -6.7932611773532336e-01  -4.7533434637704197e-01   5.7224234962023235e-01   7.4000772280486182e-01
   5.4647300000000001e-03   6.2518219715285228e-01  -7.2404037207864624e-01   1.6159756175117639e+00  -6.5033865610099451e-01   1.0700943690072982e+00   1.0596374408817324e+00   9.8309150452013971e-01
   5.5271100000000000e-03  -1.0489447893760653e+00  -1.0622767597495690e+00   1.1462328899777914e+00  -8.9451973170637644e-01   9.8330129484904827e-01   1.1214142836235377e+00   1.0109736563285561e+00
   5.8610499999999996e-03   5.7068208292153633e-01   8.0093620912722330e-01   1.5580125405079164e+00   4.4846014411788387e-01  -1.0907222118315947e+00   1.0201932772319555e+00   9.6504259376139845e-01
   6.0941499999999996e-03   2.8781435985170511e-01   1.0040626315821051e+00   1.2766360287577487e+00  -1.2238679503817780e+00  -8.3257623788786372e-01   1.0543839068586967e+00   9.8205207458441790e-01
   5.3664000000000003e-03  -3.4247246381117624e-01  -3.3868362008352665e-01  -4.4412649364586648e-01   2.1440713472572237e+00   7.0696537209030574e-01   1.1804104082914750e+00   1.0357166503066035e+00
   5.0193599999999996e-03  -9.5814390884124856e-01   1.6534530670388181e+00   1.4809528414932732e-01  -1.2524995176606950e+00  -5.6574836969740105e-01   1.1439167510494934e+00   1.0203193981637730e+00
   4.9462999999999998e-03   7.8904241938203135e-01   8.7829084948667635e-01   1.9972105926808148e+00  -3.6825869129280792e-01   5.1179219790964037e-01   1.1983463027040036e+00   1.0429638952023284e+00
   5.1860900000000000e-03  -7.2861408450906373e-01  -1.8697999322297805e+00  -2.4905567205035078e-01  -1.0671178692864025e+00   3.9989496514002182e-01   1.1165433372139686e+00   1.0071611665399947e+00
   5.6443300000000004e-03   6.8599514789555283e-02  -2.6057961143480141e-01   1.2221784988361259e+00   1.6468399500626987e+00   8.9337932205872939e-01   1.0744053506785032e+00   9.8970668756569480e-01
   4.8836900000000004e-03  -1.2405348907609215e+00   1.9985050148212242e+00  -1.6948609227693423e-01   2.8786996949796401e-01   3.3086427042064097e-02   1.1595449420339661e+00   1.0258088833335457e+00
   9.1797600000000004e-03  -6.2919585483827090e-01   8.4113072265866273e-01   4.2817250673035373e-01  -1.0021087719709916e-01   5.9209655113231374e-01   5.6803228935389616e-01   7.3740288264967102e-01
   4.3593099999999999e-03   2.6299191338487626e-01   2.1159882331408464e+00  -1.1772819710496740e+00  -3.9124683967635282e-01   4.2885050529034185e-01   1.2864498607953039e+00   1.0804538505052279e+00
   8.4998399999999998e-03  -7.0709477270984655e-01   8.1247139721252304e-01   5.4153500834522739e-01  -2.1546038162092923e-01  -6.4660508777011039e-01   5.8633514710588042e-01   7.4856168454163940e-01
   5.8270300000000004e-03  -5.9285244332577491e-01   3.7578588475962092e-02   9.5763055850276912e-01   8.3473217291904012e-01  -1.7457919950236731e+00   1.0743599884900170e+00   9.8931476867162405e-01
   1.0084539999999999e-02  -2.4296230902471846e-01   4.2132336758288108e-01   1.0177115250573458e-01  -1.1484395366671831e+00   2.8205989658796400e-02   5.7949509142622135e-01   7.4517128129133758e-01
   5.5138399999999999e-03  -5.6083756968108622e-01  -8.1915987601196380e-02  -1.0708546014754639e+00  -3.5368373882543397e-01  -1.9099117234988605e+00   1.1097599805261655e+00   1.0048020368999775e+00
   5.0136499999999997e-03   1.3098459145527570e+00  -6.1301132338715247e-01  -1.6461590830608067e-02   1.7327943373546302e+00   7.3517969708222963e-01   1.1641778794859867e+00   1.0295488569486271e+00
   5.3996000000000001e-03   4.8914938909251388e-01  -1.2981107149748108e+00  -1.3378972913695881e+00   2.0872121993294993e-01  -1.2725574516678231e+00   1.1273779319731825e+00   1.0133126178546314e+00
   8.6011000000000004e-03   6.5015936024902699e-01  -6.5049130820484399e-02   1.1099150103583622e+00   4.7633264529528785e-01   4.3876608790303706e-01   6.1133979868117871e-01   7.6314738294565188e-01
   5.2912699999999998e-03   1.8355616392753480e+00   5.7406959643030102e-02  -9.3877638109146533e-01   4.3879973508447373e-01  -9.8507681990674667e-01   1.1345094458366878e+00   1.0161337761112788e+00
   5.0668700000000002e-03   2.4653737373871676e-01   1.0674761270939142e+00   2.8493670741824423e-01   2.0404315104461079e+00   1.3880753553979602e-01   1.1245137551023356e+00   1.0114226088062219e+00
   9.1290000000000000e-03   4.9772684606776946e-01  -6.2847864165674328e-01   3.3817004578176192e-02   3.2160099852924945e-01   1.0228241247197940e+00   5.8542338996179055e-01   7.4834748592921851e-01
   5.7231799999999996e-03  -3.6489163645994521e-01  -4.3474427663814957e-01  -2.1327118546574817e+00  -1.6543934458972143e-01  -3.6676602095580396e-01   1.0725532852063744e+00   9.8825580514993128e-01
   4.5294300000000001e-03  -2.5300769556590730e-01  -1.5237304154957896e+00   1.6128326296769638e-01   1.2468636532595987e+00   1.2871673330914264e+00   1.1317463013355473e+00   1.0119357979203163e+00
   5.8631600000000001e-03   1.0461947760124224e+00   3.8215214661698443e-01  -7.4852591720419248e-01   1.6883143298100871e+00  -3.9874429875288414e-01   1.0213255469480607e+00   9.6631844690290913e-01
   5.7619100000000003e-03  -7.0096172887447938e-01  -8.6058631197352820e-01   2.6006189089170428e-01  -1.8705219426904705e+00  -3.6172417045573202e-01   1.0467053010231189e+00   9.7734263240671715e-01
   5.2174600000000002e-03   4.0854695359146820e-01   8.4254651533498237e-01  -1.2870454971262106e+00   1.3971259443910851e+00   1.0710835333907540e+00   1.1889959050264318e+00   1.0391100694004944e+00
   5.2659200000000003e-03  -1.8813885658935079e+00  -3.2131365579734242e-02  -6.6087658389715653e-01   6.9882000507072406e-01   9.4549698665349591e-01   1.1244249692043802e+00   1.0105845581932633e+00
   5.2955299999999997e-03   2.9886098775402703e-01   2.1290700820727424e+00   5.2318448876436552e-01   5.6044367179345668e-02  -7.7459134226192505e-01   1.1540234452234126e+00   1.0250750210211397e+00
   6.0191000000000003e-03  -1.7849942569618766e+00   8.8403342390680717e-01  -5.7418602598972690e-01  -6.0849274039634893e-01   3.9995735928370146e-01   1.0359128036316148e+00   9.7215204363953867e-01
   9.2324399999999997e-03  -7.4499874511077380e-01  -4.2705139633484629e-01  -2.1796968299374034e-01   8.4013875475615107e-01   4.5770418225885401e-01   5.7487498229281897e-01   7.4174573709343172e-01
   9.2454300000000007e-03   5.5560060340773243e-01   3.4004147140158092e-01   3.5296425262390996e-01  -4.7934084563768675e-01   9.5217479154130880e-01   5.7223587894996630e-01   7.3998802126027785e-01
   5.6512100000000003e-03  -1.3999459336475626e+00  -1.6943388513846245e+00  -2.1191533875120547e-01   5.1177332599762160e-01   1.3490225841167552e-01   1.0923600376613234e+00   9.9776489740565044e-01
   5.2710300000000003e-03   1.2321539202831182e-01  -1.3851414602071763e+00   1.0955282019468375e+00   6.6497162933165033e-01  -1.3103917529661770e+00   1.0991539679810096e+00   9.9962748922719780e-01
   4.8703300000000000e-03  -1.9616450702475494e+00   6.1923374349669902e-01   1.0848336131965333e-01  -1.0106810434929960e-01  -1.2728308327467701e+00   1.2267579539546427e+00   1.0550963540962492e+00
   4.7884299999999998e-03  -9.2192523357527356e-01   8.0001143028048194e-01   1.8829043926174653e+00  -9.6559981420383967e-02  -8.4796325108829351e-01   1.1710611766342611e+00   1.0316688383049366e+00
   5.3891499999999997e-03   1.5165630606192271e+00  -3.0312401298564007e-01   1.6564993486511257e+00  -3.7206187492190423e-01  -4.4078711277377997e-01   1.1498668403403698e+00   1.0228632903954320e+00
   8.8264899999999993e-03  -2.1793588567934988e-01   1.9327664282943210e-01  -1.0683163106797984e+00   8.4950279078901825e-01  -5.2950155762508104e-02   6.0018206490115988e-01   7.5695012861968869e-01
   8.9083500000000006e-03   8.6261459085040282e-01  -8.2576509131885700e-01  -4.1312061802007238e-01   1.6374746682967115e-01  -3.5770439581779395e-01   5.7582469703910899e-01   7.4206019307541238e-01
   5.6412600000000004e-03  -1.1505580451423123e+00  -1.5285357593418070e-01  -1.6521779331852476e-01  -1.6039273442050228e+00   1.1093477658807238e+00   1.0922574875081772e+00   9.9786326980325013e-01
   5.9127299999999997e-03  -8.5909290800522786e-01   9.1169149450851594e-01  -1.8183302983909977e+00   1.3274217018131959e-01   2.9776436659707456e-01   1.0794555972340922e+00   9.9105219615714268e-01
   4.2736199999999997e-03  -1.1033569814078776e+00  -1.1728018220275729e+00  -1.8393836062423072e-01   7.7350191327944129e-01  -1.7624792757535623e+00   1.2996614619161009e+00   1.0852738561059978e+00
   8.8273299999999996e-03  -4.5398365866868701e-01  -2.5284030593283330e-01   7.2649454254166224e-01   1.4759360878519995e-01   9.6753589538414253e-01   5.7053643741261428e-01   7.3901569773726361e-01
   5.5031500000000001e-03   8.1352191158556320e-01   1.2685627817820324e+00  -8.6154112960849627e-01   5.3797756894641184e-03  -1.5055726724012082e+00   1.1096696923564358e+00   1.0064357756510043e+00
   5.6170500000000002e-03  -8.2494609419397846e-01   1.4108835003491811e+00   6.4224680347004437e-01   1.1677899001923633e+00  -8.1114857570664789e-01   1.0840382058986693e+00   9.9379871330905523e-01
   5.5257099999999996e-03   1.3900763742216324e+00   1.5652760808934401e+00  -4.0095843371296291e-01   7.3392422890697206e-01   4.2414286148155138e-03   1.0659848685227857e+00   9.8584723250293838e-01
   8.9822600000000006e-03  -8.1591337087009372e-02  -6.5364187060406787e-01   1.4510239302537473e-01  -8.8465802115162573e-01   6.4584929812221847e-01   5.6258380853709888e-01   7.3400519089786564e-01
   5.3220400000000001e-03   1.9313218544407733e+00  -2.4615646191798904e-01   5.4572438582693605e-01   8.8097244037314060e-01  -7.0380214127348895e-01   1.1165263386540250e+00   1.0088575367493848e+00
   5.7126199999999999e-03  -1.6811845320520236e+00  -7.4013941599208516e-02  -1.2725840822072014e+00   3.6413029095069666e-01  -6.8221771884019689e-01   1.0757229528041472e+00   9.8991668344293759e-01
   5.7004200000000003e-03  -6.2212944172037055e-01  -5.1801439863124232e-01  -1.6207926854383452e+00   8.1696106195024898e-01   1.1123061418221043e+00   1.1073078065588824e+00   1.0047160915112376e+00
   5.1070300000000002e-03  -8.9933195253986020e-01   1.3951360270485191e+00  -1.2343648553427224e+00  -3.0393772850793360e-01  -1.1143452358144406e+00   1.1747145410182052e+00   1.0333344171251750e+00
   5.8822400000000004e-03  -4.7956522547040370e-01   1.0411715837430464e+00  -1.1688220927178492e+00  -1.4381322348268715e+00   2.9011662276882311e-01   1.0398613248802320e+00   9.7373741630374189e-01
   6.0531900000000000e-03  -7.4803156650828373e-01   7.0164776949557850e-01  -4.9007785149767225e-01   8.4399276121948785e-01  -1.5452398282811737e+00   9.4088324869083939e-01   9.2836452032144656e-01
   5.6124299999999998e-03   6.9156031827294767e-02  -2.2069239934974192e+00  -1.2406269447103532e-01   1.4023006352536121e-01  -6.1385335058961177e-01   1.1276802845804488e+00   1.0131535890687773e+00
   5.8664499999999996e-03   1.5793703265599974e+00   9.7349397783577074e-01  -9.6334813723352852e-01  -8.1705019939179457e-01   1.3795299569070979e-01   1.0810369122952659e+00   9.9366984039812289e-01
   5.5200199999999996e-03   5.4962826343246207e-01  -1.8819142504716124e+00   2.7172150410967277e-01  -3.1374669676195976e-01   1.1614341081539155e+00   1.1373512173078215e+00   1.0178698264247685e+00
   4.5572700000000004e-03  -3.4726524712063389e-01   1.2047733773627600e+00   4.1013464710543007e-01  -3.2416111767570688e-01  -2.0647554506260515e+00   1.2526317996166465e+00   1.0670992790017708e+00
   4.0400899999999997e-03  -8.4001716096506862e-01   2.9102299075390431e-01  -1.2487821528697585e+00  -5.8268292209407668e-01   1.9032074116657485e+00   1.2494854226796717e+00   1.0644768166950274e+00
   9.9068200000000002e-03   3.6143045891248049e-01   6.7141590264544515e-01   7.5858711949079130e-02   7.2442310072280536e-01  -6.8103691646224040e-01   5.7795521302296016e-01   7.4402408912743023e-01
   5.8373699999999997e-03   1.5259361517231387e+00  -4.1048864564976656e-01  -4.3466267678475035e-01  -8.5003209931094570e-01   1.2419129417964643e+00   1.0567721707616720e+00   9.8190706164241737e-01
   5.8769599999999996e-03  -4.3462283564740239e-01   2.5923270460274934e-02  -1.8803209144895561e-01   9.2461834226870432e-01   1.9382330475715810e+00   1.0269522225529109e+00   9.6839863575180485e-01
   5.7163800000000001e-03   7.6740640315230113e-01  -4.6740844226313966e-01   7.1128403753659308e-01  -1.6993716031666346e+00  -9.7053672908474131e-01   1.0954357185790400e+00   9.9898506551080712e-01
   5.5710800000000000e-03  -8.4801874290630952e-01   1.5914085937961717e-01   1.9407760626903385e+00   1.2107704369052029e-01   8.2375707624438421e-01   1.0952515670110163e+00   9.9944275979502428e-01
   5.2899599999999998e-03   6.4985558035754742e-01  -1.8599616539858671e-01   1.1338112775711913e+00   1.7300682333828377e+00  -7.5881221970329671e-01   1.1085162200846992e+00   1.0040754536425804e+00
   9.6638599999999998e-03   4.3963603977971027e-02  -7.7082556537559499e-01  -3.2166597158133248e-02  -7.5323585071767551e-01  -6.6454453302524463e-01   5.7295486396827433e-01   7.4082617284778596e-01
   5.2783600000000002e-03   6.3460759621462096e-02  -4.4807104112197199e-01   1.5570719318212380e+00  -4.9123887038010727e-01  -1.4932190237867902e+00   1.0526869541520216e+00   9.7894901643096921e-01
   5.2920900000000002e-03  -6.1832920290606685e-01   1.5013254926975867e+00  -7.6088464825337085e-02  -9.0738511470082128e-01   1.3524379663512003e+00   1.1016776710077123e+00   1.0012297442644988e+00
   6.0045400000000001e-03   1.0627379214123973e+00  -1.4828251863588291e+00   1.0435193137885659e+00   8.1453311432198749e-01   1.5642850757046770e-01   1.1039328791411169e+00   1.0031241805398752e+00
   9.4498599999999992e-03   5.2610967062022684e-01  -8.6629858255706613e-02  -7.6679189469173237e-01  -8.0544166769161163e-01   1.8059804770534429e-01   5.6120880530804318e-01   7.3339489272187997e-01
   5.7589900000000003e-03  -1.4504325989124842e+00  -6.9889847233773383e-01   1.4746232436712745e+00   2.0626098487790806e-01  -5.3581472028295074e-01   1.0855880171866412e+00   9.9528444427549645e-01
   5.5379100000000001e-03   9.5509131795359126e-01  -1.6163907383788743e+00  -4.7394614426433929e-01  -1.2019591315891029e+00  -6.6502912868314445e-02   1.0981861320674600e+00   9.9963898571634713e-01
   5.1695500000000002e-03  -8.4939698030619937e-01  -1.1068694233816583e+00  -1.3297390687280561e+00   1.3224776555474158e+00  -3.9955903942301541e-01   1.1751457592485230e+00   1.0335605417687732e+00
   8.9078200000000003e-03   4.4501133371822843e-01   9.3263455581444876e-01  -6.3823295879233488e-01  -2.1938347375726121e-02   5.4969817398519905e-01   5.8195414822038427e-01   7.4586225693018837e-01
   4.6662700000000001e-03  -4.9122538271961375e-01  -1.7057544931629633e+00   1.4738780235416891e+00   3.5592057031438001e-01   5.2157490740741819e-01   1.1614550339686345e+00   1.0275010067371901e+00
   4.1242800000000001e-03   9.0331111334707181e-01   1.1593864463579657e+00   3.0321185290923319e-01   1.3339922374695605e+00  -1.5306229732108945e+00   1.2711858190536196e+00   1.0746767588827133e+00
   5.4444500000000000e-03  -6.8034668182424388e-02   1.1749133920971153e+00   1.5922267282662086e+00   1.0017570266860427e+00   2.4570353997838668e-01   1.0345062233771487e+00   9.7103738780517501e-01
   5.3965500000000000e-03   1.6668875218599455e-01  -5.3681115752550301e-01   2.1769569451747226e+00   5.4187417008718075e-01  -2.3064095856276617e-01   1.1397326773756808e+00   1.0179151774328150e+00
   8.5816799999999995e-03   5.8233271860879321e-01  -2.1130799617472940e-01  -9.6837696609955992e-01   3.9606199403519843e-01   6.7370097471035140e-01   5.9248669453593117e-01   7.5235015662538418e-01
   5.4661400000000004e-03   6.8226137398324194e-01   8.6383484781905784e-01  -6.5812652397259486e-01  -6.5506275877096204e-02   1.8937005064294963e+00   1.1056296448325071e+00   1.0036494573150725e+00
   5.3994899999999998e-03   9.6908277996639502e-01   5.6758563287288011e-01   2.4474442917928368e-01   1.1891501866315159e+00   1.5295644577620569e+00   1.0618219543687122e+00   9.8376822195745239e-01
   5.5153299999999997e-03   1.1938970704747434e+00  -2.5517424634960589e-01  -7.8594315265536929e-01  -9.0785213122085373e-01  -1.4622842942931402e+00   1.0610564598109653e+00   9.8284932583175055e-01
   5.0496899999999999e-03   1.8381431876780998e+00  -4.2670825578667704e-01   8.6610754343228968e-01   1.8124383057469790e-01   1.1917949006489588e+00   1.2182449288196433e+00   1.0516281095584077e+00
   4.6883200000000002e-03   1.9838440911801760e+00   2.7317137179523532e-01  -9.6368752092665599e-01   5.8008138916385887e-01   8.0061391235562240e-01   1.2050812380257567e+00   1.0471845492169976e+00
   5.5608799999999998e-03   2.4436722925931953e-01  -9.8270539438720217e-01  -1.0255746566185477e+00  -9.0685863356138763e-01   1.3866400163716841e+00   1.0063925800117615e+00   9.5868681431220659e-01
   9.3590400000000008e-03   6.0928535016998420e-01  -3.3945602727587004e-01   6.7374083468306567e-01   2.4680671107122767e-01  -8.0832433315500585e-01   5.7256317339414620e-01   7.4022506411911504e-01
   5.5625300000000004e-03   5.1806979896892236e-01   6.3753509704877231e-01  -5.1100607891902028e-01  -1.6123757071455096e+00   1.2670799285123293e+00   1.0848844691358095e+00   9.9358730330239364e-01
   3.8871600000000002e-03  -1.0225336512978722e+00   1.1075993358749120e-01   1.4260045725712349e+00   1.7964285769304982e+00  -2.9409056197605521e-01   1.2535462949960150e+00   1.0656506776346351e+00
   1.0955230000000000e-02   2.6808894231591326e-02  -6.1511088749254157e-04   1.0097891445673768e-02   1.7858797780746949e-02  -1.2188093081151824e-02   4.1648462907251466e-01   6.3425741662422042e-01
   5.1597800000000001e-03   3.2909481317995987e-01   5.9924263717195403e-01  -1.8150529839141829e+00  -1.0305213041351444e+00  -7.8205851832512197e-01   1.1306239711619239e+00   1.0129006342783946e+00
   9.1287299999999998e-03   4.4340514503470252e-01   9.4424802261044638e-01   7.5607352532968930e-01  -3.2293871376663633e-02   9.3617242932307835e-03   5.6970573368381372e-01   7.3828504608874956e-01
   9.0453200000000008e-03  -4.5720095176058559e-02   1.1750730796528046e+00  -4.5811210662833268e-01  -3.2035515674345982e-01  -3.5199938429614680e-01   5.8955169183644895e-01   7.5075709650803901e-01
   5.3444199999999999e-03  -1.0922116647109599e+00  -1.1771494489862448e-02   7.9745973719094609e-01  -1.2334537282725297e+00  -1.3952278144387531e+00   1.1132084988620530e+00   1.0062310150061404e+00
   5.5419500000000003e-03  -3.5870387573096441e-01  -5.0943708329495319e-01  -1.3032432198332518e+00  -1.6826028434896771e+00   3.5031955008400428e-01   1.0690887901575081e+00   9.8585251469539836e-01
   5.8634799999999999e-03   6.3627458558680039e-01  -2.6688188321672107e-01  -1.9992927194323451e-01   7.5376214291519306e-01  -1.9885667475707647e+00   1.0737215553631432e+00   9.9051624984660602e-01
   8.4214000000000008e-03  -1.0024186634294485e+00  -4.1693105193617125e-01   2.2401800578051240e-01  -7.4575065651527411e-02  -9.4321797079983072e-01   6.1586251789676150e-01   7.6603173422306192e-01
   8.8745700000000000e-03   3.8801735077878841e-01  -3.9372495601757945e-01   9.1413509381305963e-02   1.1670981421868187e+00  -3.0632570570082937e-02   5.6104116305233043e-01   7.3301642918850995e-01
   4.9557899999999998e-03   8.1228275420861118e-01  -6.7526531390128430e-01  -1.7708324398429800e+00   1.1932873133321285e+00   6.3756402588758920e-02   1.1685096653198610e+00   1.0311298971818295e+00
   8.6955200000000000e-03   2.6852930651987201e-02   2.7098226027500039e-01   9.5344386595690445e-02  -3.3457739008067666e-01  -1.2575473241132482e+00   5.7470484157174151e-01   7.4135898402001343e-01
   5.9900900000000000e-03   2.6043881353362269e-01  -1.5811078855426368e+00  -6.3704211767701091e-01   1.0262327871392394e+00   3.6204709535101748e-01   8.8844923946557675e-01   9.0389671509096492e-01
   0.0000000000000000e+00   0.0000000000000000e+00   0.0000000000000000e+00   0.0000000000000000e+00   0.0000000000000000e+00   0.0000000000000000e+00   9.2996535159613058e-01   9.1584924585425376e-01
