   5.8216900000000000e-03  -3.0667218902927756e-01   9.0217674999233874e-02   3.4521889541431106e-01  -1.2902425909457282e+00  -1.0277590642125001e+00   5.7004754875603758e-01  -1.4195666940385039e+00   2.2064179836922366e+00   1.4327691117992896e+00
   4.7066900000000004e-03  -9.9190078072086107e-01  -3.8559775295248727e-01   7.7096295013451921e-01   5.8969647200333486e-01   1.3202384387046968e+00   1.0196592609388597e+00   8.5425941313491782e-01   2.1902401655780350e+00   1.4255772502560635e+00
   6.0816000000000004e-03  -2.3172308762053972e-01  -2.5001032369541876e-01   1.2215868066590903e+00   2.2773617867600712e-01   1.5362691919101035e+00  -9.3140252455078398e-01   5.3290774768863858e-01   2.1872642471434913e+00   1.4264143661148543e+00
   6.2280000000000000e-03   6.1124285752679186e-01  -1.7010616803621057e+00  -3.1326473005954170e-01  -7.1099790515773664e-01  -6.8124385654262177e-03   5.8652742713588979e-01   7.0158924415663682e-01   2.0666569254657827e+00   1.3859224526034173e+00
   6.5739800000000001e-03  -1.5930310136459400e+00   1.6156665110749616e-01   3.8847740295428856e-01  -1.2943837939167007e+00  -5.4486841948208609e-01  -1.8058513443049298e-01   3.0626928646879420e-01   2.1186287306771101e+00   1.4037903423404376e+00
   6.4782700000000004e-03   1.0704110820243102e+00  -3.4404709950615292e-01   8.7876886151746725e-01  -1.8275153804366415e-01  -6.9807689763902336e-01   5.9021510601213589e-01   1.3528135207646961e+00   2.0903826551043108e+00   1.3943174009679691e+00
   5.9231199999999996e-03  -4.4995755831690892e-01   3.9175539526526937e-01  -2.9479810145098356e-01   6.6370894076503550e-01  -1.2284896741123561e+00  -3.0986984995329236e-01  -1.6709251527484454e+00   2.2081572003083259e+00   1.4334077789170758e+00
   6.1386200000000000e-03   1.3313384274912998e+00  -1.6548731814916479e-01  -9.8936786873552507e-01   7.4280332873150945e-01   5.9911604236768146e-01   2.6204433666168242e-01   1.1012216236147498e+00   2.1370403143153576e+00   1.4098374548830690e+00
   6.5351300000000001e-03  -1.3576590168864608e+00  -1.2974395671537540e+00  -6.2060346108470521e-01   1.7420278305427299e-02  -5.6457078304142994e-01  -3.5316876270780606e-01   6.4628504991349311e-01   2.1148048317234660e+00   1.4023397565747060e+00
   6.5143800000000002e-03  -4.9791668154533737e-02   3.4817717401165604e-01  -1.3671658273947547e+00  -4.3495700660850140e-01   1.8144946367675724e-01   2.5361766814142450e-01  -1.5961979730896949e+00   2.1237958112329722e+00   1.4054507646601408e+00
   5.9677000000000003e-03   1.8953901778617044e-01  -8.1323184368013113e-01  -5.3906365989735427e-01  -9.3998493657508664e-01   1.2408582806228250e-02   1.5718332817027911e+00  -8.6036519203935946e-01   2.1467512589449980e+00   1.4129667715490279e+00
   5.8271800000000004e-03  -1.4720476199184673e+00  -2.6224232313491719e-01  -6.5048138284673229e-01   1.0626558523633796e+00   4.1042686852273730e-01  -3.0316057486055811e-02  -9.3190170375039871e-01   2.0750532235111043e+00   1.3882894529249143e+00
   6.1219600000000001e-03  -9.1859967094770645e-01   1.8533476204873933e+00  -3.8664140014541389e-02  -5.7891490763876785e-02  -1.7289091152227135e-01  -2.3274523301831854e-01   7.8974447808810266e-01   2.1416897895240736e+00   1.4111552140035843e+00
   5.7135900000000002e-03   1.1214052043689609e+00   4.6217074129018668e-02  -1.0958477095930006e+00   6.9882633100997049e-01  -8.7478283411211166e-02  -1.4603495773174431e+00   4.8239799798241390e-01   2.2008613618243995e+00   1.4306296075760065e+00
   5.6348300000000004e-03  -3.1985356008630172e-01   7.8432937380219481e-01  -6.6627882118136073e-01  -1.6668002178460868e+00   3.4586518671950517e-01  -2.4341560233761272e-01   1.0557402512679623e+00   2.1623404666391894e+00   1.4180320149067038e+00
   5.6272500000000003e-03   6.8493801676177535e-01  -7.0953769979312881e-02  -9.4358355691823748e-01  -9.1239680563797032e-01  -3.2853568523204446e-01   1.2743979634997464e+00   1.1749537142379487e+00   2.1856456203376888e+00   1.4257353458771034e+00
   5.9703600000000001e-03   5.1644480262532855e-01   1.4769107209304195e+00   1.1003157624298245e+00   3.2950249846260354e-01  -8.2915252564048114e-01   1.0688275134561182e-01   7.3249544950197409e-01   2.1231649707924678e+00   1.4046341047283637e+00
   6.5513400000000001e-03  -5.2324402553325378e-03  -9.9676124409056654e-01   6.9646893771040663e-01  -7.2318691579398720e-01   1.4954479357292421e+00   6.7943829738901718e-01  -3.2234772064457878e-01   2.1079256764142422e+00   1.4005319764644408e+00
   5.7790300000000001e-03   5.5847023972528298e-01  -7.7992279799020969e-01   1.0548331038038403e+00  -1.8386446422816474e-01  -9.8607062249140331e-01  -8.9780924283899721e-01  -1.2733656791400296e+00   2.2595450043571725e+00   1.4506947430130470e+00
   5.8944300000000000e-03  -3.6469817081713685e-01  -8.8519817353251473e-01  -2.1799511741322528e-01   6.3589761403621881e-01  -2.1285357748905184e-01   8.8816358903934423e-01   1.7387834485173377e+00   2.1894241325299744e+00   1.4270437336355739e+00
   6.4126599999999997e-03  -1.7957202865976301e+00  -6.4982873648774742e-01   4.7652253414538076e-01  -1.9454423816561203e-01   8.7125184489057295e-01  -2.7425328184956410e-01  -3.2809028787435035e-01   2.1145522981127147e+00   1.4023890425403589e+00
   5.6302599999999998e-03   1.6587789717402246e+00   4.7986732070773713e-01   7.8496935908050003e-01   3.2640485677838688e-01   6.2247683127194853e-01  -5.9413714949640262e-01   9.3207058766436646e-01   2.1929438094280616e+00   1.4276706130336612e+00
   5.6531000000000003e-03  -5.1135411531246378e-01   8.3594631920243267e-01  -1.0572538487062377e+00   1.3974317291889893e-01   9.3378867228648033e-01   9.0465355603425945e-01   1.2759760270299105e+00   2.2287099529629519e+00   1.4406177992303673e+00
   6.2043000000000003e-03   1.4872999127801063e+00  -2.0130686732989006e-01  -4.9822599382920912e-01  -1.1838072004114679e+00   4.7899867004317448e-02  -6.7523135891996555e-01   8.7824365015928663e-01   2.1921824486701569e+00   1.4283165969093283e+00
   5.7884700000000004e-03  -5.3722045833883025e-01  -6.0611532155180348e-01  -1.7613303950089001e+00   2.6878508215039448e-01  -1.5489098364442969e-01   1.1669048622501681e+00   3.1929192628567304e-01   2.2291996557487126e+00   1.4398793773605687e+00
   6.2437100000000004e-03  -5.1461466558073909e-01   9.5940166412496075e-01   9.2944835519531055e-01  -1.6122103949391861e-01  -1.0027480698293580e+00  -1.2759174997729710e+00  -4.2175649440722379e-01   2.1202851423855900e+00   1.4040202116789651e+00
   6.5360799999999997e-03  -2.2886561093901045e-01  -6.2994582053874149e-01  -1.2390626652568582e+00  -1.5750859949572578e+00  -6.2659603645804818e-01   1.4772647345057019e-02  -3.6450311110007447e-02   2.1301359068354726e+00   1.4078452721968802e+00
   6.1235999999999999e-03   1.0001799564132896e+00  -8.4059103124645129e-01  -3.3286297387459923e-01   7.2871570352022585e-01  -7.1476751126998073e-01   1.4838462630190874e+00   1.3560284502269690e-01   2.1570007762767798e+00   1.4166894395762311e+00
   6.3941299999999996e-03   1.2853356493506056e+00   6.9518320626909702e-01   7.9689329059811931e-01   1.0942718192135148e+00   8.7775237430427783e-02   9.2028903349008107e-01  -3.1095897502622161e-01   2.1363075441732544e+00   1.4097201448036543e+00
   6.4114200000000001e-03  -2.8676995099547786e-01   1.9580586757141813e-01  -1.7239202122917041e-01  -1.0881411946122443e-01   1.8030710836780268e+00  -5.9686868085200739e-01  -1.0853064129006973e+00   2.1601847663992904e+00   1.4173250050371631e+00
   5.8141599999999996e-03   7.0600423403188517e-01   7.5953591464779191e-01   6.0573678549060483e-01  -5.8130787512331239e-01  -8.4286362468574572e-01   1.6229022627895937e+00  -7.4369571562349010e-02   2.1431466063487359e+00   1.4114662736410251e+00
   5.9420699999999998e-03  -1.1601687603641750e+00   9.9478045378625157e-01  -4.6665306150491068e-02   1.0564167350969391e+00   1.2445210091806267e+00  -3.8178399375498812e-01   1.2035608570201684e-01   2.1722799473199492e+00   1.4214711084456546e+00
   6.1333600000000000e-03   7.3427093070251226e-01   1.7642906323292057e-01   1.4174186826855445e-01   1.6180855046512381e+00   1.1307810889971563e+00  -6.4972753275134176e-01   3.4208236126750204e-02   2.1294438118948649e+00   1.4068783880845908e+00
   6.0611700000000003e-03   9.3692902118747234e-01  -1.1552128097619401e+00   1.2973543821916713e+00  -8.2363072496296152e-01   2.3861823667539478e-01  -5.6857744002872379e-01   4.2301017982327616e-01   2.1671118756418637e+00   1.4197561130881522e+00
   6.0334400000000002e-03  -4.8674025534633247e-01  -6.6896707904193975e-01   4.0679589740530053e-01  -7.0465730162568505e-02   3.6981634005790814e-01   4.0008718203757043e-01  -2.0270024533218733e+00   2.2171988705374992e+00   1.4364052273055208e+00
   5.8298500000000001e-03   9.9369331531833616e-01  -2.8649151102787578e-02   6.1492019408982268e-01  -1.5595446954225869e-01  -1.3116731512079352e+00  -1.2138193376291084e+00   7.3746692025037019e-01   2.1502566390387097e+00   1.4137749659918413e+00
   6.2146099999999998e-03  -7.6083137384751931e-01  -8.9732309746522343e-01   1.3614608726557698e+00  -4.1162256546391141e-01   6.8825507791452925e-02   3.6974328262008399e-01   1.0754017173978350e+00   2.0640070373784902e+00   1.3850379525931866e+00
   5.9336700000000003e-03   1.7735916946775936e+00   7.6535154576166819e-01  -4.2093749904503108e-01   6.1200188577916127e-02  -8.9792236425875016e-01   3.2028048864696534e-01   4.0776886931576672e-01   2.1109616559720257e+00   1.4010138694378245e+00
   6.2351699999999999e-03   9.9651275969827291e-01   9.5403614588230976e-02  -9.0793124367061329e-01  -4.5542352410758735e-01  -1.0812240602194860e+00  -1.0197113755126102e+00  -8.1675508819294695e-01   2.1258129211744428e+00   1.4062037645288534e+00
   6.0431199999999999e-03  -7.1279240351824313e-01  -6.2315677144991388e-01  -6.3926238828318127e-01   5.0840493144949950e-01   7.5205527755269108e-01  -1.7419679510817387e+00   9.5588838560828032e-02   2.1897673704318299e+00   1.4274587335120619e+00
   5.7322199999999997e-03  -6.3776518662130655e-01   6.9419715095807033e-01   6.5454805813306915e-01  -6.7984749706324965e-01  -2.5157149136736706e-01   1.0547357975851517e+00   1.5066493677354100e+00   2.1736734331771608e+00   1.4215254446864913e+00
   6.0654300000000001e-03   4.7202676395985760e-01  -1.5412522164249745e+00  -5.3423566757242857e-01  -5.1069478479901553e-01  -4.8683582628561256e-01  -1.3167967986244935e+00   2.6946517586154399e-02   2.1666049981206563e+00   1.4197200245564250e+00
   5.8156600000000003e-03  -1.5790734060167364e+00  -4.2678583919230839e-01  -7.4838115964983454e-01  -4.4446251216647442e-01  -6.4822045259209382e-01   6.7388846306420869e-01  -9.0298144914820100e-01   2.1500327938279509e+00   1.4137457678869401e+00
   6.0824599999999996e-03   1.1228674873201061e+00  -1.0165932711887500e+00  -3.8950798478542914e-01  -3.3820314915583495e-02   1.4750377895638751e+00  -7.1853110460398240e-01   1.5536542968069544e-01   2.1862101333257278e+00   1.4261990860332121e+00
   5.7464100000000004e-03  -7.4166326005538696e-01  -5.9467133553637563e-01  -7.1639246016431013e-01   6.3808326683572014e-01   1.5496816763103016e+00  -1.4405303632994224e-01   8.6551807628387101e-01   2.1187889388384256e+00   1.4031323000538791e+00
   6.6927999999999996e-03   6.2288115376388975e-01  -6.7199983079061687e-01  -1.0273434386216902e+00   2.0110951179615696e-01  -1.4022856204758305e+00  -1.0837039295268991e-01   9.5470580407224948e-01   2.1345684938678429e+00   1.4092360851245989e+00
   1.3847020000000000e-02  -1.9649197001849372e-01   1.3630903920615811e-01  -2.5848044334970410e-01   1.0034798682622909e-01   7.4754579329302392e-02   4.9800230268321571e-01   2.3301752580494173e-01   1.2059108287624516e+00   1.0846410948331382e+00
   5.8791099999999999e-03  -2.8741099656756919e-01   1.5183633379430694e+00   8.8065969585453929e-01  -1.3190160083582929e+00  -1.0728866755158276e-01   1.9674412986713746e-01  -2.1591787992699754e-01   2.1151519321994412e+00   1.4021598834810858e+00
   5.8442900000000002e-03   4.8570529792254730e-01   7.5200211013814344e-01  -4.2322888780022333e-01   8.5376371141164288e-03  -3.6890263096739584e-01  -3.3952790353356171e-01   1.9780908845095853e+00   2.1536939290054975e+00   1.4153116995568802e+00
   5.8786400000000001e-03  -2.1742393076098588e-02  -7.7261140451193611e-01  -1.5773805586555734e+00  -3.9987562255353659e-01   4.1430279369924572e-01  -4.6446694169062419e-01   1.2344728680341952e+00   2.1587920729596588e+00   1.4167763977554397e+00
   5.8790900000000000e-03  -1.3711493373799020e+00   7.0464924730735498e-02   3.6595726092749956e-02  -1.5514659998068134e-01   4.7622395460287775e-01  -6.4477509572850689e-01   1.6123870482162148e+00   2.1629684758445364e+00   1.4182686607104891e+00
   6.5564100000000004e-03  -5.7914586578434279e-01   1.0720493080195750e+00   5.7742320716562723e-01   1.6180806266197540e+00  -5.8745519471704766e-01   3.2417809778611452e-02  -2.3258323575748141e-01   2.1309405595429749e+00   1.4077408752231666e+00
   6.4497100000000000e-03   1.6639055153227860e+00   8.1470801931842118e-01  -5.8859723431845512e-01   1.6765539640444162e-02   8.1144979300618536e-01  -3.5509374098540852e-01  -6.8532037721048644e-01   2.1790150820216905e+00   1.4237780039312928e+00
   5.9717099999999999e-03   6.8517644201763095e-01  -8.9974617132630885e-01   1.3703457630200566e+00  -2.3686817695899576e-01  -3.3533815067481110e-01   1.2202430124683146e+00  -6.6076755306183921e-01   2.2188440562260006e+00   1.4367945244397780e+00
   6.3730799999999997e-03  -8.7485436739815203e-01  -1.4839567658203885e+00   1.7578546813105764e-01   5.8455816952990458e-01   4.2902902323158694e-02   1.2285846356851888e+00  -2.3904956394601626e-01   2.1309706829314408e+00   1.4084989475260901e+00
   6.1216300000000003e-03   4.4375538967355238e-01  -3.9854358916466204e-01   2.7109749095432706e-01  -6.4609998007253011e-01   1.1805845161641486e+00   3.2224273937902886e-01   1.6488296737527453e+00   2.1526380522464565e+00   1.4150528135446154e+00
   6.6714699999999997e-03   8.1752114125807152e-01  -1.0347211244139505e+00   8.9315391391214127e-01   9.5973469275478873e-01   7.2047382898139922e-01   5.4444406976658533e-01   6.5153693223675913e-01   2.0904753446986657e+00   1.3948605690660298e+00
   6.5605300000000002e-03   3.4478646100046484e-01  -1.4520378691717766e+00  -9.1430520486070843e-01   1.2450544137694664e+00  -6.6238603032157143e-03  -1.9255462322211231e-01   2.9563264813103690e-01   2.0934350010889453e+00   1.3955170585642884e+00
   5.9002500000000001e-03  -6.1074228196004510e-01   7.5684561345272544e-02  -1.0659367650027181e+00   1.3639990937795845e+00  -1.7977909201807904e-01  -3.5993187692702372e-01   1.2357721958806493e+00   2.1540035338048797e+00   1.4150062380115964e+00
   5.9829899999999997e-03   1.1317280532424661e+00  -1.9573420240271225e-01   1.2361693432038585e+00   3.0342898604097568e-01   9.8774765954138743e-01  -3.2178483954992659e-01  -1.0799134244636588e+00   2.1759628715887942e+00   1.4227752640567457e+00
   5.9697800000000001e-03  -1.3814181743371148e+00  -5.0011322122430468e-01   1.0660123867490292e+00   4.2976064328839270e-01  -1.0894966949122689e+00   1.2016287074725021e-01  -7.2609821012957443e-01   2.2110819594708184e+00   1.4340151494399123e+00
   6.0132700000000002e-03  -4.0406045559190584e-02  -4.7770225613337802e-01  -7.3726002859643286e-02   1.0051991342590552e+00  -1.3211003682394831e+00  -1.3949220698249467e+00  -1.4443444134913119e-01   2.1268964054236856e+00   1.4060732671527190e+00
   5.9918699999999998e-03   6.4575667728630104e-01   1.6029913161343052e+00  -5.7012545988551355e-01   1.1792881471742109e+00   3.6273799957064901e-01  -8.3823046799187034e-02   4.9976040892985774e-01   2.1491165682367046e+00   1.4137186430541495e+00
   5.8892700000000003e-03  -1.1522914614405746e+00  -8.3639236614587487e-01  -4.5536343411200692e-01  -1.0647136624362212e+00   5.6330723734064003e-01   9.4139055875365074e-01   7.9016290906433939e-01   2.1818736272745687e+00   1.4243043404986300e+00
   6.7201300000000004e-03   4.4695184203827887e-01   7.2847747642525185e-01   5.0653532863699668e-01  -6.9270847964924998e-01   8.7748770000437437e-01   1.0689460152636689e+00  -1.1672568180018412e+00   2.1183356607856703e+00   1.4036029710349893e+00
   6.5851299999999998e-03  -1.4073635317947533e+00   1.1052826039104156e+00   2.8224485998363874e-01  -1.0101735910969144e-01   2.2600853750887495e-01   9.1575460818294943e-02  -1.2320830498101332e+00   2.1427019077831093e+00   1.4118601887740556e+00
   5.8996600000000001e-03   2.2041021683586756e-01   3.1390217549475691e-01  -1.2041737963820758e+00  -2.9479912242348927e-01  -1.4944739950881352e+00   9.2191690800201453e-01  -5.3422265535216151e-01   2.1261423171460110e+00   1.4062439135693030e+00
   6.1068299999999997e-03  -1.7513556555925596e+00   4.0703328415515166e-01  -2.4378123977329730e-01   5.4415285008294301e-01  -6.6749916253297048e-01  -9.4573852608585851e-01  -1.0281349693841271e-02   2.1191370347752092e+00   1.4033836596091569e+00
   6.3362999999999996e-03   6.8663863033115413e-01  -5.9283315854003138e-01  -6.4936798683468799e-01   6.0595763977350181e-01   2.7711037407078698e-01  -1.0063737470608041e+00  -1.5086757367080701e+00   2.1517949272090209e+00   1.4148622606187136e+00
   5.7514400000000000e-03   8.3859497895900892e-01   7.9671849086412216e-01  -1.1056209988332555e+00   2.3571118759965323e-01   3.8599879568943496e-01   1.5626097745577130e+00  -3.0876594829239845e-01   2.2027011970015211e+00   1.4310593938678031e+00
   6.0812200000000000e-03   1.2904415727140031e+00  -7.7915679309285979e-01  -1.5735022910770831e+00  -2.6022498056163573e-01  -1.3335922965240833e-02   2.1552563864116522e-01  -3.5207156354253633e-01   2.1275513758909894e+00   1.4064119258021381e+00
   5.4878599999999998e-03   8.3301233957841858e-01   4.6889916958630412e-01   5.5648763710237803e-01  -1.3801939351099879e+00   1.4125006500282389e+00  -5.2480765998684253e-01  -7.2905682859778498e-02   2.2075863724369733e+00   1.4324206657710756e+00
   6.0512999999999999e-03   1.7758333972938443e+00  -3.3176264875644879e-01   2.0356152976563291e-01  -5.8977592209346663e-01   6.4812151909186133e-01   9.4999216496031669e-01   1.2769568166466577e-01   2.1301840143345601e+00   1.4070650657568531e+00
   6.1645900000000002e-03  -1.5064334664668155e+00   2.1456912400509692e-01  -1.3155332003071496e+00  -5.7806482455484820e-01   7.0516570782090748e-01  -2.6839462220548482e-01  -2.1222307977404931e-02   2.1365877397751758e+00   1.4093818924572590e+00
   5.7588800000000001e-03  -9.2698688607663260e-01   1.1918590312903521e+00  -1.3525676873803159e+00   8.0934685451877197e-01  -2.4026245561527396e-01   5.3138057535241401e-01  -4.2574733582479068e-01   2.1945994627027292e+00   1.4288604577813970e+00
   6.0068999999999999e-03  -3.9173243779717776e-01   1.1677957083172336e-01  -6.6824377313272731e-01  -6.5049751051414817e-01  -7.3669710719063397e-01  -1.6900423485138292e+00   8.3309489610864740e-01   2.1786281185697924e+00   1.4234834358275994e+00
   5.8538200000000000e-03  -7.9190488286856719e-01   3.5422042341954028e-02  -1.8065197513491699e-01  -1.7048789789606138e+00   7.5942326958721051e-01   1.3630171713748002e-01  -9.5925676850308383e-01   2.1415834081304443e+00   1.4107924902081894e+00
   5.9606199999999998e-03  -1.9125737807421426e+00   2.3481493747241045e-01  -6.1060230926996494e-02   5.9618536574261005e-01  -8.1639196638203695e-02   9.7515907596204199e-01   5.4812204639806050e-01   2.2443849678920480e+00   1.4451988212140849e+00
   5.6412500000000004e-03   1.1978007076448751e+00  -8.0219757767664535e-01   9.8070975298876678e-02  -1.1290799951879942e+00  -1.3140025469219805e+00   3.6458605950693812e-01  -9.4990555064599511e-02   2.1655472392811985e+00   1.4187226044088150e+00
   6.1699399999999996e-03  -8.6200330488733845e-01  -7.7645170277281250e-01   1.0431362795471144e+00  -2.3199176823746614e-01  -4.3302192173464166e-01  -1.4849758037858631e+00   3.9042353355312331e-01   2.1496105721458107e+00   1.4140100710407535e+00
   6.6495499999999997e-03  -7.6762795722255261e-01   1.0654832756345128e-01   6.2830284896734301e-01   4.6521531518058196e-01  -1.3407780041467980e+00  -2.9804294981282392e-01   1.3129162846837061e+00   2.1341557211293076e+00   1.4086305528136587e+00
   6.5868799999999998e-03   2.6834633036783345e-01  -2.4121631980834568e-01   6.3446428087100304e-01  -1.8750081983100748e+00   1.1445255554719717e-01   7.7916278070849188e-01   3.8257684131254649e-01   2.1269727039707926e+00   1.4063549676546614e+00
   5.7092300000000000e-03  -4.9355007696886716e-01   1.5631124670490077e+00   5.3425319208315336e-01   4.8899850790278754e-01   5.0537892608044577e-01   1.3379801362400894e+00   5.3061638188148699e-02   2.1859033705697559e+00   1.4255586790710437e+00
   6.3092399999999998e-03   4.3904009975376185e-01   1.8313957538844434e+00  -2.6390238907829666e-01   1.1242307033062199e-01  -5.2802676810167359e-01   4.4466853130642459e-01  -8.2634338767983051e-01   2.0890076672582030e+00   1.3939837752355231e+00
   6.1684399999999999e-03   3.8893826995539893e-01  -8.5314779449822165e-01   1.8267743829506228e-01   4.5456840295540324e-01   1.2243540700123602e-01  -1.0559203060146758e+00   1.6793499359661046e+00   2.1813874297679212e+00   1.4240879609023998e+00
   6.2556699999999996e-03  -4.6734744596267319e-01  -3.8719677154466509e-01  -1.8193963502800174e+00   3.3201563335281742e-01  -6.9654147948072453e-01  -7.0754657126405396e-01  -4.0144423956119912e-01   2.1280184970461242e+00   1.4066065622799082e+00
   5.6802099999999998e-03   1.6954307726821538e-01  -1.3926858363871757e+00  -6.0638183157717229e-01  -1.6957187831984983e-02  -1.3258656371281494e+00   2.7336553959240251e-01  -1.0414523365133486e+00   2.2017283242350110e+00   1.4306491856853325e+00
   5.5375800000000003e-03  -1.1238919657437167e+00   3.2882274678943352e-01  -1.1934162631837504e+00  -4.0408772348695199e-01  -1.0232308840159001e+00   2.5098064718574625e-01   1.1084948952738281e+00   2.1731419429437135e+00   1.4213461673219641e+00
   6.0434299999999998e-03   3.5283597498396729e-01  -6.9483093959069986e-01   6.6787750192460271e-01   1.7051083506331211e+00  -4.5185528504632788e-01   2.7856190507261780e-01  -1.0222368393860117e+00   2.2222584022264242e+00   1.4382032787196868e+00
   6.4014400000000004e-03  -5.6419797572552377e-01  -7.3085311008761344e-01   1.0012266204190454e-01  -5.5388337658896314e-01  -1.3449946849774976e+00   1.3469763299355388e+00   4.7659443488312736e-01   2.1705036021588304e+00   1.4210213599115660e+00
   5.9630100000000004e-03   1.6795090389059525e-01   9.2597428359155498e-01  -1.6574542362263739e-01   1.1387303891901019e+00   6.7762407589594664e-01   2.6676596339874964e-01  -1.5142363566847434e+00   2.1386135752850524e+00   1.4098701186902631e+00
   6.3718500000000001e-03  -9.6811552577094839e-01  -3.8978577328747527e-01  -3.6019042516357253e-01  -6.8928442391969968e-01  -3.6756331841042283e-01  -1.2458782205212517e+00  -1.2272458818679401e+00   2.1397032495446249e+00   1.4106393260208288e+00
   5.6996099999999999e-03   3.6621160024911131e-01   7.3275975471259081e-01  -4.6243218646011003e-01  -1.1816819064546459e-01   1.5018995134400226e+00  -1.0798541269249766e+00   1.0217874998745422e+00   2.2337922098762366e+00   1.4416148314480641e+00
   5.8661900000000003e-03   2.0533183752539727e-01  -2.6350867356783984e-02   3.8185552389394745e-01  -1.8328790327504096e+00  -5.6792468248902317e-01  -1.0883680275940704e+00  -2.5147984745056401e-01   2.1462041392863083e+00   1.4129986403640733e+00
   6.2540499999999997e-03  -4.1569539557819429e-01   2.6955569878089153e-01   4.8343586633578108e-02   6.7736901142991601e-01  -5.5838747388855281e-01   1.6978756008509304e+00  -1.0958154651599603e+00   2.1879690755793573e+00   1.4270928626288815e+00
   5.6521899999999996e-03   3.1797077739823193e-01   7.2992282820913287e-02  -1.3415564667300532e+00  -1.0127626154770906e+00   7.1092044193810389e-01  -1.2981495737863591e+00  -4.7600214153002807e-01   2.2047637906882098e+00   1.4318304892289055e+00
   6.2000400000000004e-03   1.8886562938596371e-01   1.5394967170243112e-01  -1.6817185618505659e+00   7.9217499113552203e-01   1.1783813296073649e+00  -1.5692060364550564e-01  -2.9956340485465727e-01   2.1481290729727331e+00   1.4136694085359698e+00
   6.5845599999999997e-03  -5.0970267472714537e-01  -1.3823590547434710e+00  -1.1341070744400716e+00  -4.2297245604578476e-01   7.8497995693299027e-01  -8.0481874997304734e-02  -7.0982554043454271e-01   2.1066459065362504e+00   1.3997139728816641e+00
   6.0742499999999998e-03  -6.5916059841101393e-01  -1.5760633336160954e+00   5.4535800162041315e-01  -1.2262647796499038e+00  -4.1552677567320234e-01   7.0873233471662786e-02  -4.6813025492177301e-01   2.1753545636661400e+00   1.4222799929705339e+00
   6.3118799999999997e-03   9.5834944624993890e-01   3.1423441794604290e-01  -1.1271493163353699e+00   1.3365648782261745e+00  -7.1124662827750107e-01   1.9602155405139285e-01  -5.1414356449697340e-01   2.1236397194700096e+00   1.4053501317541646e+00
   6.1615300000000001e-03  -1.6622845499416786e-01   4.3833848926885959e-02  -3.8381905300007407e-01   1.8610381694513873e+00   5.1935245411666897e-01   1.1112066521379111e+00   2.2258485759820262e-01   2.2073489589691615e+00   1.4333517428352500e+00
   5.8952199999999996e-03   3.6682654804545517e-01   8.5566837516684802e-01   3.0853369047431606e-01  -7.0654731958241501e-01   1.8816834524954953e-01  -8.1059718032613115e-01  -1.7054969304768246e+00   2.1357144186501427e+00   1.4092552981157696e+00
   5.5900200000000002e-03  -1.8511627481071502e-01  -8.5712725066097084e-01   1.0362185652407521e-01  -1.1969948461359750e+00  -8.1218027488209366e-01  -3.1320074777325008e-01   1.5044278852560966e+00   2.1640959734787413e+00   1.4179344170445858e+00
   5.8200099999999996e-03  -1.1757347841705683e+00  -5.2223226355810670e-02   1.0917291700397280e+00  -7.1744196503179680e-01   1.0198228047653048e-01   1.3562946040170145e+00  -4.8835885566680448e-01   2.1648054630361968e+00   1.4187609656873279e+00
   6.1341199999999999e-03   8.0139167373558806e-01  -1.6524655847712604e-02   2.5005022522288339e-01   1.6711113075038704e+00  -7.4826334124766836e-01  -1.2026820948145898e-01   9.5443319836913332e-01   2.1322491053608936e+00   1.4077495355083782e+00
   5.9170200000000003e-03   1.0197151902233219e+00   7.3692762642639809e-01  -6.6517982958629684e-01  -1.5600648013398715e+00  -1.7371630699729548e-01   4.1098365783607999e-01  -5.5242808671711319e-01   2.1035735948641636e+00   1.3982812270766005e+00
   6.1866899999999999e-03   4.4888760880157752e-01   4.1051785579923949e-01   1.7825049921353235e+00  -3.0644589974578151e-01   7.3549731922858774e-01   7.4701812116650435e-01   4.3513432529321572e-01   2.1200699725468040e+00   1.4039597501895977e+00
   6.4850400000000001e-03   2.5859877264386588e-01   1.5644677759096670e+00   1.0656780067508613e+00   3.0266130238916811e-01   8.8667695024309634e-01  -5.8134269098828140e-01  -3.1286218952120948e-01   2.1640549828525137e+00   1.4188209084142733e+00
   5.5760899999999997e-03   8.4602365495363974e-01   1.6275502639655490e+00  -1.7471141853514804e-01  -6.4322655986137578e-01  -2.0881783823577171e-01  -1.2038792651670942e+00   2.5465457076240788e-01   2.1979312793538313e+00   1.4297918876738662e+00
   5.7569500000000003e-03  -1.8623407544060225e-01   8.1237996763679243e-01   4.7948994651025728e-01   9.7754283338336134e-01  -3.7688684154134455e-02  -1.6526913124105265e+00   8.2227958650183286e-01   2.1984921743291936e+00   1.4295360753730098e+00
   5.9412299999999996e-03   1.0281186137123981e+00  -4.9038197051100579e-01  -2.5412389217857873e-01   6.2797676244124612e-01   1.0642863943670988e+00   9.0493411932107171e-01  -1.0163018087611977e+00   2.0565802743675126e+00   1.3823379731683902e+00
   5.9568599999999996e-03   6.2672195256036756e-01   3.2646452252534611e-02   6.1825011993471235e-01   6.9249910195698627e-01  -1.9109006022215447e+00   4.3790167274820202e-01  -2.4210910301581517e-01   2.1846097216693878e+00   1.4256884355813459e+00
   6.1740500000000004e-03  -4.1645279063980845e-01   4.7875685695900012e-02   1.6488349332099272e+00  -1.0204758329369521e+00   4.6908891659227836e-01  -4.5307076013763459e-01  -7.7666708937724072e-01   2.1381658986327956e+00   1.4102487828978465e+00
   5.4996400000000001e-03   5.5754859542864174e-02  -2.4749317473380295e-01   3.4019534144764590e-01  -1.9872518931026198e-01   5.5999238379411098e-01   2.1344533092541256e+00   4.0663651917256433e-01   2.1774635132137572e+00   1.4225233314713588e+00
   6.1838700000000002e-03  -6.9683029871373525e-01   1.3222563498357878e-01   9.4658707840643685e-01   8.9560124249666673e-01   3.5308169119081761e-01  -1.2250287566778992e+00  -1.1328915106262885e+00   2.1701834284763555e+00   1.4212108507671470e+00
   5.7266900000000004e-03   1.3662878198832600e+00   4.2869343717108627e-02  -3.8218802427800971e-02   3.9128066717453419e-02  -5.8910971844335214e-01   6.5285203699051109e-01  -1.6329855200010897e+00   2.2035680168584713e+00   1.4317025757806172e+00
   5.9789900000000000e-03  -1.3112509287844700e+00   7.3681857784762772e-01   1.5811205489675355e+00   2.4329565978013221e-01   7.5200553802302977e-02  -1.6202619656120604e-01   3.6525131748258505e-01   2.1247087574334782e+00   1.4050842459700768e+00
   6.1410700000000002e-03   1.0388084891090581e+00  -8.2404755214433978e-01  -9.4467651717974513e-02  -1.2968439337356277e+00   3.8791167450982067e-01  -2.2099678639131015e-01  -1.1765621744122901e+00   2.1547027140577022e+00   1.4158513911428003e+00
   5.8627200000000001e-03   2.1044227879803815e-02   9.0984907882633892e-01  -5.4693934730895033e-01   7.8789882993543270e-01  -1.0661318278284220e+00   1.2422147296467814e+00   9.3585724043632401e-01   2.2190056909922111e+00   1.4370257811271694e+00
   6.2904900000000001e-03   2.4603203090642906e-01   8.3341761700505235e-01  -9.2575463466148963e-02  -1.1640462614670899e+00  -1.3852038997689142e+00   1.1521195618626752e-01   8.2617096683735913e-01   2.0682715365888962e+00   1.3870080801653519e+00
   6.0970000000000000e-03   5.6875890723617084e-01   9.6543911109999492e-01  -1.8516460112274182e+00  -3.5673602923737363e-01  -2.5700101424172705e-01  -2.7261961719035072e-03   4.0619740966043871e-01   2.1485937498371164e+00   1.4136485325813415e+00
   1.3909730000000000e-02   4.1240199321741139e-02  -2.3935783257710783e-01   2.5703340541111669e-01   2.8970665660383612e-02  -3.4525405336341142e-01   3.5732422724616159e-02  -4.3196575527129399e-01   1.2068844446124425e+00   1.0851061531779145e+00
   6.0746999999999997e-03  -1.6793223107310748e-01   1.1600108876918815e+00  -7.3565635987768474e-01   5.1534209359283090e-01   1.2402803167384496e-01  -1.3678020981418852e+00  -9.2389869915189327e-01   2.1222200526980544e+00   1.4047032479721691e+00
   5.7195700000000002e-03  -1.5638065142830224e-01   1.6752465373695558e+00  -7.8804830893820288e-01  -5.1445882507777640e-01   1.1126202016234938e+00   3.5901196670878023e-02  -4.4115162042455303e-01   2.1526999226430408e+00   1.4141977259065162e+00
   6.1921500000000004e-03   1.5106239980418779e+00   5.4015714523055436e-01   1.1894320642272720e+00  -8.0450129494174472e-01  -2.8864436348312700e-01  -1.7284302111740513e-01  -3.7427769554229717e-01   2.1121355638941686e+00   1.4015123504427878e+00
   6.0224800000000002e-03  -3.1776097588636576e-01  -8.6501612102718381e-02   1.3089286364365631e+00   9.7251193785128565e-01  -6.4091250482336659e-01   1.2824044415119189e+00   5.0415530928735275e-01   2.1517546767826881e+00   1.4146075406387231e+00
   5.9977199999999998e-03   5.7636174645400651e-01   5.7808519371287648e-01   1.6078897007906326e-01   4.3320275731970193e-01   1.9482633924581070e+00   6.2537892201879408e-01   2.0958796506964450e-01   2.1638124737991848e+00   1.4182482539023453e+00
   5.7463599999999998e-03   8.3033503758990113e-01   9.6305898169451717e-02   5.1187401029156121e-01  -2.7981916918485611e-01   3.6976886195939834e-01  -2.0231973591273871e+00  -2.7904128363330000e-01   2.2256117796100416e+00   1.4392946741283903e+00
   6.5919899999999998e-03  -1.0182660536282919e+00  -6.7681690711263987e-01   6.7047985399390264e-01   1.5214449794251828e+00   9.1962759238013864e-02  -3.7279514377134693e-01   6.0497233799623695e-01   2.1085603566617119e+00   1.4005706167908119e+00
   5.9998500000000001e-03  -7.5888012005664685e-01   9.8387314837623729e-01  -7.3805791201304649e-01  -1.0906018896691616e+00  -1.1359276678492761e-01   1.4216418618703375e+00  -7.6382038958763332e-02   2.2301888450702889e+00   1.4409079569894132e+00
   5.9461599999999998e-03  -9.3614535604670290e-01   9.4768371164895948e-02  -6.1344440182613513e-01   8.6008619550519583e-02   1.3282444916979406e+00   1.2758710165849438e+00  -7.3297787687310501e-01   2.1924172839456850e+00   1.4279601824600590e+00
   6.3055400000000001e-03   4.2377178211664590e-01   4.9199722875094675e-03   1.8731612721502393e+00   8.2775411202563354e-01  -3.4427537913160644e-01  -5.8382283870542828e-01   2.6539365109622909e-01   2.1371076952538308e+00   1.4095687708424358e+00
   5.6119799999999999e-03  -1.0430636042891792e+00   8.5863012227941882e-01   2.8142921089230755e-01  -8.0838620780609050e-01   7.4070799462368475e-01  -1.5067358422766799e+00  -7.8872014732102494e-02   2.2145789091411028e+00   1.4349294235570083e+00
   6.0279599999999997e-03   1.1580186896491524e+00   8.2074243187785612e-01   4.7789957601296479e-01   1.0151303910504985e+00  -5.3978089897145365e-01  -9.4238967076340818e-01  -7.6969472345606649e-01   2.1392647964537765e+00   1.4105548315443013e+00
   6.2070700000000003e-03   6.2851781884266641e-02   6.2257532383497793e-01   1.2288655599010141e+00  -9.1858274119012151e-01   1.0589848248217330e-01  -8.9716850872017195e-01   1.2617588816250398e+00   2.2023616968539623e+00   1.4315648256119566e+00
   6.3880700000000000e-03   4.0227993672219864e-01  -3.6393127951635379e-02  -1.1284871611995460e+00  -1.1029115513838790e+00   1.4118915980567026e+00   5.7138441321663480e-01   9.4361020655492608e-02   2.1554210587125082e+00   1.4162955710276623e+00
   6.2586100000000004e-03   9.0373896429434863e-01   1.4510960755143503e+00   5.1642951564088421e-02  -7.3355589375850860e-01   5.7873735573311480e-01   6.2691493968270029e-01   8.1928985559895118e-01   2.1132330287647183e+00   1.4017755912376468e+00
   5.9993199999999998e-03  -7.2199846015354707e-01   1.1558646377906556e+00  -9.2128527294792428e-01  -1.0033500217293827e+00  -8.0371955405433293e-01  -5.4831351733062617e-01  -5.6964120454179745e-01   2.1192751600893858e+00   1.4035488688989324e+00
   5.9780299999999996e-03  -7.9598484780257595e-01  -4.8419815912360864e-01  -5.2629905570135660e-01   1.3162884368895569e+00  -1.4025992153965223e+00   5.1981796484688569e-01   3.2388193998042880e-02   2.1556021518210318e+00   1.4159244980545209e+00
   6.0097700000000002e-03  -4.6884323395515370e-01  -8.4735222318380443e-01  -4.4418459936849210e-02  -1.4161496238121725e+00   9.6358597913369792e-01  -9.4103180145231280e-01   6.0098947843395378e-01   2.1799818694087181e+00   1.4237538092354161e+00
   6.1255199999999997e-03   1.9409250335968142e-02   1.0975357182152086e+00  -7.0489133710429974e-01   6.5644627776512687e-01  -1.4890622272812053e+00  -6.7880027277097932e-01   3.1502840916984731e-01   2.1058072159759806e+00   1.3993556063247485e+00
   5.7657300000000002e-03  -1.0765571498891577e+00   1.0728682679707682e+00   3.7950942381039893e-01  -7.4499922949069500e-02  -1.4698296881392516e+00   6.7170820403527431e-01  -1.6748244897603004e-01   2.1343026530891747e+00   1.4085217405614754e+00
   6.1196000000000002e-03  -1.7208753690836057e-01   7.0222073963333931e-01   8.1686756044162756e-01   1.0211988952346092e+00   6.4698904921531242e-01   5.9184783981472949e-02   1.4976806237319500e+00   2.1154209745882353e+00   1.4025330122173305e+00
   5.3385699999999999e-03  -3.0022762300487932e-01  -1.0700278825292953e+00   8.9256500656702903e-02   1.1758484698366884e+00   1.4220649864769404e+00  -8.6516405078169226e-02  -7.0460019473272695e-01   2.1120357078969003e+00   1.4005386601008472e+00
   5.9756399999999999e-03   1.4210784100898247e-01  -1.6463437942499684e+00   7.5980293435417556e-01   5.1673227280614265e-01  -1.1866854764314640e+00  -3.7432033513461305e-02   5.2360910230988211e-01   2.2088554829657032e+00   1.4332690699743402e+00
   6.2448399999999998e-03  -5.2327382517709953e-01   1.7381214928570804e-01   1.2019145040915915e+00   9.9355634902078249e-01   1.0200655796114582e+00   6.9801016585214826e-01  -7.2664863903377641e-01   2.0928315447598793e+00   1.3948428959006787e+00
   5.6734799999999998e-03  -6.4528809920353292e-01  -4.6875042767129094e-01  -1.5637934325495201e-01  -5.8554111934234365e-01  -1.9699775446235810e+00  -5.6202533976423907e-01  -1.3425054900570008e-01   2.1682848095882363e+00   1.4195895289850868e+00
   6.3260800000000004e-03   1.9099239630009284e+00  -8.4968136043579046e-01   1.3152065187793763e-01   5.3703493034208483e-01  -4.3400953477133936e-01  -3.2849233855818438e-01  -1.1531835310436198e-01   2.1636256640798206e+00   1.4184334793407885e+00
   6.3754900000000002e-03  -9.3529377641010103e-01   7.4132220743887622e-01   4.9968955794710385e-01  -8.6799881812938451e-01   1.4605533880148216e+00   3.4948455417599650e-01   4.5002925646590741e-01   2.1302045438022668e+00   1.4076419705350269e+00
   4.8932100000000003e-03  -2.9410877274040403e-01   7.2074867084296265e-02  -6.8044276425956363e-01   1.9719809487573292e+00  -2.7404553992405399e-02  -8.5414811338895824e-01  -4.3977555808333585e-01   2.1426726402179548e+00   1.4099255136847477e+00
   5.6334100000000002e-03   1.8483730295252538e-02   8.1557990489311405e-01   1.5651322150938272e+00   2.9878516622535101e-01  -5.3198870933106679e-01   4.0320420733732742e-01  -1.2969620112878402e+00   2.2019773509392309e+00   1.4307811824319940e+00
   4.9142999999999999e-03  -9.3615741877505021e-01  -1.5888064212401243e+00  -5.1222160570479604e-02   7.4923191494266483e-01  -4.0092322351075854e-01  -7.3980805460878474e-01  -9.0819467311649138e-01   2.1748329845527259e+00   1.4209625855220671e+00
   1.4143160000000000e-02   1.4246844893203814e-01   9.2672653345653666e-02  -1.8204096475467935e-02  -1.2919841225590076e-01   2.6683539398316258e-01  -5.0474876472865404e-01   1.8888083974401265e-01   1.2100241796873052e+00   1.0864153324192769e+00
   5.7766400000000004e-03  -1.2011533991201728e-01  -6.4235238553820267e-02   1.6684944299709874e+00  -8.3369886941964710e-01  -1.2691152534864023e+00   1.5606042424203184e-01   2.1290822946933921e-01   2.1653442225292756e+00   1.4185667692514365e+00
   4.8104300000000001e-03  -4.6244150987473576e-01  -1.2403516207208956e+00   1.8071560876551946e+00   4.1351437198181656e-01   3.0799796091934567e-01   3.2659955750766280e-02  -5.1444067006763972e-01   2.1787679759827832e+00   1.4221543318243464e+00
   4.3833600000000002e-03   9.3756299918234653e-01   5.4945789704399028e-01   2.7803177054218914e-01   7.1662010023457179e-01   3.5670801006121056e-01   1.3912549733731179e+00   1.3822832013248161e+00   2.2022517425416952e+00   1.4291662980351687e+00
   4.8499099999999998e-03  -4.6482648679295704e-02  -7.8236902775022488e-01  -1.1860229824021384e+00   1.0158377142624118e+00  -2.6752441892188311e-02   8.3173947775180124e-01  -1.3025613327785004e+00   2.1563082301312209e+00   1.4143835401856470e+00
   4.9920800000000003e-03   8.1087384851650346e-01  -1.9420027177839205e+00   2.1608130471722700e-01   1.8177694483685375e-01   2.3744188210824996e-01   2.4489071290783790e-01  -8.5885394813228400e-01   2.1459068408776103e+00   1.4113622696116654e+00
   4.7910599999999998e-03   3.5880405076385807e-01  -1.2018126904397219e+00  -8.3196621318909370e-01   3.5370607083727051e-01   1.2474182052853777e+00   1.1885150102521200e+00   4.3687288924975087e-01   2.1849996197267916e+00   1.4239108191486467e+00
   4.9058799999999996e-03  -1.5527030215053406e-01  -1.1679667355915866e+00   5.3075647191882280e-01  -5.7395958035066297e-01   9.0102444965105077e-01  -1.2459476915202972e+00  -9.8301318468986965e-01   2.1152205283991159e+00   1.4012865415015545e+00
   4.2867299999999999e-03   6.9528548189336925e-01   1.0147657569457174e+00   3.7943811106190600e-01  -6.2438095229706336e-01  -1.7144509967377293e+00  -2.9809731652270594e-01  -8.2205087204517802e-01   2.1898008040295780e+00   1.4247792208701529e+00
   5.1535699999999997e-03  -4.6560780490751819e-01  -1.9215316434219822e+00   2.5090109871416072e-01   9.2937805060846104e-02   7.6935869513216570e-01  -3.4255128539887741e-01   7.2956928539105581e-01   2.1186095686757191e+00   1.4022902339046794e+00
   5.0750200000000004e-03   6.1386202903082399e-01  -1.1549402304483232e+00   7.1481606892467064e-01   1.0722010874952093e+00   2.1311617754759613e-01  -1.3655440764171318e+00  -4.3602679646056811e-02   2.1203860134452950e+00   1.4032900579902483e+00
   4.5461599999999996e-03  -6.4483965546509103e-01   1.0291575974797293e+00  -1.4301857159781672e+00   2.6869243745637567e-01   3.3139863370167016e-01  -1.0984146828039498e+00   7.1179250054244725e-01   2.1110379347378383e+00   1.3994267668097127e+00
   0.0000000000000000e+00   0.0000000000000000e+00   0.0000000000000000e+00   0.0000000000000000e+00   0.0000000000000000e+00   0.0000000000000000e+00   0.0000000000000000e+00   0.0000000000000000e+00   2.1145889320722042e+00   1.4014441855830999e+00
