   5.9817200000000003e-03  -1.1913254784381091e+00  -9.0768743852012035e-01   8.5094284446177060e-01   4.4684654749310965e-01  -4.5239069797294906e-01   8.4433432811685971e-01  -6.5037723367294159e-02   6.8823351967107027e-01  -2.2747068818110855e-01  -9.8432600900586709e-01   4.3643819037341309e+00   2.0341138852900817e+00
   6.3010399999999999e-03  -3.5933621643218155e-01   3.7603925747421871e-02  -1.5737998212632490e-01   6.9480853074203319e-02   6.2672215905150341e-01   1.5331449640960857e+00  -1.5088490816764828e+00   4.0676983616373635e-01   2.0596792584763116e-02   3.6912022862846389e-01   4.3691210250390657e+00   2.0354213040901801e+00
   5.9655899999999998e-03   5.6906341079649936e-01  -1.3856428519103881e+00  -3.1518223571749729e-02  -6.8847596123478003e-02  -1.9443237791568574e-01  -2.1933318346139860e-01   1.9452376991712655e-01  -1.6555330682785689e+00   4.7978843700753138e-01   5.5222648078720293e-01   4.3840261455208225e+00   2.0388268124097633e+00
   5.7209399999999999e-03  -3.8694028438854322e-01   5.9592715458529755e-01  -7.0175840716013882e-01  -9.9631488587849049e-01   1.1678834630073300e+00   5.8188439958138827e-01   1.0138314146553142e+00   3.0632783296944682e-01  -6.6092895729935708e-01   6.5779405567175553e-01   4.3715338595687525e+00   2.0358554699200608e+00
   5.8106900000000003e-03  -3.3237253571432396e-01  -1.2157573375906032e+00   5.5661295254104778e-02  -6.0458980222769326e-02   1.1258694217838898e+00   1.1773391981274308e+00   1.3947455453596386e-01   3.7461986164352157e-01  -1.0548392571615803e+00   1.2831133522489255e-01   4.3391264450262650e+00   2.0278527979539600e+00
   5.9710500000000003e-03  -4.8558153993976788e-01   8.2622626905712315e-01  -1.7997148454503076e+00  -8.2691418043616877e-02  -3.3521549372551906e-01   5.3897591718091320e-01  -3.5942695005010528e-01   4.4171015225363219e-01  -6.6975497492715586e-01   4.8173194600283048e-01   4.3666276353309694e+00   2.0345729020560079e+00
   5.8133100000000004e-03   3.8503360583287632e-01  -1.1701423831615914e+00  -1.2089605602344067e-01   6.2659592185190005e-01  -8.0702553827393098e-01   7.0759440124438122e-01   6.6594977558531088e-01  -7.8816172012636798e-01  -1.1431992127471475e+00   4.2624295504887399e-01   4.3615569077984802e+00   2.0333133802855663e+00
   5.9723500000000004e-03  -5.3221333941888493e-01   1.3395700940583883e+00  -2.9358497615168244e-01   5.0749644145198447e-01  -3.9564440536192708e-01   6.3439644522901761e-01  -6.6973648083173676e-01  -1.3426092648823951e-01   1.2327271280195196e+00   8.0809397775367409e-01   4.3710225656520079e+00   2.0359309921450057e+00
   5.5231500000000001e-03  -1.1922008424480925e+00   5.1327850801960040e-01   7.8514623978853859e-01   1.6877199132935927e-01  -9.8197404360196288e-03  -1.0170774885546023e+00   2.0579521738345857e-01   3.4473907488002753e-01   2.3303690285879636e-01  -1.4600326409093061e+00   4.3588272838179627e+00   2.0326101772053451e+00
   5.8702299999999997e-03   1.1426984108132530e-01  -1.8528568148289866e+00  -2.0112552680101339e-01  -1.4331155367678483e-01  -1.2115964549148888e+00   2.4326090225167574e-01  -3.1895986073400295e-01   3.4395999324653115e-01   4.4594229839323846e-01  -4.7449233924058359e-01   4.3815067343867993e+00   2.0383525718839244e+00
   5.6847000000000000e-03  -1.0246835845134534e+00   8.2344903491443022e-01  -1.1656654765668779e-01   3.6107389578770399e-01   9.2077141997607359e-01  -6.8984263826866468e-02  -7.2576977839807988e-01  -6.2510853424530555e-01  -8.8210085164715923e-01   1.1355819354660455e+00   4.3805842632172709e+00   2.0378399113460124e+00
   5.9669199999999997e-03  -2.8662976261003026e-01  -1.8531326637279194e-01   1.0831763733278637e+00   4.4052222645156119e-01   2.2131449147773483e-01   2.9952808495254812e-01   1.7033886182565141e+00   8.6211057661234636e-01  -4.2140537933082500e-01   2.9019345848742112e-01   4.3483154703701716e+00   2.0302095148289845e+00
   5.8622900000000000e-03  -7.5462727289902665e-02  -8.4110693506432976e-01   3.1061136891139676e-02   9.2563487807965208e-02  -5.5580239049180069e-01  -1.1754170922632329e-01  -9.3645089784824465e-01   1.5265278411476038e+00  -6.0909512824087453e-01   1.0160901663496296e+00   4.3788383278096186e+00   2.0374479258443499e+00
   5.5825600000000003e-03   1.0125672383171611e+00  -5.8505162759367557e-01   7.0870155459363982e-02   9.6727758814520015e-01  -4.6623817950633750e-01  -5.3544431179853180e-01   1.3818521334490941e+00   2.0634824877722688e-01   1.9853433870684500e-01   9.4680057670014806e-01   4.3628591797182619e+00   2.0333923961094222e+00
   5.9066300000000004e-03   5.7243540745603294e-01  -2.6364781528759546e-01  -4.5870314923641037e-01  -9.7736008124865562e-02  -3.0571904392237498e-01   1.4343223093710948e+00  -5.8051258745178924e-01  -2.1866752689101110e-01  -9.4841385813816781e-01  -1.2453703692741560e+00   4.3630131811217483e+00   2.0338848813287917e+00
   6.0307299999999998e-03  -5.4648650024893231e-01  -1.4099958302315143e+00   7.6119619192106702e-01  -7.7633795143250028e-01  -7.1178265084530101e-01  -6.6193884357995703e-01   7.3490252386686850e-01   4.6535372349150683e-01  -1.8203851540117524e-02   6.9395741191424765e-01   4.3986658724180012e+00   2.0423596817856233e+00
   5.7984200000000003e-03   3.7923554742179322e-01   4.2046938854303939e-02   2.9618103429162057e-01  -8.9258182930303087e-01  -9.7279138993988590e-01  -3.9153323783764363e-02  -9.1936943137023053e-02   2.5164500540507873e-01   3.8907451236485785e-01  -1.8490310389630131e+00   4.3503608633112085e+00   2.0305579191639498e+00
   5.9238499999999996e-03   2.8771094332238234e-01  -5.9549311463546313e-02  -4.6372514128596615e-01  -9.8472131621940229e-01  -1.9015887634326858e+00   1.2721178408370709e-01   6.5219387723404776e-01  -8.8317143673880383e-02  -4.8168032931431692e-01   2.0538718363619796e-01   4.3718574509170827e+00   2.0357215037794569e+00
   5.8058600000000004e-03   8.4418041226878793e-01  -7.2770414551270790e-01   3.4306672361892265e-01   2.7337051601216927e-01  -3.6960741352734644e-01   9.2865686091270117e-01   1.2729020564448588e+00  -3.6104433649336881e-01   6.7101282265829187e-01  -1.0490244306875127e+00   4.4015461226439108e+00   2.0428338973255937e+00
   5.7821499999999998e-03  -4.9909735980780262e-01  -2.8907553542593351e-01  -1.9478777280463616e-01   1.9055960186202401e+00  -3.0344683757028451e-01   3.4055059337029242e-01  -4.9597332996252197e-01   8.0550267272182519e-01   3.1737241549042916e-01   6.8314144572197255e-01   4.3733722036014022e+00   2.0361355965580756e+00
   5.9310400000000003e-03  -1.5916800323328503e-01  -4.9004979287156403e-01   4.7637992261036982e-01   8.3476977386686702e-01   1.8252306521202468e+00  -3.5530809685074349e-01  -7.4632794343517617e-01  -4.2612974619715671e-01   4.3887959872073784e-01   1.9823270249779899e-02   4.3635421128278686e+00   2.0336493334416126e+00
   5.8601599999999997e-03   6.8630117545771308e-01  -1.0631034150950627e+00   1.4872626347665376e+00   5.0094036853298418e-01   1.5771582663803044e-01   6.6613726434435183e-01   3.0855112665554529e-02   4.4263511431940783e-01   3.5335768890784558e-01   8.6605076304316853e-01   4.3638374914791873e+00   2.0339862604023056e+00
   6.1637799999999998e-03   6.9299433007949196e-01   3.3215597390571644e-01  -1.0304355468479613e+00  -1.1799637187682606e-01   7.9525736538105241e-01   6.0893714325286874e-01   8.1115865278305022e-01   1.0148286072382346e+00   1.2248186177266138e-01  -1.0997902072355661e+00   4.3801580820024624e+00   2.0381022991716709e+00
   5.7399599999999997e-03   5.3089056828823998e-02   1.8987545668046160e-01   1.2876399446062072e+00  -3.2845400814892833e-01   7.5909346502281302e-02  -2.3730282662258184e-01   1.1144174417446744e+00  -1.1300584343980649e+00  -9.3014278758096058e-01   6.6019254484899714e-01   4.3790679728178841e+00   2.0374748821450903e+00
   5.5935600000000000e-03  -6.8472273860515609e-01  -4.7695263602196880e-01  -1.2831600452137570e+00  -1.5555385075173995e+00  -1.1136937001262569e-01  -4.4851322276775651e-01   2.1133131778532280e-01   6.8816397735323009e-01   2.2566775800122651e-01  -3.1414166742873573e-01   4.3412822964858160e+00   2.0283863217549585e+00
   5.9769300000000001e-03  -7.4462996794979086e-01   6.9940112111819530e-01  -1.3523561070194334e+00   1.3417440822019081e-02   1.3291509018820913e-01  -1.1424444089719732e+00   4.1948228992094155e-01  -2.2387327956018815e-01  -4.4394344840557848e-01  -9.5137666819247835e-01   4.3514361117176650e+00   2.0307873124174769e+00
   6.0483700000000000e-03  -1.6247913840028367e+00   3.7665073751081479e-01  -5.2847328423220685e-01   9.2570990798254549e-01  -2.3818728839346703e-01   8.4637036976219826e-01   3.6547831824322467e-02  -5.6239364800732861e-01  -7.2829438104408051e-01  -1.7574055667920696e-01   4.3740332274194493e+00   2.0363291843321778e+00
   6.0203899999999996e-03   9.9173594699231848e-01  -1.7805470611455865e-01   5.2654324421227106e-01  -9.4127220369714837e-01  -1.6043241403138978e-01  -3.4019591068553534e-01   3.2118324893079747e-01   1.5432157793961618e-01  -5.7546926312811342e-01   1.6673254686403489e+00   4.3634053527757688e+00   2.0338057091115020e+00
   5.7904899999999997e-03  -6.8202376669024467e-01  -1.4397699021741600e-01   3.2776918248219122e-01   1.1630605499444646e+00  -8.0652101415531230e-01  -8.4173452564305618e-01   4.3908017366176838e-01   4.3623164238357465e-01  -1.3855083313553547e+00  -2.4872882618670514e-01   4.3726606433511588e+00   2.0360904095410834e+00
   5.6216599999999997e-03   5.6302602422606263e-01   6.3178364953066135e-01  -5.9960708054672240e-01  -5.4430500694901307e-01   1.1674342442414740e+00  -1.0663242786079021e+00   1.2482868927593918e-01  -1.1174524447723706e+00  -1.7380246838647986e-01   7.8412210445329988e-01   4.3931336989772785e+00   2.0410396586903339e+00
   5.7831300000000000e-03   6.4415447385882807e-01  -8.5744792813173557e-02  -1.8487511972218509e-01   1.0369117780434487e+00  -9.2671030653118391e-01  -4.5476673911052556e-01   5.5224122650982171e-02  -2.6521701386240698e-01   1.7159166058693365e+00  -2.2084757442668068e-01   4.3726422406028309e+00   2.0359521481443235e+00
   5.8656699999999999e-03  -8.1509166058688809e-01  -4.9851978381518658e-01   4.7028570394382775e-02  -2.5203612508287387e-01   6.2963721347494905e-01  -1.4938989987988207e+00  -1.5138208867906214e-01  -1.3588487130593740e+00  -2.6597876375638174e-01  -2.1344231692890681e-01   4.3571304028186999e+00   2.0322594558108769e+00
   5.6902999999999997e-03  -8.8588259517648960e-01   3.8726427144840092e-01   1.0036491731805397e+00  -5.2017914229563622e-01   1.4625189676759814e-01   1.1043397235807280e+00  -8.6776867216336553e-02   4.5154571146740569e-01   1.4903503705897653e-01   1.4495375050919619e+00   4.3956536274852098e+00   2.0417861913504067e+00
   5.8670099999999998e-03   4.6838387940475312e-01   3.0856566922063050e-01   5.8833965567161961e-01   5.2966234610556395e-01  -8.2152614921579337e-01   1.2777190409870400e+00  -2.2711427709937757e-01   1.3431404112225795e+00   6.0048081887190097e-01  -4.0841413716949998e-01   4.3757125379751631e+00   2.0367313158006262e+00
   5.9426000000000001e-03  -2.1567771764462820e-01  -4.0139932197537076e-01   1.4124518548449889e+00   6.8219040470254078e-01  -1.5628137646204860e+00  -2.4442454260268498e-01   3.8361011687541774e-01  -4.2508145287918575e-01   9.9372497298869850e-02  -2.0789836023628877e-01   4.3479906864304638e+00   2.0301601233764823e+00
   5.6835899999999996e-03   2.3891512267700390e-01  -1.5872909687820707e+00  -8.8222791563408121e-01   2.8786167760788628e-01   5.5331621289440347e-01   5.0339814266692773e-01   7.1854755063065179e-01   4.7349143207975730e-01   8.0616039875329892e-01   5.1161130788073461e-01   4.3573786778768993e+00   2.0321699915691123e+00
   6.0632799999999999e-03  -1.1699319173059151e+00  -7.7665491830041933e-01  -6.5656364252718658e-01  -9.4044458904940387e-01  -3.4623072309212222e-01   9.8101539969115492e-01  -4.4586582956869780e-01  -5.7667383202932609e-01   8.9684320470680132e-02   8.2181079584334216e-01   4.3822058762286007e+00   2.0384153609870812e+00
   6.2023199999999999e-03  -3.0957090064840070e-01   5.6495317636426501e-01  -5.9548182829219010e-01   1.1722138288087451e+00   5.6601639917802182e-01  -1.5382373728580063e+00  -5.3059325002158197e-01   5.2247782268872456e-01   4.0219011104941693e-01   8.5847563509355363e-04   4.3755881349294814e+00   2.0367639287830430e+00
   5.8285999999999998e-03  -4.4491595062576750e-01   8.5776525330429776e-01  -9.0910277944584683e-01  -8.7355932770173139e-01  -1.0512910189828729e-01  -1.4599125907522681e-01  -1.2607104970711427e+00  -1.0378485158514192e+00  -2.2920103581201443e-01  -5.4561615727348345e-01   4.3439882550286395e+00   2.0291741917860713e+00
   5.8057100000000004e-03   1.9247290880764151e-01   4.6883935529044446e-01  -5.1147929166158734e-01  -2.7336384907141176e-01  -3.5644126676177279e-01  -1.0359201251778842e+00   9.0409244192935057e-01   1.5211033133693015e+00  -6.9176164261875861e-01   4.5272088057206256e-01   4.3477136205887312e+00   2.0298454616894537e+00
   6.0560299999999996e-03   1.4925817539431379e+00  -1.8028933500835415e-02   4.8771701859227973e-01  -4.8844542305593225e-01  -8.0553897097056104e-01  -5.6462657256962645e-01  -4.4152348406348096e-01  -1.1614799385204948e+00  -5.1226497872069066e-01  -3.5007438942479641e-01   4.3862995368314230e+00   2.0394645467194472e+00
   5.8919100000000002e-03  -2.2029497675467974e-01  -1.7765002499315671e-02   6.3481761764886335e-01   2.2226310993046991e-01   3.2242545094316682e-01  -9.7389665340944487e-01   3.6250636119003060e-01  -5.8781083748747820e-01   1.1875064733550644e+00   1.4926188310235884e+00   4.3812677268492415e+00   2.0382788979613462e+00
   5.8089300000000003e-03  -1.5498465277033993e-01   1.0126216828067107e+00   2.1908485065155434e-01   6.9510552305935475e-02   1.2877904860757597e-01   1.9036825406490707e+00   8.4092850734492797e-01  -3.8119710042258087e-01  -1.3030212593164725e-01  -1.5100211821750711e-01   4.3618335190006805e+00   2.0335963976684011e+00
   5.5883299999999999e-03   1.0474730893199509e+00   6.4344757905973915e-01  -1.3223925894739252e-01  -6.6369862219957665e-02   8.8139385379180990e-01   1.0922163798367421e-02  -5.9288701371247376e-01   1.1384740191845955e+00  -1.3334565170060564e+00   3.3086795716689772e-02   4.3787472452255320e+00   2.0373004498601461e+00
   6.1647400000000002e-03   1.6390434698962155e+00  -3.6954084339874876e-01  -1.1237097399545899e-01   7.0704324243792849e-01  -1.1226342429907370e+00  -1.1594257648276357e-01  -6.3575366039269152e-02   7.2845709952452409e-01  -5.9841760486078799e-01  -2.2057764070848443e-01   4.3695593138073088e+00   2.0354095490975168e+00
   5.7092799999999997e-03   8.5248959046414308e-01  -1.2800409382423061e+00  -8.3651190227933714e-01  -1.3450437953697897e-01   4.8275560272631290e-01  -1.4453745992509743e+00   7.7816174770548668e-02   3.4004503200905506e-01   1.1590461375617940e-01   3.6160339897901356e-01   4.3632289044760686e+00   2.0339770703107742e+00
   5.9209900000000001e-03  -2.5819003063974710e-01   1.7852072500486580e+00   2.8457176048908206e-01  -1.9919185194054417e-01  -3.5917076926533792e-01  -5.6016149939775262e-01  -3.9015261165838623e-02  -3.7416834951895428e-01  -1.2484555829720436e+00  -2.9564007773753997e-01   4.3712941985539659e+00   2.0356540877235161e+00
   5.7466799999999997e-03  -1.4807655399131638e+00   2.5979523984345382e-01   2.4932064723176373e-01  -5.8072113695603755e-01  -1.3852472640805376e+00   1.8906289843045979e-01  -3.5825353994849485e-01   9.0557384792852258e-01   3.2773223523230394e-01   1.0964544669182527e-01   4.3776524175767531e+00   2.0369727855794286e+00
   5.6895100000000001e-03   1.3450923607747958e+00  -5.4424884787737338e-01  -2.9108820824889003e-01   7.7193791859027072e-01   7.0595017245497971e-01   3.2844016695218320e-01  -9.2689979264179811e-01  -4.1708265382995979e-01  -7.2553411283551916e-01   8.3471366034403394e-01   4.3539107805199206e+00   2.0313895000136606e+00
   5.8547399999999998e-03  -3.5550792704814843e-02   9.0314996196071151e-01   1.9738653670095502e-01   6.7240627902144479e-01  -1.1167414030288281e+00   1.6695859861279985e-01   4.0086545710303839e-01   2.3821946068875044e-01  -7.7546670725643296e-01   1.4935183878091334e+00   4.3666344955944565e+00   2.0345812090051649e+00
   5.7000899999999997e-03   1.2886586885761694e-01  -4.0702440737406403e-01  -1.3246412272649788e+00   1.1994073507871852e+00   6.3620199119245047e-01  -2.8702355194289564e-01   3.8341001880936626e-01   5.6669517919292456e-01  -1.0964798183974438e+00   3.8788362946972360e-01   4.3610322722884298e+00   2.0333727668631960e+00
   5.8257900000000000e-03  -1.1368724844191045e+00  -6.6712008109076126e-01  -8.7045033708988279e-02  -6.1935386625195077e-01  -6.3356483412472275e-01  -4.3054235863830487e-01   7.6707596675015233e-01  -6.9622095514123949e-01   1.2369613884223387e+00  -5.0980168048721819e-01   4.3437828630712758e+00   2.0291548907429231e+00
   5.7139399999999998e-03  -6.6208655236861824e-01   8.9218976144544004e-01   1.2281054647586871e+00   1.6482595271033922e+00   2.1874151821106255e-01   1.4603828896150040e-01   1.1142549707751537e-01  -1.4676664975004725e-01   2.8776368873794789e-01   1.2815846990905708e-01   4.3639114943632311e+00   2.0338938252182972e+00
   5.7489500000000001e-03   1.2866323928318038e+00  -5.0749667155774980e-01   3.1979120772359093e-01  -7.7398905550816605e-02   1.5105780984271593e+00  -5.2344755165457377e-02   1.0061401655415443e+00  -3.1840511306037805e-01  -5.0708360153800147e-01   7.9817482772102197e-02   4.3721839494314860e+00   2.0359124856207296e+00
   5.8312700000000004e-03   4.5691396396107520e-01   5.3434730216075332e-01   9.4872557260516588e-01  -1.0600485620681053e+00   9.9154017445121967e-01   2.8434485277403970e-01  -9.8366182537971836e-01  -5.5818560905409331e-01  -8.8534032590645162e-01   5.9915501163104228e-02   4.3671956913411449e+00   2.0348709894192605e+00
   5.8569700000000004e-03   9.2977222454564079e-01   8.9029775293970659e-01  -6.4288249028163835e-01   3.0354516542851578e-01  -2.1500725197816550e-01   2.1250604843024404e-01   1.2320748756536248e+00  -2.9053524263474978e-01  -1.3306500131800776e+00  -1.2418229547118340e-01   4.3668401830596819e+00   2.0347642464010858e+00
   5.3912600000000001e-03  -1.0105210991159719e-01  -3.0871255574248041e-01  -1.0827249536633958e+00   3.1066623220121636e-01   1.4779854490009123e-01   4.3395232658722638e-02  -5.6107902309858348e-01  -1.0769441857212285e-01   1.7070386687561442e-01   1.9929419927088485e+00   4.3445539259169905e+00   2.0291063678819903e+00
   6.0459700000000003e-03   4.0667017981798853e-01   3.6994614693570549e-01   1.5035032770965120e+00  -5.0895456460437216e-01  -9.3050004020032206e-01  -4.5129015255188037e-01  -2.4667198456133707e-01   9.5089572710199499e-01  -8.1816314906702547e-01  -1.7609968025250769e-01   4.3653895961002425e+00   2.0342587986791338e+00
   5.8566599999999996e-03  -1.8786444955399104e-01  -1.1783968307814738e+00   2.6221752137852866e-01  -1.0397668543142793e+00   1.0157260026050232e+00  -2.9649878040729072e-01  -8.5125787407783660e-01  -2.8395183656035439e-01  -8.9137284787394008e-02   1.0662750723374275e+00   4.3752567618404452e+00   2.0366026460196105e+00
   5.7294800000000003e-03   5.1703356045590199e-01  -7.6790925071146399e-01   7.1392943886754423e-01   7.4199537378136704e-01   6.8411492410521935e-01  -5.6193994179251294e-01   1.7453520576241241e-01   1.6236494803212533e+00  -1.2360519183541717e-01  -5.9166367125111707e-01   4.3941991101710469e+00   2.0410665692326466e+00
   6.0210600000000000e-03  -8.3053683524853567e-02  -8.1893248412605549e-02  -6.4016825314635262e-01  -1.0832136335413498e+00  -3.2520176175946980e-01   1.5102758275190868e+00   8.3036556501032199e-02   1.8579201558621158e-01   1.1383844448670462e+00  -4.6364162080898108e-01   4.3518218626457523e+00   2.0310141170258911e+00
   5.9037200000000003e-03  -7.8173748341822136e-01  -1.1119164056150795e-01  -1.5472046285025083e+00   3.9942818001462804e-01   6.8703703979576158e-01  -2.7705722082865453e-01   1.6574681871044777e-01  -6.9787930782742469e-01   1.1189943914217568e+00   3.4815607150847594e-01   4.3678286157785706e+00   2.0349747510156155e+00
   5.7317699999999997e-03  -1.1771242803708557e+00   4.4524703876412761e-02  -3.2432230119700572e-01   5.0571811494424201e-01   1.0699376910998422e+00   1.0970845785469727e+00   4.9964974317447586e-01   7.6234201295681592e-01   8.6346383997697607e-01  -1.3002337220485369e-02   4.3799438659502989e+00   2.0375622919654202e+00
   5.7909099999999998e-03  -2.4336843698428277e-02  -8.2312084320446538e-02   7.2301149269477316e-01   8.3300486504607740e-01   4.1476171355744723e-01   3.6291606746069455e-01  -8.3080908601861980e-01  -1.6647788231517153e+00  -6.7496130320206715e-01  -4.5046566795424464e-01   4.3614201456179496e+00   2.0333476177405290e+00
   5.8009699999999999e-03  -8.3960871146000404e-01  -3.2162995534578097e-02   1.1748184976358302e-01  -1.0154534854890376e+00  -3.7875693602032545e-01   3.6306630657470734e-01   1.6925685929178161e-02   3.3943660814341642e-01  -1.7551502476855745e+00   6.0800887430984440e-01   4.3488664493754046e+00   2.0300970377635870e+00
   5.7775400000000003e-03  -7.5561941611038674e-01   5.0265071145152906e-01   8.0455942473324257e-02   7.2817816938677038e-01   1.5129148881987591e+00  -2.6404047905516304e-01   7.7343826811802530e-01  -1.7286476969536013e-02  -9.0186739524107240e-01  -6.8278090426746052e-01   4.3450719854074142e+00   2.0292663117469578e+00
   5.7828599999999999e-03  -3.7068796258270137e-01   5.7965231507501203e-01   2.9424346329108603e-01   7.0521693643222061e-01   4.5885086375895512e-01  -1.7341168932527481e-01   1.4004790889268592e+00  -1.2788184335367210e+00   7.4039783816193561e-01  -4.4901993492851294e-01   4.3725879163107120e+00   2.0359277711487169e+00
   5.5412300000000003e-03   3.8466982519654858e-01  -4.2266317644907975e-01   1.4644225836931957e-01   1.7783730458463070e+00   4.8076841161730399e-01   8.8530995156526882e-01   5.5777310010463976e-01   1.2659303892514615e-01  -5.0524276498795262e-01  -7.5151730873519085e-01   4.3477454856597619e+00   2.0299510370279168e+00
   5.8992200000000002e-03   3.8037846023386063e-01   1.5594533715529491e+00  -6.9078198690670445e-01   5.9093272692625154e-01   1.3055020938315753e+00   4.7173787690979946e-01  -2.9886687389079508e-01  -3.6227731421025444e-01  -7.3697984037832565e-02  -3.8524310567944996e-02   4.3515921366572137e+00   2.0310551064425248e+00
   5.8192199999999999e-03   2.5051961437956038e-01   3.9037085858305770e-01   8.0532405032440812e-01  -4.2574453175929777e-01   5.9339230098127460e-01   6.3006663046451905e-01  -3.5922202658031666e-01  -1.4754118456349989e+00   1.0504165299126142e+00   6.7013534267290120e-01   4.3711906214452965e+00   2.0357328592946957e+00
   5.9740699999999997e-03  -6.4779800268574361e-01  -5.4722353042279159e-01  -1.2160710941628095e+00   5.7659849423031673e-01  -1.4099805508773273e+00  -7.9378106273640192e-01   1.9044278234034698e-01   1.8193444922648999e-01   1.8024123245054938e-01   5.5661620728573369e-01   4.3522520070694579e+00   2.0312404707372123e+00
   5.8429600000000003e-03   3.6667900847480633e-01   2.7481457603020409e-01   1.2065415487295084e+00   1.9148066766780891e-02   1.4384016264328412e+00   1.0705478177488816e+00  -1.8495690002689905e-01   3.4951372378571893e-01   1.5635042939767052e-01  -7.4938699833262157e-01   4.3679133265677876e+00   2.0349137734279235e+00
   5.7761399999999999e-03  -3.9517946093537454e-01   1.6044955988697676e-01   8.9381233467653176e-01  -4.9944783633275602e-01  -9.5298752783084950e-01  -4.7891138164830954e-01  -8.7866518249350489e-01  -1.0701281663662983e+00  -3.7299587216155011e-01   1.1033622028257712e+00   4.3563698750632955e+00   2.0323082485027411e+00
   5.8492300000000004e-03   1.3640005532321016e+00   6.1058167734191171e-01   9.6593378867022295e-01   1.0460478024780540e+00  -3.2415508740318910e-01   6.3692894239254860e-01   1.1699405080811377e-01  -9.1239463549161870e-01   6.3957221642629514e-02   2.3541515421665860e-01   4.3852653811533306e+00   2.0393495958912129e+00
   5.7828500000000000e-03  -4.5068717916104845e-01  -1.2539208068462435e+00  -1.2744292409357724e-02  -3.7681090873694251e-01   1.1036539787457513e+00  -2.8066005415580072e-02   3.3662247453254218e-01   1.6090705166433888e-01   2.7813390803944210e-01  -1.5203058232791054e+00   4.3701481755518063e+00   2.0352969756649211e+00
   6.0953099999999996e-03   3.8055211861253302e-01   2.4039151849602294e-01   5.2497212062114114e-02  -1.8210104649731412e-01  -8.3165325286038039e-01  -1.7531072657015030e+00   1.0993577388776168e+00  -5.2657197243751452e-01   8.7674063874326150e-02  -2.5754188123561778e-01   4.3694385550604462e+00   2.0353178645308825e+00
   5.8629399999999996e-03  -8.5410563871207024e-01  -2.9926083123682173e-01   2.0590607418090226e-01   4.7887837166167496e-01  -1.0265439407780124e+00   8.7959790653626690e-01   1.0535161651979938e+00  -4.5036522520758604e-01   7.9712464378064318e-01   8.6762091800538588e-01   4.3664241595104851e+00   2.0342717803412924e+00
   5.6978000000000003e-03  -1.1367992561244041e-01   4.2923968024272091e-01   9.1188929707574318e-01   5.8674508938040848e-01  -7.3600554071683832e-01  -9.5632007041873102e-01   1.4689086068646792e-01   1.2702145632752064e+00   8.9886776126482915e-01   6.5881766641686634e-01   4.3750297162661367e+00   2.0365417923950568e+00
   6.0985199999999996e-03  -1.4390129861299386e-01   7.4250461110474814e-02  -9.3610844274999785e-02  -4.0084895546030797e-01   1.2024896569093779e+00  -1.1902245670702780e+00   1.1783050573271321e+00   5.9767507808708487e-01   8.5389759014029021e-01  -1.3111589054627085e-01   4.3696219851899771e+00   2.0352427895262610e+00
   6.0011600000000002e-03  -6.6060909437838833e-01  -1.0177768549264754e+00   9.0050231619157373e-02  -2.8803582210758676e-02   3.8212260049108893e-01  -1.8696349524603006e-01  -7.8016612199678403e-01   7.9790154648235190e-01   1.5509358793866572e+00   4.8622351929846974e-01   4.3521068431863519e+00   2.0311502811975886e+00
   5.7617600000000003e-03   1.1769362570883344e+00  -2.1068718621350657e-01  -7.6427722777302898e-01   1.0928989336385517e+00   7.1382714802904146e-01  -6.6090123209004692e-01   4.3661491342717451e-01  -8.9924943107102617e-01   2.4427344403120418e-01  -6.4379710042827654e-01   4.3640744290573750e+00   2.0339904366803294e+00
   5.7361699999999996e-03  -6.4218381872834171e-02  -4.7346458102497241e-02  -4.6084157267124422e-03   8.6411696538044103e-01   9.8618578177125282e-01   8.5960922883916258e-01   7.6083443971649656e-01  -9.1199631081932453e-01  -1.3324978703870050e-01   1.3188568503459714e+00   4.3469481561045100e+00   2.0299424114248028e+00
   5.8305900000000001e-03  -1.3103403385230664e-01  -1.8590532379074007e-01  -6.6442451387055712e-01  -1.0581834069546713e-01  -5.9897994287302470e-01  -7.8084370026648725e-02  -2.2556410151889963e-01   1.3083038634263457e+00  -1.1916090045678145e+00  -1.2370248456576491e+00   4.3482355104120494e+00   2.0300439525314014e+00
   5.7010899999999998e-03   4.3272730392566738e-01  -3.6240938692683655e-01  -5.2007790748213822e-01  -6.0084767748571488e-01   5.5408246526639870e-01  -6.9737815301816142e-01  -3.0084990447630233e-01  -4.2813259606579829e-01   1.6612046982423720e+00  -9.6297866459565529e-01   4.3751740681050020e+00   2.0366909195571785e+00
   5.8719400000000000e-03  -6.1868135393369885e-03   9.6143229835267019e-01   2.8689650566679825e-01  -4.8212873195720901e-01   6.6369258523257424e-01  -3.3069405555576648e-01  -1.0902703241550737e+00   1.1834887386248896e+00   7.4761222082175993e-01  -8.5625296114447869e-01   4.3826305660668323e+00   2.0384826903969389e+00
   6.0474300000000003e-03   1.0432760131346757e+00   2.0702355146188711e-01  -9.4647808375473963e-01  -5.6378923782005796e-01  -3.7070658852782365e-02   3.0113999050469548e-01   1.3766488507486763e+00  -7.1068141767904014e-01   7.2174422129629257e-01   4.2362675393369587e-01   4.3557194034677256e+00   2.0320032030521347e+00
   5.7705100000000004e-03  -3.3731226013677684e-01  -1.0180154564230826e-01   6.2845514091343335e-01  -1.0457537775231520e+00   9.5330528347303922e-01  -1.1918873104041201e+00   3.4635148289410145e-01   5.1786811784034503e-01  -1.1441750926040541e+00  -2.5855580126167887e-01   4.3819840076997592e+00   2.0384114124020489e+00
   5.5406099999999996e-03  -2.4693495781913291e-01   1.0390111251248619e+00  -8.5967459026177240e-01   1.1451499949383444e+00   1.3741493475401192e-01  -1.1959341604314790e-01   1.4245738230075067e+00   3.3391148971407464e-01   3.3246064823750254e-01   4.7483943627685016e-01   4.3610195389366524e+00   2.0329616960034911e+00
   5.7917699999999999e-03   1.2443311863076657e-01   9.4233140842783603e-01  -1.3325369778641441e-01   1.7101065572167509e-01  -1.5780584425886914e+00  -1.0019855515454823e+00  -9.6760220474946201e-01   3.0607355222267713e-01   1.4459261664815587e-01  -3.3782771608713286e-01   4.3543177534691893e+00   2.0315407941582477e+00
   5.7643099999999999e-03  -8.3411190761365828e-01  -6.3444390191114131e-01  -1.2772851381229060e+00   3.2420598976633283e-02  -9.9618324485191839e-02   7.0860624677418849e-01   1.2443196062175201e+00  -3.8688498463827564e-01  -1.8752539393300371e-01  -8.2426102226124964e-01   4.3726196942786046e+00   2.0359932176143651e+00
   5.7039899999999999e-03   1.0106409833140446e+00  -4.8263921868289794e-01  -1.3774944607248735e-01  -8.2356057793833190e-02  -1.1555189319167551e+00   8.0980402000016349e-01  -4.2245861407257312e-01  -1.3696029618474275e-02   7.5821991714594672e-01   1.2660613482080219e+00   4.3496654885194550e+00   2.0305288367925876e+00
   6.0588899999999999e-03   2.6181636245618511e-01   1.6386050509307009e+00   9.7293760391830286e-01  -3.7924380542417685e-01   8.7092204377902471e-01  -1.5826845106152090e-01   6.5559565229419103e-01   3.8715340808297050e-01   1.3473573875646955e-01   5.6271941944170889e-01   4.3488441471170924e+00   2.0305166055976409e+00
   5.7696900000000001e-03  -5.2384154365455760e-01   3.3748914013865949e-01   1.2144995141992307e+00  -1.2064111159311089e-01   6.1012004728969609e-02   4.4706447105606217e-01   5.3278946116086445e-01   4.4814511987274391e-01   1.6292005056672532e+00  -5.9958115928511102e-01   4.3428150960681426e+00   2.0288619072203304e+00
   6.1704400000000001e-03  -1.1676763851689244e-01   5.0724592367491850e-01  -6.0798169508908950e-01   1.1813569871159182e+00  -6.2337876148082882e-01  -5.3002017422788317e-01   9.9424160122050756e-02  -1.5697698430593330e+00  -2.3689022692004078e-01   5.6191213675711671e-01   4.3665817601326724e+00   2.0348544499667165e+00
   5.6716700000000002e-03   3.7768024153267787e-01  -9.7985264931992588e-01  -3.0926723901643421e-01  -1.7985070195889188e+00   1.0873541057847612e-01  -5.4637795735306596e-02   2.6403348829230600e-01  -8.9941193739130054e-01  -3.7921648520619244e-01  -4.5095664933645413e-01   4.3544056893635226e+00   2.0316417079753797e+00
   5.7685300000000000e-03   4.4604031670938138e-01   1.0438951249987056e+00  -6.3097492236892450e-01   1.4024708428067791e+00  -3.2143585443769751e-01   3.7352397120230182e-02  -9.9780554595035442e-01   4.4941871466982995e-02  -7.5131023082928849e-01  -5.5413358900720744e-01   4.3647618757801947e+00   2.0340872052891141e+00
   5.7652700000000003e-03   1.4802846148422533e+00   8.0563072741231992e-02   7.8095721737658652e-01  -5.0467338428116726e-01   6.5332889603507360e-01  -1.0819167177439788e+00  -5.4655873542236444e-01   4.2545751337617971e-01   6.0351951188392161e-01   3.5366904810427385e-01   4.3608190617390692e+00   2.0332388895791436e+00
   5.7774999999999996e-03   9.3062269029830313e-01   3.7008952978729366e-02  -1.2697271375703109e-01  -3.9024337142260487e-02   7.6714472969896985e-01  -9.8014827652212211e-01  -8.2463174298329878e-01  -1.5463020473376890e-01  -5.6773886176320132e-01  -1.4677434216914367e+00   4.3500655816725855e+00   2.0306201069325005e+00
   5.9293200000000001e-03   7.9940436001906301e-01   1.8719856140055416e-01  -1.2271001005645985e+00   2.2211990471771054e-01  -1.6395692063023729e-01  -2.1110148201408038e-01  -6.4595956693583045e-01   1.4729903965243956e+00   7.9105072300454016e-01   2.6605645063210853e-01   4.3526349415443368e+00   2.0315809497503983e+00
   6.0441100000000001e-03   5.8521605591998682e-01  -7.2635865005155931e-01   1.6051170864196014e+00  -2.1531126760790167e-01   2.9639451485447471e-01  -7.5452107344703390e-01   4.7622493431006324e-01  -5.9461741462960349e-01   6.4531019429954362e-01  -6.6900437777988087e-01   4.3752694988895255e+00   2.0369358168967389e+00
   6.1164599999999998e-03  -8.7014711640098275e-01   1.2425383725983035e+00   3.2233423465117809e-02   5.8303722750335341e-01   2.6612250075301325e-01   3.2252149619634929e-01  -6.7767974083962429e-02   1.6082023901474400e+00  -3.8770746165366993e-01  -1.5630802222981757e-01   4.3801284411660690e+00   2.0380840129058742e+00
   5.9391000000000001e-03   1.2053121519675190e-01  -6.6878758575102104e-01   1.1905166655872370e+00  -9.2995758909593140e-01  -7.3879098801201204e-01   1.4104251883352017e+00  -1.0256604150510110e-01  -4.4201716809096780e-01  -2.4702934646976038e-01   3.4144439420333725e-02   4.3492955567330922e+00   2.0305776532481619e+00
   5.6901299999999998e-03  -6.3120401106466173e-01  -8.0928144879609265e-01   6.2897361748327996e-01  -8.3306870974391778e-01   2.7807567556771906e-01   2.6606685381382483e-01  -1.3288906299414696e+00  -6.5773958127732468e-01   4.0685586325116346e-01  -1.0083198915970073e+00   4.3567344247636264e+00   2.0323496181103846e+00
   5.7539300000000000e-03   1.2742999442378831e+00   1.2208647722134667e+00  -7.3003857485537238e-01   3.1566047845354417e-01  -3.2543741716908064e-01  -7.8667024254465001e-01  -6.1871932587923922e-02  -1.0856722850530845e-01   2.3909478733930986e-01   1.0430462593518819e+00   4.3605312264286518e+00   2.0329591705355146e+00
   5.6899300000000002e-03   1.3664602607621060e-01  -1.4865668685773445e-01  -7.8954905549664123e-01  -1.0976436798070408e+00  -8.6112496120760162e-01  -9.9595250535569047e-01  -4.4819231440846791e-01  -5.5983004483406718e-01   9.5323074711297895e-01   8.1744110598932285e-01   4.3725566982928736e+00   2.0358722205946611e+00
   5.8209700000000000e-03   6.3775544394897521e-01   5.0266325524813071e-01  -5.3775457490094758e-01  -1.2406739001263012e+00   9.7221236811371381e-01   5.2846078232320537e-01  -4.7462149189508862e-01   2.2748760516758726e-01   9.6237770739648709e-01   8.3124536806042837e-01   4.3579207936198019e+00   2.0325549630645416e+00
   5.5950100000000001e-03  -4.2059095317080886e-01   2.2674461631632309e-01  -5.6729836198741213e-01  -5.9907398477223939e-01  -3.2964581131910792e-01   1.0224014665765248e-01   8.7563017195984938e-01   1.0397747772500010e+00   1.1001452044624545e+00   1.2714969063562656e+00   4.3651070766689282e+00   2.0341585203391030e+00
   5.6961199999999998e-03  -1.3715923461775939e-01  -1.7570081474451371e-01  -1.2806578782329361e+00  -5.3143039587120600e-01   1.6212908288920447e+00  -2.8933072648169939e-01  -7.9373406431835136e-01   4.8925449373344915e-01  -2.2746885650646217e-01  -2.1651375794409575e-01   4.3548590947051737e+00   2.0316316620032517e+00
   5.8574600000000001e-03  -2.7690191429670830e-01  -8.0249729438545070e-01   1.6987138105547583e-01  -4.4096765834008417e-01  -4.0520515086244063e-01  -1.7528600366776745e+00  -7.8163908118902126e-01   6.3637292903275322e-01   2.5962289979337322e-01  -6.1346039101780547e-01   4.3687661523842660e+00   2.0353268302848622e+00
   5.3562200000000001e-03  -1.0030498368682470e+00  -1.0877435570912661e+00   6.9393880610167891e-01   7.9934014980446133e-01  -1.2394146964037464e-01   2.1152579890253594e-02  -3.0089443202745286e-01  -4.0073030243384272e-01  -7.1861663246238594e-01   1.2836862696101392e+00   4.3469881030152768e+00   2.0297689237729077e+00
   5.7676000000000003e-03  -5.1522047138610846e-02  -7.1985888030996525e-01   5.8870178253009187e-01  -1.1213380371532398e+00   8.1777059572630018e-01   5.9242763226279027e-01   1.1809697352533826e+00  -2.2928927260675544e-01   8.5270151433079011e-01   5.5079760043196080e-01   4.3656654875929695e+00   2.0340176224228261e+00
   5.8515199999999998e-03   6.1634651752592440e-01  -4.0545302708360076e-01  -2.7604413084962892e-01  -1.2218386307546667e+00  -5.4412136710542403e-01   1.0733030139871264e-01  -1.6923262867356488e+00   4.5201556748559396e-01  -4.2105662915241432e-01  -1.0222149515648969e-01   4.3795474487680845e+00   2.0378169698373392e+00
   5.8503899999999996e-03  -3.7754687245124974e-01  -1.0029967177050561e+00   3.9593960153991703e-01   9.1999423274968251e-01   7.8698968424567833e-02   1.2729531088581851e+00  -4.5057493794491887e-01  -7.9105952451952066e-01   9.9819160215682257e-01  -1.1645670174789387e-01   4.3608800986314193e+00   2.0332304284684541e+00
   5.9610200000000000e-03  -7.1199695706311827e-01  -1.3100325271280973e+00   3.5050008904250674e-01   1.2449670410513172e+00   4.7525069833520034e-01  -7.5358785551847429e-01   8.4261442662724839e-01  -2.8225117363624946e-01   2.8590553330988977e-01  -5.7484446864615991e-02   4.3573890986203168e+00   2.0323916643890483e+00
   6.0128200000000003e-03   1.0948659488983532e+00   1.1009358592138940e+00   4.6061817203510808e-01   7.2497259489046395e-01   3.0766460070069609e-02  -6.5640133055874661e-01   7.5128870955749782e-01   6.5799183263408134e-01   2.0039512156087955e-01  -1.0120947078391562e+00   4.3893630704117443e+00   2.0400275058597606e+00
   5.8421699999999998e-03  -3.0513444242403581e-01  -5.7439399180495043e-01  -5.4349107233961436e-01   1.4753247744973080e-01  -8.2804710668701842e-01   1.2853734553698823e+00   8.1188972946557680e-01   1.2075336351078954e+00  -5.2999108855145738e-01   3.4303453710131671e-01   4.3621924573420801e+00   2.0334552039867044e+00
   5.9066600000000002e-03  -1.5120610893281894e-01  -2.0477729978366999e-01  -1.6069027854555454e-02   5.8549263510938299e-01  -1.4990443927471204e+00   7.9377295689654981e-01  -1.3354276597249244e+00  -2.8549210420243931e-01  -6.5732631773915484e-01   2.0868570650086371e-01   4.3675851179805587e+00   2.0349706730830910e+00
   5.9247299999999996e-03   1.3978080891825642e-01   1.2323530513842240e+00   7.8177671899782286e-01   1.5916248346686851e-01   1.1289128136986960e-01  -1.1961649085976673e+00  -6.5387411986989863e-01  -9.8481372339363860e-01   7.0863618833279862e-01  -4.0621766080896560e-01   4.3849655369940193e+00   2.0390830649164462e+00
   5.8131600000000004e-03  -1.5187134308636023e+00   6.9778072053053497e-01   2.9367415303290761e-02  -7.4755894372806297e-01   1.2046545581371721e+00  -9.0846680967444388e-02  -3.5253394192755488e-01  -2.9168289451693313e-01   8.3683216182729736e-01  -1.2366408090414503e-02   4.3974776986700084e+00   2.0420706461958344e+00
   5.7168300000000000e-03   4.0152925943730688e-01   8.6075127639263715e-01   1.8390680350835589e-01  -1.0405309550012263e+00   8.8127042849377835e-01   3.1907042296683258e-02   7.0424188848751756e-01  -9.0780158178726966e-01   2.2694399596974379e-01  -1.2224145485541540e+00   4.3555884001866190e+00   2.0319902867979431e+00
   5.7089400000000000e-03   5.5033634606734272e-01  -1.7930264539811200e-01   1.1375237360614823e+00   9.4757960124703344e-01  -2.7787497735751882e-01  -3.5761431746624897e-02  -1.2809030147221900e+00   2.8210353240307767e-01   4.6195723390765525e-01  -1.0679314558807709e+00   4.3659699171292905e+00   2.0344640548299195e+00
   6.0239700000000000e-03   6.2613240380222579e-01   3.1375451240103919e-01   9.0128619532124288e-01   1.0194508205895458e+00   5.4717871214262959e-01  -1.3367218788460662e+00   1.0203315068289696e-01  -1.9278987160619149e-01  -9.8225887799417455e-01   4.5731088011006249e-01   4.3957380828477186e+00   2.0415993400140700e+00
   5.8184600000000001e-03   6.8472071092200948e-01   1.0332145100619110e+00   9.4423626090628809e-01  -4.8184542196643770e-01  -1.0716754895626990e+00   1.4171763761727701e-01   9.1277360167531596e-01  -3.1607348647629713e-01   8.0026808337588096e-01   4.4316697918353626e-01   4.3583494076722360e+00   2.0323897880039326e+00
   5.7674700000000002e-03   1.5793946604851121e+00  -1.0709883171599566e+00   1.4730997375552737e-01  -4.3195878686565409e-01   5.1027558154812724e-01   7.4465344250756127e-01  -6.2554787988954219e-01  -7.4566732931116708e-02   6.0581498691831537e-01  -4.4565823146925732e-01   4.3615467044204141e+00   2.0331539606124447e+00
   5.6208100000000004e-03  -9.7985605227893213e-01  -5.5094288119726428e-02  -1.1704312023660213e+00   8.2258180225930178e-02  -5.9484713810033252e-01   3.6159764588150084e-01  -1.1048786928416259e+00   5.9262660442347515e-01   7.4424075593840611e-01  -8.8371691229487637e-01   4.3758673620126709e+00   2.0366986613451776e+00
   5.9266400000000004e-03  -6.1779408881187470e-01  -6.3225142230498954e-01  -8.1347703403262550e-01  -3.6530640967468647e-01   1.5615108439824124e-01  -6.3110514776396309e-01   1.2898574923935673e+00  -6.1682772933351304e-01  -6.9787600485377210e-01   1.0429535605688398e+00   4.3685294769647278e+00   2.0351933187577051e+00
   6.2816499999999997e-03  -1.0314334119832101e-01  -5.6936549144689730e-01   5.4496028054272705e-01  -1.2311832231567685e+00   5.2823398556142054e-01   5.0453321061493794e-01  -1.5259654128826514e-01   1.6499560944402774e+00   1.0587651525576978e-01  -1.4038093628819623e-01   4.3618011776021905e+00   2.0333953358067576e+00
   5.7496300000000004e-03   1.3434002573023565e-01  -3.6795055475829275e-01  -9.2298319285630825e-01  -3.0510321551968322e-01   1.2443774136726533e+00   1.0698096205155592e+00  -6.3522110087591871e-02  -1.2973443895160901e+00   1.6469792743912332e-01  -3.6571330692245968e-01   4.3581279623832812e+00   2.0325472736389663e+00
   5.5591299999999998e-03   1.2490279901179977e+00   3.7971485454606650e-02   7.5454906892809914e-01  -1.0720161914906283e+00  -3.8300454339282933e-02   8.4074936104588693e-01   8.4454298698729702e-01   4.8932156823257222e-01  -7.8290750403423182e-01  -3.5105293610388194e-01   4.3620359854451802e+00   2.0332082125093782e+00
   6.0479599999999998e-03  -9.0460958180944029e-01   1.6109279927685922e-02   3.1104691346904867e-01   4.6836268906798595e-01   3.9347084784334169e-01  -4.3102304131420160e-01  -1.6427460470392221e+00   3.7618978610098436e-01  -1.0337330072419264e+00  -4.7936044451496557e-01   4.3794476079872693e+00   2.0377868390441480e+00
   5.9000500000000004e-03   6.9546629940253291e-01   5.6921180931362847e-01  -4.7098732976286961e-01  -6.0167963547912251e-01  -2.6350448318746361e-01   1.0851544469349819e+00  -4.2199754516999155e-01  -1.1430438682901791e+00  -7.7253943663579872e-01   9.4014302641369329e-01   4.3688602270734691e+00   2.0350820120803537e+00
   5.7090600000000002e-03  -1.5475220536371934e+00  -9.3590300636637855e-02   2.2924619425803491e-01   7.6884203938657514e-01  -5.0082123287179348e-01  -5.8521033975967174e-01  -9.5643974959227818e-01  -6.5067131593263028e-01   8.2553168665484167e-01   8.7560537141090300e-02   4.3619239580162423e+00   2.0335943385679180e+00
   6.0267100000000002e-03  -1.6507248971253954e-01   9.5950707142297120e-01  -3.4420339392685750e-01   7.9820507239858030e-01  -1.5368922671522767e+00   5.1103724625618985e-01   6.8564132814045720e-01   9.9835226607255079e-02  -2.0062621332851749e-02  -8.8916956810414249e-01   4.3835966940622422e+00   2.0385554137461264e+00
   5.7458700000000001e-03  -1.1511793215105698e-01  -7.7895298499993534e-02   2.0066792623811514e-01   4.2346002714471437e-01   1.4148691978754258e+00  -3.7274274320711165e-01   1.3450247420384920e-01   1.1111921154342022e+00  -1.4472452337872996e-01   1.3926564922101192e+00   4.3361015949597306e+00   2.0270351557467521e+00
   5.8094399999999999e-03   1.5209701390499195e+00   1.1682879145308562e+00  -1.2403661314751960e-01  -2.4625279035219871e-01  -1.5768903907919446e-01   7.4244266671771264e-01  -6.5931314598021662e-01  -2.4389331969019662e-01   5.4480419823018655e-01  -7.2163621303660985e-01   4.3669239158117525e+00   2.0345814234787731e+00
   5.7097299999999997e-03  -1.5903065677017529e+00   7.7599349740246570e-01   3.8842611772768332e-01   1.0707510609077732e-01  -3.2561325524755946e-01  -1.0444836191495124e+00   8.0882536309168473e-01  -1.6699293753156756e-02  -9.2134028667963899e-02   7.3589790334838401e-01   4.3711804836178967e+00   2.0356830706851468e+00
   5.8670700000000003e-03  -4.2103158546690878e-01  -4.7207744021525827e-01  -5.3879780265422750e-01   8.1455063068322398e-01  -4.9160343640706922e-01  -4.0978293396379517e-01   8.7018794738293814e-01   1.1846462946709062e+00   9.0769043645097647e-01  -9.4517471954326771e-01   4.3706841525185220e+00   2.0356853328249978e+00
   6.0234199999999998e-03   8.6865703325875976e-01   2.8308586005706227e-01   5.3534704557055009e-02   8.8876588019663771e-01   1.0131979447393491e+00   2.7334273365789435e-01   2.0212747038542808e-01   3.0341732953276607e-01   1.5942833464823760e+00   2.6026398743766294e-01   4.3354128973451731e+00   2.0269713087848493e+00
   5.7196299999999999e-03  -9.4464885115965291e-01   6.1314219433603279e-01  -2.4151431690373304e-01  -1.1021248438793600e+00   5.5011724608613610e-01   9.0267095129034480e-01  -2.7622549008927894e-01   3.5358097841589198e-01  -7.3274300267563075e-01  -1.1335113631549720e+00   4.3751423017680198e+00   2.0365138682948745e+00
   5.6648899999999997e-03   5.5551984679224997e-01   2.2437588150842794e-02  -1.3999100697430418e+00   1.0740816803227482e+00  -3.8037938710493391e-01   1.3438037879758908e+00  -1.9564791860672785e-02  -3.7460355127573253e-01   4.3806224796854559e-01   1.4985287410571962e-01   4.3684364067871408e+00   2.0350109973538810e+00
   5.7487900000000001e-03  -8.7662413154230190e-01   1.1741734863287656e+00  -6.1486352229833197e-01  -9.2687390860446106e-01  -3.7361204901315259e-01   1.9866091118795787e-01   6.2779957638564021e-01  -1.1016577504490537e+00   1.0550513867990813e-01   6.8411608144499991e-01   4.3706118806259155e+00   2.0353869208747142e+00
   5.4704899999999997e-03  -3.2470177004492770e-02   1.8949401201636132e-01  -3.1926095962347689e-01  -1.7985366520359433e-01  -1.2299411094381119e+00   6.0354854165053073e-01  -4.8724944768759260e-01  -1.4714701544875470e+00   9.7321073307220640e-01  -5.7729069166051794e-01   4.3598417261431761e+00   2.0328039532010189e+00
   5.8292999999999999e-03  -2.4887215523297446e-01   1.5387155749978034e+00  -8.1301906900870335e-01  -4.5684248358855478e-01  -3.2921944275350273e-01  -3.7077659682790476e-01   4.1078165614499024e-01   2.8346571240210278e-01   1.2540562884537489e+00  -5.1315558780404824e-01   4.3705472641355936e+00   2.0353453950482918e+00
   5.7642400000000003e-03   4.5610844709472664e-01  -1.1059284956329398e+00  -2.4535874578898872e-01  -2.1442078771497194e-01  -1.9692801680322491e-01  -6.7652727562250825e-01   1.4077303352741042e+00   1.9445245864701557e-01  -8.7645949449298066e-01  -9.2152854060019729e-01   4.3726710026819449e+00   2.0358615137680722e+00
   5.7779299999999997e-03  -7.1761432150657514e-02  -7.3575318366134390e-01  -2.6730009266786942e-01   1.0933791956387793e+00  -7.0532531327967107e-01  -6.7403505991358503e-01  -1.9286657489507103e-01  -7.9551949543609046e-01  -1.2771427228537394e-01  -1.4839943839848335e+00   4.3624282864532891e+00   2.0335429534236580e+00
   5.9870699999999997e-03  -8.0786285499496879e-01   5.4431144762433226e-01   2.7496223914421564e-01  -8.7886419935286553e-01  -4.7876029481004773e-01   2.0882818305586245e-01   1.6150591816101445e+00   5.6782415476047454e-01  -2.1708398703112752e-01  -7.1981664440540749e-01   4.3661414516998462e+00   2.0345317570939558e+00
   5.4406999999999997e-03   2.0255112703242698e-01   3.0303139575514543e-01   1.2081936394525561e+00   2.6222516559845227e-01  -2.3548154600895245e-02   1.8440039763399849e-01   4.5492270525931877e-01  -2.4626968019143305e-01  -1.1255626208594187e+00  -1.5892976503336818e+00   4.3634786319118799e+00   2.0335815433878492e+00
   5.8894600000000000e-03  -7.7222806091570451e-01   1.2475321842624842e+00   1.1463805028373399e+00  -1.8837315411279582e-01  -5.5268398783285211e-01   8.3519936815148288e-01  -7.3921318714014284e-01  -4.7173557698776258e-01  -1.0549971010372404e-02  -5.6822072036035087e-01   4.3540038142480952e+00   2.0316470127734649e+00
   5.9041700000000003e-03   3.3375839826632803e-01  -1.5878717436105905e-01  -7.0286641068438860e-01  -1.1140091640817537e-01  -5.7992606948178549e-01  -1.2406189276435349e+00  -7.0269468218851638e-01  -2.4602357540467409e-01  -1.4552422743889468e+00   6.5308701919105894e-01   4.3662641919804299e+00   2.0343916442784948e+00
   5.7119199999999997e-03   5.9373527694861905e-01   9.1524423026968338e-01   9.0928273747594235e-01   5.2066857163285984e-01   1.2753091556435583e-01   3.6208399037375640e-02  -1.4775417126046861e+00   4.1171746988024133e-01   4.1905545300706691e-02   1.0329379427361838e+00   4.3802863872813314e+00   2.0378978143249200e+00
   5.8750399999999998e-03   9.3567657767482992e-01  -2.2193509763423455e-01  -1.8357235571447992e+00  -1.7217625225420838e-01  -7.0796604481456615e-01  -2.9516533845380061e-01  -1.1961636854234765e-01  -4.5195780631615273e-01   3.4996787450512976e-02  -7.4905968307990833e-01   4.3961149845312359e+00   2.0416089842305234e+00
   5.6534899999999997e-03  -9.3948875284493105e-01  -1.6648346773288011e-01   1.8859354103683938e+00  -8.1516131353470814e-02   6.0898055639650472e-01  -5.4482513312884762e-01  -5.3743597975611634e-01   4.1699286016035875e-01  -3.0699206141434753e-02   2.8232269757663692e-01   4.3636166684818729e+00   2.0338904301531007e+00
   5.9165499999999996e-03   5.1177779026735182e-01  -1.5657081727913418e+00   8.8965013591397202e-01  -7.9996919181556242e-02   1.0010804999399245e-01  -3.0829406704015810e-01  -5.6361642440364690e-01  -5.2686664163625455e-02  -1.2551609268370685e+00  -3.3963804271697146e-01   4.3669132082752347e+00   2.0348206662323793e+00
   6.0739399999999999e-03  -6.9408308366134386e-01   7.9902709534771799e-01  -2.8285498912289242e-01  -8.4993731139238826e-01   1.6190742013074957e-01  -1.0691357603480622e+00  -1.0035018803606899e+00   6.9149326897136432e-01  -7.0799635205367070e-02   9.9702399732470715e-01   4.3757283066957378e+00   2.0368236328512794e+00
   5.6779600000000001e-03  -1.1330353107268127e+00  -4.7370136387019252e-01   9.3883745656159839e-02  -6.9939826472275490e-01  -1.1299569132386094e+00  -5.4945599984783944e-01  -3.4036886046152032e-01  -5.8947260364850618e-01  -1.0126782864542168e+00  -7.7214915886575264e-01   4.3613805053262249e+00   2.0332451010597645e+00
   5.7413200000000003e-03   3.6524835033112002e-01   1.3712878939376194e+00  -1.5512066318902440e-01  -1.0432856510328061e+00  -8.3640275164470779e-01   8.3467208377707558e-01  -4.0412510471371199e-01   8.7607289264422061e-01  -2.4921313578004622e-01   3.0967817398227432e-01   4.3504980420165618e+00   2.0308016673389342e+00
   5.5792300000000001e-03   1.1779915884509473e+00   4.8426258446262060e-01  -1.0184286243986308e-01   3.7695241738120516e-01   4.0080335355182062e-01   1.1967043900309338e+00   5.4427224954816156e-01   1.0102474005662541e+00   3.3753963801664753e-02   9.6290928601876502e-01   4.3301661018359265e+00   2.0256237851617502e+00
   5.9254099999999999e-03  -1.7891322284454831e+00  -7.9651503588454875e-01  -5.2811696221673887e-01   5.9829537944608567e-02   5.0963290571786424e-01  -4.5882214772170404e-01   3.6170259818013924e-02   9.2331230899493444e-01  -3.8396967274215804e-01   2.0442985092334817e-01   4.3739024617041116e+00   2.0365720374841692e+00
   5.5894999999999999e-03   9.3819543274532635e-01  -8.9429700355802366e-01  -1.2553268094464096e+00  -8.8084152400422555e-01   3.6452178223400689e-02   6.4082841294769555e-01   1.2236773649081852e-01   4.7404481503151918e-01  -7.8825366643564010e-01   6.0521979014880634e-01   4.3496302977842527e+00   2.0303308348833320e+00
   5.8367000000000002e-03   1.1540229390560264e+00  -4.7592352387830011e-01   1.4114883906984566e-01  -8.9632884702472426e-01  -6.3982591713761883e-01  -3.4970750013280599e-01   7.2428551382660167e-01   1.0549350557625117e+00   1.0133039728018465e+00  -1.6304087580865900e-01   4.3584707698680889e+00   2.0325145988207090e+00
   5.8839599999999997e-03  -3.8850473847716671e-01   4.8923728706423592e-01   9.0078677477192293e-01  -1.9550565920201433e+00  -2.1417194444459181e-01  -5.8148701778996503e-01   6.3360168085281374e-02  -1.9601799889311539e-01   3.8227959065971900e-01   3.8124627032304352e-03   4.3580168323819155e+00   2.0324727633401545e+00
   5.4449099999999999e-03   1.2963940715014170e-02  -1.6497087676885344e-01  -7.1508991299529934e-01  -1.2564457561118667e-01   7.1694437800331512e-01   1.0902292039155064e-02   1.8596213047815786e-02  -9.6743365341866605e-01  -1.8640465212503941e+00  -4.4730001063124419e-01   4.3343579415781566e+00   2.0266191861512297e+00
   5.6524399999999999e-03   1.3413733302843073e-01   3.5486342952703770e-01   9.6581111111995366e-01   6.8204008039875885e-01   3.9701747036047973e-02   1.0674725120777211e+00  -2.6041238146136275e-01   3.8146226412742101e-01  -1.6225340656817597e+00   3.6410900294031218e-01   4.3643864106932400e+00   2.0338861376665074e+00
   5.7920200000000002e-03  -6.2981840442103609e-01  -1.4354731145556192e+00  -1.1921415829542192e+00   3.7618550001121592e-01   1.0302294411241465e-01  -8.0629877434695352e-02  -9.6003817439879269e-01  -6.6440024607423154e-01  -4.9492885187669688e-01  -1.0874941182680523e-01   4.3679178060179229e+00   2.0350845450387260e+00
   5.9926800000000002e-03  -4.9413396505735463e-01   6.2080208200882581e-01  -3.5807449086642162e-01   8.7023453391995065e-01   5.2547006403645402e-01   5.3152435060970282e-01  -3.7938255840160773e-01  -4.3811028141253355e-01   7.4747136178275031e-01  -1.6248223380658755e+00   4.3784622337242523e+00   2.0374465549649088e+00
   5.5982599999999999e-03   5.9107467749905340e-01  -9.5505586236765905e-01   4.3438143907127297e-01   1.0435410332068711e+00  -5.1821564365345485e-01  -1.1801902184679105e+00  -9.7553332865415554e-01  -2.6760332710890705e-01   2.0368707444627926e-01   6.3508764119169225e-01   4.3524077754516339e+00   2.0311643742810959e+00
   5.8584199999999996e-03  -1.4557833948529240e+00  -4.8707950014485774e-01   9.4208916081299598e-01  -3.9105063624881048e-01   6.6750963975122757e-01   5.6837566875432000e-01   5.8603791754520385e-01  -9.6380857680474818e-01  -3.8289527623202185e-01  -2.3628424519361413e-01   4.3767202577926261e+00   2.0368442158422164e+00
   5.4453000000000001e-03   1.0491167942212611e+00   8.8266841095511339e-01  -7.1909373010954114e-01  -1.4556342033476812e+00   5.3756214516856297e-02  -8.2514423613115628e-01   1.4285515468635876e-01   3.0900934087166726e-01  -4.5429487067436009e-01  -4.2658737420213183e-01   4.3409471784457692e+00   2.0283153477776992e+00
   5.7812599999999999e-03   5.3862811699706825e-01   2.2701686514871476e-03  -7.0347819435265313e-01   3.0518421057313772e-01   2.4924230771160880e-01  -2.6583664775415317e-01  -1.8398118639299292e+00  -7.9056548790652248e-01   7.6267256116255411e-01   2.3286502220343228e-01   4.3636659099569606e+00   2.0338786901899608e+00
   5.3881800000000002e-03   2.2182291955478248e-01  -1.9004044938203693e-01   1.0676582925606573e+00  -7.6462801656078250e-01  -8.4434876459931141e-01   1.0995614323484330e-01  -1.1672601431861285e+00   1.1796849214912088e-01   1.3512736386715087e+00   3.2585390084132393e-01   4.3845519182589365e+00   2.0388509802004027e+00
   5.3732199999999997e-03   3.9989639621002121e-01  -1.0024400621847220e+00  -7.5848534028810133e-01   9.7038684387745122e-01   6.0886479633354962e-01   3.9580619861086946e-01  -1.0079141606516335e+00   8.9205526363429455e-01   1.3021154022170242e-01  -8.5331180672835383e-01   4.3615391415723632e+00   2.0330771306686595e+00
   5.1440599999999998e-03  -2.0400108611240594e-01   1.9119452617552848e-01   4.4875384380019812e-02  -3.3144065971717929e-01  -7.6092577816440998e-01   3.8977737780365940e-01   8.2953765580175631e-01  -1.7625899518883363e+00  -5.8458682117904870e-01  -8.6572022467254572e-01   4.3632314025085623e+00   2.0333006612303937e+00
   0.0000000000000000e+00   0.0000000000000000e+00   0.0000000000000000e+00   0.0000000000000000e+00   0.0000000000000000e+00   0.0000000000000000e+00   0.0000000000000000e+00   0.0000000000000000e+00   0.0000000000000000e+00   0.0000000000000000e+00   0.0000000000000000e+00   4.3656191493144263e+00   2.0343331704944623e+00
