   5.5346500000000003e-03  -2.6484855530186446e-01   7.9750024924330462e-02   3.6575563288726409e-01  -1.1139282272380404e+00  -1.0186660876906481e+00   5.4616208040058223e-01  -1.5481807375584808e+00   2.1409504853066958e+00   1.4112403613843190e+00
   4.8639599999999996e-03  -1.0092156229282316e+00  -2.8832257409157841e-01   7.1823702536853717e-01   5.7974781032739964e-01   1.2946376544112808e+00   1.0163255335336043e+00   8.7003019058064524e-01   2.1375386884285019e+00   1.4092546312958338e+00
   5.9791999999999996e-03  -2.5097316741869607e-01  -2.1951319032396729e-01   1.2221730140159506e+00   2.3761592319682687e-01   1.5519578486814054e+00  -9.0154777524820595e-01   5.0452344973683083e-01   2.1653989334899570e+00   1.4198811897306094e+00
   5.7316299999999997e-03   3.8350122255985580e-01  -1.7047893411650195e+00  -2.5105848266715441e-01  -8.9455165629112643e-01   5.2302947765051266e-03   6.9522031316312716e-01   5.5998632221883093e-01   2.0047622940205843e+00   1.3656876002070801e+00
   5.4790600000000000e-03  -1.7425082788999204e+00   2.1898708315683371e-01   4.7506381627802935e-01  -1.2256099627045689e+00  -5.6488684902962616e-01  -3.4894100223606894e-01   4.0045613783627293e-01   2.2194109176530188e+00   1.4370943561866607e+00
   5.7890800000000003e-03   1.0643057967430400e+00  -2.4606184240941822e-01   1.0257440485580944e+00  -2.5077369561698987e-01  -6.9190547237946265e-01   6.8301465551445284e-01   1.3557783493735946e+00   2.1427209775920830e+00   1.4117499520471577e+00
   5.6178499999999998e-03  -4.9454786230422337e-01   4.9071985869731094e-01  -3.8694278718040326e-01   6.7357380226571983e-01  -1.2494949806436972e+00  -2.7688061440813228e-01  -1.5980085882678128e+00   2.1763931488310937e+00   1.4231508798596169e+00
   5.7611800000000003e-03   1.2560482510938202e+00  -9.1770311372396857e-02  -1.0623062770684157e+00   7.7326461385223610e-01   7.1239068919259485e-01   2.4412357633903561e-01   1.0004645465383430e+00   2.0685179016486268e+00   1.3872981668184663e+00
   6.1812000000000004e-03  -1.3499193084999459e+00  -1.3550638634242769e+00  -5.8805265578968879e-01   1.6814794653431688e-02  -6.1589973079643512e-01  -3.9767494370931317e-01   6.7398303289736483e-01   2.1510255158893772e+00   1.4146577397652778e+00
   6.1768600000000002e-03  -2.3826224356539912e-02   2.9165255208194280e-01  -1.4142699636538376e+00  -4.6078043969936822e-01   1.1520288323530134e-01   2.9620907891285503e-01  -1.5762945939133615e+00   2.0992064567593953e+00   1.3976544221437568e+00
   5.8551200000000001e-03   1.3906511416018089e-01  -7.9101939810184263e-01  -6.0415174241929570e-01  -9.3180765068882765e-01  -3.3627126442629364e-02   1.5846216826455179e+00  -8.5590085004662697e-01   2.1390543202908594e+00   1.4110811852768521e+00
   5.0699100000000004e-03  -1.4788978971428988e+00   2.1344546690342532e-02   3.6827662952614193e-01   1.3645030460449665e+00   2.4158648682717724e-03   6.1721725651276593e-01  -8.4641130609911441e-01   2.1255549364350403e+00   1.4053061341557849e+00
   5.8091799999999997e-03  -9.5843112397134711e-01   1.8159711410836623e+00  -1.4080692407983397e-01  -3.8922432541746342e-02  -3.3988829856712455e-01  -2.5464743810362073e-01   7.3834539575643876e-01   2.0930039676493974e+00   1.3953980053965196e+00
   5.3791700000000000e-03   1.2004423895736724e+00   1.1473743909362927e-02  -1.0802464056789811e+00   6.1989865757092000e-01  -6.3293348377816167e-02  -1.5037116229857130e+00   4.6439867660891310e-01   2.2054897182755093e+00   1.4326146979321028e+00
   5.7264300000000002e-03  -3.6365720810987606e-01   7.5151858363949908e-01  -6.1529441026898424e-01  -1.6536949722774892e+00   3.4343748449396599e-01  -2.8802004541050286e-01   9.9493250509849995e-01   2.0784417929470491e+00   1.3907469059147186e+00
   5.8604699999999996e-03   6.4387848802272918e-01  -1.1830886012719292e-01  -9.1811577833916158e-01  -9.5199988632415866e-01  -3.0940710520718073e-01   1.2083088061968059e+00   1.1624853495160132e+00   2.1249248500544642e+00   1.4063968668304561e+00
   5.6475500000000003e-03   6.0112874540308048e-01   1.5531416429443303e+00   1.0639799135942609e+00   3.2456666994770844e-01  -7.6622931026767782e-01   7.3815648619701135e-02   7.7806313066699728e-01   2.1461643568500208e+00   1.4131776611118521e+00
   6.2811999999999998e-03  -6.5568790845390551e-02  -9.9190852631833371e-01   6.6201444967024548e-01  -7.0586381859106284e-01   1.5078163540324929e+00   6.3525789161691104e-01  -3.6721732661398454e-01   2.0598116417261663e+00   1.3842672288967699e+00
   5.4408199999999999e-03   5.2149526489553211e-01  -7.4054616351748803e-01   1.1573732829982728e+00  -2.8602077789839037e-01  -9.8665727797228941e-01  -8.9323468213871327e-01  -1.1646644502482095e+00   2.1991227447923363e+00   1.4305467790899824e+00
   5.8564400000000001e-03  -2.7866729867730472e-01  -8.9184504066865899e-01  -2.1405896004374886e-01   6.2626012176770751e-01  -1.5703752674887364e-01   7.9768207253351775e-01   1.7790446523256696e+00   2.1531883585718203e+00   1.4154370898950566e+00
   6.1834000000000004e-03  -1.8366267473736373e+00  -6.3671481634341009e-01   5.0905554656039553e-01  -1.4156737242022746e-01   8.0412776738845582e-01  -2.6989521356271445e-01  -3.2410385648148399e-01   2.0968753791099015e+00   1.3970494273725824e+00
   5.6727699999999997e-03   1.6648175767381468e+00   4.4043301090859621e-01   7.0891931772597250e-01   2.6846338786001972e-01   7.0926101131027508e-01  -6.2265637936536633e-01   8.8222216303536638e-01   2.1470472284447575e+00   1.4135935076736683e+00
   5.6420600000000000e-03  -4.8769989124918950e-01   7.9229308931056075e-01  -1.0865039353816281e+00   6.6988513496503047e-02   9.2661684162207381e-01   7.7845278989398103e-01   1.3153203198938448e+00   2.1633254331709653e+00   1.4192302210344661e+00
   5.8970300000000002e-03   1.4108535691164523e+00  -1.9266804939879129e-01  -4.6711448069842887e-01  -1.3171957657572351e+00   1.0006196441469556e-01  -7.3788153284051039e-01   7.8055884184677549e-01   2.1496540205632444e+00   1.4147800389436489e+00
   5.1856699999999999e-03  -4.7316433400464469e-01  -6.9720503727165772e-01  -1.9070803915681052e+00   2.1022024645435042e-01  -1.6510437005969897e-01   9.6391905227717345e-01   4.0781881089751015e-01   2.2387928035369948e+00   1.4426136644053906e+00
   5.9752399999999997e-03  -4.7850973032221350e-01   1.0538402359671515e+00   8.8807412009755993e-01  -2.0909266743324767e-01  -9.6237763928927156e-01  -1.2480308354434588e+00  -4.2105991242577850e-01   2.0691015585352379e+00   1.3875638479092269e+00
   6.1429299999999996e-03  -2.3103869037067085e-01  -7.0703502134932494e-01  -1.2683664691434717e+00  -1.4809628789795595e+00  -6.1841541797754018e-01  -1.2271572485186572e-01  -5.2021471169643320e-02   2.0598353589985963e+00   1.3841744867504682e+00
   6.1638600000000002e-03   1.0310001973097467e+00  -8.3897466658685182e-01  -3.7656751643494452e-01   6.8375880759236385e-01  -6.1352599821666809e-01   1.4574744425638679e+00   1.7661866399990328e-01   2.1018339399119803e+00   1.3987009443834177e+00
   5.9398100000000002e-03   1.4148711839531316e+00   7.6203074215132671e-01   7.1150493784118674e-01   1.0189094614868432e+00   2.0834664753198001e-01   9.6255571108658844e-01  -3.1518844247063693e-01   2.1873093382331681e+00   1.4266928717022171e+00
   5.7653499999999998e-03  -2.4723172114074948e-01   1.6617372744328207e-01  -1.3602301252621107e-01  -1.6988533398201139e-01   1.8642853778501436e+00  -5.8578673247981605e-01  -1.0718248398794863e+00   2.1468078730141329e+00   1.4130163882954152e+00
   5.3911799999999998e-03   7.0244616160638618e-01   7.7988637871254407e-01   5.4415549797065232e-01  -6.3553795648859968e-01  -8.3710204825004852e-01   1.6958391913799189e+00  -6.1922837018595620e-02   2.1842578943010529e+00   1.4260166965983698e+00
   5.9016499999999996e-03  -1.1401759181855131e+00   9.6189114516656637e-01  -4.7433981967669167e-02   1.0469530029581773e+00   1.2416735610439631e+00  -4.1734203921903595e-01   7.9423775337890357e-02   2.1277810705002231e+00   1.4071176042584410e+00
   5.8422200000000004e-03   7.6770100631362781e-01   1.9048470148304392e-01   9.2303879436588188e-02   1.5860530573560041e+00   1.1908978629236269e+00  -7.1868771660532593e-01  -3.1893696531348485e-02   2.1543472083057473e+00   1.4151574643874496e+00
   6.0975800000000000e-03   9.0358942310359813e-01  -1.1107772739156363e+00   1.3333417456965888e+00  -7.9902185709592066e-01   2.6238092907168092e-01  -4.9689437689788030e-01   3.4433473164553952e-01   2.0861307598141665e+00   1.3936416544504886e+00
   5.5979899999999997e-03  -6.2910776046535555e-01  -6.3859490874771407e-01   3.4409716926481054e-01  -1.7095268744133349e-01   4.9063503413072429e-01   4.8165145514122881e-01  -1.9509766016013146e+00   2.1659648150189987e+00   1.4195965256272309e+00
   5.9909999999999998e-03   1.0359309627844857e+00  -3.7648583806676635e-02   6.3942719724445896e-01  -1.3437103569069814e-01  -1.2437995703951117e+00  -1.1492519878068099e+00   6.9441685848461832e-01   2.0614553544391403e+00   1.3851859786649356e+00
   5.2433499999999999e-03  -8.0661623274330430e-01  -9.3110422435270568e-01   1.5198346054950636e+00  -4.4163220219548943e-01   1.0238101999441133e-01   4.3024882023142169e-01   1.1752819779603580e+00   2.2696589413947574e+00   1.4532231470281600e+00
   5.3141100000000004e-03   1.9298296890345781e+00   7.0367736450932805e-01  -4.8298903637700841e-01   2.6027309307694198e-02  -8.5956151643306822e-01   2.4214537399182942e-01   4.3885262648588802e-01   2.1983800631748571e+00   1.4300136944520936e+00
   5.9554899999999999e-03   1.0051450076538886e+00   8.6928959680710988e-02  -8.7262193593849835e-01  -4.9921573759841431e-01  -1.0964231960362985e+00  -1.0146072943225255e+00  -8.3971939443319488e-01   2.1038147941711816e+00   1.3992139603150673e+00
   5.3613999999999997e-03  -7.0849760015761065e-01  -7.0386199046809483e-01  -5.8015824571681729e-01   5.1431765300965104e-01   7.0547823550113775e-01  -1.8531755537846519e+00   9.7604598698535786e-02   2.2402297735898480e+00   1.4446357892208246e+00
   5.5818100000000004e-03  -6.1795911806237691e-01   7.5901483509496936e-01   6.0024437633731720e-01  -6.6803104275213609e-01  -2.2203520727574660e-01   1.0626633816398730e+00   1.5437407651199291e+00   2.1837892458680126e+00   1.4261273160561470e+00
   5.8178900000000000e-03   4.9020038597140797e-01  -1.5890287553694900e+00  -4.2050866159882222e-01  -5.7131512280745389e-01  -4.8205737752980599e-01  -1.2870708979415237e+00   2.2581577339118548e-02   2.1401748541502426e+00   1.4115400652822492e+00
   5.8733300000000004e-03  -1.6116446748931452e+00  -4.1824768852263433e-01  -7.7768628008122975e-01  -3.5505858119457595e-01  -7.1141903034943987e-01   6.6914136737539653e-01  -8.1395247076648491e-01   2.1366999264623758e+00   1.4103800970993818e+00
   5.7420400000000003e-03   1.0778975630423731e+00  -1.0726604161075934e+00  -3.3381228332441942e-01  -1.0086705091691679e-01   1.5054703637792040e+00  -7.2643787714677999e-01   7.9401393254031269e-02   2.1720524505051126e+00   1.4217489413596460e+00
   5.4494699999999997e-03  -8.9993422662450751e-01  -6.5369962680171212e-01  -7.7921373598568744e-01   6.5683644378052242e-01   1.5205133331366218e+00  -1.6556945486469077e-01   7.8339957010563599e-01   2.1684290436744345e+00   1.4198551723578883e+00
   6.3830900000000001e-03   5.8506015208578721e-01  -6.6469728517417959e-01  -1.0134022282442667e+00   1.5580004610127776e-01  -1.4281938218875792e+00  -1.1344697381251573e-01   9.3846002248165961e-01   2.0791820617145134e+00   1.3911859847584509e+00
   1.1044620000000000e-02  -3.2289383169144670e-01   1.6065674941838290e-02  -4.9933710923614699e-01   3.2175103746231609e-01   2.2277216537151234e-01   4.2939510213580734e-01   5.8128950355673531e-02   1.1711309895862312e+00   1.0682411108760843e+00
   5.4890700000000004e-03  -3.1988412539205735e-01   1.5780933533751547e+00   8.5969489879261662e-01  -1.3662441518110766e+00  -1.2242245613869428e-01   1.8963965167620700e-01  -2.1742891568916156e-01   2.1558435392426891e+00   1.4163744567929248e+00
   5.7939000000000003e-03   5.4034846289231375e-01   7.0049792783999842e-01  -4.4574479697938318e-01  -5.4910515547110392e-02  -2.5623091734116393e-01  -4.0870678586253156e-01   1.9544715107641135e+00   2.0967570610931414e+00   1.3970701015347107e+00
   5.7366900000000000e-03   1.8506267302972476e-05  -8.2983883631539046e-01  -1.4584516249156951e+00  -4.5720483955741648e-01   4.4071473672832590e-01  -5.3851451700015396e-01   1.2508312701729194e+00   2.1112974117545411e+00   1.4012926495132483e+00
   5.4484299999999998e-03  -1.3221524117028252e+00   6.6808652565223267e-02   9.2873827741367737e-02  -1.5811927772664955e-01   5.2249184492678113e-01  -7.4392283494119893e-01   1.6389872599039452e+00   2.1565367013172225e+00   1.4168481109000812e+00
   6.0628799999999997e-03  -3.6388273269696231e-01   1.2656231272047636e+00   4.3271754412490138e-01   1.6197398149921536e+00  -4.5321470899127503e-01   1.0079304188475116e-01  -1.3984763140849646e-01   2.0650762744850484e+00   1.3858118957042378e+00
   5.9118599999999997e-03   1.6524548927770204e+00   7.3629807860554419e-01  -6.6978801783870023e-01  -9.1597770750903917e-02   8.6126733798662103e-01  -4.1517071153934831e-01  -7.5924092059366166e-01   2.1792003169504532e+00   1.4245483712981009e+00
   6.1825099999999996e-03   6.8141615101241149e-01  -8.3256722527941485e-01   1.3365285511353797e+00  -2.5506214797648358e-01  -3.1887032680618538e-01   1.2165228561651673e+00  -6.4955910160909169e-01   2.1558702758051989e+00   1.4166012643226300e+00
   6.0120699999999996e-03  -8.6628549196596594e-01  -1.5274112205503596e+00   2.1754966685483282e-01   5.7530925854170212e-01   6.0562471563329501e-02   1.2611605042977623e+00  -1.7738647217467807e-01   2.1484739665364208e+00   1.4145177215379796e+00
   6.1383799999999997e-03   3.8531494721528364e-01  -3.8965929183442788e-01   2.5628216405045384e-01  -6.7971696002722393e-01   1.2277394577643734e+00   2.6806123430328971e-01   1.5975002037865240e+00   2.1042705783729896e+00   1.3998770374722673e+00
   6.5103299999999999e-03   7.8405866657264356e-01  -9.8149493322670800e-01   9.0087547850899086e-01   8.9881346315599064e-01   8.2647826497562926e-01   5.4555582366346622e-01   6.5065961149713347e-01   2.0391984827693519e+00   1.3776195677384862e+00
   6.0883300000000003e-03   3.3701494728840564e-01  -1.4922089414224935e+00  -9.2198034744859625e-01   1.2627737085230402e+00   2.5871511708341198e-02  -2.6225875536581772e-01   3.0756317492423185e-01   2.1105001497493872e+00   1.4016859554532755e+00
   5.6763700000000000e-03  -4.9346296675939377e-01   4.9670318605060514e-02  -1.0938310145348593e+00   1.3296845940479345e+00  -2.2165365046936411e-01  -4.2432120561555375e-01   1.2783739047432645e+00   2.1315477137660523e+00   1.4076885003855557e+00
   5.7500900000000002e-03   1.1366175273750556e+00  -2.1775327839079503e-01   1.1863531591078349e+00   2.2092186209118789e-01   1.0254008575365368e+00  -2.4953438375519688e-01  -1.1228382573419389e+00   2.1406888119083298e+00   1.4113678689661344e+00
   5.2372199999999999e-03  -1.4376955927863511e+00  -5.2289555766527163e-01   1.0490886109834143e+00   1.2110773493991667e-01  -1.1582973206192881e+00   2.1014675237555577e-01  -7.0620655811610022e-01   2.1779278450482789e+00   1.4226045499387256e+00
   5.3663100000000000e-03   1.1712656497437215e-01  -5.9001889830788168e-01  -2.5403576058088190e-01   9.3174850755651983e-01  -1.2823330016129695e+00  -1.5023389122468229e+00  -2.0932675529358019e-01   2.1484358337716949e+00   1.4131713783513178e+00
   5.7651000000000004e-03   7.0244204058396953e-01   1.6183151908343718e+00  -6.2905108105573315e-01   1.0526055541865720e+00   4.4995607942867633e-01  -1.3717946909554379e-01   4.5991089026920223e-01   2.1068911498918377e+00   1.4001992359783166e+00
   5.7488399999999999e-03  -1.2062281425519039e+00  -8.0273921515515101e-01  -4.2577866728366409e-01  -1.0373756421722620e+00   5.2475422107445069e-01   9.4835610540913584e-01   8.1039448261176084e-01   2.1493141057363290e+00   1.4143785007539640e+00
   5.8541899999999996e-03   4.1902968317094197e-01   7.9291252865261008e-01   4.5898012266611476e-01  -7.6461862289092430e-01   9.5681340627489864e-01   1.1198103522137774e+00  -1.2376927281808334e+00   2.2066098071007016e+00   1.4333661203038524e+00
   6.4157499999999996e-03  -1.3855138947719776e+00   1.1754291098640044e+00   2.5284035620152107e-01  -1.5052387077507337e-01   1.7394951865199382e-01   1.1889428827706550e-01  -1.1707425238571509e+00   2.0971589555670720e+00   1.3970446426700704e+00
   5.8720300000000003e-03   2.0985876457912403e-01   2.9684279181071022e-01  -1.2174837474664482e+00  -2.6280255518543727e-01  -1.5061322929914758e+00   9.3264877413168745e-01  -4.3741577633482898e-01   2.1025532870324142e+00   1.3987607174909411e+00
   5.9634600000000003e-03  -1.6813267986808065e+00   3.6544038508918114e-01  -2.2450868600924809e-01   6.3430564475083917e-01  -7.3096595756803717e-01  -1.0079410139786258e+00   1.4810027151394995e-02   2.0938680242767473e+00   1.3961978689450347e+00
   5.8444300000000003e-03   6.6846380420786633e-01  -6.7836509933458466e-01  -6.8360616642017502e-01   5.8161674828071097e-01   2.8526930803452683e-01  -1.0166972103794680e+00  -1.5312572258851103e+00   2.1591131684069893e+00   1.4180249754296599e+00
   5.3818299999999998e-03   8.5989868762801769e-01   7.7528074768343902e-01  -1.2336493044168082e+00   2.2414227087585428e-01   4.6697053614191908e-01   1.5113223374419447e+00  -2.7619214358382493e-01   2.2098561967855659e+00   1.4343181700871508e+00
   5.9214799999999998e-03   1.2734690957972088e+00  -8.7163867739044343e-01  -1.5411494780521542e+00  -2.8173130904516186e-01  -1.9084575159984674e-02   1.8184553056057601e-01  -3.5648145239092760e-01   2.1038487019484768e+00   1.3991173367160092e+00
   5.3823700000000000e-03   7.3461337582480357e-01   5.1835816983920258e-01   5.4124989261606171e-01  -1.3757479366228549e+00   1.4001106710172162e+00  -5.4597776187768043e-01  -1.4411579235706559e-01   2.1364628350844681e+00   1.4099482482380385e+00
   5.2895399999999997e-03   1.8655652981081001e+00  -4.0055069150050854e-01   1.9485244487641470e-01  -6.6503369166561033e-01   7.2106643120971214e-01   9.5590175631530172e-01   8.0040364778032377e-02   2.2257515068541163e+00   1.4391413174563525e+00
   5.5543099999999998e-03  -1.5516475345001075e+00   1.8907282291325550e-01  -1.3451899155683440e+00  -6.7180218807470393e-01   6.3065896616331318e-01  -3.0036828337382537e-01   1.0181572717615643e-01   2.1489672033602294e+00   1.4139147947199218e+00
   5.5197400000000004e-03  -9.4956038273591126e-01   1.1591695101456960e+00  -1.4092810319915270e+00   8.6859025100373377e-01  -2.5887298573305079e-01   5.1029467847288135e-01  -3.6050373827607557e-01   2.2230293961401455e+00   1.4386869627729582e+00
   5.8199799999999998e-03  -3.7409142939254580e-01   1.1318813122689632e-01  -6.0088812357475030e-01  -6.6373822809206018e-01  -7.6917289164400626e-01  -1.7184361620884292e+00   8.2039993528316202e-01   2.1594518060150363e+00   1.4178851245138453e+00
   5.8500899999999996e-03  -8.4763481198651891e-01  -2.7068266722219754e-03  -2.1874108709973120e-01  -1.6826639719220504e+00   6.2065252995298015e-01   1.0355524571936467e-01  -9.5700483053162611e-01   2.0741997856515799e+00   1.3886421312353405e+00
   5.4279000000000003e-03  -1.9480190739035115e+00   2.6577964487040751e-01  -1.3443317716769976e-01   5.9847051734842738e-01  -9.8611392791113084e-02   6.8511065061863707e-01   7.8814014961235546e-01   2.1998970875010939e+00   1.4303475345198451e+00
   5.6452500000000001e-03   1.2091119350980304e+00  -8.0138906969754253e-01   1.2387638190661041e-01  -1.1433328306301986e+00  -1.2901084547388042e+00   3.4737523818016003e-01  -8.9147862350758111e-02   2.1439442108839164e+00   1.4125352290740947e+00
   5.8095700000000000e-03  -8.4015178514826117e-01  -7.5089837529195891e-01   1.1339341622161156e+00  -1.8313621914314113e-01  -4.4654841442375892e-01  -1.5019581047976087e+00   3.4802431005687318e-01   2.1518921137819649e+00   1.4155057085020715e+00
   5.6006700000000003e-03  -6.7491098397300264e-01   1.5436579210346540e-01   6.2824862306740925e-01   4.8351036294434324e-01  -1.4004352654953782e+00  -3.3560130540171090e-01   1.5467726161848374e+00   2.2863447619844322e+00   1.4591406020050024e+00
   5.7730899999999998e-03   3.1164319463917883e-01  -2.1720427943584242e-01   7.8453706478200480e-01  -1.9166603461151406e+00   2.3878243745733752e-01   7.3603089871392613e-01   3.5942133801252407e-01   2.1548423096078086e+00   1.4159319856886141e+00
   5.7620099999999997e-03  -4.3663888743127810e-01   1.5985814014109623e+00   4.1776972922766847e-01   4.6573575151902868e-01   5.2207584685428776e-01   1.3199831325111022e+00   7.8013908215466388e-02   2.1424612898124042e+00   1.4119341680005004e+00
   5.6966500000000002e-03   5.0521328089063977e-01   1.8895143931478184e+00  -3.6770394932168932e-01   7.4909701634118531e-02  -5.6166308027709766e-01   4.6036544154118819e-01  -8.4027905143682402e-01   2.1622208169793256e+00   1.4183189967633505e+00
   5.5926300000000003e-03   2.8900348945202792e-01  -7.6549369237208353e-01   2.7871528031459236e-01   4.6134822768266293e-01   2.0974298166690272e-01  -1.2404514069728019e+00   1.6208631021515347e+00   2.1510420910317851e+00   1.4144155874304865e+00
   5.8130500000000002e-03  -4.7085977423607089e-01  -4.2503946817313099e-01  -1.8118071844106280e+00   2.8844457951074975e-01  -7.3057313331739371e-01  -7.8554467121468974e-01  -3.5969747429108490e-01   2.1091125690816996e+00   1.4011606209071834e+00
   5.3416399999999999e-03   1.6826277847837101e-01  -1.4317561401983647e+00  -6.5149711685058254e-01  -2.0264602716630931e-02  -1.3662887617042632e+00   2.8032451469181130e-01  -1.0763435469738720e+00   2.2721309333068227e+00   1.4543116926097028e+00
   5.3994999999999998e-03  -1.0592403646870245e+00   2.8852170451357839e-01  -1.1695127871041255e+00  -4.3364403734599904e-01  -1.0602544846956108e+00   2.3477864278863361e-01   1.1632500641803867e+00   2.1447573505596780e+00   1.4124493934386555e+00
   5.1950299999999998e-03   5.1299452599377893e-01  -6.7340443732007460e-01   5.4516243084386673e-01   1.9348742364387852e+00  -2.1558047547902601e-01   5.1016035120602277e-01  -4.7941231524668976e-01   2.1480204007685924e+00   1.4126358018360079e+00
   5.7006899999999996e-03  -4.4429390160566073e-01  -8.5482221304015094e-01   2.2733695101158038e-01  -3.4088286410581325e-01  -1.4074200840974755e+00   1.3134319613214021e+00   5.4981607520287956e-01   2.1364353291566380e+00   1.4098114809468607e+00
   5.9045100000000000e-03   1.6395601513675020e-01   9.0928806070095125e-01  -2.5290996695589496e-01   1.0873905998027964e+00   7.1322689561013175e-01   2.6306353096019069e-01  -1.5051540458113875e+00   2.0955041142343163e+00   1.3960867749646597e+00
   5.8723999999999998e-03  -9.4861958546311864e-01  -4.5040202826817921e-01  -2.6793178574721388e-01  -6.9126228912241616e-01  -5.1797462133074390e-01  -1.2716492671182191e+00  -1.2371458860237283e+00   2.1435115729163621e+00   1.4119785574272035e+00
   5.0955799999999997e-03   4.0610552012041407e-01   5.7289580408714469e-01  -6.2898718585975377e-01  -1.8317834700430072e-01   1.5711153004866869e+00  -1.1697262027006170e+00   9.0166043079808167e-01   2.2279997816327533e+00   1.4401176222328673e+00
   5.7905700000000001e-03   1.2343594146883964e-01  -6.0707421763902354e-03   4.1533973718811079e-01  -1.7957541742456622e+00  -6.0913909276380063e-01  -1.0340848663745297e+00  -2.7751012223302035e-01   2.0701484250306090e+00   1.3877375284626021e+00
   5.9457199999999998e-03  -1.3517488081920373e-01   3.2072406291374106e-01   4.5996761399985868e-02   6.5277966756038863e-01  -5.4071054849119538e-01   1.6720180662514106e+00  -1.1544165361372227e+00   2.1122666766529852e+00   1.4022658303126687e+00
   5.2441600000000003e-03   2.3005550830854832e-01   4.0610486813909899e-02  -1.2973622881167082e+00  -1.1043026063199151e+00   6.6241519162817397e-01  -1.3487999384183240e+00  -5.7646829790876652e-01   2.2162888961552967e+00   1.4361592167753940e+00
   5.5177700000000000e-03   1.7277220667611340e-01   1.0166665886774659e-01  -1.7758988632985730e+00   7.2990486605768656e-01   1.2003359686845074e+00  -2.4852605766169433e-01  -3.3857204188321055e-01   2.1810410734657908e+00   1.4249391405808054e+00
   6.1188199999999996e-03  -5.4347579846111460e-01  -1.4814997639619383e+00  -1.0933108988302900e+00  -4.4387628142049534e-01   7.5904999498747006e-01  -1.0345079995935859e-01  -7.0798926511013982e-01   2.1107760282926731e+00   1.4018301011168122e+00
   5.7925800000000003e-03  -7.1813625185392838e-01  -1.5551661158374310e+00   6.1924687141882129e-01  -1.1928176841248594e+00  -4.3628264735884659e-01   1.1183823378028185e-01  -4.7830629278522746e-01   2.1508897728687701e+00   1.4148555422858593e+00
   6.2243600000000000e-03   9.9322265723048386e-01   2.6897646561178357e-01  -1.1726932678921980e+00   1.3082083111604861e+00  -6.4973003892349002e-01   1.5651077716519535e-01  -5.5494106532830612e-01   2.1151110582182007e+00   1.4032070609195901e+00
   5.4311300000000002e-03  -1.3847389517504022e-01   9.9418687507983258e-02  -5.3248602568783854e-01   1.8526501884225270e+00   6.5807060098943593e-01   1.1164771010234773e+00   3.1502278778917170e-01   2.2519304208905329e+00   1.4475680616046562e+00
   5.7291299999999998e-03   3.0664472276470967e-01   8.2207870215195145e-01   2.8447523926718482e-01  -6.7239339640089679e-01   1.4649754571733098e-01  -7.6245535020262101e-01  -1.7901079509686308e+00   2.1222274955338860e+00   1.4051989706843613e+00
   5.1951300000000001e-03  -1.5314701926543603e-01  -9.0706576285468066e-01   1.6665195088572832e-01  -1.2372757799611138e+00  -7.8099662147300952e-01  -3.3220758616934476e-01   1.5532830985962123e+00   2.2133568807557022e+00   1.4348520558133224e+00
   5.9632399999999999e-03  -1.1723033515289834e+00   3.9554287692388904e-02   1.0319735183863668e+00  -6.3111836282818057e-01   8.4064763850760366e-02   1.4012013276796897e+00  -4.3606338413037204e-01   2.1091614153594263e+00   1.4011232460709162e+00
   6.0092100000000001e-03   9.5230995042870092e-01  -4.3671927445849325e-03   1.7625989331602801e-01   1.5831516274606565e+00  -7.0158117266248554e-01  -1.7507420335451876e-01   9.7563141250151963e-01   2.0912918721381017e+00   1.3949006858710844e+00
   5.1624100000000001e-03   9.2540862154198966e-01   7.6244713716921886e-01  -7.2577159430049309e-01  -1.7047457147761873e+00  -2.2705210660912903e-01   3.7294424753974648e-01  -6.2838338723967380e-01   2.1891999172347445e+00   1.4267567280277920e+00
   5.6060700000000003e-03   4.3112442398897088e-01   5.2100120517955939e-01   1.7839265429605879e+00  -3.6291813714838778e-01   7.9508989754349513e-01   7.5944673611032343e-01   4.5976759478675855e-01   2.1435157750141105e+00   1.4120922464729284e+00
   5.9159000000000000e-03   3.2744694693639986e-01   1.5892209281440395e+00   1.0106692670335349e+00   2.8733468154312558e-01   8.8681973339543785e-01  -5.8403949035431346e-01  -4.8625226962402268e-01   2.1421085986385657e+00   1.4117187872969936e+00
   5.5026700000000003e-03   8.3064361538488052e-01   1.6026704222233517e+00  -1.9077927590848143e-01  -6.7782869697307446e-01  -1.5836828873259792e-01  -1.1967579438541787e+00   2.2942207716689259e-01   2.1410876847138933e+00   1.4118438452128781e+00
   5.6912000000000004e-03  -1.2115843758707419e-01   8.7055472187918181e-01   5.2300061614652327e-01   9.5481010384470544e-01  -4.0307199912605444e-02  -1.6334091293083188e+00   7.7653232278314899e-01   2.1628367539388607e+00   1.4186392046588665e+00
   5.8119100000000000e-03   9.7051638233340098e-01  -5.6664478554366460e-01  -3.5427060626053042e-01   5.9367993928891427e-01   1.0795728925669410e+00   8.9657321908269549e-01  -1.0634304574830000e+00   2.0486231086203341e+00   1.3808543521701404e+00
   5.7749500000000000e-03   8.1523749266170964e-01   9.3596799458028675e-03   5.3972180631915634e-01   6.9903993648891760e-01  -1.8156427082195092e+00   5.9122039920409442e-01  -2.4073718392059951e-01   2.1603350059243747e+00   1.4177295921312774e+00
   6.1853000000000003e-03  -4.7595528451274760e-01   7.5310816911306186e-02   1.6452201117796077e+00  -9.8303433030395970e-01   4.5557669453321570e-01  -3.8425071847328957e-01  -7.8470219694726273e-01   2.1016279292686120e+00   1.3983239169648729e+00
   5.3358600000000004e-03   1.9794989761235490e-01  -2.3782916826141642e-01   4.1672209803080107e-01  -3.4923658483498982e-01   7.8295645387340862e-01   1.9948941024910665e+00   3.3638939298834736e-01   2.0937447197420846e+00   1.3952285987013842e+00
   6.0113299999999996e-03  -6.4291551150484061e-01   2.0688366940750805e-01   9.8554668294431225e-01   9.0803970407006140e-01   3.3944038121278242e-01  -1.1705995631974506e+00  -1.1484165374072066e+00   2.1377447018951550e+00   1.4106189020990259e+00
   5.1629099999999997e-03   1.4295575141047265e+00   8.4791485149300738e-02  -1.6995808359464185e-01  -9.7390814719176308e-02  -5.4427863376446806e-01   7.1181416767037298e-01  -1.5993560495980852e+00   2.1766299110541087e+00   1.4230337317860944e+00
   5.6620500000000001e-03  -1.3171381484867619e+00   8.4504278628534812e-01   1.6256730888625022e+00   3.5464778513036671e-01   1.0524266559593511e-01  -1.9077493702295883e-01   3.6747601258600249e-01   2.2108125913849177e+00   1.4344834867685363e+00
   5.9990199999999999e-03   9.4382985143379972e-01  -8.4618149981554303e-01  -5.0881971535786746e-02  -1.3008281855893771e+00   3.9553073256105881e-01  -2.1278656271939905e-01  -1.2239009738029505e+00   2.1191454788952471e+00   1.4044276880334463e+00
   5.8890200000000000e-03   2.1480360349192468e-01   9.7852421585847393e-01  -5.8895302839739183e-01   7.7936436294511513e-01  -1.0075542386848488e+00   1.0616968605326993e+00   9.7119561979075719e-01   2.1309449195141199e+00   1.4078544708076945e+00
   5.4921900000000001e-03   3.8138918919355952e-01   9.2181060498667899e-01  -1.2796063693187307e-01  -1.1302181329220773e+00  -1.4220112765077355e+00   3.1098131031957753e-02   9.4819705154135014e-01   2.1402331770887484e+00   1.4110673189224532e+00
   6.0099999999999997e-03   5.6247023481672964e-01   8.9394458112546671e-01  -1.8769172214905245e+00  -3.8181583479176717e-01  -2.6087404863766644e-01  -1.0255450889745102e-01   4.1279267227241989e-01   2.1254697588864726e+00   1.4066173677356790e+00
   1.1051210000000001e-02   4.5418001422022000e-02  -3.8142918714625629e-01   1.5340769297983073e-01   1.7995465936841151e-01  -3.7898033171136974e-01  -9.6840583484372692e-03  -5.8774091114081006e-01   1.1711811288114409e+00   1.0683664800907842e+00
   5.5418100000000003e-03  -6.9615449785716904e-02   1.1803509532857188e+00  -7.5688100687043935e-01   5.4640040663863887e-01   7.3387198433523954e-02  -1.4391835116572300e+00  -9.2593351231537979e-01   2.1502588343309892e+00   1.4140420181117201e+00
   5.6216000000000000e-03  -1.9792105982428618e-01   1.6207437137543561e+00  -8.3967305242414214e-01  -5.0799310715010304e-01   1.1192919493345148e+00  -5.2287759588941607e-02  -4.5850109025436914e-01   2.1057907342782674e+00   1.3996867385568890e+00
   5.5284899999999996e-03   1.5578034659095521e+00   6.3667027873677096e-01   1.2082862354884352e+00  -8.8340518307722382e-01  -2.9910972393201002e-01  -1.6354187470821405e-01  -4.3895141916822594e-01   2.2021585134432979e+00   1.4319279354921881e+00
   6.1274399999999996e-03  -3.0635423784457971e-01   2.1472803128790428e-02   1.2588647736336325e+00   1.0214804868199499e+00  -5.7183792466946326e-01   1.2993459714734577e+00   5.5023972293885093e-01   2.1384398388550299e+00   1.4109951451371940e+00
   5.7732399999999998e-03   5.8271997673131126e-01   5.4591376258580337e-01   3.8728259784237745e-02   3.5265978646815027e-01   1.9875622269759756e+00   5.8554833788977179e-01   1.9489525915790412e-01   2.1222151933936644e+00   1.4053602244008196e+00
   5.3972200000000003e-03   8.3411068592844440e-01   7.8668337562951690e-02   5.4129582290593692e-01  -3.2848364513953937e-01   3.5440559261392468e-01  -2.0560462231420766e+00  -3.6583481764357750e-01   2.2600038541055754e+00   1.4509141767274381e+00
   6.0804400000000003e-03  -1.0085999273577648e+00  -7.1023834756660031e-01   6.4504945993120522e-01   1.5005817110589710e+00   9.2191082701198343e-02  -4.1357048677463798e-01   6.9302933130003264e-01   2.0833223355961721e+00   1.3923331946677235e+00
   5.6461799999999998e-03  -7.3616333735634698e-01   1.1082592730440128e+00  -8.3175574132624719e-01  -9.9358815994932992e-01   1.2706746651182316e-02   1.2996308591668040e+00  -9.4451338017458711e-02   2.1336319636575314e+00   1.4088957371977644e+00
   5.5018999999999997e-03  -1.0399655798099749e+00   7.0237222674696301e-02  -6.8349637407703445e-01   1.2847463647877749e-01   1.3308020793318598e+00   1.2796445105858012e+00  -7.2581602104554188e-01   2.2433722295403782e+00   1.4451976565935631e+00
   6.0380299999999998e-03   6.1271797077004131e-01   8.0848622072122442e-02   1.8952717726602770e+00   7.4261787445250937e-01  -1.5635556658082500e-01  -4.7992080021273248e-01   2.7787639482818632e-01   2.0898343473546204e+00   1.3941897184682366e+00
   5.5992899999999998e-03  -1.0433442971433198e+00   8.4289949811504927e-01   2.7540284948257521e-01  -7.0766601714827060e-01   7.4926716640174473e-01  -1.5146603065478852e+00  -1.6611732762205145e-01   2.1667613373193535e+00   1.4197892309889566e+00
   5.8503399999999999e-03   1.1659385593199110e+00   8.2721329392982546e-01   4.6634762476029201e-01   1.0105154991133529e+00  -5.5197113693697197e-01  -8.9784910685318553e-01  -8.0615290490178748e-01   2.1120052629876760e+00   1.4020062663100890e+00
   5.7106199999999996e-03   1.2850719565800611e-01   5.5810813857680086e-01   1.2739232642695864e+00  -9.8841669094836693e-01   4.1844843579086438e-02  -9.4343405201304109e-01   1.2142535116681070e+00   2.1919701792240649e+00   1.4284927956406477e+00
   6.2204199999999999e-03   3.3354823541543960e-01  -1.1211842860600571e-01  -1.1356009885100504e+00  -1.1686465366197882e+00   1.3755081348732374e+00   5.6329100776287588e-01   6.1400727739051204e-02   2.1356566816897957e+00   1.4102255868329214e+00
   5.1105400000000002e-03   1.0732304383844700e+00   1.4791055362792314e+00  -1.2205215131445699e-01  -9.0176836682165018e-01   6.0325966038267365e-01   7.1021113487073095e-01   7.6446186386962189e-01   2.2460439207980825e+00   1.4460381861461951e+00
   5.9616199999999999e-03  -7.4454193783778888e-01   1.0898982497361398e+00  -9.1946218698218651e-01  -9.5148968057476269e-01  -8.5878693203498413e-01  -5.3665796329235893e-01  -5.9172714726832698e-01   2.0639733482526412e+00   1.3856813177744893e+00
   5.9722200000000003e-03  -7.3638335748246653e-01  -4.8848356092545198e-01  -5.2037643173603687e-01   1.3467570218699341e+00  -1.3957586569125442e+00   5.1665103092443898e-01   1.5051425314513911e-01   2.1522148680916411e+00   1.4153027979890971e+00
   5.7707399999999999e-03  -5.3219237692885324e-01  -8.6763013983230708e-01   3.8652299064206072e-02  -1.4713793064947973e+00   9.2653585778575476e-01  -9.5929465883157328e-01   5.2903265913531583e-01   2.1834459040505658e+00   1.4254771384719997e+00
   5.9887200000000003e-03   1.1560755018880993e-01   1.0592900044235729e+00  -6.9471877285359696e-01   6.5464441841244392e-01  -1.4773638523877775e+00  -7.1878968936719401e-01   3.2820321008584041e-01   2.0673991265766678e+00   1.3866805299487370e+00
   5.9221899999999999e-03  -1.0376238931227084e+00   1.0547527328991195e+00   3.3027258324065634e-01   5.3958614574963933e-02  -1.4638209206775870e+00   7.4261987769500537e-01  -1.0236872402945248e-01   2.1086548938772336e+00   1.4009089915341602e+00
   5.6328699999999999e-03  -1.1530282057313923e-01   5.8325035289311888e-01   7.1561068735832745e-01   1.2802049515692111e+00   6.0538670786910409e-01   5.9339449765281549e-02   1.4820067021473948e+00   2.1271133692992339e+00   1.4060074119096300e+00
   5.3712999999999999e-03  -4.0184300835418385e-01  -1.0156922402247470e+00   6.5939153956766250e-02   1.2099921632480304e+00   1.3975144735908895e+00  -8.6303174227388146e-02  -6.9225293232310403e-01   2.0916728557821838e+00   1.3944282382429845e+00
   5.9648100000000001e-03   2.0717368108637121e-01  -1.6121866951118653e+00   8.2527046456965991e-01   5.4382176377527880e-01  -1.1500316333294778e+00  -1.4126947375345342e-02   5.0790585248337239e-01   2.1808586651807094e+00   1.4248230901909642e+00
   5.9881500000000002e-03  -2.9023076363872996e-01   2.7213280836723086e-01   1.1979617236251043e+00   8.9664879373865791e-01   1.1355566767478267e+00   7.4668040366651123e-01  -6.9236537804275333e-01   2.0415016960570975e+00   1.3777465120412853e+00
   5.6445100000000002e-03  -5.7427030953051905e-01  -4.2179535566240012e-01  -7.0054426901496158e-02  -5.0572615696675882e-01  -2.0077993794904527e+00  -5.4598918367559246e-01  -7.2453049031012032e-02   2.1194547285485927e+00   1.4041471009600224e+00
   5.8008499999999998e-03   1.9140666313837422e+00  -7.8278386881832029e-01   1.7419174641306373e-01   5.5017848855197460e-01  -3.9735508527829883e-01  -3.4020188576942167e-01  -3.9287262920499583e-01   2.1177588667999645e+00   1.4039236091962186e+00
   6.0190599999999997e-03  -1.0381582441343131e+00   6.5916311701729535e-01   4.5674089544754415e-01  -9.0257009855047443e-01   1.4501692534497863e+00   4.0087824723911636e-01   3.1889475623899072e-01   2.0941966558940130e+00   1.3956283701645873e+00
   5.0854999999999997e-03  -3.4686264661468641e-01   4.9959826179078945e-02  -6.4351685870806052e-01   1.9685208564697469e+00  -2.6932848701124643e-02  -8.0417768856206195e-01  -4.3202389185409734e-01   2.1115175570197486e+00   1.4007691197523693e+00
   5.6443700000000001e-03   3.9804163776057291e-02   9.3147059838084301e-01   1.5413219910654246e+00   2.8094005902063113e-01  -5.0214296177399553e-01   4.8923717364856772e-01  -1.1619927403777888e+00   2.1311357374384139e+00   1.4083728727859492e+00
   4.9502399999999998e-03  -9.9205376787601318e-01  -1.5117299823961712e+00  -9.1752721253061005e-03   8.7077031428668195e-01  -4.4102312174557684e-01  -6.5780288304230228e-01  -8.8908038508382814e-01   2.1528549332065743e+00   1.4151691868768641e+00
   1.1359950000000001e-02   8.8750104952347905e-02  -5.5984328968771814e-03  -1.3084862125973074e-01  -1.3384671625024231e-03   3.7778228511444856e-01  -6.9752509231439963e-01   3.9015787544733831e-02   1.1766335838974478e+00   1.0708113935957249e+00
   5.4795800000000004e-03  -1.2360315519571920e-01   1.4219909837392511e-02   1.7043518744039914e+00  -8.1035825276671392e-01  -1.2702950890492730e+00   1.8445241860819880e-01   2.1812135255664356e-01   2.1621445684957123e+00   1.4184250608238980e+00
   5.0648000000000004e-03  -4.9684198930624951e-01  -1.1041208698306488e+00   1.8014444539632688e+00   5.1853375544544278e-01   2.7422997860056897e-01   1.0551722811978827e-01  -5.2140874080677369e-01   2.1393637292729850e+00   1.4096584208922442e+00
   4.6572000000000002e-03   9.4436714134069177e-01   4.9540951134426697e-01   1.9083026899914721e-01   5.9871123547358684e-01   4.0864753269708293e-01   1.3613245630341799e+00   1.3524078510892590e+00   2.1073596652235431e+00   1.3986274018476295e+00
   4.7545399999999998e-03  -2.6699341146356403e-01  -8.2748478269821946e-01  -1.2087509880127747e+00   1.1181588150812021e+00  -6.6777459356294366e-02   8.4170919150502455e-01  -1.2185003355979163e+00   2.2040398681615985e+00   1.4314708465225492e+00
   4.7732000000000000e-03   7.8741896428419667e-01  -2.0094183942764601e+00   2.4021824513531198e-01   1.9203220427434228e-01   2.3529397869498170e-01   3.0442740925739675e-01  -8.3289170995141304e-01   2.1827534591010171e+00   1.4241547191236856e+00
   4.7047000000000000e-03   3.3181526969005265e-01  -1.2283894224683534e+00  -8.3493694839961075e-01   3.1825347709389468e-01   1.2424042665585642e+00   1.1567243318808842e+00   5.0125746557885009e-01   2.1708844914489180e+00   1.4196819762307475e+00
   4.7234499999999997e-03  -2.4980625946731172e-01  -1.1992775107234412e+00   6.2325715525100633e-01  -4.6441510948500220e-01   8.5495696339602567e-01  -1.2342633158779626e+00  -1.0338554014241921e+00   2.1208157276265069e+00   1.4035458635870397e+00
   4.3842799999999999e-03   6.3367934319374608e-01   9.8381178296027028e-01   3.9227098580779252e-01  -5.6603513137755712e-01  -1.7453000445929732e+00  -2.1960086062119114e-01  -7.9612671729179529e-01   2.1332472437123466e+00   1.4068202469876361e+00
   5.0865900000000002e-03  -4.6555876781699995e-01  -1.9129499569751423e+00   3.3992325451385741e-01   9.2114668645230144e-02   7.7002949003843291e-01  -3.6528525098693726e-01   7.2240989616123541e-01   2.0978702405101166e+00   1.3961891821935883e+00
   5.0277100000000003e-03   6.1954675429431527e-01  -1.1157682968130078e+00   7.9192898126691313e-01   1.1233143052715882e+00   2.2069720137091470e-01  -1.3171898780711417e+00  -1.1421831399231118e-01   2.1152903503473284e+00   1.4020195194831531e+00
   4.4765999999999999e-03  -7.0056794510979958e-01   1.0124961935039105e+00  -1.3862063318630078e+00   2.8884870162756554e-01   3.5098533917616609e-01  -1.1700733848910565e+00   7.1668918775607959e-01   2.1268757890345227e+00   1.4051433762018795e+00
   4.7339599999999997e-03  -3.9282340689581446e-01   6.2220376338624164e-02   1.1553171534030275e+00   1.2794598926325444e+00  -1.3837937512568159e+00  -5.9978764470572787e-01  -2.3507716989077193e-01   2.1435736169702775e+00   1.4110036319403807e+00
   1.1361770000000000e-02   5.3745978599140776e-01   4.0425767098493642e-01   6.8700507611769282e-02  -3.0657835352775831e-01   1.5749833916723091e-02   2.9718559702421499e-01  -2.0593395810659366e-02   1.1734246431913977e+00   1.0693550179804103e+00
   4.5223900000000003e-03  -1.3908435720993209e-01   1.4925124810524846e+00   5.8082262600535406e-01  -1.7593703818466364e-01   1.0925823727995063e+00  -2.6414356124228117e-01   1.2314786547099821e+00   2.0818334060951460e+00   1.3904599137358815e+00
   1.1084399999999999e-02  -3.9622878623425895e-01  -6.3238392380668793e-02   3.9428335178666141e-01  -1.8451089413570926e-01  -2.6699930158730845e-01   5.8740154674063521e-03   5.0836758106379343e-01   1.1713073036233173e+00   1.0683367333887734e+00
   4.5059200000000001e-03  -6.7963374242908969e-01   7.0254675283825160e-02  -8.0312821438344978e-02  -1.7484989424098381e+00  -1.0419183086325963e+00   9.0194908593109180e-01   1.0752953030770071e-01   2.1068320951737407e+00   1.3983026712205511e+00
   4.6373100000000004e-03   1.4847022911499357e+00  -1.2555679336162131e+00  -1.7661437097483842e-01   8.7101927530385967e-02  -9.0294782783205185e-02  -6.9963825892335518e-02   1.2498036044606580e+00   2.1204928892722217e+00   1.4019067040980393e+00
   4.3582600000000001e-03  -8.0077283635953678e-01   5.0060447933354686e-02  -5.4475002745838030e-01   3.3798722836430273e-01  -3.1831063584104680e-01   2.0900787675820953e+00   4.4104963674845959e-01   2.1805020019907841e+00   1.4231386626768154e+00
   4.9305299999999998e-03  -1.3804641211726063e+00  -4.1256064808784312e-02  -9.5787979994251804e-01   5.5449923297169390e-01   5.9669990461905753e-01  -5.6496785762033008e-01  -1.2193049340953392e+00   2.1115593004548563e+00   1.4001903272313201e+00
   4.2672800000000000e-03   3.3095036458301774e-01  -5.5650703888465036e-01   7.1301357564134304e-01   1.0484313631764905e+00  -5.5441885526646772e-01   1.2769274598726207e-01  -1.8919606045851698e+00   2.2677190557349780e+00   1.4518449576043015e+00
   0.0000000000000000e+00   0.0000000000000000e+00   0.0000000000000000e+00   0.0000000000000000e+00   0.0000000000000000e+00   0.0000000000000000e+00   0.0000000000000000e+00   0.0000000000000000e+00   2.0867192057423329e+00   1.3920731672754878e+00
