   5.8342000000000003e-03  -1.1720938357855750e+00  -9.0834575975475418e-01   8.0735471058018449e-01   5.4951827233505446e-01  -3.9541783940503827e-01   8.8950549818335445e-01  -2.4667359841466244e-01   8.0408281192961772e-01  -2.1025620977396800e-01  -8.8903229520161275e-01   4.3702186509414584e+00   2.0354238811650465e+00
   6.2309000000000002e-03  -3.8383266075872052e-01   2.9753639769546487e-02  -2.4488895026428575e-01   7.8876970170121741e-02   6.1832166202405414e-01   1.4864562338201677e+00  -1.4814065789935162e+00   4.8221076150189035e-01  -9.2807733172210929e-02   4.7682590492997157e-01   4.3616070217813503e+00   2.0334240047118479e+00
   5.9258300000000000e-03   4.4316338212420825e-01  -1.3493763062844100e+00  -1.1842415751667637e-01   1.0538583644288226e-01  -1.9875603652344023e-01  -3.0379774915645597e-01   2.4532809432054259e-01  -1.7058019207151673e+00   5.0585986096295843e-01   4.6234324438482033e-01   4.3631492066502924e+00   2.0339714089505274e+00
   5.8131099999999998e-03  -4.0591635927380393e-01   6.1356573428907935e-01  -6.9435095786693990e-01  -1.0225163863342031e+00   1.1413329654628603e+00   5.4187848513903714e-01   9.4584890024268009e-01   3.1827426831009487e-01  -7.1160776856320906e-01   7.0280159905941564e-01   4.3677339051537594e+00   2.0350619971437962e+00
   5.7345699999999996e-03  -3.3255695599021362e-01  -1.2583362763359349e+00   2.6611305873825680e-01  -3.6152679114671799e-01   1.2088607721358196e+00   1.1347882760833767e+00   1.7775068976523345e-01   2.7540627801656437e-01  -9.3873326761230713e-01   1.1281387810950483e-01   4.3591257103110621e+00   2.0326856215916522e+00
   5.8176299999999998e-03  -3.9549824390555027e-01   8.6234979754019536e-01  -1.7842090861839819e+00  -1.6762963755592719e-01  -4.6456191919420464e-01   5.7793897372472691e-01  -3.9240602412847797e-01   3.9405735662732122e-01  -7.4865065951319687e-01   2.8541599746242557e-01   4.3584094338844848e+00   2.0325534949184214e+00
   5.7035499999999999e-03   3.4457204759596755e-01  -1.0486846616293677e+00  -6.3126279130291355e-02   3.9868089136247065e-01  -9.5270572144835264e-01   8.0781528352064724e-01   7.3969017491350719e-01  -9.5370069711121164e-01  -1.0467558553801397e+00   3.2950831130894304e-01   4.3382773378038486e+00   2.0279636365297993e+00
   5.8291400000000000e-03  -5.9673749281447153e-01   1.3690033127039232e+00  -3.3842125830178332e-01   5.8076558848010840e-01  -3.9169590914677932e-01   6.9015004230501553e-01  -6.8120159348262665e-01  -1.8129569862815054e-01   1.0937435709732357e+00   7.5309062560193885e-01   4.3358560257365291e+00   2.0273071301548269e+00
   5.3662500000000004e-03  -1.0790642028451238e+00   5.9087615486133405e-01   6.3358916722097447e-01   1.4336487078463553e-01  -8.8990718625190285e-02  -1.0993903411668793e+00   9.2282507517530449e-02   4.5046734741351030e-01   9.7026734983298599e-02  -1.5440707552036710e+00   4.3452723462994030e+00   2.0295322761160639e+00
   5.6995600000000002e-03   2.6919743022136644e-01  -1.7141537465964132e+00  -3.1099191827284750e-01  -3.0745804365158454e-02  -1.2806642099159040e+00   3.2889208398282704e-01  -4.2442584811063572e-01   2.9275483706741789e-01   5.8230447885394199e-01  -4.3456833988226995e-01   4.3544766209328554e+00   2.0315970913379831e+00
   5.6217000000000003e-03  -1.0605472918019094e+00   7.7157914389068727e-01  -8.4981250936943448e-02   3.7228610086768998e-01   9.6893785520850617e-01  -1.1528448824084758e-01  -6.6084462295868196e-01  -7.1794228096236701e-01  -8.6765529435990929e-01   1.0762731458906287e+00   4.3547925450349583e+00   2.0319433150390145e+00
   5.9902799999999997e-03  -2.5508997601112265e-01  -2.6619122142414120e-01   9.4225206977842724e-01   3.6562592646368663e-01   3.2504106757984152e-01   2.5083818883317305e-01   1.8100829036387314e+00   8.9777663294745602e-01  -3.4478995447269334e-01   2.9990502485165627e-01   4.3655281553623411e+00   2.0345384484115203e+00
   5.7863200000000002e-03   5.9695089439157989e-03  -8.9426438151526755e-01   4.2791374187827316e-02   3.0132845670697187e-02  -4.9184001124368421e-01  -2.0339002909678905e-01  -9.0422188709720352e-01   1.5611250579359386e+00  -4.9128157557781171e-01   1.0186432136092194e+00   4.3607729629219687e+00   2.0329941620061645e+00
   5.6312599999999999e-03   9.5923869133298501e-01  -6.4608190366273965e-01   1.4523658663064529e-01   1.0462920283796904e+00  -5.5690569628971698e-01  -5.5358373918538262e-01   1.2341179825320241e+00   1.4359234660543974e-01   1.8321767320960414e-01   1.0245110970673887e+00   4.3577741725846346e+00   2.0326858082744423e+00
   5.8027100000000000e-03   5.5374124065982278e-01  -1.3422864550560074e-01  -3.6401671712185962e-01  -4.5651780242521728e-02  -3.1395860299187189e-01   1.4932373597301258e+00  -6.2401582878856121e-01  -2.8061258976822956e-01  -1.0054398708181516e+00  -1.1668689286184242e+00   4.3482517660225755e+00   2.0303433477795370e+00
   5.8671399999999999e-03  -5.4635117226460961e-01  -1.7223594799035877e+00   7.5901681995606241e-01  -7.8051486580916407e-01  -6.9594209766064186e-01  -3.3918180058733899e-01   6.3020484127505161e-01   3.4642198323324341e-01  -1.3247441370665219e-01   8.0327774021148907e-02   4.3554186596156406e+00   2.0320172012011390e+00
   5.7267200000000002e-03   3.7830742601442557e-01   1.1886139135913006e-01   1.8006801603821265e-01  -8.2386426539511404e-01  -1.0323815559382046e+00   1.4988801684310800e-02  -1.0332841270117764e-01   3.2670330720594276e-01   3.8327128481361528e-01  -1.8461799397117533e+00   4.3294881262618246e+00   2.0257553048394099e+00
   5.6673000000000001e-03   4.4512336488556448e-01  -1.1053692038539048e-01  -4.3885928338648367e-01  -9.9438727341846112e-01  -1.9087740751545612e+00   4.6673451965271971e-02   6.0159845689051838e-01   5.6358017679165465e-03  -4.9466052198167443e-01   2.6903971459888609e-01   4.3715168617865432e+00   2.0357152549030419e+00
   5.8551799999999998e-03   8.3423645629522136e-01  -8.2299050437500965e-01   4.2407740793149112e-01   2.2286952109565433e-01  -2.7091438077398583e-01   9.7447891258001507e-01   1.0369902259399968e+00  -3.6569081767379297e-01   7.4265995632515247e-01  -1.0887315167064073e+00   4.3438458479390301e+00   2.0289395771019683e+00
   5.7669499999999999e-03  -2.6901639582116288e-01  -3.1690672173427420e-01  -2.3160095053587201e-01   1.9771892204062049e+00  -2.2244039030648449e-01   2.1059846210285665e-01  -5.6213614344475404e-01   7.5181353100403669e-01   3.6542845334778079e-01   6.2314079757828245e-01   4.3563904342060722e+00   2.0319964538141368e+00
   6.0155699999999996e-03  -4.0810155335523957e-02  -5.2028763733063621e-01   5.0026796025092235e-01   8.3592250670953605e-01   1.7846944547396106e+00  -3.3692698362767998e-01  -7.6645458633881525e-01  -5.1927129078274825e-01   5.0965798985488164e-01  -1.0491224400664866e-01   4.3883780655029412e+00   2.0399290545270210e+00
   5.7569900000000000e-03   6.5610852205423198e-01  -1.0560742803684666e+00   1.6212111978472654e+00   4.5333600439810212e-01   2.0679451880105620e-01   5.3364412342803158e-01   6.5639681816934026e-02   5.3384360962446764e-01   3.8476264763633600e-01   7.4089930728018838e-01   4.3728913618302441e+00   2.0362338804253604e+00
   6.1440200000000000e-03   5.6664959583903740e-01   4.3262487236845282e-01  -1.0260670751330194e+00  -5.4269834174048071e-02   7.6503581566220824e-01   6.1670667983174610e-01   8.4103211213551043e-01   9.9657559662481632e-01   9.4937005009056816e-02  -1.1579225887184472e+00   4.3787021393302785e+00   2.0376596750749369e+00
   5.8896799999999996e-03  -3.9077478913959095e-02   1.5183903603560872e-01   1.2584691655705746e+00  -3.8397344801440242e-01   4.2331006309952873e-02  -1.1618218600063446e-01   1.1312495015605721e+00  -1.1767776847280960e+00  -8.9784583271058416e-01   5.7781925315905669e-01   4.3506744609688699e+00   2.0307830788905417e+00
   5.6278999999999999e-03  -6.1289566965500653e-01  -5.4190275964186563e-01  -1.3329160529796940e+00  -1.5609502621765368e+00  -9.7430916303391332e-02  -4.2678893701246495e-01   2.5442214595355034e-01   6.2446979311492101e-01   2.9832753660016081e-01  -2.7938732665209376e-01   4.3507553378613890e+00   2.0309462835255991e+00
   5.8043699999999997e-03  -6.9189743351800959e-01   7.1813061792907928e-01  -1.4018368200631131e+00   9.6596232001279300e-02   1.8069897222675932e-01  -1.0778923229405084e+00   5.2615549361013125e-01  -2.2114631345130176e-01  -5.2539740001214430e-01  -9.4159599821253559e-01   4.3634991224107820e+00   2.0339339342276577e+00
   5.8078299999999999e-03  -1.5621635610796714e+00   4.4087754099791004e-01  -4.9491063279204117e-01   9.2961081228767084e-01  -3.0950746455790756e-01   9.1998166589095931e-01   3.2042224183741731e-02  -5.1112332022886386e-01  -8.1349976470808183e-01  -1.5121892148295649e-01   4.3607159365533024e+00   2.0333359946972984e+00
   5.9055899999999996e-03   1.1419558662003968e+00  -2.8035787689796543e-01   5.6695052859969364e-01  -9.0566789609518872e-01  -4.9165810580858501e-03  -1.5829182394849753e-01   3.3223202154790660e-01   1.0659868467865564e-01  -7.0564389149797635e-01   1.5579974175157858e+00   4.3590624670786493e+00   2.0329372508880397e+00
   5.7682200000000001e-03  -7.4136134245622654e-01  -2.1202161986481907e-01   2.8638411052501966e-01   1.0652459228155311e+00  -8.6699900812603925e-01  -8.5362495741206834e-01   5.2069978031393926e-01   4.6907964784429423e-01  -1.3643013734641560e+00  -1.5357572681029868e-01   4.3701938205401856e+00   2.0354307048976228e+00
   5.8084399999999998e-03   6.6344019848430558e-01   5.4418816323549546e-01  -5.2073503827529777e-01  -5.3618758524333965e-01   1.0572359219280887e+00  -1.0838641239184654e+00   1.5623090686209373e-01  -1.2146834635186661e+00  -1.3129822341475250e-01   7.4981431363545392e-01   4.3747142989492502e+00   2.0365154852949683e+00
   5.7869100000000001e-03   5.9321104912490108e-01   4.1192165420657602e-02  -7.2034491917360693e-02   1.0194764716373048e+00  -9.9260460161931230e-01  -4.9261541037538176e-01  -1.4126407149050859e-02  -3.4311148529697116e-01   1.6680859114771553e+00  -2.8968859688662751e-01   4.3459566162472925e+00   2.0296051060724336e+00
   5.7765799999999999e-03  -8.5195577459250682e-01  -4.6535228637937714e-01   3.8155192550835659e-02  -3.7838474698974539e-01   6.0999594035478832e-01  -1.5659697283844465e+00  -2.7947615270941878e-01  -1.2358170842778926e+00  -1.8309662466731308e-01  -2.5073103444875128e-01   4.3541792984254020e+00   2.0316488487072353e+00
   5.6895000000000001e-03  -9.9163078991402331e-01   4.0592146901279147e-01   1.0794687936184910e+00  -4.5934090472608141e-01   1.6485853378255266e-01   1.1024483522808679e+00  -5.1414022353516588e-02   3.8721089313579371e-01   2.2605910132532303e-01   1.3059752411558667e+00   4.3657924372542327e+00   2.0342290606075140e+00
   5.8236700000000004e-03   4.2795516280006518e-01   3.8649847281651262e-01   5.0117202576939257e-01   6.0348632286190429e-01  -9.4760797799201590e-01   1.2992389357213234e+00  -1.9085767492796854e-01   1.2279031959384561e+00   6.3031432249378916e-01  -4.0456913336892825e-01   4.3622309250111622e+00   2.0335825996792245e+00
   5.8482200000000003e-03  -2.6468871879773176e-01  -2.8307254198465265e-01   1.4416807037424804e+00   6.8934330529784860e-01  -1.5649319123749830e+00  -1.3254768496671310e-01   3.7888411061077210e-01  -4.5314375912478888e-01   1.0191363543134138e-01  -2.9583925188199683e-01   4.3577932238574801e+00   2.0326782224848090e+00
   5.6883999999999997e-03   2.6364558213221473e-01  -1.5983648736987881e+00  -8.2917382213960256e-01   2.8338522887326356e-01   6.3198858307071382e-01   4.1219687560384743e-01   8.0080856061865890e-01   4.3580495751955678e-01   7.5902942179631805e-01   5.5337443528219787e-01   4.3564940181343035e+00   2.0324025868177915e+00
   5.8980999999999999e-03  -1.1493483649219722e+00  -7.4814401627536098e-01  -7.2046021097190094e-01  -8.9999533340684523e-01  -3.0945351083837830e-01   9.8784731540576098e-01  -4.1487547926487844e-01  -6.0882123563565205e-01   2.0486322505962029e-01   8.6061023507938705e-01   4.3665763469334742e+00   2.0344549291012468e+00
   5.9071899999999997e-03  -4.7632264238130628e-01   5.5160659394671185e-01  -6.6823989298368880e-01   1.1353225291747244e+00   4.8993764047935595e-01  -1.5589379935523469e+00  -6.1296075685935103e-01   4.0939212761407634e-01   3.2940311302542846e-01   6.8514118533688592e-02   4.3639040404460534e+00   2.0338144628536270e+00
   5.7556800000000000e-03  -5.9893078209888317e-01   8.3757662936177335e-01  -8.5223668789710594e-01  -7.8503066564700263e-01  -6.1490155502059163e-03  -1.6375267001865165e-01  -1.3140819326837934e+00  -1.0717308546338427e+00  -1.5231782278098613e-01  -5.4473781943130484e-01   4.3454666372317465e+00   2.0296159108896958e+00
   5.6912100000000004e-03   3.4034144662665589e-01   4.6403934500091437e-01  -6.7415047117915938e-01  -1.8779208666902208e-01  -3.5914188850845880e-01  -9.9963007510750979e-01   8.6076086793861750e-01   1.5426101947000823e+00  -5.8675943040803691e-01   4.9040171273404715e-01   4.3504051216311028e+00   2.0307458114512413e+00
   5.7935399999999998e-03   1.4518506214097326e+00  -1.1032822870500190e-01   6.3457377976515617e-01  -5.6704828610846403e-01  -9.3766042288019003e-01  -6.2453860279672291e-01  -5.4627472319219483e-01  -9.9859702925622051e-01  -4.1006033184945762e-01  -2.6651603906215010e-01   4.3651119327837726e+00   2.0343479525565162e+00
   5.8138599999999997e-03  -1.4918699294306634e-01   1.1954741506413476e-01   5.7212790934213364e-01   3.8826243582309189e-01   4.3357557960089932e-01  -8.0953519133018736e-01   2.1440883723407694e-01  -6.8134544537919572e-01   1.2489293357716491e+00   1.4895724843024161e+00   4.3611812211113010e+00   2.0333378365735313e+00
   5.9719300000000003e-03  -1.4640630798587206e-01   1.0658142493661107e+00   1.5413191950665861e-01   1.2800272914336322e-02   3.8307584532266493e-02   1.8432807782686624e+00   9.3593799987752968e-01  -3.6828742104181672e-01  -1.2140380773730003e-01  -9.6130139628518116e-02   4.3628107597161812e+00   2.0341188231151781e+00
   5.6178299999999999e-03   1.0530249936405829e+00   5.7695862884913574e-01  -2.0575453994109327e-01  -1.2326819467166897e-01   8.9835204969051174e-01  -8.5854356571884283e-02  -7.4538122364845971e-01   1.0838695082897380e+00  -1.2557484915226800e+00   5.1508762267060568e-02   4.3254963307375327e+00   2.0246694275723169e+00
   5.9588999999999996e-03   1.6557909118888217e+00  -3.5283259504071274e-01  -1.3197410472667162e-01   7.3923578778820109e-01  -1.0960299870899726e+00  -7.6217858693364240e-02  -8.7760324762533329e-02   7.1714393651326291e-01  -6.3223638197674925e-01  -1.8394829919221789e-01   4.3654289279018306e+00   2.0345226113435326e+00
   5.6276800000000004e-03   7.8131632927013295e-01  -1.3594943093646064e+00  -7.4634752485093314e-01  -1.3751827214451837e-01   4.4279882089529282e-01  -1.4859756234686672e+00   2.9720906241880472e-02   2.4773695289593414e-01   1.8349191682029121e-02   4.2111785780091743e-01   4.3545861045548300e+00   2.0317395985018405e+00
   5.7933300000000002e-03   1.5254274577932868e-02   1.7192551063886732e+00   2.5778430823669052e-01  -2.7800679474113671e-01  -4.2889510134859510e-01  -3.9494686934802176e-01  -8.0950280326632068e-02  -3.4655960043619033e-01  -1.4082787693276739e+00  -3.0551570379336385e-01   4.3606583000642178e+00   2.0333093946423406e+00
   5.7429300000000003e-03  -1.3356544761834472e+00   1.8967821178251337e-01   8.7442516575647333e-02  -6.9545128033044978e-01  -1.4939290044449050e+00   2.1886592080250378e-01  -3.8909017592057255e-01   8.5536043006144158e-01   3.6610099130008433e-01   7.7412229052435180e-02   4.3382120762536527e+00   2.0279206955626092e+00
   5.5234899999999998e-03   1.1599087282501832e+00  -6.8935623143246660e-01  -3.4992436547168854e-01   1.0039622787683740e+00   6.5934352186959000e-01   1.9489776770090281e-01  -8.1796637664396732e-01  -4.4831331952750308e-01  -8.1675657199207763e-01   8.6130201606376089e-01   4.3453039711742978e+00   2.0295736110240896e+00
   5.7648999999999999e-03  -1.3913098548122779e-01   8.9987230830003673e-01   2.6380073860082531e-01   6.1369649300448215e-01  -1.0363952662961775e+00   2.3017024658976173e-01   4.7150898105239064e-01   2.8778342070942958e-01  -7.8332524900602085e-01   1.5177521379694263e+00   4.3433551777991823e+00   2.0289570125415262e+00
   5.5935300000000002e-03  -1.3145434583372273e-01  -5.6894143706643963e-01  -1.2436448846568469e+00   1.1102175854205643e+00   6.6355232370016914e-01  -1.4683600030775637e-01   2.9208114874557156e-01   7.8418558284184980e-01  -1.1837752908739105e+00   1.6905130681089647e-01   4.3630686817300592e+00   2.0336986222711482e+00
   5.7829999999999999e-03  -9.6040140169259269e-01  -4.9532362372030359e-01  -4.8853739513409565e-02  -6.2049926338895633e-01  -7.6909196447706152e-01  -5.6377455110033303e-01   6.9018581235501408e-01  -8.3180385584804772e-01   1.2665950373777488e+00  -6.2815980907177316e-01   4.3482152977220512e+00   2.0304829755247433e+00
   5.6381599999999997e-03  -6.3703461176452492e-01   8.2587244861915776e-01   1.3192046375972415e+00   1.6139833532722334e+00   2.9428352433020494e-01   2.2300195760879649e-01   9.5855736715846074e-02  -9.1261587065857408e-02   2.7547143050390999e-01   1.0350801520531608e-01   4.3508576736462139e+00   2.0307358146594128e+00
   5.8481100000000001e-03   1.3322242727774516e+00  -3.8424662531926462e-01   3.1356012546219786e-01   3.3830224835100356e-02   1.5127998261182507e+00  -5.7360561224189067e-02   9.9063059453163527e-01  -3.1922901759943506e-01  -4.1132272388681745e-01  -3.5718191480319920e-03   4.3404416395358032e+00   2.0282080787281891e+00
   5.7657500000000000e-03   4.7672965689961688e-01   5.4465520467687623e-01   1.0017696134415672e+00  -1.0084471555604417e+00   1.0613868917046951e+00   1.8261926839766585e-01  -9.3528302176427558e-01  -6.0150771192123653e-01  -8.1518700837066516e-01   8.2108244757426438e-02   4.3460896338796680e+00   2.0297545855286838e+00
   5.5430100000000001e-03   9.0466420006798642e-01   7.2153619477669451e-01  -6.7753832526276603e-01   3.1031523003970357e-01  -8.1660214032304473e-02   2.1746659985783498e-01   1.2135631160488023e+00  -2.2691228490228424e-01  -1.5103062468014425e+00   8.0486232078810532e-02   4.3733246126133443e+00   2.0359743286557692e+00
   5.5360899999999996e-03  -2.4515369695330722e-01  -1.4095341050023155e-01  -1.3100301815976747e+00   2.4938151700992608e-01   2.6134184424559814e-01  -1.3399294523711083e-01  -4.3989888799202098e-01   9.3046835869160585e-02   6.9833197378288636e-02   1.8764412747262365e+00   4.3417433447427589e+00   2.0284576671977881e+00
   6.0561699999999996e-03   4.4197021569284278e-01   3.4838170108561223e-01   1.4991293633068714e+00  -4.6614572113959096e-01  -9.0070466333382249e-01  -4.7597343269794989e-01  -2.0829543817953558e-01   1.0578458662065002e+00  -7.6721083213221131e-01  -6.5944126296687569e-02   4.3662627947047650e+00   2.0347258950419524e+00
   5.8652599999999997e-03  -1.9184909793431773e-01  -1.1129005271273475e+00   3.1110250744552309e-01  -9.8716765419109154e-01   8.4539220391963255e-01  -2.8863588611369079e-01  -9.7308927384862909e-01  -4.9383013432589706e-01  -5.7236627656178707e-02   1.1274332448626903e+00   4.3599475036810089e+00   2.0331143634565128e+00
   5.8485200000000003e-03   3.8502722240710802e-01  -6.0493329629438486e-01   6.5687114842653482e-01   9.5216679686384353e-01   6.2844062515805965e-01  -6.6612891140581953e-01   1.2225691536108069e-01   1.5709620012914147e+00  -1.3249499536837797e-01  -6.5722379950787413e-01   4.3607803455580951e+00   2.0334474021067952e+00
   5.9847600000000004e-03  -1.1204265615929443e-02  -9.8466683015579121e-02  -6.3150632872121149e-01  -1.1089325164064074e+00  -1.4474909049912732e-01   1.5096263714918297e+00  -2.2128028052765029e-02   2.0664349319751371e-01   1.1729593055135763e+00  -5.0409514709586944e-01   4.3753374549778457e+00   2.0367579192399901e+00
   5.8502299999999997e-03  -8.4962118482952342e-01  -1.0220689317612133e-01  -1.5015418897499797e+00   3.7008541540127010e-01   5.9936139481130180e-01  -2.0477181681035975e-01   1.9937571629333237e-01  -8.4761322577697473e-01   1.1635902915338903e+00   2.1251696318590210e-01   4.3838780553741969e+00   2.0388504384350217e+00
   5.7024600000000003e-03  -1.1220712692597210e+00  -4.3618917230374733e-02  -4.5202518799500668e-01   7.2284105330171899e-01   1.2198187517784613e+00   1.0835052749377818e+00   3.5952658917688524e-01   6.7376228866061250e-01   6.3613502408825850e-01  -7.9196232598202326e-02   4.3539834977757703e+00   2.0314585433317593e+00
   5.5291999999999997e-03  -1.2513965153628009e-01  -2.1390684490461567e-01   9.5016307678666967e-01   6.9958358254577835e-01   2.2998519317927849e-01   3.4980039607603186e-01  -9.5319127924735947e-01  -1.6218671962616196e+00  -7.1760949306777944e-01  -2.6246759849022061e-01   4.3697856049178636e+00   2.0353806408315585e+00
   5.6653800000000002e-03  -8.8098529423909278e-01  -9.6853175295660537e-02   1.2813527915552730e-01  -1.0661724981176137e+00  -3.5694359272059045e-01   3.8418067178365417e-01  -1.5547245759169243e-01   1.9733076705058566e-01  -1.7353778102269015e+00   6.5375714792212125e-01   4.3704194104651197e+00   2.0354524244080836e+00
   5.5882600000000003e-03  -7.4452957085673299e-01   6.5802809561290465e-01   3.0668795884456851e-01   6.1921956756771945e-01   1.6060685330702273e+00  -3.1918513667560439e-01   6.2181975787663168e-01   9.7468999721655458e-02  -8.4399537228548660e-01  -6.7907937993475198e-01   4.3569407429624416e+00   2.0324939163344453e+00
   5.6715400000000001e-03  -2.2279884873130348e-01   4.6477368803579783e-01   2.3274015142603469e-01   7.5004965604653573e-01   5.1817737891318838e-01  -1.8758938776147779e-01   1.5873937446180584e+00  -1.1561412174367991e+00   6.2118027057309144e-01  -4.4621208495270515e-01   4.3473956283334561e+00   2.0298529309822353e+00
   5.5932100000000004e-03   2.7098321956563792e-01  -5.8976770478223683e-01   1.3799720784315164e-01   1.7374651296781711e+00   4.4297938107906293e-01   8.6134649298930599e-01   7.2630863026935899e-01  -1.6431380519858596e-01  -5.7364269511529786e-01  -6.4833416607082062e-01   4.3493197863421091e+00   2.0305852114219083e+00
   5.8473900000000001e-03   3.4599675232043398e-01   1.6176979924762351e+00  -6.9191121830961488e-01   5.3686554833856759e-01   1.3067878953775696e+00   3.9841656467567321e-01  -2.7327465673165996e-01  -4.0241915607460932e-01  -2.4271292053567369e-02   5.1929648074903897e-02   4.3635058827723885e+00   2.0337789218881905e+00
   5.6770099999999997e-03   1.5513263477511835e-01   5.1114067947390518e-01   6.7205979808974459e-01  -4.9224058714854635e-01   4.4004614569151523e-01   6.7219257929463427e-01  -2.4859747528416312e-01  -1.6282188575680945e+00   1.1051121501580099e+00   3.1360617997874168e-01   4.3498205114397770e+00   2.0306369759288887e+00
   5.9882900000000003e-03  -6.6006057158259057e-01  -5.2370812618513796e-01  -1.2530944436200078e+00   4.9968381386076205e-01  -1.4184922626002661e+00  -7.8016221658941265e-01   2.5635431689416921e-01   8.9854526426497550e-02   1.6108045354756406e-01   5.8009826777607831e-01   4.3588298484101466e+00   2.0329561190736283e+00
   5.7303099999999997e-03   4.3064565009890016e-01   3.8738018886156667e-01   1.2024129545780133e+00   7.8554780006909755e-02   1.3035901445288196e+00   1.2625815489891390e+00  -2.4788365607869364e-01   2.6969785230676024e-01   1.7580520080136719e-01  -6.4525196937029095e-01   4.3587357898277350e+00   2.0328238352792103e+00
   5.5999999999999999e-03  -4.1614372254193427e-01   2.2010828465786464e-01   8.3263244305769080e-01  -5.2116824469764167e-01  -1.0620307213113227e+00  -4.5060576887943465e-01  -7.2553212890380969e-01  -1.1185564955738534e+00  -2.3170065458652703e-01   1.1993711185179512e+00   4.3850575728988792e+00   2.0392017844224086e+00
   5.8560100000000000e-03   1.3718720094441696e+00   6.3391343013544477e-01   8.8161019548072561e-01   1.0677957750974061e+00  -3.0833044340808052e-01   6.0577655459048618e-01   1.1909637820843513e-01  -9.4419172109419325e-01  -1.2529356632240968e-02   2.4904478082802473e-01   4.3713144284392289e+00   2.0356830265585524e+00
   5.7157099999999997e-03  -6.2377024951341098e-01  -1.2615006416748826e+00  -1.9726391190494008e-01  -2.2448712633186585e-01   1.0327810313742485e+00  -1.8716308504726439e-01   4.7402655488383405e-01   1.4272200889840478e-01   1.1275289157321881e-01  -1.4839320587781391e+00   4.3440925273699831e+00   2.0291857509155182e+00
   5.8698700000000001e-03   2.9665531559979519e-01   3.4780913847670286e-01   1.1874319878874628e-01  -1.9581310563367688e-01  -9.2829310649641839e-01  -1.8442528082366640e+00   9.4215956057308636e-01  -4.7676297262769163e-01   7.8698667513065743e-02  -2.4643157716383292e-02   4.3617739351424518e+00   2.0337755651954610e+00
   5.6650299999999997e-03  -9.6796808249593369e-01  -3.4633840601912191e-01   2.0803217159256659e-01   5.8205136518522582e-01  -9.5762561524738199e-01   7.8178997356575064e-01   1.1424640304680327e+00  -3.6232701753045005e-01   9.0199169640129284e-01   7.1489187026478640e-01   4.3699800650059792e+00   2.0354130351782191e+00
   5.7011300000000004e-03  -3.4128836524552192e-01   4.2042168695450849e-01   8.7665933388249062e-01   6.5071325605681340e-01  -7.3760569835914547e-01  -9.0818266532898961e-01   1.4727486078064714e-01   1.2669574460042610e+00   9.1154098974771547e-01   6.3583660490560634e-01   4.3630063771729883e+00   2.0340313266367183e+00
   5.9859300000000004e-03  -1.7406502782831662e-01   1.7914573366745312e-01  -1.8481048473261241e-01  -3.9011734113803692e-01   1.0761183152945673e+00  -1.3006335360391554e+00   1.0943449986879086e+00   6.0945640581877780e-01   9.5634175760917151e-01  -8.4412968122787785e-02   4.3583004002605970e+00   2.0327790185007428e+00
   6.0326399999999997e-03  -6.4095600383359230e-01  -1.0882556670215022e+00  -3.8961062200399132e-02  -6.3625170831167798e-03   4.3697866127460477e-01  -2.3266391418179760e-01  -7.4185626826811835e-01   8.0206507747809408e-01   1.5338390291635189e+00   3.9554383538641097e-01   4.3522604506912721e+00   2.0312743830864046e+00
   5.6710399999999996e-03   1.2205700238575523e+00  -9.9043196273305267e-02  -9.3464178100225370e-01   1.2355265252674013e+00   7.0369052442111268e-01  -7.6084889262918398e-01   3.8489964699866080e-01  -4.1419755105126349e-01   3.6457589285672176e-01  -4.6446393690233612e-01   4.3564718901009716e+00   2.0321050319823022e+00
   5.7688499999999998e-03   5.5721961526508941e-02  -2.2535359842884406e-02   2.1059296647092170e-02   6.6885443342481676e-01   9.4602505274955595e-01   1.0151804028644500e+00   6.6583303849489284e-01  -8.5775349937608636e-01  -5.2623617724019432e-02   1.4338238320608350e+00   4.3420471963467246e+00   2.0291310214343019e+00
   5.7731700000000002e-03  -1.1143034426489298e-01  -3.3628804573893673e-01  -6.0385219855299754e-01  -2.0033128224666497e-01  -6.0602938378414883e-01  -4.1332304480805111e-02  -1.4763621320943776e-01   1.3156369203808269e+00  -1.2661601620707008e+00  -1.1959563654576635e+00   4.3747487039870512e+00   2.0365249944608275e+00
   5.7270699999999999e-03   6.0144454000881764e-01  -3.2885636813769953e-01  -5.5500651423749237e-01  -5.0310359094233392e-01   5.1802468953609904e-01  -6.5934614385472678e-01  -2.6616291700147665e-01  -4.8845561213626665e-01   1.5388633177231750e+00  -1.0979134483329276e+00   4.3380615398366276e+00   2.0277951899409361e+00
   5.7997600000000002e-03  -6.7367342863429908e-02   1.0083167659739625e+00   2.2449033944134408e-01  -1.8529095798503620e-01   7.6539340402808964e-01  -2.1005695354310397e-01  -1.1380562185613523e+00   1.1727044277162499e+00   7.8472619558436485e-01  -7.9664587847089019e-01   4.3706164667020904e+00   2.0356702255973529e+00
   6.0887600000000004e-03   1.0685299137225286e+00   1.4625769881450240e-01  -1.0067303574775361e+00  -4.9581482608080130e-01  -1.5750408154801118e-01   2.0124191462657948e-01   1.4743831531779159e+00  -5.4185382720612441e-01   7.2455730523654516e-01   3.6170040009893362e-01   4.3839475287490481e+00   2.0390884729255982e+00
   5.7830599999999996e-03  -2.5418852945866571e-01  -1.4939658215135102e-01   4.5190671234858759e-01  -1.0172325621878442e+00   7.7519194481616538e-01  -1.2140586645622613e+00   5.2848698578775688e-01   5.0805741490406786e-01  -1.2868790755259654e+00  -1.7585358747035473e-01   4.3539516318599212e+00   2.0314162574460104e+00
   5.4388099999999997e-03  -2.8823199257954724e-01   1.0091490325757229e+00  -8.1644744365019062e-01   1.2453780946545696e+00   3.3211657241440884e-01  -2.8466461290338374e-01   1.2935933788968104e+00   2.8888293004164167e-01   1.9083404931956249e-01   6.3141033588181683e-01   4.3347620985278192e+00   2.0269410497074465e+00
   5.7570800000000004e-03   1.4203230824630661e-01   9.6211802875420982e-01  -1.7443857998866841e-01   3.1037124646128023e-01  -1.4925614137714589e+00  -9.2501184596201791e-01  -1.0777888114788905e+00   3.3467904308188584e-01  -3.9537785014230359e-02  -4.0708584195962122e-01   4.3441694937842543e+00   2.0291384974293627e+00
   5.6841799999999996e-03  -8.0856436106642382e-01  -6.1182563328440542e-01  -1.1106312162384906e+00  -1.6230120767163916e-01  -3.1714435636623217e-01   8.7457100741966487e-01   1.1990673471972733e+00  -4.0543574298556845e-01  -2.3635853836187651e-01  -9.2310474485752625e-01   4.3609909159987490e+00   2.0331909127688221e+00
   5.7618200000000000e-03   7.2103697242091203e-01  -4.8791757461004920e-01  -4.9370199756777575e-02  -5.9113564831442464e-03  -1.0544186675859242e+00   7.6916485682989932e-01  -3.2793014222292327e-01   3.2748525892805025e-02   8.3606669918225940e-01   1.5337292895456611e+00   4.3448877258569505e+00   2.0295194592801211e+00
   5.9753799999999998e-03   3.1357412760697728e-01   1.5960184215930520e+00   1.0245948951053487e+00  -4.2239300903900134e-01   8.0617552507924017e-01  -2.3135262182826904e-01   6.9292348821312055e-01   4.0566702058382792e-01   1.1743026896336051e-01   6.3221773071459453e-01   4.3786287120413228e+00   2.0377520813121568e+00
   5.7191799999999999e-03  -7.7003293369767212e-01   1.8438062154229218e-01   1.1780307023551833e+00  -1.6120902263028006e-01   8.3681197656644876e-02   4.0382255275267237e-01   6.6940651579668331e-01   5.4440254446159153e-01   1.4378303275261652e+00  -7.9687225083422453e-01   4.3603122866823352e+00   2.0328912290138796e+00
   6.0206699999999997e-03  -2.1412818389151825e-01   4.2766761640550943e-01  -5.6088642554066348e-01   1.2900179777592553e+00  -5.5756666351122830e-01  -4.9544454723380171e-01  -2.4779408798221034e-02  -1.5753322052284837e+00  -2.5680733847852960e-01   5.0095176962308396e-01   4.3539585803206400e+00   2.0318723112838364e+00
   5.7295799999999997e-03   3.4380644359836821e-01  -8.1953794457743856e-01  -3.0335172443602892e-01  -1.7615119538859225e+00   9.2811559813586575e-02   8.2898398894266617e-02   2.8517844850212504e-01  -1.0812538584048472e+00  -4.8782891824744495e-01  -4.3068183646322133e-01   4.3589104641347554e+00   2.0326897535911268e+00
   5.6480100000000002e-03   3.8686024019835719e-01   1.0331445942637547e+00  -5.0343737985909343e-01   1.5153623223554065e+00  -5.4325026971242273e-02   1.3254639004460048e-01  -8.7662269981682428e-01   1.5565724532232542e-01  -7.6788919950719770e-01  -7.1974366791455180e-01   4.3711972840879749e+00   2.0353515405920768e+00
   5.5958700000000002e-03   1.4891133947012611e+00   2.4971646501999384e-01   5.4855322831967301e-01  -1.8631260352575996e-01   4.6716390219042819e-01  -1.2603449529823478e+00  -6.2249413493407513e-01   5.4935353189100111e-01   6.1955554222790288e-01   4.5378709532230560e-01   4.3626764660377990e+00   2.0334970226546840e+00
   5.7557299999999997e-03   8.9785947466898619e-01   1.6187510051328000e-01  -2.2424990320710391e-02  -2.1462099409427257e-03   7.4106846988402431e-01  -9.0252365660983214e-01  -7.6578600439143063e-01  -3.0389651069153933e-01  -6.7537013173343330e-01  -1.5175382519790417e+00   4.3506830916438606e+00   2.0307645494218822e+00
   5.9128999999999996e-03   8.1670587378395099e-01   1.5685037969090729e-01  -1.3046740469486811e+00   2.1874750296914663e-01  -2.4217990734929201e-01  -2.4180443748436700e-01  -7.0691403840757261e-01   1.3369293201223926e+00   8.2861576293895789e-01   1.4822492378167718e-01   4.3440126493026270e+00   2.0291969599385866e+00
   5.9270299999999998e-03   6.3973808052745529e-01  -6.3511179330921164e-01   1.5602998336456586e+00  -1.5309455130861221e-01   3.0872484628567404e-01  -9.2887686488140431e-01   5.0111278525887870e-01  -6.2851358201038798e-01   6.8186690822289775e-01  -5.6716805858338259e-01   4.3840899366748172e+00   2.0389025895373867e+00
   5.8488500000000001e-03  -8.6042422377579009e-01   1.3182349897698025e+00   2.6821052441609948e-02   5.7089114591519430e-01   9.5005052209109014e-02   3.0703265327502488e-01  -2.2057245422117823e-02   1.5960055656810070e+00  -4.4937515447247595e-01  -8.1313725404209669e-02   4.3668491884199048e+00   2.0349767102454308e+00
   5.8371500000000002e-03   8.4508154000334942e-02  -6.2486070999793597e-01   1.2302868511715683e+00  -9.5922368358814969e-01  -7.8421971684625014e-01   1.3948112315773278e+00  -1.6661604806272498e-01  -3.4969188910999377e-01  -2.1762833069715781e-01   7.3957855949569912e-02   4.3550886798815389e+00   2.0315390781545331e+00
   5.7632999999999998e-03  -5.9200659269652478e-01  -9.1845591329042775e-01   5.9028535483292421e-01  -8.0802195019400402e-01   2.3411734162809839e-01   2.7356876266912844e-01  -1.2242006881988436e+00  -6.4054650554972559e-01   4.5095769870797170e-01  -1.0989261018583996e+00   4.3540374847344552e+00   2.0316744528283071e+00
   5.6906500000000002e-03   1.1881793297469374e+00   1.2675160003439574e+00  -7.4415061578105590e-01   3.6170796177031223e-01  -5.4666546006039329e-01  -6.2745316944650709e-01  -8.7193198592900312e-02  -2.1631211965328342e-01   1.6747360896247071e-01   1.0741791923636717e+00   4.3443193651593974e+00   2.0292832568713917e+00
   5.6889000000000002e-03   2.8763165579531752e-01  -8.3211593743693676e-02  -8.3130782678710025e-01  -1.1047801980824152e+00  -7.7390408475923644e-01  -8.2717077819860252e-01  -5.9948158452805600e-01  -5.4483792725869840e-01   1.1029256108446177e+00   7.0746657184279516e-01   4.3502383941578966e+00   2.0306745276128360e+00
   5.8292800000000001e-03   6.7181112171333246e-01   4.6708993898445100e-01  -5.0091970426580235e-01  -1.1719639980035212e+00   1.0460877829276110e+00   4.5944190024396386e-01  -3.9815697503328296e-01   2.2436185293393412e-01   9.5191119281084435e-01   9.2591044282008561e-01   4.3417442160703175e+00   2.0286262604534082e+00
   5.3845300000000002e-03  -5.1213624721291573e-01   5.0134082239800770e-01  -7.2671865641825673e-01  -3.4774456239096180e-01  -2.4991739696808363e-01   4.5915323953980780e-01   8.8228093817671016e-01   1.0564906797771678e+00   1.2054559932328714e+00   9.8520556906094292e-01   4.3492923685509730e+00   2.0301871797199569e+00
   5.7246500000000004e-03  -1.7885207898991665e-01  -1.9627218521013465e-01  -1.3317776630717724e+00  -5.2204054464332172e-01   1.5528877321431449e+00  -4.4457840722198610e-01  -8.5491422019146468e-01   3.9889846168168130e-01  -2.0272518907841844e-01  -2.0529015492374955e-01   4.3678745769975942e+00   2.0350434294902002e+00
   5.7165100000000002e-03  -2.4494752180511270e-01  -7.1462479989715444e-01   4.0877360625093173e-02  -5.0055160229085549e-01  -4.9433565672366608e-01  -1.6702770573428110e+00  -7.5495289123710407e-01   7.7642103325346146e-01   3.0299419298917762e-01  -7.5205904026927528e-01   4.3636692306180924e+00   2.0341477749227121e+00
   5.4549700000000000e-03  -9.4599853210940998e-01  -1.0733831046656375e+00   6.8184339902117541e-01   7.8990522031972699e-01  -9.2483895439752994e-02   6.2613040040988166e-02  -1.1506534967405035e-01  -2.0823605456485436e-01  -7.3255396431734154e-01   1.3986563759832285e+00   4.3268223492790296e+00   2.0251394752378840e+00
   5.8809800000000001e-03  -1.4882367550844591e-01  -7.6690958974768642e-01   5.2700526402341563e-01  -1.1464115163343882e+00   8.1524702405766425e-01   5.0538507349321837e-01   1.1427285757470544e+00  -3.1848335334813993e-01   8.9886363471248221e-01   5.0812775982564073e-01   4.3596314656034716e+00   2.0329243006755626e+00
   5.9081300000000002e-03   4.9228109364048050e-01  -4.1146340231477840e-01  -2.0542101387752326e-01  -1.2405745585123409e+00  -4.9957909500009329e-01   1.2174124021149538e-01  -1.7165932638173951e+00   4.1492599934000690e-01  -3.9201602691599408e-01  -1.3724429963427742e-01   4.3441387430564067e+00   2.0291274402258641e+00
   5.6040400000000002e-03  -3.5807397784950529e-01  -9.7655444217395904e-01   4.3552696065803720e-01   9.1461977766708280e-01   8.3890799325841314e-02   1.3164626816288525e+00  -5.3615350810437157e-01  -7.5414539368982358e-01   1.0092716843279583e+00   7.6267898815189236e-02   4.3633141471539592e+00   2.0340168730747523e+00
   5.7216799999999998e-03  -9.0515890687099332e-01  -1.1971651124829434e+00   4.2602867465404515e-01   1.1926188660290589e+00   4.8999348238519164e-01  -8.9181486508982033e-01   7.4855351789066760e-01  -2.4485752359212912e-01   4.1104439636181089e-01  -1.8633111108341802e-02   4.3689466889784656e+00   2.0351256985020156e+00
   6.0179400000000003e-03   1.0694376021024665e+00   1.1391528338295376e+00   5.8921021742295931e-01   6.7100988919518800e-01  -3.7076402365513024e-02  -5.3267854828290384e-01   7.8412510431611793e-01   6.4744511889941947e-01   8.5045167328150595e-02  -1.0092475286397267e+00   4.3677910062887024e+00   2.0350304847090728e+00
   5.7923599999999999e-03  -2.9348448042356101e-01  -6.8120077338996787e-01  -4.6015014524658371e-01   1.7832472448986988e-01  -7.5771002761525130e-01   1.3520033701343497e+00   7.4856423541671124e-01   1.1473329480517696e+00  -5.4265473669439512e-01   4.7965580033083333e-01   4.3442037693051505e+00   2.0293862609458264e+00
   5.7209499999999998e-03  -9.2968824412002382e-02  -1.7002920666831539e-01  -2.3771055005398126e-02   6.6125037316822866e-01  -1.4569957613415583e+00   7.1896898098379813e-01  -1.3065559709090886e+00  -9.0868030735217972e-02  -7.9482595099561248e-01   3.7616096548979233e-01   4.3354404303351126e+00   2.0269339954178442e+00
   5.8262000000000001e-03   7.1904682297488823e-02   1.2821572061775524e+00   8.2374227882851558e-01   2.1354487963859919e-01   1.7657507704662004e-01  -1.1089129430624312e+00  -6.4806836742487672e-01  -9.6954087042138715e-01   6.6296399095755176e-01  -4.4392272115196646e-01   4.3560716083613702e+00   2.0321188093795115e+00
   5.7850100000000002e-03  -1.4408223624822971e+00   6.6047367765868348e-01   3.1093444414083179e-02  -7.8725265592263038e-01   1.1703882657060838e+00  -5.1257959465664679e-02  -3.2947821388159509e-01  -2.3158269106917323e-01   9.4252084471578512e-01   5.9943123184105294e-02   4.3359624592215313e+00   2.0270381875636994e+00
   5.3667999999999997e-03   1.0625392612986281e-01   8.7435823215279129e-01   2.1200994064613146e-01  -1.0991647017302282e+00   1.0388575006681082e+00   6.3970124018412899e-02   8.4599395107258990e-01  -6.7850054008813632e-01   2.6235053508763212e-01  -1.1712521871081383e+00   4.3337445133862813e+00   2.0267758456059100e+00
   5.5774900000000001e-03   6.9972829891110278e-01  -2.0460381707914227e-01   1.2263360903661500e+00   8.2784740330710660e-01  -2.8776554137476101e-01   1.3594076668456728e-02  -1.2868332469045753e+00   2.5299947844646814e-01   3.6062173128565633e-01  -1.0147646460447239e+00   4.3477388150781087e+00   2.0300751796336365e+00
   6.1092500000000001e-03   5.5143942381739108e-01   3.3746201303237822e-01   8.8587663621723955e-01   1.0326539555113725e+00   4.4890317714002137e-01  -1.3123084262646247e+00   1.5263721064992419e-01  -2.5050637418738592e-01  -9.9567260768024057e-01   4.8112689241775597e-01   4.3478428324040266e+00   2.0301934237664980e+00
   5.8229900000000001e-03   7.5315341436168315e-01   9.2629526017183517e-01   1.0021384579570738e+00  -5.0123366459012375e-01  -1.0036266495700492e+00   2.3752454942068887e-01   9.3148213236569632e-01  -3.1396241657480539e-01   8.8320800916468989e-01   4.1437486356124587e-01   4.3708427637744904e+00   2.0357832395815660e+00
   5.5497300000000001e-03   1.7330625635435750e+00  -9.6231655284340700e-01   1.4710030191008286e-01  -4.0144259350437506e-01   3.2044779090378378e-01   6.9986161814048975e-01  -6.0882958354755434e-01  -4.7900103828302049e-01   5.8393427596626146e-01   1.0293347315281887e-01   4.3404924536351857e+00   2.0281491000213627e+00
   5.6501199999999998e-03  -1.0000749366032886e+00  -4.8851764511379965e-02  -1.1788652015077092e+00   2.9899650813197565e-01  -4.4645849719263009e-01   3.0591938696328247e-01  -1.0550448789487079e+00   5.8741025788662682e-01   6.2138263415213957e-01  -1.0079702164843991e+00   4.3439747723915882e+00   2.0290341323425052e+00
   5.8702600000000004e-03  -6.3683615792531290e-01  -7.1735705162098085e-01  -7.9679353540525655e-01  -1.4924417142080496e-01   3.0520854546060278e-01  -6.0651736391156419e-01   1.3521155618978145e+00  -6.6615503923195130e-01  -7.6678936698348199e-01   8.5569881513889023e-01   4.3651064573269194e+00   2.0342692532318694e+00
   5.7233300000000004e-03  -3.3531132803541358e-01  -3.2124796599515587e-01   3.9863379998554299e-01  -1.0934107171337730e+00   4.0986928862442362e-01   5.5730373489330676e-01  -2.1435631704286688e-02   1.8756932175673680e+00   1.3418686649452366e-01   2.2682829944437242e-02   4.3409595858557228e+00   2.0284993547527521e+00
   5.7489500000000001e-03   2.1684174632210637e-01  -3.6801136782564747e-01  -9.8574925761120946e-01  -2.0099965937565448e-01   1.2977201018493214e+00   1.0387361299431155e+00  -6.7460343265071068e-02  -1.2228881818059596e+00   9.3009346487873665e-02  -4.3711012923652565e-01   4.3603949206655184e+00   2.0332000289877974e+00
   5.5667900000000003e-03   1.2688464673619251e+00   6.0421950282153317e-02   5.7756839308196994e-01  -1.0267883364781814e+00  -5.2369675110197092e-02   9.3518920031243302e-01   8.6087671195736493e-01   5.1579249228636037e-01  -7.6230322435615927e-01  -4.5528167318938806e-01   4.3521573217468594e+00   2.0309145443684620e+00
   5.9695399999999997e-03  -8.4945543301862991e-01  -9.5873804839102961e-02   3.6973166186588058e-01   4.4842498082721466e-01   4.2089290116196182e-01  -4.7513974976541529e-01  -1.6093766813802650e+00   4.2195310836416594e-01  -1.0665335301545928e+00  -4.2662889522210679e-01   4.3455365289228522e+00   2.0298421798135355e+00
   5.8219300000000003e-03   7.5515788742169654e-01   5.2981266486314826e-01  -4.6596293146257717e-01  -5.5030392610760526e-01  -1.6770406989378081e-01   1.0549380365588736e+00  -5.5892657438247817e-01  -1.1177269622427941e+00  -8.1646284450316242e-01   9.0419816228219596e-01   4.3323260015168223e+00   2.0262188693141923e+00
   5.6020499999999999e-03  -1.6160996388824753e+00  -1.1466689184538530e-01   3.0003091077110994e-01   6.4323127820910997e-01  -4.9728959625804503e-01  -4.5040462962924860e-01  -1.1264773790787985e+00  -4.8166309378818328e-01   7.8004058659224962e-01   1.2800745788807469e-01   4.3624244515740491e+00   2.0335028701527693e+00
   5.8442600000000004e-03  -2.3190765631072800e-02   9.1723111031140692e-01  -4.2162918620603579e-01   8.3284759073520875e-01  -1.5309124692693710e+00   4.2882712618016200e-01   8.6557614397441651e-01   8.4560078722519236e-02  -1.3515856141991195e-01  -7.6407977988610964e-01   4.3562439034514089e+00   2.0320959705737462e+00
   5.7085000000000000e-03  -1.1962585185662397e-01  -9.5845493292892353e-02   2.5014414489755743e-01   3.5315222142742975e-01   1.5400270850528870e+00  -4.2711633880400096e-01   3.2875147156506156e-02   1.0977131701828118e+00  -9.6405537673009190e-02   1.3014951423868482e+00   4.3580271737660521e+00   2.0327017269712839e+00
   5.6636700000000000e-03   1.5242647138927221e+00   1.1322581922101700e+00  -2.2943784523465602e-01  -2.9025613488083524e-01  -1.1750267252395474e-01   7.1933564348831736e-01  -6.8229363979693491e-01  -2.6057190400269969e-01   5.7279454101443805e-01  -7.5019731845741544e-01   4.3634020916215412e+00   2.0338473087677600e+00
   5.5423599999999996e-03  -1.6139331050281631e+00   1.1016316256619902e+00   4.3269719752574354e-01   1.3335719273135979e-01  -3.3541057048623274e-01  -8.6545222625479379e-01   7.2372543145352330e-01  -2.8831273935718121e-01  -4.0775157793443866e-02   4.4089925894339438e-01   4.3509503202345252e+00   2.0307145923674992e+00
   5.8447000000000004e-03  -4.0801545483234275e-01  -4.5095661860508485e-01  -6.3290715887545967e-01   8.5643898671846219e-01  -5.1432429848768846e-01  -3.2379622882198927e-01   9.5292180556417982e-01   1.1029429408171658e+00   8.6553224488215652e-01  -9.0877882781722485e-01   4.3470621204848570e+00   2.0299427300035640e+00
   5.8323899999999998e-03   7.4810286775458223e-01   3.5448363174730996e-01   1.9694907685410093e-01   8.1172826955383282e-01   9.0847738212257101e-01   3.8265405601550329e-01   2.8656280821487362e-01   3.4490809834625813e-01   1.7513001728704711e+00   1.6460473439961282e-01   4.3625146802230228e+00   2.0339601032631216e+00
   5.8001700000000003e-03  -9.6363001232137413e-01   6.3020186978345605e-01  -1.6677126508855525e-01  -1.0904530271043738e+00   5.6785665689861209e-01   8.5314477501773922e-01  -3.8629134651794916e-01   3.9512894335340459e-01  -6.8610510284437942e-01  -1.1208690691091328e+00   4.3562724861256994e+00   2.0321350542742680e+00
   5.6413000000000001e-03   5.6023519268818767e-01  -4.6655718445986587e-02  -1.4796500937973425e+00   1.0244811260244344e+00  -3.9365413462649956e-01   1.2885171716512303e+00   1.1105729006097219e-01  -3.4721927346282838e-01   4.3268859658867032e-01   1.9615082842231679e-01   4.3629787703597813e+00   2.0339057011041746e+00
   5.8436499999999997e-03  -6.8756141969238160e-01   1.0851668129447498e+00  -7.1193191508676434e-01  -9.7886889365965390e-01  -4.7083424768822824e-01   1.8700248191524005e-01   6.9709756707427217e-01  -1.1446615999991545e+00  -1.8381474809811341e-02   6.7892442578897472e-01   4.3647248801597769e+00   2.0342437538459319e+00
   5.4167000000000000e-03  -1.0632537555138249e-01   1.4183206634339468e-01  -3.3544711687651857e-01  -1.1591835657282225e-01  -1.5072759416235142e+00   8.5800993127004010e-01  -5.1144098090758783e-01  -1.2597180836389221e+00   7.1579740979761364e-01  -4.4404736699533653e-01   4.3273303230937419e+00   2.0253162656450971e+00
   5.8126599999999999e-03  -2.2383446279596739e-01   1.5927906704187564e+00  -7.6632234026014723e-01  -4.5933603052838823e-01  -4.2275437180390296e-01  -3.6524533631040645e-01   3.4562834957182026e-01   2.1409191239544126e-01   1.1966785803404951e+00  -5.9778183428150755e-01   4.3688893337973029e+00   2.0352389851033355e+00
   5.7403200000000001e-03   6.9692080132329781e-01  -9.1538454641434708e-01  -2.6711568198110452e-01  -1.3634011977039709e-01  -2.9506709896122163e-01  -8.1882281733195106e-01   1.4423703542653383e+00   1.4935302698579830e-02  -6.1701425275253319e-01  -9.8554318296975740e-01   4.3433686063705652e+00   2.0291061779065065e+00
   5.8134700000000003e-03  -2.2755957374529560e-02  -8.2587470452513934e-01  -2.3133617310962551e-01   1.2501309491449595e+00  -6.1335059510150614e-01  -6.8272158146191031e-01  -2.9277703642286335e-01  -7.0143302888912007e-01  -1.5155085844547589e-01  -1.3611740375048915e+00   4.3505623248065559e+00   2.0307429359450149e+00
   5.8600900000000001e-03  -8.5017519988808954e-01   5.1824521243820265e-01   2.1390177589730697e-01  -9.3732585392927881e-01  -6.2496915086670368e-01   1.4476659870048511e-01   1.5852435702257415e+00   5.6676017824810954e-01  -3.6674222712594678e-01  -5.8885942331614027e-01   4.3764704621759556e+00   2.0370141819545169e+00
   5.5182100000000000e-03  -3.0560527269563910e-02   5.7496957030367765e-02   1.3186824588513597e+00   1.1578849243965875e-01  -1.8715089272525968e-02   2.7702404272275649e-01   5.8837274302554310e-01  -2.4693070220666377e-01  -1.0520937345009724e+00  -1.5380845019107980e+00   4.3553186414542626e+00   2.0319187175371698e+00
   5.7600000000000004e-03  -7.2599855604262753e-01   1.3166454525229727e+00   1.0953377681160157e+00  -2.0093389140838230e-01  -6.1548278959243330e-01   8.0541672277761001e-01  -7.9044593709973077e-01  -3.3712143254629506e-01  -1.2078294332930672e-01  -5.9714537297611370e-01   4.3503004095498943e+00   2.0307836082848056e+00
   5.8956499999999997e-03   2.9053168847097383e-01  -1.4122844520435343e-01  -7.3263036062167641e-01  -1.7917968387191013e-01  -5.3263697728514792e-01  -1.1842198505448802e+00  -7.3036823003666207e-01  -2.7050032409492575e-01  -1.4880837051004865e+00   6.6263509708685342e-01   4.3595132913769481e+00   2.0327707316991130e+00
   5.7112899999999999e-03   5.2597442838432529e-01   8.1505427722363732e-01   9.2516085128110681e-01   5.2656056876639690e-01   1.4325778073235690e-01   8.5169313790141074e-02  -1.4552869528974048e+00   2.8690921185682444e-01  -2.8300092665329808e-02   1.1516564245449832e+00   4.3432554473355172e+00   2.0289170457602963e+00
   5.6678800000000001e-03   8.9489367307652368e-01  -3.3960813738098716e-01  -1.8009656130342557e+00  -9.1273492170539525e-02  -6.7458091388185426e-01  -2.9907444585468468e-01  -2.9253963678096390e-01  -5.9421571804554296e-01  -1.3360489287443428e-01  -7.2211237704919828e-01   4.3592339550688806e+00   2.0330722390172733e+00
   5.8607099999999999e-03  -9.5915589533662016e-01  -2.2908275281974574e-01   1.8394276338675528e+00  -2.7099034188290672e-01   5.9789003915592309e-01  -6.4836915819970631e-01  -4.2504661488679180e-01   3.5838163164708914e-01  -1.2591801079445697e-01   2.0787001496895668e-01   4.3438731731772027e+00   2.0292290545127876e+00
   5.7580799999999996e-03   6.5751284280293876e-01  -1.5825497990790471e+00   7.7799464216120284e-01  -1.7108987789020032e-02   7.6853343282652309e-02  -2.4791385583316911e-01  -4.5157086573656469e-01  -2.8125733073077436e-02  -1.2871284304505710e+00  -3.8177986961314941e-01   4.3454321433261311e+00   2.0295427747907175e+00
   5.9826899999999997e-03  -6.5299497617385049e-01   1.0021990391006816e+00  -2.2937258098344357e-01  -8.7864263877938698e-01   1.1902102215944918e-01  -1.0754732883827927e+00  -9.6901745173340736e-01   6.5280315314878934e-01  -1.2781327003956497e-01   9.0336164572415090e-01   4.3716615075551877e+00   2.0360446491493560e+00
   5.7146100000000002e-03  -1.0396390611185644e+00  -4.0260649495363099e-01   3.0163618705522609e-03  -6.1865872597831317e-01  -1.1882505082401915e+00  -4.7065061930872448e-01  -2.7203132261243063e-01  -7.7516060522014518e-01  -1.0191717138206953e+00  -8.5761840989534877e-01   4.3672371245594013e+00   2.0349286534900339e+00
   5.5985999999999996e-03   5.1354120647004653e-01   1.2878264331333018e+00  -8.7510845433991763e-02  -1.1210124268751951e+00  -7.7371568943541835e-01   8.3847400815237705e-01  -3.7697812110071055e-01   8.7642109490384901e-01  -1.6453516978231039e-01   4.8894384136533653e-01   4.3457409247381547e+00   2.0296218278312921e+00
   5.5591700000000004e-03   1.2763026245516622e+00   4.4215654784171399e-01  -1.5317305428520614e-01   5.5579709631588847e-01   4.7362902983313865e-01   1.0528412289219324e+00   4.3716328756026374e-01   1.1199575585554664e+00  -6.3010821153618277e-04   8.9876065338939004e-01   4.3647157335069169e+00   2.0342715202491188e+00
   5.8095100000000004e-03  -1.9313338576993402e+00  -5.5089374081317000e-01  -4.7349696708614419e-01  -6.7175849134086113e-02   3.7729889434954417e-01  -5.0328659684645882e-01   1.4105399546755265e-01   8.9437205038662115e-01  -3.0482451718125347e-01   2.6980929143253224e-01   4.3599658976536864e+00   2.0330641623168519e+00
   5.5983900000000000e-03   9.0511146617047655e-01  -9.5605675490584285e-01  -1.2622197671562891e+00  -9.2984771277887435e-01   1.0028922588676040e-01   6.5314078624829874e-01   8.9901126703641629e-02   4.8372487744343018e-01  -7.0906876583579148e-01   5.5140027429030636e-01   4.3493608214039794e+00   2.0305141609478574e+00
   5.8555500000000002e-03   1.1111430668243749e+00  -5.3766578415679223e-01   2.1736486641326036e-01  -7.8886684286191855e-01  -6.5257344060351485e-01  -2.9833405799011642e-01   7.2729082087470887e-01   1.1133153518164489e+00   1.0636617941801998e+00  -7.8947441243401084e-02   4.3655749438514011e+00   2.0342612371975757e+00
   5.6247700000000003e-03  -3.0824477214080875e-01   5.2030984603812758e-01   9.0149329941331768e-01  -1.9846603101382307e+00  -2.8350120391199596e-01  -5.7131810123903659e-01  -3.8370944800698761e-02  -2.1226053526069119e-01   2.8635934656431655e-01  -1.8334911169056164e-01   4.3540149419160512e+00   2.0315056581546220e+00
   5.2923400000000004e-03  -1.2605376068893426e-01  -2.2565594820770618e-01  -6.1036256276743928e-01   8.3143955528658789e-02   8.0895518332270822e-01   3.1606310629814401e-02   4.6205606312914038e-02  -1.0629534568118333e+00  -1.8098946754266763e+00  -5.2225009607645356e-01   4.3476692548880456e+00   2.0299377542414723e+00
   5.5886000000000000e-03   1.3424122912023026e-01   2.7511551556765201e-01   9.8469781964583569e-01   6.7688645431717520e-01   1.8566237953399767e-01   1.0147798607846321e+00  -1.5485600586861351e-01   4.9079012017903273e-01  -1.6492053060688729e+00   3.2808095889294098e-01   4.3475105094369972e+00   2.0299682013044262e+00
   5.7172100000000003e-03  -7.6324819004337374e-01  -1.5522996882305620e+00  -1.0993502058471636e+00   4.3185328535205875e-01   9.2572593986018054e-02   3.8372312771341476e-02  -8.8244570947540446e-01  -5.2253314808325446e-01  -5.1381265589680603e-01  -6.9262886243434685e-02   4.3787451182973953e+00   2.0375187240149697e+00
   5.9083000000000000e-03  -5.2776417470749493e-01   5.7856529440369220e-01  -1.8858675960251914e-01   9.3091914917177310e-01   3.9778150486675401e-01   5.6276421704012769e-01  -2.5167844533167566e-01  -6.3494563937683024e-01   7.5553077632674259e-01  -1.6202122139969362e+00   4.3732730950256533e+00   2.0365005915650278e+00
   5.4197799999999999e-03   3.5734881561778964e-01  -1.0050610294772426e+00   6.1570855444674844e-01   7.6487803480460437e-01  -6.6776428894855400e-01  -1.2594902197830291e+00  -1.0124490400143678e+00  -2.3982991335579559e-01   2.4554314618661197e-01   6.7059285724135498e-01   4.3470186099898696e+00   2.0298665404411227e+00
   5.8277700000000003e-03  -1.5441236693091289e+00  -3.9239642501760291e-01   7.5201594869037247e-01  -3.0222807245729155e-01   5.0786617035469817e-01   6.0000613505649558e-01   4.8686364759827855e-01  -1.1605586685880824e+00  -2.2001168341763222e-01  -3.1935244483182684e-01   4.3349524975176417e+00   2.0269902105639122e+00
   5.4452099999999998e-03   1.0849840409382192e+00   8.6161484007645672e-01  -8.1213946255708147e-01  -1.4292237131710190e+00   6.9691766001047983e-02  -8.1578902063108438e-01   1.3786469050840686e-01   2.9641591575511594e-01  -3.5335265398653454e-01  -4.6387184263075421e-01   4.3491980099943648e+00   2.0303460224205319e+00
   5.8611100000000001e-03   5.3907449191640888e-01  -5.0519306635720601e-02  -6.8792611473955423e-01   4.8124906199738615e-01   2.1218639379333282e-01  -1.6258907284527077e-01  -1.8468256634708589e+00  -7.8445463425934192e-01   6.7456787438210164e-01   2.0016186112920728e-01   4.3455031594969160e+00   2.0297065078713463e+00
   5.5822099999999998e-03   1.4890652889329445e-01   6.6989063679549252e-02   1.0846752603688365e+00  -7.3311437165350202e-01  -5.7793032972276936e-01   1.2169687756177046e-01  -1.1229397461765338e+00   2.2310480390569837e-01   1.4881150780428052e+00   2.7159074135295214e-01   4.3494551116511326e+00   2.0304802403281736e+00
   5.5912999999999996e-03   7.5367037573171003e-01  -1.0260197303433121e+00  -5.4218631120369687e-01   5.9171428521361991e-01   6.9095187956243431e-01   6.6975498617956375e-01  -8.9865353289700878e-01   8.7549438794495260e-01   2.1875948767766981e-01  -9.4767309504345121e-01   4.3633922523859168e+00   2.0337955957418941e+00
   5.4110599999999997e-03   4.9319039231625039e-01   6.7166078362317672e-01  -1.9296947485479671e-01  -5.4893574683920573e-02  -4.7674165750804393e-01  -2.5199453262679618e-02   5.6325712238848891e-01  -1.7571009121784418e+00  -3.0917309907050672e-01  -1.1067203855292782e+00   4.3426181187414166e+00   2.0284889298201141e+00
   5.1784099999999996e-03   7.8113632829305968e-01  -6.9605033510862668e-01   6.5084031029337375e-01  -1.2831637367171560e+00   1.1176179514013331e+00  -2.7023958459718667e-01  -2.7360913467381687e-01   8.2192641083129869e-01   2.9692068839671432e-01  -6.9643553178132467e-01   4.3556474105290066e+00   2.0315864784295932e+00
   5.3793699999999996e-03  -5.4663420431615661e-01  -3.7541787337258314e-01   2.7019374899050702e-01  -1.0011814849439289e+00  -4.0935495650857007e-01  -9.8704605241444210e-01   7.1683137528147312e-01   4.1766667175085026e-01   3.1665193375532069e-01   1.5250767790706696e+00   4.3579867532795413e+00   2.0325652782472474e+00
   0.0000000000000000e+00   0.0000000000000000e+00   0.0000000000000000e+00   0.0000000000000000e+00   0.0000000000000000e+00   0.0000000000000000e+00   0.0000000000000000e+00   0.0000000000000000e+00   0.0000000000000000e+00   0.0000000000000000e+00   0.0000000000000000e+00   4.3563155696878315e+00   2.0321710747700110e+00
