   5.7896099999999997e-03   1.5039361051519728e+00   7.8606958460898757e-01   7.4403391446274614e-01  -1.1807766359793528e+00   7.3198065794658540e-02  -3.3043369403044726e-01   1.5335208158936922e+00
   5.0237700000000003e-03  -1.9811877277913853e-01  -8.1852576990588941e-02  -1.8762461206414691e+00   1.1951779223659351e+00   2.1241225259896102e-01   8.2947484198981358e-01   1.7236352628935570e+00
   4.6041700000000003e-03  -1.0529118312887147e+00   4.6688959013353787e-01   6.7703129089968028e-01   4.8456257456751822e-01  -1.6324401288741990e+00  -9.5430883702143376e-01   1.6220624168720106e+00
   9.0997000000000005e-03   1.8145146477303689e-01  -7.2283635469761665e-01   5.3100340613684760e-01   5.1421316754491431e-01   1.8182333648790883e-01   4.2831222305708450e-01   8.4183947708218754e-01
   5.5046000000000001e-03   7.3895676009754530e-01  -9.1993693654363951e-01   5.2565175406269427e-01   1.0423997356880554e+00   1.6097902943101186e+00  -1.7016480846056628e-01   1.6472155698999258e+00
   6.5847299999999996e-03   1.2221265137321422e+00   3.6075643145047354e-01   1.2630776620064301e+00   3.3340800665359971e-01   6.8793344089530895e-01  -7.3281475666168661e-01   1.4225254984842304e+00
   5.1812500000000001e-03  -6.8765080679329363e-02   3.0908529489715864e-01   8.4768302391986750e-01   5.0147388847956387e-01  -3.7992085131625508e-01  -2.0025236311571071e+00   1.5603014412020670e+00
   5.7745100000000001e-03   8.9160587563527816e-01   6.5828814912484324e-01   1.0011892362864234e+00   5.3588150438494175e-01   1.1539494160684574e+00   9.1295548546569050e-01   1.4656593521080712e+00
   4.9537200000000000e-03   1.7652814813264530e+00  -3.6215049903636282e-01  -1.3823281899243001e-01  -1.6715222701408156e-01   1.0129815705909742e+00   1.0614827408098653e+00   1.6194193872507709e+00
   5.5311900000000001e-03  -5.3693351014359986e-02   1.2656091463662840e+00   1.6524328638148689e+00  -7.8459531236472047e-01   6.2336046236789655e-01   1.8844939827746265e-01   1.6420664201365178e+00
   6.3288199999999998e-03  -1.0459136350208882e+00  -8.6700677745558019e-01   1.3284680380783369e+00  -2.0958268305618966e-01  -6.5866423206383096e-01  -5.6213591258821416e-01   1.4243220251956858e+00
   5.9360400000000001e-03  -1.6143425543436155e-01   1.4174193870802216e+00   1.4148267722116584e-01   1.4131483191368146e+00  -4.3176430582091968e-01  -7.5698042434369583e-01   1.5123730735522416e+00
   5.4500000000000000e-03   7.8690405080714776e-01   1.7725947958719275e+00   8.6897045747797474e-01   5.4272091157306113e-01  -1.2978156241416422e-01   5.0128433343746792e-01   1.5462872682585764e+00
   5.5484899999999997e-03  -4.0830519315197217e-01  -4.5917725016911559e-01  -5.3976446273193435e-01   3.8661200444709554e-02   1.6391674682955131e+00  -1.2764081902216005e+00   1.5368350974559171e+00
   5.6243400000000002e-03  -1.6728911040535652e+00   6.8152899559027880e-01   3.0117155042000221e-01   1.2894336266746680e+00   5.1365229299812076e-02  -1.8871478980551157e-01   1.5568566152788037e+00
   5.8044699999999999e-03  -7.4808088402336004e-01  -2.8714491068490999e-01   4.1537545016806771e-01   1.2708066165442071e+00   9.8478292180025717e-01   1.2306021748682625e+00   1.5373950780558963e+00
   5.1394099999999996e-03  -4.3167008589189165e-01   8.5744173568377868e-01   1.2454687420635260e+00   3.1862467517428811e-01   4.4820641162355277e-04   1.7564736999387327e+00   1.6923848833138082e+00
   4.9088500000000002e-03  -1.7792083332476332e+00  -3.7605073112500005e-02   1.4422386817108690e+00   2.5881386039934371e-02   3.8261814436766112e-01   5.1023610185650092e-01   1.6753443016917622e+00
   5.1972900000000002e-03   6.9647138216816995e-01   8.7935313600708931e-01  -6.1406537158228214e-01   4.6057787574164305e-01   1.1529419656221900e+00  -1.4754445832902463e+00   1.6113255128643948e+00
   5.5779499999999999e-03   1.0553546369450144e+00   2.1793017291192474e-01  -9.2034320959343552e-01  -1.1345876787313984e+00   1.0414585749430842e+00  -7.3690911973652229e-01   1.5124267137160485e+00
   5.3149699999999996e-03   1.7583789052941137e-01  -7.1963560942640739e-02  -7.5050341272494447e-01  -1.4803938809454007e+00  -1.1486544682596040e+00   1.0654095870286009e+00   1.5978566155386620e+00
   5.4041499999999999e-03  -7.5300817844135404e-01   1.2886936573935486e+00   8.6868476650865001e-01   9.1074880065185582e-01   1.1245769118139346e+00   3.5571951017147396e-01   1.5855797029302519e+00
   5.6716099999999997e-03   7.0135057449509908e-01  -7.0025109141202835e-01   5.5786929477041880e-01  -1.5144991917597400e-01   8.8706946634061346e-01  -1.6890373088277140e+00   1.5262272520473630e+00
   5.1515399999999996e-03   1.6784998123450570e+00  -3.8547542424994335e-01   6.3633962113338971e-01  -4.8855661854097671e-01  -9.0404962634647690e-01  -1.0691295144161530e+00   1.6767308950098385e+00
   9.4228300000000001e-03  -3.5065388051843810e-01  -3.2295182605309170e-01   9.8587578961718478e-02  -1.3661202054485461e-01  -8.7201141733525889e-01   5.0020957172010161e-01   8.4409894237882221e-01
   5.0777799999999996e-03   1.4536376034550702e+00  -9.9876348901254519e-01  -5.3386854712901755e-01  -1.4555973650301814e+00  -5.3577018936239278e-02   3.3274823329015274e-01   1.6903497941111518e+00
   5.0330499999999999e-03  -7.4038157006714989e-01   5.4031544781573748e-01   1.6205303703006257e+00  -6.5223365061931815e-01  -1.1542765144607572e+00   2.8503366062883490e-01   1.5670783061006597e+00
   5.0101099999999999e-03  -3.7431966622375523e-01   1.3794792018029802e+00  -2.7814427560242061e-01   1.4429419772745939e+00  -1.1617341254196473e-01   1.1532606138627230e+00   1.6466035734918176e+00
   5.4314000000000003e-03   1.4509163700225334e+00   1.4020266446491931e+00  -3.0404790173286073e-01   2.4740086769518660e-01  -3.6656036357453320e-01  -8.6587897656114654e-01   1.5478794529905346e+00
   8.9496500000000000e-03  -1.1274726395652093e-01  -1.0041931302889269e+00   4.2706094516133358e-02  -4.5573737316585722e-01  -2.3948292361095240e-02  -3.2171218158887771e-01   8.3998709962680984e-01
   6.2763999999999997e-03   4.3611003770733309e-01   3.4809415680061884e-01  -5.3681661102432243e-01   4.5147334479171614e-01  -1.6830285302465497e+00  -1.0823624739238815e+00   1.5254869459942157e+00
   5.3829500000000001e-03  -1.0467088037157588e+00   1.0454379459316032e+00  -2.9676003044878740e-01   5.0501356849746781e-01   8.8433080768172068e-01  -1.3885294998364521e+00   1.5966797916430200e+00
   5.2300200000000002e-03  -1.2589401083697054e+00  -9.2737008026772372e-01  -5.3315031238796584e-01  -3.1233244819794326e-02  -1.4284598778468196e+00  -7.7303850437610844e-01   1.6201670984620431e+00
   5.2385399999999999e-03   3.5001330900016620e-01  -1.0286153010769064e+00   1.5852949879821623e+00   8.3558428340791002e-01  -1.3065844255383435e-01  -9.7245179040759577e-01   1.6080439735762448e+00
   6.0959300000000003e-03  -3.2060375433683425e-01  -4.3497401915627038e-01   5.6421174453511369e-01   1.4127714378695044e+00  -1.2705796330996288e+00  -3.0515817492726061e-01   1.3863730375703964e+00
   4.7841600000000000e-03   1.1246827323803432e+00   4.7390559695500672e-01   1.1024122168412234e+00   1.2372308743544096e+00  -1.0191063652938828e+00  -6.6831948792643248e-01   1.6841558852450900e+00
   5.0983199999999999e-03  -6.0816848266354351e-01   1.4431881382815530e+00  -5.3147705693260638e-01  -1.5814451375888003e-01  -8.2738023057075893e-01  -1.4443569479237253e+00   1.6587681103362837e+00
   5.2354000000000003e-03  -1.3614555005465288e+00   1.5640528629599953e-02   7.2487518817090046e-01   8.6453939483350539e-01  -1.1290993039107260e+00   1.0126717346832705e+00   1.6358901202387361e+00
   5.2949800000000003e-03  -4.0948649223475830e-01  -2.0702324601061212e-01  -6.9173783404799372e-01   6.8026769727064473e-01  -4.5087999146517160e-01   1.9343845122925998e+00   1.5482673192159300e+00
   5.1799699999999999e-03   9.7173876535782758e-03   5.8554395951920579e-01  -4.1780884822683928e-01   3.3074543407741819e-01   1.3806817829416669e+00   1.6559390236707203e+00   1.5744164483482046e+00
   5.4690600000000004e-03   1.7222399390983897e-01   3.8247987678359457e-01   1.1572695969341438e+00   1.8536611197432469e+00   1.3740720421334934e-01   4.0589591071828351e-01   1.5763650452042537e+00
   5.4108500000000000e-03  -4.2260957911191915e-02   1.0856996451057859e+00   5.9424874298698460e-01   8.0930846552869362e-01  -1.6139053706844120e+00   5.1474837015018160e-01   1.5306892537251984e+00
   5.0639999999999999e-03  -1.0272271866802118e+00  -1.0470031818334229e+00   1.0820481216173019e+00   1.3935464012195447e+00   2.9856559690173567e-01   3.2331189880885812e-02   1.5911263636212643e+00
   4.9343599999999996e-03   1.5445113278190230e+00  -8.0834509433272073e-01   1.1251685877017323e+00   9.9668520047611953e-01   6.7333527958942291e-02   4.4676122692486131e-01   1.6284553596092137e+00
   4.9054199999999997e-03   7.8033416671804723e-01  -7.8245242225876130e-02   7.7955389317134161e-01  -1.0272680396203742e+00   1.8235461356085991e+00  -1.6286411610677690e-01   1.6779543651414752e+00
   4.6808099999999997e-03  -4.6747931014530653e-01  -5.9806142520460966e-02  -3.4658263598597450e-01   1.7497052592324032e+00  -5.2145819514707925e-01  -1.3369352639872196e+00   1.5965117672531526e+00
   5.7171399999999999e-03  -2.5705138987444331e-01   3.2131473887628387e-01  -5.7943297407053107e-01   1.7714412458314392e+00   1.1051151971268960e+00  -2.1955644063787638e-01   1.5247680014618641e+00
   5.1965500000000003e-03   1.6596775110647022e+00  -1.7325299580273479e-01  -1.3141554836787510e+00   1.3069741457876921e-02  -7.5986517236859930e-01  -6.5240677007613468e-01   1.6632823520115594e+00
   4.7166300000000003e-03   1.8176451419798773e-01   1.8589147727538626e+00  -7.8598299418153217e-01   8.2035273181968194e-01   9.7388275446235584e-01   1.5495287515395256e-01   1.6887517015947306e+00
   5.2470299999999997e-03  -1.1702688251544867e-01  -9.1916251722413866e-01   4.1087202298950548e-01  -1.3178318973214628e-01   1.7806934201226574e+00   9.4365334981635929e-01   1.5384747006971953e+00
   5.3654499999999999e-03  -3.3548075458284138e-01  -1.3749347207521898e+00   1.1820879463134306e+00  -4.6477935025750283e-01   1.0950407581013186e+00  -5.6367471278890635e-01   1.5508827820638156e+00
   4.8580500000000000e-03   2.9397873823608445e-01  -4.2087459331863813e-01   1.0599570303639139e+00  -7.5531878553526208e-02  -2.0673611184722458e+00  -1.1759799402437690e-01   1.6770237705305435e+00
   5.5356900000000002e-03  -2.5262140762502905e-01  -2.7223248330881461e-01   3.6184694500393039e-01  -1.0434661564749108e+00  -1.2842047596102222e+00  -1.4481119169265688e+00   1.5692733864777506e+00
   5.2709899999999997e-03  -4.3407649946994842e-01  -1.6842639703631528e+00  -3.2861990468624432e-02   7.4292462290947303e-01   4.8500794627158378e-01  -1.1928201924015227e+00   1.5822394613650728e+00
   4.9499899999999996e-03   9.5589442042655337e-01   4.9290641524311629e-01  -8.4293514401426184e-01   1.6955688974545433e+00  -1.0382693356940860e+00   3.0701054196114291e-01   1.7623547139437941e+00
   5.7699800000000001e-03   3.2216209469129353e-01   4.2839989004335532e-01  -1.6818577652647773e+00   3.7879513021744755e-03  -1.2084009462021799e+00   4.8654850616698170e-01   1.4937697375273100e+00
   5.3233300000000002e-03  -9.5792686894019907e-01  -8.7174677221558028e-01  -1.1936033412950715e+00  -1.6270935157717201e-01   1.1031755532828822e+00   9.6042672795815143e-01   1.5990702144905928e+00
   4.9950799999999998e-03  -1.2374853573544062e-01  -8.5910223493456550e-01   1.6896216375674349e+00   6.8714353982092347e-01  -7.9706504212109941e-01   8.6677601328418263e-01   1.6181018889445513e+00
   4.8337400000000004e-03   2.1531886620521061e+00   6.0814108405185208e-01   2.5834571299650411e-01   4.4491180259870777e-01  -2.3620220873870704e-01   4.1422322818296647e-01   1.6163441980566249e+00
   6.2930000000000000e-03   4.9763436454992077e-01  -9.6453700180518531e-01  -6.6580567586277439e-01  -7.7721094578262062e-01  -1.5228150224355401e+00  -2.3431184307351977e-01   1.4745083259370715e+00
   5.5088899999999998e-03  -7.8979701376968825e-01  -5.0137696324014258e-01  -2.7960067811411810e-01  -1.2748673092446130e+00   1.5229453596858931e+00  -4.0357952892626281e-01   1.5454334640948248e+00
   4.2622399999999996e-03  -1.2966690942929632e-01   9.1645507624516356e-02   8.2951817251330240e-01   1.5961026041389417e+00   1.0387494088942477e+00  -1.3762575989159085e+00   1.7954545944671700e+00
   5.5560000000000002e-03  -8.9233507773850540e-01  -6.9421241695702440e-01   3.0834452668895795e-01  -7.4985086920116606e-01   2.6239784170153813e-01  -1.7229993026754240e+00   1.5219077553769105e+00
   4.9030999999999996e-03   5.1531151817465226e-01   1.1458131828304916e+00  -1.7282937363907569e+00  -5.2304418670810393e-01   2.5072998188608073e-02  -7.2705507896282284e-01   1.5892565206625688e+00
   4.5668400000000000e-03   2.8050213291452264e-01   2.0848122607327682e+00  -1.3543892332396545e-01  -9.4711011681171065e-01   2.3591077070836478e-01  -5.8582289232999796e-01   1.6553378016082847e+00
   5.0710900000000003e-03   6.8645906149740055e-01  -9.7765341476261713e-01  -1.0445796157775848e+00  -8.2024245450837496e-01  -8.0608265645344956e-02  -1.5042391834619411e+00   1.6304451800185400e+00
   5.2898199999999998e-03  -1.3051296598888804e+00   8.1475487290260229e-01   9.8162012629549300e-01  -3.2898167604562251e-01  -1.4335162740592364e-01  -1.1870587249143660e+00   1.4740046275294574e+00
   5.6319999999999999e-03   1.3531390590704833e+00   8.6661858617553789e-01  -9.1009791269364726e-01  -1.0996373690431849e+00  -1.0156882409944706e-01   6.9363621270887343e-01   1.5807865828792560e+00
   5.7602000000000000e-03  -2.9801757895128167e-01   1.6659450540124139e+00  -7.8232114018910212e-02  -6.1125107541009127e-01   5.7609747745761408e-01   1.1409514435136983e+00   1.5046959185778517e+00
   5.7017500000000002e-03   5.2818288777751377e-01  -1.5189889790438118e+00  -6.1704090500661923e-01  -6.2026209675439259e-01   1.3156053110772414e+00  -2.4525377375971030e-01   1.5842188231362233e+00
   4.9612900000000001e-03  -2.8333798518827513e-01   1.1072606624897621e+00  -9.3325065393202911e-01  -8.6560934591333116e-01   1.5423668817213712e+00  -9.4720210745012412e-02   1.5728836947374354e+00
   5.1269200000000001e-03   1.3434931095873046e+00  -1.6824467718753939e+00   2.2485922818285822e-01   2.2582368168910463e-01   2.0217465150067676e-01  -6.2069512411368299e-01   1.5363608556882791e+00
   5.2009500000000002e-03   1.0010388262513941e+00   1.1088940975467483e+00  -3.3764805029335226e-01   2.7103536606547773e-01  -2.0681732506678566e-01   1.6976116453420143e+00   1.6166001462193487e+00
   5.0281700000000002e-03   2.3947541690194063e-01   1.6119848704996877e+00   1.0288492847181911e+00   4.0039427997661459e-01   5.2160047324611014e-01  -1.0752949183669915e+00   1.5827331519362404e+00
   5.4874700000000004e-03   6.3209525682176504e-01  -1.5179680397333282e+00   3.0039851782788035e-01  -4.5976301206275333e-01  -7.2019538976933606e-01   1.1561941680304717e+00   1.4865347350783882e+00
   4.6456600000000002e-03   9.1264462170230154e-01   3.9166580252883587e-01   9.5720821071606077e-01  -1.2902050059827912e+00   5.5872448127913732e-01   1.3990624032633641e+00   1.7061038514642222e+00
   5.4444999999999997e-03  -1.0635257126649351e+00   1.8961865800256257e+00   5.2711931713200233e-01   3.4772455622606724e-02  -5.5684314984164007e-01   1.6724915227135345e-01   1.6182218291703778e+00
   5.8183499999999999e-03  -1.5944398505094048e+00  -1.0010121039907069e+00  -4.6941279242483908e-01   8.2159398738466616e-01  -3.3989774401460160e-01   5.2253455915101066e-01   1.5098828557248658e+00
   6.0013200000000001e-03  -9.5290978788258085e-01   5.2250692162764256e-01   5.8408019488795859e-01  -1.2843285334832577e+00  -3.0999494555709711e-01   1.0944971583775420e+00   1.4161500559850304e+00
   5.5788499999999998e-03   1.2627831081549969e+00  -1.5565627706506674e-01  -1.2650000070758982e-01   1.1012214013544370e+00  -1.8459377826070839e-01  -1.4290413867565759e+00   1.5124274632963632e+00
   5.1181899999999999e-03   5.2638608547564647e-01  -4.1758633070807905e-02  -7.9012892195576312e-01  -1.1406895656791260e+00   1.4061793269262834e+00   9.2825674775330969e-01   1.5009248951584921e+00
   6.2432700000000004e-03   4.0717305145954924e-01  -2.3077949180965840e-01   8.1182162290193960e-01  -1.6780936303978746e+00  -9.4175005817782731e-01   1.9081246238244320e-01   1.4787929949437781e+00
   8.6437500000000004e-03   3.3948027504672856e-01   8.2946637230000203e-02  -4.8904344235897590e-01  -1.5253438952721637e-01   1.6444020558711230e-02  -9.8009597525132375e-01   8.3197863156983398e-01
   5.4542000000000002e-03   1.2682234133312182e+00   5.9434552802961227e-01  -1.5171628686856847e-01  -1.7186181168623701e-01  -1.7142781693092279e+00   3.7673402855520322e-01   1.5513977907536793e+00
   5.5027799999999997e-03   1.3148925528934707e-01   6.8532482364658609e-01  -2.5698130574560919e-02  -2.0942960723444770e+00   5.2409673839748838e-01   2.6468460532125060e-01   1.5880015605740667e+00
   4.8957899999999997e-03  -1.1682318173645416e+00  -2.6931525021407865e-01   1.0854001603879464e+00  -1.6725536278033735e+00   3.7017457085183686e-01  -2.9118074102514252e-01   1.6707434356515489e+00
   9.3107799999999994e-03  -8.3469527105098654e-02  -3.9204961331289472e-02  -7.8846740758305311e-01  -7.5572787451335177e-01   9.2645944947653755e-02   2.4961849601775710e-01   8.4031419240446226e-01
   5.7215599999999997e-03  -2.6618405865580608e-01  -6.7555706657442882e-01   1.6627675015134837e+00  -8.6336973615654888e-01   7.8727523360386339e-02   8.4387974903688112e-01   1.4779760781142541e+00
   4.7397100000000003e-03   5.1906263997449842e-01   1.4965882268480935e+00   5.9100289384899296e-01  -1.1138328942561615e+00  -9.2174888930794729e-01   8.8367907550610325e-01   1.6722088550193628e+00
   5.2471899999999997e-03   7.5665465747799510e-01  -6.6635134978443045e-01  -2.0095176562423531e+00  -3.1996358792450030e-01   2.3948391229227800e-01   2.5969677450834450e-01   1.5873738648185656e+00
   5.5450899999999999e-03  -1.3383197467642942e+00  -2.1134382528497100e-01  -1.5153955036421320e+00  -2.7718861577043630e-01  -6.9456729353600144e-01   6.4009908119926817e-01   1.5674258239230465e+00
   5.4628500000000000e-03  -1.7828256167281984e-02  -2.7743173520900299e-01   1.9291494827406104e+00   4.3771609066685541e-01   1.0325896292409948e+00   3.4172148182769402e-01   1.5781599484451743e+00
   5.6382500000000000e-03  -8.6880547125897301e-01  -1.3703306563169617e+00  -1.2758048365431083e+00  -3.3759610409486529e-01   2.4956988453452159e-01  -6.9756385654624720e-01   1.5109254442325060e+00
   5.3959899999999998e-03   8.5748207462809078e-01   5.3667035507617877e-01  -6.5892345657283935e-01  -1.5419979828827062e+00  -1.0334800275708229e+00  -7.0155138181279486e-01   1.6330582240793297e+00
   5.2891300000000004e-03  -1.3390302269712386e+00  -2.9745027922785205e-01  -1.2290285437964041e+00   1.0827228621211380e+00   3.1045030597763407e-01  -5.9040572786801049e-01   1.5210746116237288e+00
   5.8761600000000001e-03   5.2810793493161678e-01  -1.1595849896645056e+00  -7.4309398733883036e-01   7.8502908168678873e-02   6.5390165984676774e-01   1.3218802909997340e+00   1.3815204774974366e+00
   9.0497000000000008e-03  -8.3446173166261306e-01   2.4917807726972435e-01  -2.7553406728061186e-01   1.0472835092874819e-02  -4.8563171544292150e-01  -5.8445134469707460e-01   8.5473219519165555e-01
   4.6935099999999997e-03   1.3785510443343582e-01  -1.4352723117357551e+00  -1.3362199309416367e-01   1.3236936017506915e+00  -4.9547805400708383e-01   1.2462966220142848e+00   1.6467257250837621e+00
   5.6032100000000000e-03   1.2383128656535436e+00   1.3238590755002315e+00   2.5800825640859115e-02  -3.9694210719950218e-01   1.2105323225899667e+00   2.4941895784465556e-01   1.5331046188113255e+00
   4.8545200000000002e-03  -1.6907898418330649e+00  -1.5376002295887001e+00   1.6631445288859428e-01  -5.9367423084597271e-01   3.4023859815131885e-01   1.3423658640666272e-01   1.6841333984760518e+00
   6.0972600000000002e-03  -1.0843876225956542e-01  -1.1370470301082427e+00   1.8720526326200160e-01  -1.5822702332203669e+00   4.9856640169251598e-01   8.6270287386609423e-01   1.5221315784050489e+00
   5.1853799999999999e-03  -8.0258919272955009e-01   1.2547256664177575e+00  -1.0203426525963073e+00  -1.3197156605481413e+00  -5.1202197983035380e-01   1.7104579773379550e-01   1.5834676503127223e+00
   5.4724600000000002e-03   5.9503322992214946e-01  -6.4315238838901423e-01   3.6449252251784386e-01  -1.7924608313143169e+00   3.1753881912035231e-01  -9.6154935121128537e-01   1.5599762779229753e+00
   4.8436699999999996e-03  -1.4103979906122088e+00   8.9130926088636250e-02  -7.2371929642174671e-01  -1.3594804869876773e+00   5.6755691493141980e-01   8.8630976002265327e-01   1.6105549105187327e+00
   5.3952799999999997e-03   6.4287714070103341e-01  -7.4789460612640246e-01  -1.2821849989500453e+00   8.7803917232672524e-01   7.3978165663781692e-01  -1.0945880607509844e+00   1.5604890617626570e+00
   6.0409399999999999e-03   9.7265202914414095e-01   3.8611484330499229e-01   1.7734835749863451e+00  -6.5902131651960572e-02  -5.2056844486986120e-01   5.0362589418596093e-01   1.5045464553910770e+00
   4.9987599999999997e-03   3.4429393070671316e-01   1.9121719607914727e+00  -8.5612391396282417e-01   2.6561125249886985e-01  -9.1677450041257191e-01   2.4588161065744732e-01   1.6233776342285815e+00
   5.4843899999999996e-03  -1.0666297725841636e+00   6.6737485638375471e-01  -9.1223296687654820e-01   1.0074872319988957e+00  -1.3482959557237775e+00  -2.9358552931178072e-02   1.5969224974528384e+00
   9.1327900000000000e-03   6.0168915245574695e-01   4.3366764452293050e-01  -3.0182225056540741e-02   8.0043775666147987e-01  -2.7784838729950168e-01   7.7882519384723944e-02   8.3604022757382312e-01
   4.8003000000000004e-03  -2.0289633748748694e+00   1.9638208075852183e-02  -7.6382073340218015e-01  -4.9399642809403349e-01   3.6784597829783250e-01  -7.7011328967650050e-01   1.6805885030171461e+00
   5.1642399999999996e-03  -5.5253915008092336e-01   1.0279495957257403e+00   6.0434821147666629e-01  -1.5881270513780357e+00  -5.4955431896908791e-01  -6.8584755484755344e-01   1.5011553879019137e+00
   5.1784900000000000e-03   4.9828600981246007e-01   1.3469326322927446e+00   1.0139106305977987e+00  -3.4192711283230148e-01  -1.2195585939154308e+00  -8.4055163243473363e-01   1.6124192597439286e+00
   5.1248600000000002e-03  -6.0909653972941735e-01   6.2090764912100227e-01  -2.4288346274109512e-01  -7.9052940877960354e-01  -2.0104354271786429e+00  -4.2246286470629037e-02   1.6382812973441483e+00
   9.4067700000000001e-03   4.7368151465006475e-02  -5.7709414356432920e-01  -7.5092951242511086e-01   5.5916379761720503e-01  -3.6700484254986798e-01  -7.2531846214217613e-02   8.5533281437682918e-01
   5.0156300000000001e-03  -1.1490705784532519e-01   8.4178809147517153e-01  -1.7548739331815773e+00  -3.9012104609149539e-01   3.6930465402749035e-01   1.1973389176065257e+00   1.6420035620096634e+00
   5.3622000000000001e-03  -1.4881243979432575e+00   1.1979148051112956e+00   2.8610593945528701e-01  -7.6039518706954201e-01   9.1772249528025873e-01  -1.7057045297841514e-01   1.5671578232309888e+00
   5.1007400000000003e-03  -1.7535739088733893e+00   6.0643790311331691e-01  -2.7044248951717148e-01   2.7509576373515687e-01   3.2455918242687670e-01   1.3126235282361185e+00   1.6274219316179601e+00
   4.3720299999999998e-03   6.5410465534036621e-01  -8.8165873315949869e-02  -1.2123584975559363e+00   5.0538101124660462e-01   1.9951257327528396e+00   2.3151792629040052e-01   1.7869916624623243e+00
   5.5207600000000004e-03   2.4659717483857171e-01  -1.1943837056616322e+00   7.2448451486681123e-02   3.4303761294287571e-01  -1.0295782749407794e+00  -1.5466692840455962e+00   1.5449603022372005e+00
   5.4974999999999998e-03  -6.3691791766273409e-01   4.7029259752167024e-01  -8.0100284325924298e-01  -1.3423434612412473e+00   3.2587532957449000e-01  -1.3324030542790430e+00   1.5092041142850368e+00
   4.7337600000000001e-03   3.0594368540081952e-02  -8.4342296483438509e-02  -5.1740535144884514e-01  -1.0120871477290823e+00   1.4700843915954837e-01   2.0916039386078107e+00   1.6704861402739937e+00
   5.9194199999999999e-03  -9.7604743983053854e-01  -4.4689681354237765e-01  -3.8230016641910169e-01  -1.6472375851131660e+00  -6.8435415383277209e-01  -3.0739187876722451e-01   1.4349668865254588e+00
   5.0896099999999996e-03  -2.0317058530109899e-01  -5.9616534434728863e-01  -5.8688697988009131e-01   5.5184775205659220e-01  -1.9731365529347364e+00   8.1155112192829681e-01   1.6722160242321986e+00
   4.4965900000000000e-03  -6.5071703337613501e-02  -1.0594167811951249e+00  -1.5801539590300835e+00   1.1334081102603240e+00  -1.0376076723285976e+00  -4.7941080065908992e-01   1.8154114866044098e+00
   9.3965400000000001e-03   4.0248450226354943e-01  -1.3598658772514360e-01  -2.6325537175693253e-01   1.7003835280529453e-01   9.9689374779467033e-01   2.0014443546962770e-02   8.4363866961643574e-01
   5.5389999999999997e-03  -4.7103545530195207e-01  -1.4711260763538216e+00  -1.0999852244311576e+00  -5.1914876471446658e-01  -5.3657792465855747e-01   9.7135860985266009e-01   1.5641471859951332e+00
   9.0092499999999999e-03   3.0930606796822380e-01  -2.2875981300380138e-02   7.4368996037434365e-01   1.1850658041922665e-02  -6.2479629477663257e-01  -5.4287709564181075e-01   8.4111313784228359e-01
   5.1596300000000001e-03  -5.2827338967045945e-01  -1.8676356195633768e+00   3.1046751092162267e-01   5.6267294775116850e-01  -9.8160995404104601e-01  -5.7188825584631349e-02   1.5364294584161557e+00
   4.7502200000000003e-03  -4.6269084055037635e-01  -1.3562947914721796e-01  -9.7903170998088063e-01   2.8275958853978328e-01  -1.2108516529274012e-01  -2.0920596340203490e+00   1.6690783491241783e+00
   4.3119100000000004e-03  -8.6027930526648783e-02  -5.9471059732674136e-01  -1.5696542208342050e+00  -1.8013290352969520e+00   2.1015640424408022e-01  -3.3994847349254426e-02   1.7638373943031107e+00
   9.1795300000000000e-03   3.9332405787961272e-01   1.9156817281036914e-01   2.4697255923262570e-01  -3.0738896530036064e-01   1.0699139483991996e-01   9.7489862969737828e-01   8.4486437845808071e-01
   5.8761100000000004e-03  -1.0324328132855929e+00  -8.9075374161395271e-01   4.0412889729832324e-01  -1.6612358529788965e-01   1.0942394730386687e-01   1.6370664702057629e+00   1.4881519723388641e+00
   4.7141500000000003e-03   1.6319021422024285e-01  -1.3878594123253278e-02   7.3006244757146643e-01  -4.6583911561825719e-01  -1.3299782373179745e+00   1.7339074999834498e+00   1.6120312540904462e+00
   5.5107500000000000e-03  -7.1005566993669134e-01   9.8414657460037458e-01  -4.8819003864779914e-01  -1.8664867429347443e-01  -1.0827678132310297e+00   1.4207319611557740e+00   1.5105089106701450e+00
   8.7832099999999996e-03   1.0794146354443519e+00  -3.1034828873542836e-01  -1.3308060726286397e-01  -3.1197862797604131e-01  -1.5510232682210803e-01  -5.2752058041419915e-03   8.4687447523788029e-01
   5.2196999999999999e-03   8.1165638513184257e-01  -3.3681127641226279e-02  -2.7324974900109256e-01   1.5296888891848759e+00   7.0795322273929895e-01   1.2495134423948342e+00   1.5392662008265101e+00
   5.3892300000000001e-03  -4.4114414389268652e-01  -3.2403325473729677e-02  -1.6901416985019206e+00  -5.1088630337706020e-01  -1.0249509888113710e+00  -8.7570070432455982e-01   1.5668703546123219e+00
   5.2338300000000001e-03  -2.0481435042751430e+00   3.2860428111165291e-01   1.4000298979895662e-01  -4.9276134113264097e-01  -8.6849052226266921e-01   1.0474487108103836e-01   1.5985583790850559e+00
   5.7939100000000002e-03   1.8858885186135457e-01   7.9312580580039305e-01  -1.5019170304078049e+00   1.1159547891023147e+00  -1.6820515778442979e-01  -7.9108446568894020e-01   1.5011321095064387e+00
   4.8861599999999996e-03   2.0151526601309442e+00  -1.7759685135614939e-01  -1.9700129543238790e-01  -6.1563094948304128e-02   9.2584414429047701e-01  -7.6389355211095311e-01   1.6527468385539947e+00
   9.2859199999999996e-03  -2.5743802610866701e-01  -1.3441133617244275e-01   3.0840375708591161e-01   7.4061549518180880e-01   4.1693065030539106e-01  -6.5005897994150641e-01   8.5041957748221331e-01
   4.8693199999999999e-03  -1.4774637327657538e+00  -6.3266475893471197e-01   2.7282372106503333e-01   6.0009792201076462e-01   1.6047520065401923e+00  -2.3078129396987396e-01   1.6838472352942435e+00
   4.0479399999999999e-03  -2.2301235140502021e-01  -2.0136879336903486e+00   9.0012317983222040e-02  -1.2929985948330631e+00  -4.0495822880456717e-01  -6.3416343305164913e-01   1.8073699106035284e+00
   5.0366500000000002e-03   5.1867510459298505e-01  -1.0302087808616158e+00   7.9805018140735470e-02   1.9478792325195331e+00  -1.0196965212507163e-02  -3.7415056759234422e-01   1.5623400246337371e+00
   5.8545799999999999e-03  -4.7517933558149478e-01   1.0593114050533292e-01  -1.8396426407646442e+00  -8.6882779183311679e-02   8.5001583851118911e-01  -5.2925741902928547e-01   1.4559715976788086e+00
   6.2573500000000001e-03   1.2233603006728653e+00   7.1721553295872087e-01  -1.2932445855872867e+00   4.6018440267328897e-01   4.8052165296424804e-01   3.6870021465089553e-01   1.3802959767734304e+00
   4.9253700000000001e-03  -1.4466997851024638e-02   8.1548309139407060e-01   5.3725861868694647e-01  -1.0080191014110043e+00   1.2163806153653645e+00  -1.4077781372247797e+00   1.6014683808181758e+00
   5.2182900000000004e-03  -1.2610975331748979e+00   1.3987121359819628e+00  -1.2964211740872547e+00   2.7198350545870703e-01   3.2030554832479664e-02  -5.3594746826283526e-02   1.5948880232528315e+00
   5.6127900000000003e-03   1.2613424240948257e+00  -9.5942789109486359e-01   1.1903833514976918e+00  -7.0891624694984789e-01   6.7562905352709768e-01   2.4045739735676239e-01   1.5172831125682251e+00
   5.0793499999999998e-03   2.7828001580201261e-01  -2.1509941981563925e-02   1.9268074797623675e+00  -8.6367240710063720e-01  -1.0491360481402358e-01  -1.0721069385246811e+00   1.7036848566412168e+00
   4.6592200000000004e-03  -1.0754301135739905e+00  -1.0814079638662166e+00   4.8442761166497539e-01  -9.5140926668640935e-01  -1.3552573753722335e+00   7.8292506859157540e-01   1.7359478016335992e+00
   4.4963900000000003e-03   6.3837578647941862e-01  -6.5226481296676175e-01   9.1135040597165862e-01   2.8424091260453194e-01   4.6185833645174523e-01   1.9714071137841027e+00   1.6802763022062921e+00
   5.5922599999999999e-03   1.2438790050914956e+00  -9.9937495231498163e-01   7.8020862674180999e-02   7.7754288612527567e-01  -1.3495672617818502e+00  -1.2594267735969993e-02   1.5169478148787114e+00
   9.5969400000000000e-03   2.8418614846965840e-02   1.1597924604540671e-01   6.2804901580046091e-01  -7.5228486273016570e-01   4.4637166258517846e-01  -1.8906744935922087e-01   8.4155443883710657e-01
   5.6654799999999996e-03  -7.2687415712396841e-01   3.2224778848338409e-01   7.6089613568281034e-01  -7.6262255008791302e-01   1.4910698464201644e+00   1.0294836702942989e+00   1.5675483264589007e+00
   8.7393699999999998e-03  -9.0358120527528910e-02   1.0146849642108702e+00  -8.6652312159511427e-02  -3.5130349119849307e-03   4.9856089640558415e-01  -2.8683393077410724e-01   8.4347877721651154e-01
   5.8597900000000001e-03   1.1530760212820266e+00  -4.4613329112082156e-01  -9.8493580275535719e-01   1.3731451185694188e-01  -7.5047445488811115e-01   1.3178404202855705e+00   1.5139391703051348e+00
   5.7260999999999996e-03  -3.5552077265298365e-01  -1.4001476855427857e+00  -7.6971794832187423e-01   1.1014315613934644e+00   9.5293432312699700e-01   2.6252024863783896e-01   1.5115708988835557e+00
   4.5754500000000000e-03  -9.6745348649780336e-02  -2.1416619779272050e+00   6.9434571817130142e-01   2.3850586098424734e-01   5.6595296857455313e-01   6.5251128920769585e-01   1.7094476250034087e+00
   5.2714600000000004e-03   4.2060696968922222e-02   6.5949418564521023e-01   4.6025345150941888e-01   3.4105418854990321e-01   2.0816485878930706e+00  -2.6839791592640000e-01   1.5651173781343537e+00
   4.4887499999999997e-03   1.7331465347919681e+00  -3.2544428438190626e-01   5.7978046943870010e-01  -7.0209631048141985e-01  -8.3010276059011545e-01   9.7513726230628917e-01   1.6227445319747631e+00
   4.9621999999999999e-03  -1.1951564864370392e+00   5.5357823439399967e-01  -8.1619704775965241e-01   4.4803051180909176e-01   1.5799195677883484e+00   3.6384605963602762e-01   1.5458692952233282e+00
   5.5523700000000000e-03   7.7390114585382341e-01   6.3001675575926230e-02   5.4896353676891341e-01   1.1031165943051873e+00  -9.8475980059143553e-01   1.3124004554708606e+00   1.4745465335746863e+00
   5.0185500000000001e-03  -5.3059520954370243e-01   6.3222188942551327e-01   1.9455746436675216e+00   8.7940889866258076e-01  -3.9491282638179037e-01  -4.4102069953682271e-01   1.6662867259383711e+00
   5.0650399999999998e-03  -6.3820020910677489e-01  -1.0987291993845333e-01  -3.6462019830234044e-01   2.0015542001601374e+00  -4.0662582902644762e-01   5.3117319760169202e-01   1.4945785189574741e+00
   5.0054100000000001e-03   1.2632165938876188e+00   7.9861461947550716e-01   9.1482077729161462e-02   1.5518654826763274e+00   8.5906979781002424e-01  -2.7835299730667074e-01   1.6256215825173774e+00
   8.9134200000000000e-03  -4.8534113180378752e-01   4.9990098748748835e-01   8.0541829637645479e-01   3.0643357809719024e-01  -1.1618068451460409e-01   3.4865306773714294e-01   8.4439665825313925e-01
   9.0924500000000002e-03  -4.0000025796671529e-01   3.8263857558854830e-01  -6.1008385959026756e-01   4.9026765096429470e-01   1.1677106551979084e-01   6.0755835489505006e-01   8.4253142245952584e-01
   4.9541400000000001e-03   1.5536878909871672e+00  -8.2976364515884704e-01  -8.9050408947443960e-01   1.1189690478171881e+00   2.7693455615022483e-01   2.6557610390115066e-01   1.5610007318995052e+00
   9.2952999999999994e-03  -9.6103730806368126e-01  -2.6059454488992989e-01   6.4858593108209434e-02  -1.5873281057087546e-01   5.2413873518205234e-01   1.5742306015295138e-01   8.5286297597145888e-01
   4.7082399999999998e-03   8.6174277466437921e-01   6.6037867001114736e-01   3.8498622640245443e-02  -7.3932576378737758e-01  -1.5850403369009328e-01  -1.9467175765776634e+00   1.6232904358553537e+00
   4.9013199999999998e-03  -1.6801382095779835e+00  -6.1982376043230236e-01   4.2118040846940846e-01   7.2093315971906502e-01  -1.7796120806041296e-01  -1.2191499228802056e+00   1.6122897367833202e+00
   4.4190300000000000e-03   7.0639560501034870e-01  -2.0094772560077669e+00  -1.0079193724958277e+00   1.2139917735664213e-01  -3.3828916397516984e-01  -3.3690144973663905e-02   1.6178927038425348e+00
   4.8503799999999996e-03   6.3032990438687819e-01  -1.4406151654225932e+00   1.3305823645041637e+00  -5.9584949096104112e-01  -7.7428668104560872e-01  -2.4837914002866618e-01   1.5455891430203694e+00
   8.7226100000000004e-03   2.0218989416135422e-01   7.8971759840783518e-01  -1.2589179231404571e-01  -4.7126663936071334e-01  -6.6033226808414713e-01   2.9463093883693406e-02   8.3705203614041468e-01
   5.2789500000000001e-03  -8.6335548323994971e-01   1.0155526132580182e-01   1.3966734340938858e+00   7.3637768929069132e-03   1.1814682070304987e+00  -9.6091508244370605e-01   1.5142071677365470e+00
   0.0000000000000000e+00   0.0000000000000000e+00   0.0000000000000000e+00   0.0000000000000000e+00   0.0000000000000000e+00   0.0000000000000000e+00   0.0000000000000000e+00      1.4516466667709393e+00
