   5.4060000000000002e-03  -1.8390342851317454e-01   1.7569484920303571e-01   3.3583835490356451e-01  -1.2087177954792088e+00  -9.5308449333711232e-01   5.4268180506028985e-01  -1.5284674204639388e+00   2.1193814589468118e+00   1.4043518184190784e+00
   5.2998799999999999e-03  -9.1355418398847021e-01  -2.5341636924040262e-01   7.2168577537280487e-01   7.0356020292198596e-01   1.2216350246854093e+00   1.0461430024406428e+00   8.2529471435800950e-01   2.0902656618007738e+00   1.3947785076734280e+00
   5.8623599999999996e-03  -2.5168513680403370e-01  -2.3105992517431900e-01   1.2925770548715707e+00   1.8472055334074200e-01   1.4678977740930410e+00  -8.8247766297742247e-01   5.0931890914321842e-01   2.0968530529935463e+00   1.3974830582036659e+00
   4.8150700000000003e-03   3.4522693708510493e-01  -1.8408303258176761e+00  -6.5309649163859296e-01  -1.0092548464748301e+00   7.6474979867204057e-02   5.9716730800279083e-01   5.0394605513307045e-01   2.1979302788564552e+00   1.4293287733127016e+00
   5.3716199999999997e-03  -1.6793860374104992e+00   2.5661875014070235e-01   5.7377429881917674e-01  -1.3482833190555494e+00  -5.6707220527709123e-01  -2.5103576785887083e-01   2.1316434192158848e-01   2.2011141532130818e+00   1.4319761813663177e+00
   5.5363299999999999e-03   1.1436243372256281e+00  -7.4169002050402083e-02   9.2036139391886063e-01  -2.9391758232486570e-01  -7.0237401281219480e-01   5.9008815384443059e-01   1.4583474155328517e+00   2.1444209517158432e+00   1.4129723518345245e+00
   5.0027300000000004e-03  -4.4768246806051853e-01   4.3220006144545420e-01  -3.0149540543719899e-01   7.1150886822693415e-01  -1.2528392524235137e+00  -3.2274475321637391e-01  -1.7523037044615044e+00   2.2596767961854001e+00   1.4508371153440056e+00
   5.3028399999999996e-03   1.4879788268848204e+00  -3.0317633781245978e-01  -4.7460465159158066e-01   1.4595315895750800e+00   7.0488385051951086e-01   1.9368834317844225e-01  -1.7568986582809804e-01   2.1003227255881463e+00   1.3983916786357751e+00
   5.0358900000000003e-03  -3.4074373108206191e-01  -8.9578366501552309e-01  -2.3167782794401465e-01   8.1765848461326429e-01  -1.0307417183951264e+00  -1.0821442971732291e+00   1.0819808711682415e+00   2.0313118366815446e+00   1.3744450240939037e+00
   5.9657299999999998e-03  -1.1682233474318562e-01   3.5533346030571006e-01  -1.4060455805575274e+00  -4.6912213707721534e-01   1.5853702883954224e-01   1.7307051859351638e-01  -1.6068489510634687e+00   2.1023394337218404e+00   1.3990319964890332e+00
   5.9755600000000004e-03   1.3021486404090099e-01  -7.4285940002806938e-01  -5.8041009754494144e-01  -8.0402255820396618e-01   6.4719133748492280e-02   1.5978656337408128e+00  -8.5483506593153602e-01   2.0548846920048010e+00   1.3835459415513627e+00
   5.1842800000000003e-03  -1.2697305112486856e+00   1.1843524846267341e-01   5.6601461036717060e-01   1.4277584154997480e+00   5.4997595317258308e-03   7.2067715455365888e-01  -8.1522775987389295e-01   2.0794389573770733e+00   1.3907766706460654e+00
   5.8087499999999997e-03  -9.0956596743576201e-01   1.8483110698007088e+00  -1.8653068251579144e-01  -2.3687140696837952e-01  -1.6425015282685562e-01  -4.3345846111936176e-01   7.6944212937216161e-01   2.1267247116282042e+00   1.4078289279096650e+00
   5.1089200000000003e-03   1.1624062878533645e+00  -8.3350180456600212e-02  -1.0901521436826853e+00   6.1922707435255109e-01  -1.1317768185113945e-01  -1.5640003801596807e+00   5.4572613333181463e-01   2.2504189962981562e+00   1.4477212914397888e+00
   4.7361000000000000e-03  -4.2227142865486816e-01   5.9435764517933665e-01  -6.2298363740381213e-01  -1.7758062051587686e+00   2.9553023774680537e-01  -1.9416342813994716e-01   1.1616025554895801e+00   2.1614946512165356e+00   1.4176229560137714e+00
   5.7147400000000003e-03   5.5774929039491383e-01  -1.2374559631704257e-01  -9.7948713526873332e-01  -9.1746555469188329e-01  -3.0960150758719990e-01   1.1833135758402511e+00   1.1708846093344816e+00   2.0680127346231911e+00   1.3876235746946435e+00
   5.1359900000000000e-03   6.1210598383030523e-01   1.6161014620959260e+00   1.0228272741432816e+00   2.6735825648231110e-01  -8.2335226201379486e-01   6.6364619620574522e-02   7.3965735702656865e-01   2.1338401549741146e+00   1.4092136593576814e+00
   5.6987100000000001e-03  -1.1714949884972090e-01  -1.0889223401518262e+00   7.1931436927286774e-01  -6.4769451828601887e-01   1.5443430716579396e+00   7.2672224438888300e-01  -2.9216430772614110e-01   2.1385754582273195e+00   1.4110222043411649e+00
   5.2706400000000000e-03   5.8235271365749053e-01  -7.6742980923780668e-01   1.1552451988733217e+00  -1.4575895236706327e-01  -9.3799678238203332e-01  -6.9241387018098532e-01  -1.3077699208051448e+00   2.1620511603279899e+00   1.4186113266860207e+00
   5.5983400000000003e-03  -5.0605419317577616e-01  -7.3056746677585194e-01  -3.3860729226091202e-01   5.9537527491735387e-01  -2.0111588826272639e-01   6.5402703105653082e-01   1.8793353421812389e+00   2.1728848887769305e+00   1.4222066925068353e+00
   5.9971800000000004e-03  -1.7932341840196628e+00  -6.3217380982543825e-01   6.1312875775702358e-01  -1.3278477236657230e-01   7.4200620654488425e-01  -2.5560488781599466e-01  -4.2112025256056357e-01   2.0394268179808295e+00   1.3782921505727359e+00
   5.5513999999999997e-03   1.6895964549447391e+00   4.7923493135144146e-01   6.0221746983557778e-01   2.7666040968279998e-01   7.1520769891278824e-01  -6.1996790374892152e-01   9.0982795490083057e-01   2.1396704418602996e+00   1.4117649901697025e+00
   5.3319600000000002e-03  -6.2959126814353916e-01   8.3561708801766499e-01  -1.0896004506018515e+00   5.3287850406032851e-02   9.4248827505055111e-01   6.8147124649162205e-01   1.3075130813550773e+00   2.1501552509953870e+00   1.4150527700013749e+00
   5.9252100000000002e-03   1.3696186253104905e+00  -2.1771651072427911e-01  -4.7031190449043098e-01  -1.3361198688045761e+00   8.8644585549390698e-02  -6.9308037822804425e-01   8.0586879803904021e-01   2.1204238728113856e+00   1.4056588377872985e+00
   4.9217100000000001e-03  -6.7624140451621761e-01  -6.0393192781399518e-01  -2.0071374684429024e+00   1.2056582885804459e-01  -1.0236876285055065e-01   9.1827207314607906e-01   3.5181326090681092e-01   2.3173082282918989e+00   1.4689513775251777e+00
   5.7228000000000001e-03  -3.6035433348071838e-01   1.0414007486764902e+00   9.8349606587004368e-01  -3.4322651153304173e-01  -1.0158535599783078e+00  -1.1885339084780611e+00  -5.2243475352882762e-01   2.0772176769656934e+00   1.3912094734643836e+00
   5.5924199999999999e-03  -3.0097745656455965e-01  -6.7182187997931508e-01  -1.2823776888569485e+00  -1.6014118784307896e+00  -6.0291328978542802e-01  -1.2674951393073794e-01  -1.9430746801186072e-01   2.1309319364306365e+00   1.4085579410548097e+00
   5.5565299999999996e-03   1.0237398906370447e+00  -7.4173202632392077e-01  -6.1931857295708337e-01   7.2567301438055842e-01  -7.1791299973075173e-01   1.4596939852448498e+00   1.9022687352263479e-01   2.1351801023452301e+00   1.4099106418192930e+00
   4.7413899999999998e-03   1.5850707259108230e+00   1.0196011000448384e+00   6.6100289398285073e-01   9.5912591451378781e-01  -1.8844000427278369e-02   9.7111307747449471e-01  -2.8070719115867393e-01   2.3296647117301341e+00   1.4727300670638643e+00
   5.5446100000000002e-03  -4.8138524615263223e-01   7.8466453752430915e-02  -2.2779668111939280e-01  -2.8688932786084631e-01   1.6576321916402814e+00  -7.3730004526241222e-01  -1.1416074593317431e+00   2.0507902463595737e+00   1.3816964126832627e+00
   5.1149899999999998e-03   7.5071671981402388e-01   7.7545163642429571e-01   4.1392376455308755e-01  -5.7384841381955509e-01  -7.8587578310658590e-01   1.7941664814581204e+00   5.1259947146820119e-02   2.1884073096881997e+00   1.4277324219395104e+00
   5.7108699999999998e-03  -1.1839935225434364e+00   9.8300371450859914e-01  -4.9489866695447172e-02   1.0385004770621620e+00   1.1827053448069647e+00  -5.0348349563148820e-01   1.4967124613132152e-01   2.1111703805741131e+00   1.4023731225696439e+00
   4.3214300000000002e-03   6.2575188632330503e-01   4.1954676171377731e-01   3.9980370830542643e-02   1.0061091816474050e+00   1.4829664293081046e+00  -1.4310620914356718e+00  -4.3292078287813623e-01   2.2775037884600993e+00   1.4549908964884772e+00
   9.5298699999999993e-03   3.2477558911770210e-01  -6.2578730385120029e-01   3.4225625386726155e-01  -4.0700384196305073e-01   1.6236429755256482e-01  -3.4396034712317843e-02   1.6296784598376690e-01   1.1414328557476479e+00   1.0544216744277837e+00
   5.5888400000000003e-03  -4.7782171140547042e-01  -6.3978806023615431e-01   4.2445758137025424e-01   7.1173920305890259e-02   3.3684376167133356e-01   4.8538525931071758e-01  -2.0381639993282579e+00   2.1853712640765739e+00   1.4262413756295726e+00
   5.6417899999999998e-03   1.0047515787524814e+00  -4.6356843388426425e-02   5.6717390677914292e-01  -2.3023171255029132e-01  -1.3316086773704048e+00  -1.1166631581533562e+00   7.1276968241091809e-01   2.0416740084118885e+00   1.3785480098949474e+00
   5.1659300000000000e-03  -9.4003704987643644e-01  -7.6581159901168949e-01   1.5654618082867571e+00  -4.7054150647719589e-01   1.0320791757955904e-01   2.9216695537254694e-01   1.1368802440544548e+00   2.2154992470203596e+00   1.4359361914638802e+00
   4.9204100000000001e-03   1.9065524458302587e+00   7.3418007113083561e-01  -6.4403575513158884e-01  -2.8041869618701594e-02  -8.5464401490880393e-01   2.4598595206218785e-01   5.0175491784851600e-01   2.1999549887473857e+00   1.4307792617094492e+00
   5.7358100000000000e-03   1.0022657543129763e+00   1.4491250378455681e-01  -8.4749962395822831e-01  -6.5903413500648822e-01  -1.0535254513334589e+00  -9.4962808203004878e-01  -8.7505889396169412e-01   2.0634357101156904e+00   1.3860713032330478e+00
   5.4459799999999996e-03  -7.5566786923768614e-01  -7.7238933709990387e-01  -4.8494343940509715e-01   4.7985008733900120e-01   6.3738003679142707e-01  -1.8240720634649461e+00   8.3392809694011180e-02   2.1732747165385220e+00   1.4230187190362444e+00
   5.4891599999999999e-03  -6.3699571200660998e-01   7.1823679459936141e-01   5.5383973750022730e-01  -6.8719983739563184e-01  -2.1714718369484462e-01   1.0895757007554769e+00   1.4784766949154799e+00   2.0894792970747131e+00   1.3950112760344211e+00
   5.6897600000000003e-03   4.6355769742730468e-01  -1.6425627652405159e+00  -3.8785902176520259e-01  -5.2371756271814396e-01  -5.5663659870057547e-01  -1.2155742048683058e+00  -4.3647814789051026e-02   2.1169437088365379e+00   1.4041524814241844e+00
   5.4663200000000002e-03  -1.6104776165232397e+00  -3.2296380997374735e-01  -7.3477177511269220e-01  -3.3385676887787535e-01  -6.8841234262213902e-01   6.6641488355553891e-01  -9.3805529954862832e-01   2.1060303802446461e+00   1.4001625849808608e+00
   5.7016000000000002e-03   1.0487041398103598e+00  -1.1502481234219706e+00  -3.9219753601119367e-01  -7.5425284606637041e-02   1.4210038102506073e+00  -7.6219399494050910e-01   1.7455035098948235e-01   2.1543740412976344e+00   1.4166938567549086e+00
   5.0483600000000000e-03  -1.0407078098848574e+00  -6.4279861584741171e-01  -6.6458061652085987e-01   1.7915574423382374e-01   1.7500614486071293e+00  -1.7514284447834405e-01   5.9901287314978380e-01   2.1726373140106032e+00   1.4211433108195388e+00
   5.9394399999999998e-03   5.7010083491628094e-01  -5.9830534055655926e-01  -1.1535652666480702e+00   2.6203351785706534e-02  -1.4434021264409849e+00  -1.3019399055300321e-01   8.4592922730692099e-01   2.0624880261127414e+00   1.3851104547094679e+00
   9.6735999999999992e-03  -3.1459320823526227e-01  -2.5043637866153901e-01  -5.8626520380762670e-01   2.0954335476379915e-01   2.6961490319459369e-01   4.4125923066422346e-01   1.7500428739201962e-01   1.1496517808228799e+00   1.0581022160022449e+00
   4.8992799999999998e-03  -2.7370235225471912e-01   1.5962356431130869e+00   9.6411747370051237e-01  -1.2633118825402556e+00  -1.7394422760714978e-01   4.7580652905800291e-01  -2.3553484817984155e-01   2.1513407698742593e+00   1.4144086231652331e+00
   5.6104099999999997e-03   4.3771876455585024e-01   6.2274100651688613e-01  -4.6227507773391285e-01  -9.3143472085433998e-02  -3.5769106444195203e-01  -4.8259287157952935e-01   1.9471845192835289e+00   2.0486905326589069e+00   1.3808353894598546e+00
   5.5590099999999996e-03  -1.5063892247907915e-01  -8.6924265452669647e-01  -1.4214685636009454e+00  -4.3533049613908997e-01   3.4874776784439904e-01  -6.8053203185874889e-01   1.2280937248535708e+00   2.0878202941345525e+00   1.3942376229127766e+00
   5.2778900000000004e-03  -1.3949315182528013e+00  -7.4416785799399985e-04   7.9572570145171356e-02  -2.3268238278303147e-01   4.4193241321931659e-01  -8.1294314768273446e-01   1.5309537134608748e+00   2.0930219552574933e+00   1.3960662433787443e+00
   5.3084700000000000e-03  -4.8856862636001092e-01   1.4942078349054002e+00   3.0517441843271387e-01   1.4895615891097091e+00  -6.4905494536079766e-01  -4.5930661133901991e-02  -1.6145853970047949e-01   2.1245196695380382e+00   1.4058651392207093e+00
   5.6831800000000003e-03   1.6360277840611988e+00   7.9377298444924105e-01  -7.5940304420080396e-01  -1.8885901014869935e-01   8.1678915089316517e-01  -4.4688630759197034e-01  -6.6234409412303841e-01   2.1430472824848716e+00   1.4131987583787826e+00
   5.6375799999999997e-03   7.8252657158609251e-01  -6.7208803857919475e-01   1.2836786445672688e+00  -2.3557216126206892e-01  -4.8316097211795189e-01   1.1943425665263010e+00  -8.1037046715953454e-01   2.1261749651866539e+00   1.4065001585938683e+00
   5.2355600000000002e-03  -1.1304462923672287e+00  -1.5328489430491254e+00   2.9765232000167691e-02   4.9199446549343712e-01   6.8686642808014606e-02   1.1907112622271254e+00  -2.8393035170371506e-01   2.1715167585259350e+00   1.4212853344219503e+00
   5.8279600000000001e-03   3.6172097722559970e-01  -3.9879209008146127e-01   2.2196070690767913e-01  -6.8389052211415480e-01   1.2071331402268071e+00   2.7815036358372541e-01   1.6575363553795224e+00   2.1152085560134131e+00   1.4038028929805288e+00
   5.2090799999999996e-03   9.6566599435945510e-01  -8.6114380317580841e-01   1.1591474391368017e+00   8.2702815743716807e-01   7.9227997751094226e-01   4.5512526905444489e-01   7.6424954141810630e-01   2.0814908184626497e+00   1.3914036037224016e+00
   5.6336499999999996e-03   1.5646693498881722e-01  -1.4646323635879439e+00  -1.1788611396972790e+00   1.1715915843993350e+00  -9.0760804002608997e-02  -2.5200779363396003e-01   2.5435566901596035e-01   2.1150946191272060e+00   1.4029509287617146e+00
   5.2155800000000000e-03   1.7879856500419455e-01  -3.6103127283288683e-01  -2.7218018791869752e-01   1.3297818728413455e+00   1.1090924732421585e+00  -5.1340232312822609e-01   1.3119962026092558e+00   2.1000961252538537e+00   1.3982366451312216e+00
   5.8971400000000004e-03   1.2167282004625140e+00  -2.0543583884052810e-01   1.1225513097384776e+00   3.4548880948613020e-01   9.5573423318756567e-01  -1.5646002522100017e-01  -1.0728677789123364e+00   2.0900448128392699e+00   1.3952450311888125e+00
   5.1666500000000001e-03  -1.3147649817723310e+00  -4.9439029392919709e-01   1.1305981136600407e+00   1.3169233715862880e-01  -1.1918645288324228e+00   3.0361991927430343e-01  -7.6946783472300251e-01   2.1793027870905228e+00   1.4234215379038546e+00
   4.6968200000000000e-03   2.6551547940513226e-01  -3.9278052176526801e-01  -1.5528672478119449e-01   7.0365072688665609e-01  -1.2562196391200622e+00  -1.6834985865414918e+00  -5.9510459974225738e-01   2.1511452411041110e+00   1.4140213491928635e+00
   5.3875299999999997e-03   6.8135612291089442e-01   1.6351761904073367e+00  -6.7970214908682525e-01   1.0932595051624516e+00   4.4128472028779731e-01  -2.5258022424040205e-01   5.4252149329329391e-01   2.1543578254467546e+00   1.4165443096423120e+00
   5.4395700000000003e-03  -1.2908396853342434e+00  -7.6592207353084796e-01  -3.7783999373170613e-01  -1.0346078230152400e+00   5.4196321712376982e-01   9.3274570552423608e-01   7.7362170705791033e-01   2.1229329327494204e+00   1.4061175348560517e+00
   5.6379300000000002e-03   5.0706845921439814e-01   8.6708139545668383e-01   4.2392903160038958e-01  -7.4045260468674001e-01   8.2408139839715799e-01   1.0467842440713908e+00  -1.2709106476531160e+00   2.1223511994046649e+00   1.4056166779219765e+00
   5.9299200000000000e-03  -1.3803565714025487e+00   1.1780761404526601e+00   2.4270379282068563e-01  -1.6700291178860474e-01   1.4764237577314834e-01   1.2955810018727348e-02  -1.2864727926085497e+00   2.1210852125957906e+00   1.4055976884215893e+00
   5.5205899999999997e-03   1.7213407968203617e-01   2.9449658121462746e-01  -1.2658350623784551e+00  -3.2733819388831698e-01  -1.4671518498129670e+00   8.9665912215338794e-01  -4.6774471015615809e-01   2.0625659989982190e+00   1.3855340117147441e+00
   5.5568199999999996e-03  -1.7138252221179091e+00   3.5786798026215377e-01  -6.6455042734775205e-02   5.1467566382242769e-01  -8.1822644650441612e-01  -1.0555892275056369e+00  -1.1121126071977355e-01   2.0942013144474090e+00   1.3966390089994365e+00
   5.5729899999999999e-03   6.8434590554331243e-01  -7.1108580587182324e-01  -6.6666012352479165e-01   6.7296915984448269e-01   2.3099609693142709e-01  -9.6164189945160827e-01  -1.5708667716373050e+00   2.1687320842514413e+00   1.4213235398864714e+00
   5.4323200000000000e-03   7.7925419077136926e-01   8.2491227610981332e-01  -1.2791613327886115e+00   2.8785196785419082e-01   4.7326500837958924e-01   1.4268410452626437e+00  -2.9690435777127355e-01   2.1740527345962861e+00   1.4228358417010090e+00
   5.7851300000000003e-03   1.2025782663604663e+00  -8.0587047598596206e-01  -1.6111927937747919e+00  -2.5896225628985492e-01  -2.8150370587128534e-02   1.4083437003265942e-01  -3.9749822564668758e-01   2.0598823778708208e+00   1.3848069906354550e+00
   5.3561099999999999e-03   8.1832848928383417e-01   2.8271292837762163e-01   5.4290641372035686e-01  -1.1894839257448913e+00   1.6056398341629223e+00  -4.0195099485692537e-01  -1.0029155230800620e-01   2.1174783657093297e+00   1.4033047664461284e+00
   5.6495199999999999e-03   1.8049104050005664e+00  -4.1819109581478231e-01   7.4282859830378162e-02  -5.5830994075514695e-01   7.1293721432491575e-01   1.0097013630912932e+00   1.4741230565122282e-01   2.1761515051474567e+00   1.4237974991039761e+00
   5.6124900000000004e-03  -1.5374659554115180e+00   3.5803364964140300e-01  -1.2851613331556631e+00  -6.6861600923789366e-01   5.7497010052812625e-01  -5.7932337878717766e-01  -2.7188863473596336e-02   2.1525192538464668e+00   1.4160614982184991e+00
   5.5183000000000003e-03  -9.6814585043172274e-01   1.1722317434552185e+00  -1.3289156504204984e+00   7.1553103694280185e-01  -2.7659009375150151e-01   4.1620798593676800e-01  -4.1853567431188304e-01   2.0594504702591157e+00   1.3846840393567563e+00
   5.7974899999999998e-03  -4.5948062091141678e-01   1.4703742599576325e-01  -5.7539000476362745e-01  -7.7637848707047608e-01  -6.7623400173896775e-01  -1.7205678961332378e+00   6.9632968821453400e-01   2.1105165754058230e+00   1.4020593091400337e+00
   4.8757100000000001e-03  -9.5289029933880465e-01  -1.4297531436665745e-01  -1.4045026268110825e-01  -1.6693368237617074e+00   8.0676013959174897e-01   3.8859103833462144e-01  -1.0537938440906118e+00   2.2129247754988910e+00   1.4347876453291077e+00
   5.3242899999999998e-03  -2.0361092752435197e+00   3.7929867028590181e-01  -8.8626674782324541e-02   4.6434280096438996e-01  -1.0212907261762667e-01   6.9471499349881560e-01   6.6286280425605582e-01   2.2041312328775793e+00   1.4323177156213589e+00
   5.4816900000000000e-03   1.1943940672262197e+00  -8.5093693237280732e-01   3.4985945064291493e-02  -1.0853354352624489e+00  -1.2477807072668292e+00   4.9814638181374427e-01  -5.4078973731793711e-02   2.0965154032689517e+00   1.3971305459065535e+00
   5.7328099999999996e-03  -7.4739572833536017e-01  -7.9581315773741268e-01   1.2201336673361887e+00  -2.5035082971651890e-01  -5.2602902192521883e-01  -1.4138329976090864e+00   2.2458088229519896e-01   2.1005374137500046e+00   1.3985737390678088e+00
   4.9510300000000004e-03  -7.9658013349891388e-01   3.5127084776139028e-01   7.4560859370485255e-01   2.7033516952896869e-01  -1.3945040666352781e+00  -2.9747466865559036e-01   1.5311840338181517e+00   2.2883628858150415e+00   1.4596179668389138e+00
   5.4094199999999999e-03   3.2659545535258994e-01  -2.0441287200043118e-01   7.1651376221590324e-01  -1.9801658873087102e+00   2.7155144830945677e-01   7.2946344994451662e-01   3.1660450070964280e-01   2.1489012728539643e+00   1.4146510942115249e+00
   5.7088099999999999e-03  -4.5107357888608102e-01   1.6306325262280539e+00   4.0129471493088403e-01   5.1683433652044197e-01   5.3145155019471757e-01   1.2412292580954345e+00   7.9563299252974104e-02   2.1144632290077694e+00   1.4035517190270477e+00
   5.4756500000000003e-03   4.9668076440265152e-01   1.9606030938064569e+00  -4.2875601679163050e-01  -4.0586979955799185e-02  -5.1203102468760409e-01   3.0177178591221343e-01  -8.2032816898143057e-01   2.1549840631539552e+00   1.4166821202609761e+00
   4.8657300000000004e-03   3.8920467312715928e-01  -6.9711403961819840e-01   6.3686858140220459e-01  -3.1516927500965290e-02   2.3695072589536861e-01  -1.3260071979258310e+00   1.6225261975129073e+00   2.1584273031082439e+00   1.4165547057569210e+00
   5.5027399999999999e-03  -5.1958421349734518e-01  -4.1740533748392067e-01  -1.7254344550449345e+00   2.5133617792121332e-01  -8.0268808092666655e-01  -8.5748149915372807e-01  -4.8056530781994000e-01   2.0851821704051265e+00   1.3932530921393533e+00
   5.2790199999999997e-03   1.6637234102053700e-01  -1.4131585788496397e+00  -6.3508207911995151e-01   3.1742636498344391e-02  -1.3440463567241139e+00   3.5585611271307416e-01  -1.1212598032211811e+00   2.2782146950798672e+00   1.4563686434592524e+00
   5.2880300000000000e-03  -1.1478259236197521e+00   2.7212841036550928e-01  -1.0771823771024891e+00  -4.8909223994784323e-01  -1.0740259651366089e+00   1.7197827869083276e-01   1.0699685588241425e+00   2.0666850477939418e+00   1.3867830387808602e+00
   4.9951300000000004e-03  -1.0744014487235191e-02  -1.1219960815547483e+00   3.1907357670915010e-01   1.6737596800828005e+00  -2.6217334030710726e-01   7.9164496139205953e-01   4.5978056032987713e-01   2.0373201805763559e+00   1.3763069990082482e+00
   5.6003700000000003e-03  -5.6693409962714902e-01  -8.9670528469465061e-01   5.3561246901192551e-02  -2.8002030730160325e-02  -1.4346229436838664e+00   1.1184622982708725e+00   6.2318551057543192e-01   2.0366710544461584e+00   1.3766130239174639e+00
   6.0414099999999997e-03   1.7003834930525999e-01   9.2523235471256715e-01  -2.4702054286465083e-01   1.1612879040208628e+00   6.9220142585777322e-01   2.1960689858704896e-01  -1.4364272025479583e+00   2.0723272816284957e+00   1.3893776251461574e+00
   5.8670700000000003e-03  -9.4228814896000401e-01  -4.7085670580028732e-01  -1.5804269851032640e-01  -7.2908254676335971e-01  -3.4023599140227806e-01  -1.2273780131253706e+00  -1.3360838795191730e+00   2.1287657209366189e+00   1.4080674517924467e+00
   5.4991600000000003e-03   1.2556219947869696e-01   7.3071319514373378e-01  -5.7005222889848273e-01  -3.5550626181026129e-01   1.3676009808179566e+00  -1.2272549463648239e+00   9.8980932943639877e-01   2.1832583635112264e+00   1.4262588190887244e+00
   4.9119500000000000e-03   2.0971333056763122e-01  -2.1098550216776751e-01   5.1673983007062507e-01  -1.8696567291604542e+00  -8.0419321450582326e-01  -9.7074847517710028e-01  -2.9713943156536676e-01   2.1672816100693191e+00   1.4199257909912844e+00
   5.4460300000000001e-03  -2.1645065958148771e-01   5.1062342476334788e-01  -5.4745107807508381e-02   5.9699003330073985e-01  -7.8107366103936182e-01   1.5722044735051921e+00  -1.1788392041613278e+00   2.1220609037749458e+00   1.4049782547552621e+00
   4.9913600000000002e-03   3.0778239620282910e-01  -2.0216067890061867e-01  -1.2632467191385555e+00  -9.2432082678852634e-01   6.5586639261202540e-01  -1.4370365933900378e+00  -5.5002170245734461e-01   2.1388928244607341e+00   1.4102617481114028e+00
   5.3506500000000002e-03   5.9806484125094837e-02   9.6591259974053753e-02  -1.7800591241997130e+00   8.1317228189565971e-01   1.1585524800779390e+00  -3.7600458135011361e-01  -2.7952990441623882e-01   2.1827483470823910e+00   1.4256608034784668e+00
   5.7434499999999998e-03  -5.9504005744114341e-01  -1.5032310665197657e+00  -1.0494282523857486e+00  -3.8146014289238661e-01   7.2729330884329246e-01  -1.1890010994483487e-01  -8.2237360707952623e-01   2.1061710114450536e+00   1.4005596420121675e+00
   5.5788000000000001e-03  -6.5023027363199981e-01  -1.5772250079158652e+00   6.9125871953587181e-01  -1.1169610332615434e+00  -4.0214709201050558e-01   2.2887529668496032e-01  -5.5814814388572065e-01   2.1242880186694335e+00   1.4064979738213361e+00
   5.8645800000000003e-03   8.5625087125722499e-01   3.9306015356507329e-01  -1.3125119177282389e+00   1.2192863701602430e+00  -7.8873641534564332e-01   2.2628560525182289e-02  -4.9273652049632838e-01   2.0983273923091330e+00   1.3974538828645544e+00
   5.4143400000000001e-03  -3.2222459248424701e-01   3.5302226363253936e-01  -7.0035024395095447e-01   1.8366266786430558e+00   4.5984530377871879e-01   9.0779671421918706e-01   4.0478580789103202e-01   2.1667876257409300e+00   1.4197247768474905e+00
   5.3075700000000002e-03   4.5750326274822151e-01   7.9284321266082769e-01   3.4837324300079203e-01  -4.4684994259048927e-01   1.8965417943880017e-01  -8.2574722162462555e-01  -1.8342116723140367e+00   2.1118007514216752e+00   1.4016445850659285e+00
   5.4159700000000000e-03  -2.1298474197583139e-01  -9.2595162718624480e-01   1.9400278874851823e-01  -1.2126178416386029e+00  -8.3410185768013023e-01  -2.0995349926783222e-01   1.4609139632840658e+00   2.1339196221534964e+00   1.4095538625445307e+00
   6.0189800000000002e-03  -1.0562031905782610e+00   4.1599331558667269e-02   1.0448873845399462e+00  -5.4769126910549637e-01   1.4730926770210620e-01   1.4472307455265612e+00  -4.4813053243472423e-01   2.0484159314623969e+00   1.3813106709094607e+00
   5.9941200000000004e-03   8.6127080732468908e-01   1.3465669729997512e-01   1.3036874069738208e-01   1.5678817647240260e+00  -7.2232415763114322e-01  -1.7155247524206840e-01   1.0933082440773498e+00   2.1085447875174279e+00   1.4014444319291588e+00
   4.9760200000000003e-03   1.0324459193469235e+00   6.7490340847942376e-01  -8.1669211174720058e-01  -1.6132102884458288e+00  -2.0120848070800193e-01   6.2238645555413386e-01  -5.0661131049618990e-01   2.1519164547998040e+00   1.4150590065156623e+00
   5.6260199999999998e-03   5.2552057034600819e-01   5.0610777026043630e-01   1.7345336539117568e+00  -3.1667070618301163e-01   8.0199431613079630e-01   8.6962506476504242e-01   4.1205194406944867e-01   2.1340429421235574e+00   1.4095250873252325e+00
   5.9283499999999998e-03   3.4283381479663871e-01   1.6306135139982767e+00   9.8233644554822952e-01   6.6511248948209811e-02   8.5623499042913864e-01  -6.0243296937871793e-01  -2.6052013783645595e-01   2.0759095145428343e+00   1.3904119910607722e+00
   5.0255200000000003e-03   9.1853102740778181e-01   1.4782181324745356e+00  -1.9624646490214206e-01  -6.0446949733615418e-01  -2.7233748964014676e-01  -1.2887251203630885e+00   2.8816924302486319e-01   2.0921607678022069e+00   1.3946992968466438e+00
   5.3157700000000000e-03  -1.3601647652015214e-01   8.3936503553129971e-01   5.6936881221693947e-01   8.9933900860129501e-01  -1.0009021870084671e-01  -1.7266817413956461e+00   8.0954179774679802e-01   2.1988917205922198e+00   1.4314128366834569e+00
   5.0191599999999999e-03   7.5239625781914021e-01  -4.1717639048465188e-01  -6.1006649583935579e-01   2.1849266217349957e-02   1.4898956599397657e+00   5.6663739156567006e-01  -1.2229605042298461e+00   2.0624984372310018e+00   1.3843473048078223e+00
   5.2746800000000003e-03   7.7043898187347559e-01  -3.5551123177331577e-02   3.7842770310964968e-01   7.4247835899788917e-01  -1.8851719425954634e+00   6.3459129622095434e-01   5.4257867147712970e-03   2.1388571024809431e+00   1.4103209796852794e+00
   6.0238000000000002e-03  -3.2814265204351967e-01   9.4878322594496561e-03   1.6306099077541145e+00  -1.0377774040534569e+00   4.2865160341417125e-01  -3.6773239843516853e-01  -8.6401002718250774e-01   2.0864686370106837e+00   1.3938972780261563e+00
   4.7397400000000001e-03   8.1420076338341099e-02   3.3226398540822077e-01  -2.9978843662132642e-02  -8.2468305114979934e-01   1.1804186298993300e+00   1.7382377461698368e+00   3.5278221139669869e-01   2.0887867299963725e+00   1.3931329906224468e+00
   5.8582000000000000e-03  -6.0971771730011148e-01   1.6743931311023627e-01   1.0129650821122156e+00   9.0929376123475869e-01   2.5942963708400762e-01  -1.1613953523048253e+00  -1.1616301302467813e+00   2.1002760418662616e+00   1.3985653829637832e+00
   5.1592000000000001e-03   1.4519923171329729e+00   6.1903166998831957e-02  -2.6464091720659622e-01   7.8378440398277877e-02  -4.4361908404922840e-01   6.8255762417983401e-01  -1.6206090251494469e+00   2.1738796351134284e+00   1.4223819984199058e+00
   5.0329399999999996e-03  -1.2889914016269357e+00   9.3514187728397136e-01   1.7112030801034837e+00   2.7949165943965520e-01   3.5570731079178984e-02  -1.6753642173485281e-01   2.7446064060369946e-01   2.2344598965995832e+00   1.4424460975791265e+00
   5.8464500000000004e-03   9.3624281814905896e-01  -8.5430255179574066e-01  -2.5544152524271616e-02  -1.3214267948598792e+00   3.6082303606519589e-01  -1.8983888414496591e-01  -1.2511602959219676e+00   2.1281236910704133e+00   1.4079248845805770e+00
   5.7050599999999996e-03   9.0102834226054002e-02   1.0744852766236477e+00  -7.1815425626115637e-01   6.5829679087260906e-01  -9.7122161612650992e-01   9.8065879523359933e-01   1.0404963522677801e+00   2.1290658557284567e+00   1.4074682758822006e+00
   5.5029399999999996e-03   3.6336970438821753e-01   9.1116546366173745e-01  -1.3343426017541601e-01  -1.2565423484265823e+00  -1.4115285611287838e+00   6.2157933570274035e-02   7.7852140162864258e-01   2.1085093886142463e+00   1.4010499896256334e+00
   5.9251499999999997e-03   3.0435367642568278e-01   9.7708134227700560e-01  -1.8495768908937238e+00  -5.0266966707188587e-01  -2.0608988074070622e-01  -2.8461907415850035e-01   3.8441594257667622e-01   2.0957496339361001e+00   1.3972289832061120e+00
   9.7930499999999993e-03  -7.1687642537137344e-02  -2.9520552510695847e-01   2.4605005365957285e-02   2.6554946389305117e-01  -4.6899021696591903e-01  -3.0127567627262437e-02  -6.7503587520061270e-01   1.1528460315805755e+00   1.0596099038794720e+00
   5.6060900000000002e-03  -3.0077735826276708e-01   1.1902077654029606e+00  -8.5930461501029265e-01   4.2673805275569743e-01   5.9636187027146632e-02  -1.4775672212100919e+00  -8.0653110832415797e-01   2.1632778800247419e+00   1.4195973239414883e+00
   5.1090099999999998e-03  -1.7591354990667829e-01   1.5850089951351860e+00  -8.2907204147027946e-01  -3.3371237060395137e-01   1.3175977132323082e+00   4.5571551957342180e-02  -4.4861844680591667e-01   2.1089855325756575e+00   1.4005206338901779e+00
   5.6564600000000003e-03   1.5497530677628006e+00   6.4829963459775730e-01   1.0725612712217332e+00  -9.6680002144240906e-01  -2.4567108484417727e-01  -1.4528161082600635e-01  -4.2667634933495246e-01   2.1281994850253199e+00   1.4079429919096671e+00
   5.4368000000000003e-03  -2.3576023977214858e-01   2.3022608241236153e-01   1.3072220700126236e+00   1.0177215149185455e+00  -6.7798779912178186e-01   1.2998463728780429e+00   6.1843364435060011e-01   2.1930091644222474e+00   1.4291903742099439e+00
   5.9204499999999998e-03   5.8163340396487395e-01   5.6102331443322850e-01   8.8559365745549800e-03   4.9289137625542001e-01   1.9361351236295974e+00   4.6157559845992213e-01   2.7548426717114854e-01   2.0774931673605246e+00   1.3910759014958598e+00
   5.6480599999999999e-03   8.7011804353786171e-01  -7.6293899882670727e-02   5.9981893939122621e-01  -4.7555100845911208e-01   3.0768337845154936e-01  -1.8914473157739711e+00  -3.4309174968181233e-01   2.1261765387833700e+00   1.4072549105491838e+00
   5.2157699999999998e-03  -1.2708090394793141e+00  -5.6948410938047378e-01   7.1558570621648421e-01   1.4713546847108161e+00   1.0811069920056679e-01  -4.5358010948094890e-01   8.0387522663138034e-01   2.2108244635166927e+00   1.4347268120979100e+00
   5.2158100000000004e-03  -8.2523517715981798e-01   1.1557919295427304e+00  -8.7673419470687008e-01  -1.0603144055495644e+00  -3.5219447299246275e-02   1.2178144666884849e+00  -1.2896701514025205e-01   2.1638968225374313e+00   1.4197640893933199e+00
   5.3993299999999999e-03  -1.1289947526613697e+00   1.8999083697121433e-01  -6.6831479638543678e-01   1.7378356622429283e-01   1.2757509402582883e+00   1.1846164513297333e+00  -7.5239787049970297e-01   2.1802318064516237e+00   1.4248380307562314e+00
   5.4912499999999996e-03   7.3028402744564236e-01   8.8170493011681214e-02   1.9584964455773948e+00   4.6847782933143090e-01  -2.7867408080513567e-01  -5.9437839760207745e-01   2.7692038071663516e-01   2.1023130268368542e+00   1.3985319956910962e+00
   4.9276099999999998e-03  -1.0471955815349696e+00   7.4242267146728458e-01   5.2392295686003920e-01  -5.9667290564457542e-01   7.2282958631590855e-01  -1.6249380111983858e+00  -1.4137658202279851e-01   2.1519980094773445e+00   1.4142224552389329e+00
   5.4777799999999998e-03   1.2262735477878708e+00   8.8719190530442760e-01   4.4617229098827088e-01   1.0191860399586097e+00  -4.8283776895797575e-01  -9.6644925043089003e-01  -7.1419555284888470e-01   2.1125342601811492e+00   1.4027108559880552e+00
   5.9463399999999996e-03   9.3779420878392888e-02   6.8723088090677908e-01   1.1836716225423882e+00  -1.1126854534171506e+00   1.3011489348006514e-01  -8.0566432598063487e-01   1.0979746565940021e+00   2.0984961054470630e+00   1.3983100371930612e+00
   5.8439299999999998e-03   2.5762473363437310e-01  -1.2960170334745164e-01  -1.2493172418442282e+00  -1.1749756232740136e+00   1.3363726399265519e+00   3.7009480786189530e-01   9.7058021016544566e-02   2.0880786774401803e+00   1.3944076645726882e+00
   5.6259800000000000e-03   9.3493451176050146e-01   1.5131512251422341e+00  -8.3928913508827849e-02  -8.0556756132240892e-01   6.1636877256035527e-01   5.2050615363008568e-01   8.8059001785513513e-01   2.1534488315403491e+00   1.4165307655956085e+00
   4.5821100000000003e-03  -8.0795129722050096e-01   1.1052645683340283e+00  -8.4632192222562119e-01  -1.0042479916833875e+00  -1.1361577995047230e+00  -5.6607779952492909e-01  -6.8781292168136554e-01   2.1912579714506939e+00   1.4273979079008734e+00
   5.6015099999999996e-03  -8.5401435599094644e-01  -3.1126642483067940e-01  -6.6697244622927454e-01   1.3482435505187951e+00  -1.4186378981166441e+00   4.2729909863993737e-01   9.6186129314289673e-02   2.1713319442814947e+00   1.4219702152283040e+00
   5.7989399999999998e-03  -5.4023843770892177e-01  -9.0815409580314144e-01   1.2742647772319740e-01  -1.4619635642010971e+00   8.9646889811836206e-01  -9.5632550205418321e-01   4.0093107039838571e-01   2.1443872420426047e+00   1.4133268064790927e+00
   5.5595899999999997e-03   7.2152480391577040e-02   1.0388711891470581e+00  -6.5089171818543312e-01   5.4732640165455781e-01  -1.5594667445379204e+00  -7.7912023732926328e-01   3.6643341889079850e-01   2.0506159976839680e+00   1.3816269881053473e+00
   5.4760099999999999e-03  -1.0053091094509998e+00   1.0897237190020750e+00   3.4600625921832789e-01  -2.3490365305900981e-02  -1.4914704431414434e+00   7.4239636651937646e-01  -1.0319987051283128e-01   2.0834650983242113e+00   1.3929238243330850e+00
   5.3200699999999997e-03   2.5591444075081898e-01   5.5681419188782022e-01   1.1338815163944176e+00   1.7400638851328787e+00   6.7854692667467875e-01   3.1622611927559344e-02   7.0008924958973442e-02   2.0834463298310890e+00   1.3924613837210953e+00
   5.7774799999999998e-03  -2.7954916874534319e-01  -9.1832691744778483e-01   1.4011526898238832e-01   1.3471040264528151e+00   1.3589686327365564e+00  -3.0605483472192718e-02  -5.8326656852429903e-01   2.0618064417592823e+00   1.3856720539125920e+00
   5.4471700000000003e-03   3.0358742239566971e-01  -1.5648122475695787e+00   9.6691887663452791e-01   3.9376552732490000e-01  -1.1615222332737876e+00  -6.2605333035064895e-03   5.0648907104755070e-01   2.1473145538843226e+00   1.4135686391323863e+00
   5.0057200000000000e-03  -5.9443584618068279e-01   4.7903697093804892e-01   1.1132306926582964e+00   3.5370593516556620e-01   1.4859285112813239e+00   4.0626774397894361e-01  -8.9699265959174579e-01   2.0564576945593545e+00   1.3816275429034373e+00
   5.4716699999999997e-03  -5.6434139727928290e-01  -4.8248016722744508e-01  -1.1986570669477354e-02  -5.4133521944348573e-01  -1.9882135857297263e+00  -5.3956498959493204e-01  -1.5291049873839951e-01   2.0933165711291029e+00   1.3957794496294109e+00
   5.6133800000000003e-03   1.9238755864889456e+00  -7.4091257777702535e-01   1.6039477578179687e-01   3.6260823779149409e-01  -5.8412409141821364e-01  -4.5404109484991306e-01  -2.9321270036251629e-01   2.0942313900944898e+00   1.3963642328443415e+00
   5.8790500000000002e-03  -1.0320793304849614e+00   7.8093440479349252e-01   5.4582493780889596e-01  -8.9244404367729491e-01   1.3823967450519066e+00   2.1865265653330687e-01   4.6043668926931325e-01   2.0818648533608224e+00   1.3923050852327052e+00
   5.0500700000000003e-03  -2.0131354678385091e-01   5.3782799805839519e-02  -4.7712874301811226e-01   2.0319912138005014e+00  -1.0710226600878855e-01  -8.7654606854853234e-01  -3.3490172970543919e-01   2.1052537296274414e+00   1.3993908197858484e+00
   5.4771700000000000e-03   9.0165262944129493e-02   9.0751784631505494e-01   1.5266975011816504e+00   4.0950126658538949e-01  -4.0746105253767112e-01   4.6506332549991042e-01  -1.2105456327445197e+00   2.1070907061788864e+00   1.4006211831828632e+00
   4.8888500000000001e-03  -8.3633223050664440e-01  -1.5482957222854732e+00   1.7320096075276725e-01   9.9121918241470652e-01  -5.5796651997184088e-01  -6.1105427442788685e-01  -8.4445600201679027e-01   2.1632712018427611e+00   1.4190417346431252e+00
   9.7127700000000008e-03   1.9341933805369535e-01   1.4328595065235256e-01  -2.3573361157025000e-01   2.9991401734919848e-01   3.3472571296939468e-01  -7.0937330120112863e-01   5.7325945523501717e-02   1.1471508135137418e+00   1.0570673014115743e+00
   5.4787600000000001e-03  -3.4204157141754829e-02   1.4605424180557278e-02   1.6479153306455112e+00  -8.1648802543576726e-01  -1.2399270668437949e+00   3.3011966688376998e-01   2.1829123559755548e-01   2.0773104612691831e+00   1.3908458510376982e+00
   5.2845799999999997e-03  -3.9746713519893606e-01  -1.0014290253424551e+00   1.8152057426256853e+00   6.5427198526720443e-01   2.7891415308985507e-01   2.8764638967864964e-01  -4.4623576014942001e-01   2.1094429220984519e+00   1.4010332185255341e+00
   4.8545899999999998e-03   8.4070772032891550e-01   3.7482639915530414e-01   8.8056200016979030e-02   7.4319358233343757e-01   4.5304964395886410e-01   1.3848970751940943e+00   1.3520108470181493e+00   2.1059499299769802e+00   1.3997031963922260e+00
   4.8560599999999997e-03  -8.1390451556359836e-02  -6.9559150512413748e-01  -1.1472931934444190e+00   1.1649579806362118e+00   2.1998397978308961e-02   9.5046356847071101e-01  -1.1954332059286794e+00   2.1561475322335415e+00   1.4163280231635675e+00
   5.2655999999999996e-03   8.8099475205567890e-01  -1.8763504093853935e+00   1.8734555133600730e-01   3.6177401951283378e-01   2.6899183755867812e-01   4.9302113075914172e-01  -7.3485381191271060e-01   2.1319843141884625e+00   1.4087615446117390e+00
   4.9044800000000001e-03   2.9708959036154048e-01  -1.1371069901173649e+00  -8.3892812079250156e-01   4.8102452416955843e-01   1.2395839043284018e+00   1.2047335503635965e+00   5.6510122871365254e-01   2.2059700555687636e+00   1.4331581563053284e+00
   4.8144299999999998e-03  -1.0943324088798251e-01  -1.3607243646727660e+00   7.3561222203798227e-01  -1.7757665160017777e-01   8.9756372626392089e-01  -1.0674273459663053e+00  -9.8110525417906180e-01   2.1082846080878448e+00   1.3992852751354481e+00
   4.5317100000000004e-03   8.2997112325233224e-01   8.2790914505265178e-01   4.6640680060489159e-01  -2.9408767326330865e-01  -1.7451354187302290e+00  -1.1471616144181282e-02  -8.5236404654830944e-01   2.1061723880946657e+00   1.3987675123912007e+00
   5.2151300000000001e-03  -4.8031015440632674e-01  -1.9308409321034492e+00   3.4003205440354706e-01   2.5113279730055688e-01   6.5442721993364539e-01  -2.6421930679342265e-01   8.3508533043713751e-01   2.1294667683252069e+00   1.4079865411375330e+00
   5.3182400000000001e-03   7.1401393575836203e-01  -1.0686071746213768e+00   7.2258068457988234e-01   1.2520719863570353e+00   1.4073969474378198e-01  -1.1971862001891400e+00   8.1606858220985720e-02   2.0953543576426119e+00   1.3969943436550165e+00
   5.5464800000000003e-03  -8.0280874930527113e-01   4.1266639810082734e-01  -1.2625665644814521e+00   1.0533406459877135e+00  -1.2222423958703628e-01  -6.9056183407348426e-01   1.0949992245924329e+00   2.1453002781209918e+00   1.4129500320254371e+00
   4.6323800000000002e-03  -3.2299824407370081e-01   3.0661662509953270e-02   1.1975719834489573e+00   1.2839674624455091e+00  -1.4206267155547989e+00  -5.9662151823559983e-01  -8.1096150660219454e-02   2.1462522288012562e+00   1.4131224050526727e+00
   9.8161700000000008e-03   5.9762273952046019e-01   4.6553715254907296e-01   1.0745688845707181e-01   1.3136033046277412e-01  -5.8768525937507289e-02   4.6133729611303975e-01   1.6935789290453119e-03   1.1508584753719964e+00   1.0587077573387054e+00
   5.2142100000000004e-03  -1.7313912463697240e-01   9.5971402268019368e-01   8.1434820780115902e-01   7.0858967136083750e-01   6.3701222970690663e-01  -1.2520040909078038e-02   1.7006664633110176e+00   2.1829306998792224e+00   1.4250854238019910e+00
   9.7347100000000006e-03  -4.5393945751452947e-01   1.3462366849474480e-01   5.1301124612688520e-01   2.8206463574275686e-01  -2.2953392110877002e-01  -2.8649834953957780e-02   4.9102600755558762e-01   1.1535709259596787e+00   1.0598318114416689e+00
   4.5290499999999997e-03  -6.3091270937062116e-01  -2.4917066666227855e-01  -3.4911611966876293e-03  -1.4959890617950242e+00  -1.0989770231221734e+00   1.2354712255966080e+00   9.9922375849421999e-02   2.1084833182123925e+00   1.3990178807489317e+00
   4.9882099999999999e-03   1.3231616595393618e+00  -1.2806176807230427e+00  -2.8576348824788406e-01   3.1793232850409009e-01  -1.6190731796927166e-01   2.0010225111389696e-02   1.3002918464633813e+00   2.1041771118853458e+00   1.3988441725752212e+00
   4.6515799999999998e-03  -7.1282443780207794e-01   5.0375450351480167e-02  -4.6974308126360276e-01   3.6137425976829390e-01  -2.6295706994720114e-01   2.0957287040537618e+00   4.1581048723451691e-01   2.1310524187307500e+00   1.4075599977238202e+00
   5.0647000000000001e-03  -1.4715636781913934e+00  -3.1119755098602775e-01  -9.0228194003991047e-01   9.8180368053937728e-01   4.5758895015878887e-01  -4.0646991202191651e-01  -9.3629386923206981e-01   2.1248119583765077e+00   1.4053559058640697e+00
   5.1823199999999998e-03   6.6059096034006726e-01  -4.9186624976550275e-01   6.1809511016501895e-01   1.6214715882898809e+00  -6.1043685840116768e-01   3.3877233149677211e-01  -1.1099224857886383e+00   2.1795487390672683e+00   1.4241366077660709e+00
   9.8051700000000002e-03  -2.7953872249873707e-01   3.6757951787216236e-01  -1.4751325911911270e-01  -7.2247561877209066e-01  -2.5015966972281225e-02  -9.2927936451193890e-02  -1.6328177575938391e-01   1.1468222388883558e+00   1.0569345202686127e+00
   4.4653699999999998e-03  -3.5878015510216565e-03   1.1558482514085846e+00  -2.3477356890637460e-01  -1.7731244394839276e+00   5.0519506098222322e-01  -7.8836240737435348e-01  -6.0613070557913318e-01   2.2274500094964216e+00   1.4394507025736485e+00
   5.7689200000000003e-03  -1.4939027134948804e+00  -1.3319414963766614e+00  -5.1332485714723941e-01  -1.7420376857753339e-01  -5.7489181749416052e-01  -3.6730300767979490e-01   4.5744058808179433e-01   2.0941890067470719e+00   1.3960657731229464e+00
   5.0155199999999999e-03   2.1448392786563625e-01  -1.1481476091560225e+00   7.8250438030337655e-01  -3.2937964942326853e-01   2.8567607671158211e-02   1.6181628395444247e+00   7.6864898441446883e-01   2.1051597669900413e+00   1.3993153744663021e+00
   5.0327100000000001e-03   1.1591976278826071e+00   1.1191843726297354e-01  -1.4107360998168732e+00   3.7035985717462322e-01   6.3423034018677871e-01   2.2482752332395353e-01   1.1464910037542952e+00   2.0969381965733502e+00   1.3962731592082904e+00
   5.5041700000000001e-03   3.8610690979694884e-01  -2.4698465320124213e-01   5.2563045254462226e-01   8.5240425440037160e-01   7.6644787797940861e-01   1.6818752702998088e+00  -6.3283612766442709e-01   2.0678934689912909e+00   1.3874505786969398e+00
   4.6997799999999998e-03   1.0720115262318735e+00  -1.2826012140701217e+00   1.4153620929874093e+00  -9.4377372961542694e-01   2.7761029004762722e-01  -3.7974536734565129e-01   3.6499792077778803e-01   2.3380732318224586e+00   1.4763208454061867e+00
   0.0000000000000000e+00   0.0000000000000000e+00   0.0000000000000000e+00   0.0000000000000000e+00   0.0000000000000000e+00   0.0000000000000000e+00   0.0000000000000000e+00   0.0000000000000000e+00   2.0624587023281484e+00   1.3838836604885036e+00
