   5.2785999999999996e-03  -1.3781075047804869e+00  -9.5617150969926923e-01   9.8134720913091855e-01   5.9123547368259888e-01   3.6968390041271781e-01   8.7114272115045155e-01  -5.2038528735841927e-01   5.8296100339011814e-01  -2.9567906344392342e-02  -4.0027415370433522e-01   4.3109019378132647e+00   2.0218738123887201e+00
   5.3521500000000000e-03  -5.1492383790093521e-01  -1.6503140563082874e-01  -6.7082950908207051e-01   1.7531331522133417e-01   9.3111570974667601e-01   1.1886204825252418e+00  -1.3265728930262581e+00   3.6973267603390125e-01  -6.6711404562081730e-02   8.7309979180955943e-01   4.3013690338732706e+00   2.0195191834181427e+00
   5.2889599999999997e-03   2.1152517590769221e-01  -7.8124570856357434e-01  -4.5592918822930423e-01   1.2845017301732076e-01  -7.0898435012655736e-01  -2.7618677726096930e-01   3.4211315019979016e-01  -1.7150958731557131e+00   3.5611438979950710e-01   9.9592234714412220e-01   4.2642673117516852e+00   2.0104075400710575e+00
   5.3939499999999998e-03  -1.9861265247385088e-01   5.7570964735532026e-01  -8.4289032123151675e-01  -9.0627741488678848e-01   8.8701364586093245e-01   8.2711900433895191e-01   9.3805400666577543e-01   4.3938140879527376e-01  -8.0329674537780038e-01   7.8436731420938932e-01   4.3061272779770050e+00   2.0205320601142494e+00
   5.4293500000000003e-03  -2.0892147323781962e-01  -1.0136468853892975e+00   3.9566095769945109e-01  -4.0583955764818447e-01   1.4236902270324299e+00   9.1572154534803318e-01   1.1492330127894206e-01  -2.3131587133663281e-01  -1.1015266049322401e+00   3.3891532834649141e-01   4.2840998904519774e+00   2.0152705366648132e+00
   5.3171099999999999e-03   7.2117390907728077e-02   6.8104397434389230e-01  -1.7584495158795757e+00  -1.2075900385561359e-02  -6.0796032873249528e-01   3.6101064780418030e-01  -8.5421458844856557e-01   1.0945230678565103e-01  -8.7790575684318950e-01   3.0765527623253491e-01   4.2850338697319348e+00   2.0154113006369463e+00
   5.4244999999999996e-03   1.8379392404500797e-01  -8.0896828560433431e-01   1.6604864980265707e-01   2.4427608228352732e-01  -9.1455327551746668e-01   1.2069301482921206e+00   6.1438286693565902e-01  -9.4693170811011040e-01  -1.0618114842105335e+00   4.1980682695460142e-01   4.2883791517031042e+00   2.0164776744150297e+00
   5.3020100000000002e-03  -4.7296647220679872e-01   1.3556363611734370e+00  -3.2725851662938649e-01   6.2970355365663644e-01  -4.4135188711835338e-01   6.8313418190069175e-01  -1.0434225934022756e+00  -3.5032714260493925e-01   9.4681498154226051e-01   6.5772208487317929e-01   4.3056351708588370e+00   2.0204787644581588e+00
   5.4688799999999997e-03  -1.3776501232338771e+00   5.8700933649986498e-01   1.0890964660270457e-01   6.5024032901781392e-01  -3.1577967485004599e-01  -2.7239336837266670e-01   1.9672034376239655e-01   2.7223297965279825e-01   3.1106401882307239e-01  -1.6262093615768181e+00   4.3096334379816330e+00   2.0215283746563073e+00
   5.3240199999999996e-03  -1.9603847237131602e-01  -1.7322398413440441e+00   2.7806921009777186e-01   1.3407822199948363e-01  -1.2192186464639545e+00  -7.1662368575401772e-02  -3.4872372187044726e-01   6.8693295689535838e-01   3.7180421126894009e-01  -6.0485413033249869e-01   4.2908843545266855e+00   2.0169942406988453e+00
   5.1707100000000002e-03  -6.7638661299597069e-01   7.7325532446687395e-01  -1.1034225039999090e-01  -1.0029276961089650e-01   1.2613000234785166e+00  -4.6361352452742405e-01  -4.5892285229671936e-01  -7.0836596444756128e-01  -7.1768059403823437e-01   1.3068263009210270e+00   4.3172054865438998e+00   2.0231807391242378e+00
   5.3077899999999997e-03  -4.4032405140627395e-03  -1.8218682322423002e-01   1.1127507078317305e+00   3.6055127007289617e-01   3.2316029186759060e-01   4.5441803356264548e-01   1.9253520660615531e+00   2.7484628275232914e-01   6.6747279465255521e-02   5.1754082837827964e-01   4.3093589107802099e+00   2.0215516686890225e+00
   5.0885399999999999e-03  -7.4604236094004545e-02  -6.5575865425066981e-01  -9.9503728416706169e-02   3.9989741558854197e-01  -5.4076683249760016e-01  -6.9013863270264697e-01  -1.0468541452754720e+00   1.4235826726971810e+00  -4.8379820354998926e-01   1.0235392202415072e+00   4.2839850572421803e+00   2.0150084596058013e+00
   5.1124899999999999e-03   5.0010334456852534e-01  -7.4570266405945473e-01  -2.2697210301068957e-02   1.2851684124777025e+00  -9.4988144957318910e-01  -3.9571412356345947e-01   1.1148426114597716e+00   1.0813752618674413e-01  -6.9388974176686031e-03   9.9529656974664604e-01   4.2812352253544770e+00   2.0145785364661855e+00
   5.4386299999999999e-03   1.4056541674952730e-01  -3.8232655887496297e-01  -1.7068295636034370e-01   8.0503347869156569e-02  -3.8581266572155570e-01   1.6176325452689109e+00  -8.4668549731654597e-01  -1.0689094247806662e-01  -8.6500446172439571e-01  -1.0996279405616458e+00   4.2966719387332395e+00   2.0181487417779698e+00
   5.2771700000000003e-03  -8.3854588534231977e-01  -1.3329038392095609e+00   9.1773597645093785e-01  -6.8883855969948515e-01  -3.7053592322122281e-01  -2.5287106731186615e-01   8.9590233646450190e-01   4.9976009844295066e-01  -7.9184893487493602e-01   1.3274982194041110e-01   4.2797038735524175e+00   2.0142841104625195e+00
   5.4949100000000004e-03   5.5165288824349745e-01  -6.2429362410288729e-02   3.3202581058149730e-02  -1.0503858659426630e+00  -1.0350724452367397e+00   1.1851694817372618e-01   6.6824922265503822e-02   3.1623958654889195e-01   2.8470111610814863e-01  -1.7099220455535882e+00   4.2809085098861202e+00   2.0144715843565795e+00
   5.3637600000000004e-03   5.0979393683463115e-01  -6.3587231193281191e-01  -4.8974598385704615e-01  -9.7918094387756482e-01  -1.7570342893745001e+00  -5.2188111243457747e-01   5.6536126942648236e-02   3.9825461136919552e-02  -3.8231903516482280e-01   5.6774628922028536e-01   4.2981128047038979e+00   2.0186673037507972e+00
   5.3726499999999996e-03   1.0150764241012584e+00  -7.5955388356845155e-01   3.3967305932453251e-01   2.5619096377187434e-01  -1.7855010943127078e-01   1.1314993431640314e+00   8.4188557409777576e-01  -3.6519941857251287e-01   6.4607812297657918e-01  -1.1392526874453814e+00   4.2784996268772755e+00   2.0139153187764500e+00
   5.2580999999999999e-03  -3.0030335839924382e-01  -4.7320768772680116e-01  -3.2357353028659469e-01   2.0212242569226992e+00   4.5515806645481535e-02   1.0674353103116974e-01  -6.2102280439870350e-01   5.6727211069301253e-01   5.8642961894538070e-01   4.2535536544340513e-01   4.2854639886828938e+00   2.0158666896855109e+00
   5.7357500000000004e-03  -2.6805829811723958e-01  -5.3509392676548917e-01   2.7783740559777209e-01   7.3877896519636577e-01   1.9431430220330934e+00  -4.5688344332318598e-01  -6.3045118702783287e-01  -2.3456327978324648e-01   3.3224944088307173e-01  -2.3448675031564040e-01   4.2945212813705700e+00   2.0181836107582236e+00
   5.2730900000000002e-03   7.7287284273873724e-01  -1.1460837683232423e+00   1.4516789226041482e+00   8.7417912606373493e-01   1.2171938724411484e-01   5.1012689312306625e-01  -2.1454679389490350e-02   6.1681922767791630e-01   4.3562609017165202e-02   4.9549263161135421e-01   4.2791542552840012e+00   2.0139804710414975e+00
   5.4327400000000001e-03   5.3330432599736433e-01   8.6324466291299906e-01  -9.3226607123501137e-01   9.0424733138042779e-02   3.8550381758455204e-01   7.1331171242466074e-01   4.7715918107458799e-01   6.0549154819483630e-01  -4.9027681322763705e-01  -1.4990241711037353e+00   4.2803474212827233e+00   2.0144773381710150e+00
   5.5047600000000000e-03  -1.5342704298642773e-01   2.8374114874807038e-01   1.1561198286994809e+00  -1.9781088530610874e-01  -1.2872637518796970e-01  -4.8413357109571559e-01   7.9628493071642159e-01  -1.2635776020152363e+00  -1.0926896930539385e+00   6.9923324619956029e-01   4.2885632982908444e+00   2.0164262306539440e+00
   5.2295700000000002e-03  -2.2052420777411763e-01  -7.4824496572232424e-01  -1.2721932578979422e+00  -1.3353151890999957e+00  -4.4287010608906602e-01   1.2070316512319058e-01  -2.3627745574191478e-02   9.6427931902895392e-01   7.8184198709291208e-01  -1.6054797627946586e-02   4.3045993403859697e+00   2.0202395746265522e+00
   5.2918599999999998e-03  -1.1055450925491073e+00   6.2890344949857979e-01  -1.5004224076697996e+00  -5.9816505816202625e-01   1.6044003058703943e-01  -8.3927346893338328e-01   5.4011564076101404e-01   4.9493236374917676e-01  -2.9481251689722116e-01  -3.2766312860622482e-01   4.2813000207352392e+00   2.0145739147131625e+00
   5.3564199999999998e-03  -1.6083591844083165e+00   2.6172865208588275e-01  -9.6306196653466070e-01   8.5423304921852194e-01   1.8787374594824682e-01   6.8983175811420616e-01  -1.3560227833108518e-01  -4.8516832686067429e-01  -7.6257834571308536e-01  -6.0286257982540482e-02   4.2862174572578420e+00   2.0156289926402997e+00
   5.6471400000000001e-03   1.1311034369220920e+00  -4.9053525495284628e-01   6.3683288813901406e-01  -6.3991390019228434e-01   6.1602627333579005e-02  -4.9076253962512549e-02   5.2892178954492641e-01   1.0720071561503833e-01  -6.0104577677906101e-01   1.6301172228223924e+00   4.3141567196572108e+00   2.0226141676904672e+00
   5.4569700000000002e-03  -7.9729019776354249e-01  -1.9829476795138512e-01   1.2130275042965147e-01   1.2418027816636408e+00  -6.9885825979584504e-01  -9.9079720561094686e-01   3.0419938233834598e-01   5.2630665960399869e-01  -1.2265826176014201e+00  -2.7103945595662071e-01   4.2860584997093625e+00   2.0159608111040193e+00
   5.4045500000000002e-03   8.3331212786861431e-01  -3.2995512117945958e-01  -3.9137884600082057e-01  -2.7689951009310559e-01   1.1532463217969406e+00  -1.1666450953850833e+00   4.1238335528234882e-01  -1.2520378231193787e+00  -2.6302772024247667e-01   4.1134267501001021e-01   4.3014496011054080e+00   2.0193613070339436e+00
   5.4332299999999998e-03   4.1625237817190414e-01  -9.6100222335343100e-02  -1.5734979268179777e-01   8.5136318573511982e-01  -9.9266355258829075e-01  -4.4677526906764398e-01   8.1863394461932693e-02  -3.3390743241147930e-01   1.8459289891677804e+00  -1.5817433849029025e-01   4.2894907975036407e+00   2.0166109448888956e+00
   5.3802299999999997e-03  -1.3404195969983923e+00  -1.7605284385046333e-01   8.0554658348639799e-02  -1.1989810187036765e-01   6.7960607346532775e-01  -1.3976497473419642e+00   1.6375839691386723e-01  -1.0937116599462477e+00  -2.2499992168823585e-01  -4.2754067643286225e-01   4.3064564709454469e+00   2.0207525888612170e+00
   5.5550799999999996e-03  -6.0399866344688802e-01   3.4914232285257402e-01   1.1573848570581970e+00  -4.1307493604680973e-01   3.0396226332118869e-02   1.4125563855321783e+00  -1.4702701895474432e-01   1.2219821978395017e-01   1.9852297939395025e-02   1.2519900034874170e+00   4.2777951204455285e+00   2.0139308570262662e+00
   5.2587199999999997e-03   1.9149011944401118e-01   7.7021722190279612e-02   7.7710167068778452e-02   4.5093146797023520e-01  -7.9004945704618457e-01   1.3569186844001826e+00  -3.9005449966496331e-01   1.1123016820925571e+00   1.1188644797555278e+00  -5.8090331997147471e-01   4.2752353508009158e+00   2.0131600620534158e+00
   4.9971199999999999e-03  -3.9790698059550461e-01  -1.8395013994850665e-01   1.3435663927563988e+00   5.7564193393983798e-01  -1.5459967310276996e+00  -3.6925070470037408e-01   4.6721508899196829e-01  -5.5233716660590482e-01   1.3829352126197020e-01  -6.3032689974421952e-01   4.2836127857391748e+00   2.0149392653696809e+00
   5.4820800000000003e-03   1.3305283602151083e-01  -1.8488917207186881e+00  -4.5514330081604859e-01   4.0206614241886673e-01   6.0819176029511546e-01   2.6183348292873598e-01   6.5955635689481429e-01   1.4478079165001750e-01   7.9299240281768546e-01   5.6326609676683026e-01   4.2897105987824453e+00   2.0167585535722852e+00
   5.3771299999999999e-03  -1.4059140170233089e+00  -3.1440166981029061e-01  -6.7235245716388858e-01  -8.0953655868282393e-01  -2.3180019229403478e-01   5.8399518630920388e-01  -4.1987435617426505e-01  -7.3751542443512208e-01   1.0137804941978415e-01   1.1736898014868495e+00   4.2972748484674046e+00   2.0184125089318319e+00
   5.3794699999999999e-03  -8.0206251722410105e-01   9.0151378978273677e-01  -4.2541669933244008e-01   9.1097669668110892e-01   4.2733939293485085e-01  -1.3678673934566448e+00  -7.5457048618565192e-01   5.3045316243011620e-01   2.9466412456805913e-01   4.6059796887248594e-01   4.2860929972381419e+00   2.0157122954446582e+00
   5.3912800000000000e-03  -7.6296308669516621e-01   9.3291133062053699e-01  -8.5345490661619527e-01  -7.1034169731109131e-01  -1.2691439678922564e-01  -2.9289799405140410e-01  -9.5451541835382359e-01  -1.0008178218614476e+00  -2.1338637667990559e-01  -9.6789175831037433e-01   4.2944122406974330e+00   2.0177800124670999e+00
   5.3929000000000000e-03   4.4185790461771385e-01   5.7282974343898596e-01  -5.9171503973149664e-01  -3.4067457789215369e-02  -5.5976198527466603e-01  -6.1490033492110674e-01   9.8456601720496961e-01   1.4496047499659810e+00  -8.2471423129129517e-01   5.6308083013720112e-01   4.2750477824040907e+00   2.0131210168647704e+00
   5.4189800000000003e-03   1.2373317961107080e+00   4.4209986583447308e-01   2.8485896539852446e-01  -8.6202579993474124e-02  -7.7082066383012471e-01  -3.2492254440537610e-01  -8.1472292305931437e-01  -7.9709804867823386e-01  -1.3132241315408306e+00  -3.2957760364806576e-01   4.2830122147827945e+00   2.0149347052022524e+00
   5.2833999999999997e-03   1.9397788115866293e-01  -3.3844142747126685e-03   5.2491056611702425e-01   6.1940005676754850e-01   5.4734467609380266e-01  -5.7623959444706929e-01  -1.4974667732382932e-01  -5.1807903998703009e-01   1.1924375752219820e+00   1.6360947176798462e+00   4.2900727017365590e+00   2.0167596335978946e+00
   5.0998299999999996e-03  -2.0948394855362232e-01   1.2996934637385413e+00   1.3357669072320252e-01   3.5594809529454735e-01  -6.4030616139512594e-02   1.5481526808653157e+00   1.1151655293022702e+00  -2.6618765658801741e-01   2.7506241282393368e-01  -2.7005777736868297e-01   4.2712502796513574e+00   2.0119420828139374e+00
   5.2207299999999998e-03   1.0547425268039810e+00   6.9327731665727843e-01  -4.5336415554212905e-01  -1.5861165072437608e-01   1.0230051573335368e+00  -2.1320310950479707e-02  -7.6144901439129198e-01   8.2259201539696924e-01  -1.2189083135079637e+00   3.4796430383885857e-01   4.2850593525217313e+00   2.0154300552531605e+00
   5.3878299999999997e-03   1.4825986488918872e+00  -4.2994572772911649e-01  -3.7643968001947453e-01   8.7579136825059922e-01  -1.1724921738818652e+00  -6.3715794784961380e-02  -3.5605662273439354e-01   7.8446585618892950e-01  -4.6814284960156455e-01  -2.5756857264975686e-01   4.3082131063730635e+00   2.0209829591328141e+00
   5.1522000000000000e-03  -3.5939538691621767e-02  -1.3232627850485983e+00  -8.2180703894247098e-01   5.3855481591110455e-01  -3.7025461648907006e-04  -1.6407140913081937e+00  -3.1114400590111785e-01   1.9261905088440975e-01   4.5031472559800523e-01  -1.2905600292706126e-02   4.2928372556438807e+00   2.0172562233198112e+00
   5.5803500000000004e-03  -2.4412178544571742e-01   1.9722760718803927e+00   1.6628203646697357e-01  -4.9363682189988281e-02  -1.9055997232858238e-01  -7.4306879280342186e-01  -2.8354027607891748e-02   6.9227738299551325e-02  -9.8217642928099114e-01  -3.0832466348862281e-01   4.3028572896539465e+00   2.0197630620823697e+00
   5.2434300000000003e-03  -1.4080486190286774e+00   1.2370876158906612e-01   5.9362858045876397e-02  -6.8948034651772583e-01  -1.3477154205666180e+00   5.8892162961626626e-01  -6.0813605073148891e-01   8.1096287122325184e-01   2.7682670233531365e-01  -1.1103011460420056e-01   4.2885232459789782e+00   2.0163355067026241e+00
   5.3711300000000000e-03   1.1112390669461236e+00  -7.3956643511276610e-01  -3.0503338381142608e-01   9.2046570192586574e-01   4.2605287475402864e-01   3.8371323390871698e-01  -7.3286309453218956e-01  -5.7363292431728075e-01  -1.0138100597844033e+00   8.8849714180545036e-01   4.3028266259271133e+00   2.0199077999602206e+00
   5.3150200000000002e-03  -1.0655352456216118e-01   7.4815280501176296e-01  -1.7514092614276577e-01   8.2793029934868712e-01  -6.8526484323649550e-01   2.3210473374401733e-01  -2.1249197635232378e-02  -6.3282670564412974e-02  -8.4009163167772538e-01   1.7924409315287186e+00   4.2907122107329920e+00   2.0170996762170832e+00
   5.3947200000000004e-03  -7.9728300962128816e-03  -4.7368462950800067e-01  -1.4755315309466852e+00   1.1014666842089560e+00   8.6138014116197736e-01  -3.1103405061194994e-01   1.2243003316840771e-01   5.6918059671572063e-01  -9.4184018175273165e-01   7.1692694406691154e-02   4.2956346540022095e+00   2.0181451536183559e+00
   5.3014100000000003e-03  -8.3592481470758928e-01  -9.9545963574873286e-01  -4.0499612271078722e-01  -7.2463427728039975e-01  -6.9860905755175007e-01  -5.5660171445859341e-01   9.2617446525839220e-01  -6.5903693007498865e-01   1.0127813076171950e+00  -4.7567842622077133e-01   4.2917370054722985e+00   2.0170821309522498e+00
   5.2895900000000003e-03  -7.6260287862848852e-01   6.2727349194949300e-01   1.3567037810319504e+00   1.5665068960289739e+00   2.0665616558181435e-01   3.3328513112297686e-01  -1.1590152942819029e-01  -5.1731120660651941e-01  -1.0073832290513882e-01   1.7497225815548603e-01   4.2938435505431549e+00   2.0177347052922774e+00
   5.2075600000000000e-03   1.0202723504046862e+00  -3.6404784998918605e-01  -1.3076562149975662e-01   1.3323214763470687e-01   1.4988338516830837e+00  -8.8926828443487788e-02   1.2880269033385252e+00   6.3297541461006945e-01  -3.3212917451052465e-01  -4.1615659055271725e-01   4.3110540594429096e+00   2.0218047374477504e+00
   5.1418799999999997e-03   3.0058773163738228e-01   6.3064508706716904e-01   8.7589721152736166e-01  -1.4034240001391514e+00   9.6916769129387426e-01  -9.4978466386993657e-02  -1.0116099286673585e+00  -6.5374093046786119e-01  -3.9551364672407241e-01   6.3893113174290764e-02   4.2939400336165727e+00   2.0175438983064082e+00
   5.2520199999999996e-03   1.4077939288208783e+00   7.1189794853566379e-01  -5.8510541769817048e-01   3.4460958915953688e-01  -1.3734416692727847e-01   1.4663356735534630e-01   1.1875472098669899e+00  -5.1770436265441910e-01  -9.8931017247537911e-01   2.5139654498811870e-01   4.2834072731250439e+00   2.0152048745672810e+00
   5.2914499999999996e-03   4.8376564343652562e-01  -3.9547375547510266e-01  -1.5252998317596129e+00  -8.9832654954062841e-02   4.7231700903896578e-01  -3.4775696915146709e-01   6.5883492379079950e-02   2.1319225213143322e-01   1.3000891393046116e-01   1.5952359872062689e+00   4.2791605723349875e+00   2.0141103539814109e+00
   5.2749499999999996e-03   5.1594508911276993e-01   3.4423648193825457e-01   1.3657914105868703e+00  -5.1090716636752032e-01  -1.1310819914104493e+00  -8.2823444030106597e-01  -4.0639768642256758e-03   7.6628607797531834e-01  -7.8389165855650667e-01   1.8268945999856659e-01   4.2855698575160162e+00   2.0156459309636148e+00
   5.4622000000000004e-03  -1.4568433099117187e-01  -1.2485992309783689e+00   5.2512450322662196e-01  -9.3454604926242235e-01   5.5709276546220765e-01  -4.9321900017534281e-01  -1.0099251015527635e+00  -2.7878768524705178e-01   2.0541088603074251e-01   1.1019616604270055e+00   4.2811957012290875e+00   2.0146661270917470e+00
   5.4046099999999998e-03  -2.5653351241206646e-02  -2.1469427266152910e-01   4.1864234137584388e-01   8.0534650323930945e-01   5.5868982547885027e-01  -4.1800899000806391e-01   9.9658918754851958e-03   1.8973447438030506e+00  -1.8325919365993576e-01  -8.2852387847411746e-01   4.2923878963674138e+00   2.0174116967507745e+00
   5.2416600000000004e-03   3.4981381312896714e-02   6.9957533333700617e-01  -7.9800865616853245e-01  -1.3111973469457552e+00   2.8849979620633404e-01   1.3833344361244473e+00  -5.2986637782173929e-01   8.3817243565382393e-02   7.5030422810336517e-01  -2.9347129029875513e-01   4.3055725149487536e+00   2.0205422966007140e+00
   5.5014199999999999e-03  -9.2210552047434191e-01  -2.1363935291933989e-01  -1.3539215048027557e+00   4.8765269241984860e-01   6.9922161610339206e-01  -2.3363731293230761e-01   1.0255594293507522e-01  -7.9769279764352619e-01   1.1959087392163226e+00   1.6250723113180754e-01   4.2821013219229958e+00   2.0150093622322900e+00
   5.4186700000000004e-03  -7.3463755411799359e-01  -3.0631976213321677e-01  -7.8995717536803778e-01   9.8799609097509636e-02   1.1330820385192770e+00   1.1452040146911628e+00   6.6845593233827016e-01   7.6956134536976628e-01   7.4637785507250676e-01  -5.3499896777085054e-01   4.3165087273719607e+00   2.0231987782076919e+00
   5.1429199999999996e-03  -4.6024739735859937e-01  -3.1613563720871884e-01   5.5920912087749475e-01   1.0036293370161518e-01   2.8517877715858758e-01   2.6887986471169789e-01  -1.2427618407601588e+00  -1.7687104306033035e+00  -5.8193040116006656e-01   1.0175949466624233e-01   4.3056683412359735e+00   2.0202723138042860e+00
   5.2164700000000000e-03  -3.8456046698659674e-01  -1.6417245781063439e-01  -1.0280901262635657e-01  -1.0639630801130862e+00  -4.2247377798275493e-01   2.8558970628502134e-01  -4.6598797059029479e-01   1.0212298224017528e-01  -1.7665150038213675e+00   9.0544330790288241e-01   4.2900429392899921e+00   2.0166742306892904e+00
   5.2722000000000003e-03  -9.8755914760646568e-01   7.8357280318596390e-01   3.0971048020990743e-01   6.5861438594343535e-01   1.4931231272702592e+00  -6.9125653306946686e-02   8.5022161479470459e-01   3.0277678711505790e-01  -6.9709936488825208e-01  -4.1174619441837113e-01   4.3248142084752876e+00   2.0250667909940678e+00
   5.2980900000000001e-03  -1.4116621079338795e-01   3.6751694002202448e-03  -3.2366748430067782e-01   9.6833629048410486e-01   3.7570093875227722e-01  -2.5681015299241755e-01   1.5855465867140237e+00  -1.1548980391069406e+00   2.9220884295125771e-01  -6.8360294202568561e-01   4.2767822092409711e+00   2.0134573342077622e+00
   5.3519900000000000e-03   1.3911155191902583e-01  -6.2074063050228689e-01   7.9294755224300809e-02   1.6593204971580480e+00   4.1496683099165560e-01   9.6702348800418769e-01   6.6875881497220935e-01   4.7833155028931755e-02  -7.8985576990742412e-01  -6.2903591315479124e-01   4.3130148418651748e+00   2.0222495123901179e+00
   5.5257800000000001e-03   4.5766206553572047e-01   1.4367860664980878e+00  -1.0846052646618685e+00   3.7115506343953708e-01   1.3356123244415892e+00   7.5043903864481981e-02  -1.6803639931982692e-01  -3.7526325988435794e-01   3.2808500739621715e-01   9.1620551324060787e-02   4.2999227978959924e+00   2.0191382141082976e+00
   5.3616899999999997e-03  -5.5810837491766163e-03   4.5172134913486561e-01   5.0088636299636147e-01  -5.5133921629535831e-01   4.1367878255642848e-01   5.9631983853537207e-01   1.2783449856641399e-01  -1.5439998746144612e+00   1.3526485821028231e+00   3.6865706976004825e-01   4.2823305262240794e+00   2.0147508540832852e+00
   5.4174899999999996e-03  -9.3924772372332543e-01  -1.9884700499924000e-02  -1.1794759806282553e+00   5.1872669321275178e-01  -1.4704506321869455e+00  -6.3277527742404094e-01  -9.5271761892314899e-02   1.5363766650908714e-01   3.1019504945493542e-01   6.6654369828855786e-01   4.2871683663048694e+00   2.0162912813896114e+00
   5.1830899999999996e-03   1.5994503007398059e-01   3.9833578069780518e-01   9.1685396215989667e-01   6.2304659677551139e-02   1.3539262243312598e+00   1.4813428784339013e+00  -3.7248817968998721e-01   3.9844723875705779e-01   2.7525931449464261e-02  -6.1694810396777477e-01   4.2800343959385208e+00   2.0143965943037467e+00
   5.1960499999999998e-03  -2.6390961072531999e-01   9.1864907640948490e-01   5.8147579096717572e-01  -5.9421840251278712e-01  -1.2023163455440271e+00  -4.7297240454172612e-01  -7.8595833638069523e-01  -9.8582698086783926e-01   3.6197058607006151e-02   9.4245842866701590e-01   4.2913477633470789e+00   2.0168705952513495e+00
   5.5386100000000002e-03   1.0966424036036824e+00   4.6530754455390083e-01   1.0476219335079622e+00   8.0306327642056718e-01  -9.6181531599093506e-01   7.6373676202010699e-01   1.9342546775873276e-01  -7.5854522258891710e-01   3.9373262725920005e-01   4.9365176576462527e-01   4.3145083620600335e+00   2.0227109069508735e+00
   5.4264200000000004e-03  -7.3959558660967617e-01  -1.2900118752179748e+00  -4.9779045799037530e-01   1.6877460137486321e-02   5.7033690909999524e-01  -4.9221292325728895e-02   5.5282843941310111e-01   6.2488308506087114e-03  -4.5539425469011668e-01  -1.5425453744522371e+00   4.2921775077743645e+00   2.0173413013835244e+00
   5.0263699999999996e-03   2.4569737019271912e-01   3.7022410879295498e-01  -3.8026920864929176e-01   1.1749362379511959e-01  -1.0178471039099435e+00  -1.8315788694182105e+00   8.1802507423373583e-01  -5.2059350202542698e-01  -5.8879364013991208e-02  -2.4922042161176339e-01   4.2683362317007907e+00   2.0111160221617941e+00
   5.2646400000000001e-03  -1.1067435155822150e+00  -5.3857879387292906e-01  -3.7345621790436663e-02   1.0469649997672683e+00  -7.8829952084980826e-01   1.1031967579014752e+00   6.2029416640804402e-01  -5.2352541210619985e-01   7.7271257159916529e-01   1.2171273944081870e-01   4.2930089348870091e+00   2.0173055594259739e+00
   5.6644699999999996e-03  -2.4710165162842962e-01   8.2890009360312444e-01   9.9723675840907100e-01   8.7467788685973025e-01  -9.1593477495903530e-01  -2.3718695526997891e-01   1.4741064232642055e-02   1.2159959067687627e+00   5.9116973670975781e-01   6.2752272235114459e-01   4.3004520497695591e+00   2.0193236387491247e+00
   5.2699000000000001e-03  -1.3777210171397906e-03   5.1300818059582909e-01  -4.1473394896103472e-01  -1.4298498824866662e-01   1.0846374685085405e+00  -1.3681091046250393e+00   9.8018930599144916e-01   5.4377982674492087e-01   9.6313879830544469e-01   2.1000790262339841e-01   4.2884133613958344e+00   2.0162795476291353e+00
   5.2957899999999999e-03  -6.1453249121495035e-01  -5.8995765220545882e-01   1.4981374213918991e-01  -1.2938936786322067e-01   4.1619456708323588e-01  -1.8887217482399762e-01  -9.0752776969107829e-01   9.5257523809142719e-01   1.6955844546812520e+00   4.0684953879092151e-01   4.2969152643033226e+00   2.0184347840506991e+00
   5.1272899999999996e-03   1.5986638957219124e+00  -3.3083271866539560e-01  -4.1737928388212181e-01   1.2997262831288581e+00   6.1867285766800240e-01  -4.0245347506029838e-01   2.4000528579270589e-01  -3.5821786621517232e-01   7.2361554931572725e-01  -3.5821131765977968e-02   4.2912801259412863e+00   2.0169920574585372e+00
   5.3119200000000004e-03  -1.1037841343722378e-01   9.1346314070274034e-02  -1.6210313878568949e-01   8.3117158289403503e-01   1.0067722706535398e+00   9.6000588223844086e-01   8.3314537177929260e-01  -8.5663744776739659e-01   9.1986029423312479e-02   1.2587165801282221e+00   4.2795602262710402e+00   2.0143774564098909e+00
   5.3946899999999997e-03  -6.6177292534897098e-02  -1.7320401289735801e-01  -5.7445736004990733e-01  -4.7607210392599530e-01  -6.6120942088407053e-01  -4.6349637694160972e-01  -4.2421280951793588e-01   1.1976010445127678e+00  -1.2905749720801392e+00  -1.1074034870619598e+00   4.3161421295705749e+00   2.0230930078756191e+00
   5.2782500000000000e-03   4.6239609303736223e-01  -3.7966411549100837e-01  -4.7784136160894858e-01  -2.3751215142158486e-01   5.9718979279914930e-01  -5.6895821790232859e-01  -1.0578648608392803e-02  -1.2874631229327385e-01   1.5881397264359731e+00  -1.3623137220805970e+00   4.2949154719297287e+00   2.0178746936426672e+00
   5.4387599999999999e-03  -9.1601891486104037e-02   9.8786764501710933e-01   2.1425585452471427e-01  -5.1428375843515028e-01   8.0168437323330444e-01  -3.2456465966815373e-01  -1.0920984335778927e+00   1.0112226295605535e+00   5.3319151734415782e-01  -1.0504502494845447e+00   4.2853246564331267e+00   2.0154597944791912e+00
   5.5924399999999997e-03   1.0228186363036005e+00   6.6956988770274312e-02  -8.3085059954159080e-01  -6.9407077681114016e-01   1.1410168629360826e-01   2.5212598732768943e-01   1.4730755260172417e+00  -2.8441184320833252e-01   1.0379001935026786e+00   1.8335567287203339e-01   4.3133446837640363e+00   2.0224075835910016e+00
   5.1576199999999999e-03  -7.7971408759070715e-02   2.7964368129065958e-01   6.2597603015653958e-01  -8.5441590580366422e-01   1.0430826932268471e+00  -1.2729813364639775e+00   3.8731787905250131e-01   5.5232595008661334e-01  -1.1827189272438838e+00  -5.7611045739522401e-02   4.2918187287457847e+00   2.0172280523390573e+00
   5.1019000000000004e-03  -2.1999960126071003e-01   1.0854983493866561e+00  -8.7749560392976456e-01   1.3809870787994576e+00   7.9431401513489833e-02  -9.1317144989137872e-02   1.1933798690112516e+00   5.0425478213275499e-01   2.2491837744423721e-01   4.0635623716756292e-01   4.3085362463831860e+00   2.0210947186179427e+00
   5.3149900000000003e-03   2.6542026059808610e-01   7.2504069754073985e-01  -1.8230144789914637e-01   3.3506730744097002e-01  -1.4151996618956555e+00  -9.2942180786568340e-01  -1.2311321609187518e+00   4.0069554777394495e-01   2.7588045046375326e-01  -6.1344825156233385e-01   4.3086140124127006e+00   2.0209649072371230e+00
   5.2379699999999998e-03  -7.6253324248733723e-01  -9.9646960512973892e-02  -1.0976975742387540e+00  -7.2804963039043902e-01  -7.4334912941941123e-01   1.1324984259128958e+00   9.5568458999340422e-01  -1.0236489932039516e-01  -3.0066487147769727e-01  -7.2947746658947843e-01   4.2788210269858533e+00   2.0138959856793983e+00
   5.1802799999999998e-03   6.6426247472497912e-01  -6.0783840476413742e-01  -3.3968077473069985e-01   7.6755738169524343e-02  -1.0213641732948651e+00   5.8630703613138191e-01  -9.6352337222711515e-01   3.6709842522432995e-01   6.8605083211449580e-01   1.3511647884594136e+00   4.2684021360948110e+00   2.0112487693697179e+00
   5.5648099999999999e-03   5.4658078981791125e-01   1.7328095029146002e+00   7.9379552295543299e-01  -3.9971921540946387e-01   5.3141303107574167e-01  -2.2242620356697305e-02   6.0515525813702487e-01   1.5877963379838061e-01   2.0532671113885795e-01   9.1127948627524369e-01   4.2991868731875487e+00   2.0190887284909902e+00
   5.1262299999999998e-03  -6.6139066979053052e-01  -7.0753927064107283e-02   1.1367933197407849e+00  -3.5587594766853192e-01  -1.4902292971072006e-01   5.1067841980019113e-01   7.3748496329607616e-01   1.5400776447297074e-01   1.5389229307748309e+00  -8.2475584160716719e-01   4.2810496871401016e+00   2.0144744900647700e+00
   5.5493399999999998e-03  -7.3191192461997082e-02   6.9767756614683851e-01  -5.6015298810398151e-01   1.4382610524822927e+00  -2.1972335624436895e-01  -5.7294992152333191e-01  -2.2194947570908080e-01  -1.4792699631355046e+00  -3.2608022206019549e-01   2.1039394750076390e-01   4.2977355172670171e+00   2.0185737229703444e+00
   5.1857099999999996e-03   8.4570248639290205e-02  -8.7016462578365850e-01  -3.8485126183029500e-01  -1.7262730665450352e+00   4.0120135143736226e-02  -7.8391210494731231e-02   2.5509626931583612e-01  -1.1385554638916129e+00  -6.6550647559631682e-01  -2.5936709115594819e-01   4.2899044819642080e+00   2.0167075721556142e+00
   5.1554699999999997e-03   8.0695229956211634e-01   1.0965277532594648e+00   6.2853068728925710e-02   1.6889089569705673e+00   2.7738137543358101e-02   2.7509563294630474e-01  -6.7290122142369857e-01   3.5037878524938959e-01  -4.0767397199214445e-01  -5.2686676432115931e-01   4.3027346692109427e+00   2.0197650696330878e+00
   5.2874100000000002e-03   1.2127400697205428e+00  -1.5333067562002045e-01   3.7120026831885317e-01  -1.5496163631415089e-01   6.0948000341355624e-01  -1.4776803782866714e+00  -8.8522070599685421e-01   7.4790482592807106e-01   3.4269960103739588e-01   2.4766829263297518e-01   4.2940075564392304e+00   2.0176325120210175e+00
   4.9453400000000003e-03   1.1733435518402147e+00  -4.0419756474717522e-01  -1.3054774878815203e-01  -3.6738575037701177e-01   9.8494886180935715e-01   5.1257470026097790e-02  -7.4436129889955827e-01  -6.5767840948474532e-01  -5.4309666701957671e-01  -1.3673285211227197e+00   4.2815047249764238e+00   2.0144722905012902e+00
   5.4265700000000004e-03   8.1875657050654016e-01   5.4986360943330659e-01  -1.2562599917880315e+00   1.5354106111416344e-01   6.8891488654803726e-02  -2.5871690141967635e-01  -4.3029831454593903e-01   1.4481142051284008e+00   8.9627899106681319e-01  -5.6290581297655249e-03   4.3128650873174808e+00   2.0222695599961154e+00
   5.3720000000000000e-03   9.1596601924716026e-01  -2.4582040771955141e-01   1.1488791843207005e+00  -8.1469520558065245e-01  -7.3559584378277643e-02  -1.0146361023849160e+00   8.6968045647017367e-01  -6.2979136583882234e-01   7.7401241200780990e-01   5.0477200521114853e-02   4.2883918733498732e+00   2.0163032111042130e+00
   5.3869800000000004e-03  -7.9183663089743828e-01   1.1643886010307152e+00  -3.4346936553005653e-01   5.3687124124768748e-01   8.7408938392737431e-02   8.0404325524575926e-01  -4.8501944211216586e-01   1.4795485273642983e+00  -3.9911807329527271e-01  -1.1034452799233752e-02   4.2704303072645411e+00   2.0121380132358739e+00
   5.3629699999999999e-03   4.0787440664102759e-01  -7.9850714096187536e-01   1.5254100038408784e+00  -8.7098045805518765e-01  -7.2198311936282988e-01   7.3481169702923166e-01  -6.2289570978823072e-01  -4.9160112113185928e-01  -3.7577158420773166e-01  -1.8263831232498989e-01   4.3184237431142254e+00   2.0234273151514568e+00
   5.3363600000000001e-03  -8.5580689716969727e-01  -8.3881553695904731e-01   1.5658159876673119e-01  -9.7364684528695267e-01   4.2851406283723398e-01   5.7187787998525075e-01  -9.6958812856125043e-01  -5.2421244318471238e-01   7.9394362196517421e-01  -9.6288394443167302e-01   4.2833154872930583e+00   2.0150959675238105e+00
   5.3974499999999998e-03   1.3621560575802465e+00   1.0506390670539580e+00  -4.3500469697813582e-01   2.2845442779385389e-01  -6.7696637591355069e-01  -8.6446929984013887e-01  -6.0925494071748978e-02  -1.1720126059977545e-01   4.8229624957578948e-01   1.0073621719600649e+00   4.2875573023512565e+00   2.0162308514233835e+00
   5.3620300000000003e-03  -9.4396526353406049e-02   1.7732797593320299e-01  -7.0092615147556914e-01  -1.1990550360662890e+00  -6.0781043708046462e-02  -1.1125343442211324e+00  -5.6946689068124778e-01  -6.5204299663692711e-01   1.2497433668904754e+00   4.2977492641038495e-01   4.2963389375906349e+00   2.0182741343574553e+00
   5.4877299999999997e-03   1.0559770756712579e+00  -1.2548155554771032e-01   1.0019349302590440e-01  -8.3847951123726916e-01   1.4776040663911751e+00   4.1222406909571563e-01  -2.1409447794995309e-01   2.3769923429645681e-01   9.9280833248448908e-01   6.2044455260952702e-01   4.2924985160543017e+00   2.0173188657140115e+00
   5.3269600000000004e-03  -4.6491968233951575e-01   4.5609166735002965e-01  -6.0061976684668494e-01  -2.3240810209784921e-01  -2.4267728915797906e-01   6.1351705408286050e-01   6.7451208064591450e-01   5.4244372458376611e-01   1.3106261519336633e+00   1.4021006737060728e+00   4.2913370197274086e+00   2.0169606711414154e+00
   5.1962500000000003e-03  -1.2567038215498796e-01  -2.3895115008325160e-01  -1.2722856937858593e+00  -1.0353065869749958e+00   1.4987891744578650e+00  -3.5604434119598116e-01  -6.7290084231057212e-01   1.5955677032823037e-01  -1.7345664203388006e-01  -3.1081839047394472e-01   4.2838039548100664e+00   2.0152516426512066e+00
   5.2509799999999997e-03  -7.6305493764436197e-02  -6.7068853835229536e-01   5.2780133768476567e-01  -8.9934014561179865e-01  -2.6675872366068071e-01  -1.4628823407211242e+00  -8.3443514548575470e-01  -4.4674221767998368e-01  -7.6458861944536424e-02  -1.0607935208181305e+00   4.2998642560335467e+00   2.0191843748026059e+00
   5.3596199999999998e-03  -1.1260079486601045e+00  -1.0812031842530483e+00   3.2803543978156291e-01   1.0155315244471905e+00   3.7096732387982639e-01  -3.6601945392602131e-01   1.2246800724883145e-03  -4.8561432664420651e-01  -6.7863169436110138e-01   1.1296946555301588e+00   4.3356104089579013e+00   2.0276830200222977e+00
   5.3613699999999999e-03  -8.9057758869965864e-01  -4.7936199228099968e-01   1.9317379484844824e-01  -1.0767908979073044e+00   1.2341120311890046e+00  -6.4193913823184137e-02   1.0497612051245688e+00  -3.4444977372509239e-01   5.4128530954849285e-01   6.6506650008748947e-01   4.2913187857482225e+00   2.0173171046741123e+00
   5.3336399999999997e-03   3.3831537135826528e-01  -2.4866341437548439e-01  -2.3363555691211652e-01  -1.0321485274714310e+00  -4.7577563051285005e-01   1.0047274950098857e-01  -1.9879835451606633e+00   2.8399173082626483e-01  -2.1660436634386007e-01  -2.0638605950085695e-01   4.2728973750977817e+00   2.0125024152850433e+00
   5.1879700000000001e-03   2.4587744864707287e-01  -7.5906066213533530e-01   4.0691940121531561e-01   5.8491901795408874e-01   3.2161806208258237e-01   1.3846973992164058e+00  -9.7041682940644935e-01  -7.3524351623480144e-01   1.0060542361778375e+00   3.0493731914062383e-01   4.2990278143111365e+00   2.0187969184468382e+00
   5.2866500000000004e-03  -2.7254746895773813e-01  -7.9085761035406899e-01   9.4738195886873833e-01   1.0279246650354392e+00   3.7396187438099338e-01  -1.2714347010416078e+00   7.4047460096893136e-01   2.4963034401695508e-01   6.0481184794037635e-01  -5.4296071176264127e-01   4.2862209376536349e+00   2.0155594023039232e+00
   5.4039300000000004e-03   9.7189367075628619e-01   1.0750709277047703e+00   7.5455970662168081e-01   6.2254682589051469e-01  -3.5289051047944930e-01  -5.0400443091161828e-01   9.9647864628071559e-01   3.9972090136699762e-01   4.4300147429267889e-01  -9.6526043528624927e-01   4.3095001098042678e+00   2.0214603349418843e+00
   5.5982400000000000e-03  -5.4131974600537847e-01  -8.5791543810288406e-01  -6.3145603110694515e-01   3.5447942001216870e-01  -5.2428153220075779e-01   1.0817699282117490e+00   4.0914645455833476e-01   1.2320123979555855e+00  -6.7726774789987609e-01   7.1861708997195739e-01   4.3052160707428495e+00   2.0206010390562601e+00
   5.3407999999999997e-03  -4.1291566210843583e-01  -2.1526105293263095e-01   4.5078192283312196e-01   9.5165462728318295e-01  -1.2990104920275907e+00   7.3838858731398849e-01  -1.2456130237051275e+00  -2.5987171078037320e-03  -7.2476804576986387e-01   3.0478963085689409e-01   4.2999382599568765e+00   2.0192434127913224e+00
   5.5187300000000003e-03   2.8190785680140185e-01   1.1088775762348304e+00   8.3364975204806280e-01   2.7329051695995688e-01   4.5433816613139533e-01  -1.1880010980099949e+00  -6.3349664621804713e-01  -9.2442106344866581e-01   7.0340019135168907e-01  -4.5371661973130428e-01   4.2966589559657979e+00   2.0183574501594617e+00
   5.3952899999999996e-03  -1.5820696395768985e+00   1.0356199617603155e+00   2.4281570737534294e-01  -4.0116977752876642e-01   9.8194825988594014e-01   2.7509652837552523e-01  -4.0589651131633853e-01   7.3481446389512756e-03   8.1952083171697920e-01   1.6103740911172662e-01   4.2927296710025260e+00   2.0173826538490895e+00
   5.3207000000000003e-03  -1.1160971096557457e-01   8.7092131915005844e-01   8.9057072195189796e-02  -9.1969142778162138e-01   1.2402094382383264e+00  -1.3051598689591815e-01   7.5512145683466958e-01  -6.9214267545950814e-01   3.7565236699410726e-01  -1.1540635779964179e+00   4.2872045818175648e+00   2.0160169266286014e+00
   5.4445400000000003e-03   4.8948470517137882e-01  -3.6041510733364746e-01   1.2086789839208600e+00   6.9609641953525414e-01  -1.5026094120246392e-01  -1.5568887679936802e-01  -1.2324110242985078e+00   2.3754133371761799e-01   7.0890768906844071e-01  -1.1323269794459496e+00   4.3069390329571986e+00   2.0211006878812103e+00
   5.3311799999999996e-03   6.7092009376085482e-01   4.0718363976513733e-01   6.2411892718664086e-01   1.2133884533118828e+00   6.1572981199355603e-01  -1.2215820646763782e+00   4.6046666486838461e-01   1.9828707952284852e-01  -8.0067658349083404e-01   6.7545911566512273e-01   4.2930974766992813e+00   2.0176190196543655e+00
   5.3243400000000003e-03   2.3289371969720479e-01   3.3808275224041651e-01   2.4901827778894728e-01  -5.9917910617635062e-01  -1.5916296223839892e+00   4.2148306998187890e-01   1.3956875207335997e+00  -6.4677927468063057e-02   3.5392967785181412e-01   5.5982827352467990e-01   4.2999626482199185e+00   2.0188660194172279e+00
   5.3460799999999996e-03   1.6203239090285317e+00  -1.2514114823685754e+00  -7.3651489701207593e-02  -6.2524686796203599e-01  -3.6205617793981998e-01  -1.1066594121095560e-01  -4.8097760701718562e-01  -5.6897119661933981e-01   6.6084843365790225e-01  -5.8020588316523541e-02   4.3076022570101591e+00   2.0208782069903695e+00
   5.2348700000000000e-03  -7.8618003160784133e-01  -2.6005905838163651e-01  -1.3301450001935042e+00   4.8047970137029794e-01  -2.8939898372424377e-01   1.5309478627445008e-01  -1.0394553174228469e+00   5.6144943047065332e-01   5.8850517564751359e-01  -1.0875278132870299e+00   4.2904552977915467e+00   2.0167284525153351e+00
   5.3578999999999996e-03  -5.2494242016038928e-01  -8.1154163638548837e-01  -9.9961382781371289e-01   2.5905424138667324e-02  -1.6910784251366020e-02  -3.1393205541520625e-01   1.5366971895068895e+00  -3.8234618371132734e-01  -8.9270949359754925e-01   6.5044972940738999e-01   4.3221511540643371e+00   2.0245133332022980e+00
   5.3220799999999999e-03  -1.6603598705297890e-01   7.5013341693693059e-01   2.9551863535759626e-01  -9.8221837150213986e-01   2.8905168943093040e-01   3.5858061477571912e-01   9.9140559776666071e-01   1.6006858968464630e+00   4.2110559748233395e-01  -2.5074915114442570e-01   4.2676183937551082e+00   2.0113091626239088e+00
   5.3384699999999997e-03   2.3757793918873843e-01  -4.7026961364368042e-01  -1.1052914870572805e+00  -1.5291888842594262e-01   1.0432107986494499e+00   1.0690553740739133e+00   1.6677547617022290e-01  -1.3422463758340906e+00  -5.1736148864813751e-02  -3.6323209941478507e-01   4.3050674391005339e+00   2.0201598678636792e+00
   5.1645099999999998e-03   8.1998023642388951e-01   3.9139988755157723e-01   8.1569227704490554e-01  -1.2671497608458044e+00   1.4214662576662368e-01   1.0269585047151961e+00   9.6502871744654317e-01  -3.8218224619565927e-01  -6.6521435524689132e-01  -3.3575649688594467e-01   4.3028167868918654e+00   2.0196978616267343e+00
   5.2739199999999996e-03  -5.4990214822981665e-01   2.1784905911849881e-01  -8.2149477274223934e-02   7.3551423838426455e-01   6.9040024944711942e-01  -1.8736806041480675e-01  -1.6264804628800800e+00   3.9963275781986281e-02  -1.0489982980696939e+00  -7.2047244478028494e-01   4.2826424441631197e+00   2.0146512423581919e+00
   5.1887399999999998e-03  -2.8232637148914951e-02   1.2802755852088896e+00  -2.0315109840740427e-02  -2.1740112011638342e-02   2.1822908265025956e-01   1.3163356943237832e+00  -5.1962661913830210e-01  -9.7302450969960530e-01  -1.0206851518493549e+00   1.3881291138621166e-01   4.2760805800330024e+00   2.0133196696882965e+00
   5.3011200000000003e-03  -1.3716487574722636e+00  -3.4919465426595747e-01   4.0959177428907562e-01   4.6471955664476483e-01  -4.7264814479048650e-01  -6.5908737784426474e-01  -1.1441981180774305e+00  -6.6262016631591880e-01   9.6128600912878948e-01  -6.0679379407326720e-02   4.2918017185529322e+00   2.0172982843298493e+00
   5.4562500000000002e-03  -3.6631894244168836e-02   8.3133972693043756e-01  -4.8007493867783824e-01   8.7904683030574216e-01  -1.5888934387771994e+00   3.8574886682016962e-01   4.8570845037763682e-01  -2.5654069124943196e-01  -7.1080874216552825e-01  -6.7348683815574995e-01   4.2936615674793694e+00   2.0174746927457465e+00
   5.3750100000000004e-03  -3.3866539829590914e-01  -1.4969568730224125e-01   3.0050390762669871e-01   3.7399487506142254e-01   1.2541743725783137e+00  -9.3785280590988146e-02   2.0220485353159667e-01   1.3846958502261013e+00  -1.0096095292706438e-01   1.3490786616986061e+00   4.3042238041687577e+00   2.0202240413155699e+00
   5.1323799999999998e-03   1.6131863721964652e+00   9.7326577417124760e-01  -3.1671222839398350e-01  -9.0577789167235315e-02  -7.8417268522834066e-02   6.8797561858951628e-01  -7.6101565757181477e-01  -4.4673637136129923e-01   7.1088058109612418e-01  -6.5201488761438819e-01   4.3108002820218241e+00   2.0216534090418441e+00
   5.2271399999999999e-03  -1.0578788403986563e+00   1.0141870365520942e+00   5.5224264936340106e-01   4.0955483437369095e-01  -3.0191086018101587e-01  -6.7672372174389073e-01   9.9009124930134107e-01  -8.0573320494666145e-01   8.5623130494980848e-01   4.1850331723879919e-01   4.2878025133285176e+00   2.0159137229788255e+00
   5.3864999999999998e-03   1.5126405004765808e-01  -5.3928299320957274e-01  -9.4273877862417044e-01   6.5944996739294726e-01  -7.3098835117351224e-01  -1.4322222323007139e-01   1.1962739613335549e+00   9.6365184959487571e-01   5.4554130404406309e-01  -9.2136071869841230e-01   4.2926667575909736e+00   2.0174898013512066e+00
   5.3618299999999997e-03   2.3701821303766027e-01   6.1594363599799851e-01   5.2390907374346440e-01   1.0084631727575228e+00   9.6182594613156747e-01   3.5743801292133620e-01   3.5141439784967893e-01   5.1164237681955327e-01   1.5709159276119338e+00  -9.6388937649829157e-02   4.2776490994313647e+00   2.0138301348087104e+00
   5.2136400000000003e-03  -9.7641427662454494e-01   3.0582434518802409e-01   1.5730925567590234e-01  -1.1770278828604908e+00   5.1767515618953608e-01   6.7632320762095999e-01  -2.3129301882005623e-01   5.3474587841577048e-01  -1.1117736720566820e+00  -9.7619441489017000e-01   4.2802510379225529e+00   2.0139745721716729e+00
   5.3754199999999997e-03   5.7236335454990372e-01  -6.0053179001499188e-02  -1.5332945308576587e+00   8.4822760849641710e-01  -5.5550112446896993e-01   1.2380987643529393e+00   1.8893644119430200e-01  -3.5883867603443897e-01   4.9813657728461369e-01   2.3521441203794136e-01   4.3024628152145752e+00   2.0196887626330970e+00
   5.4148000000000000e-03  -3.4804813463413864e-01   1.1524446974336797e+00  -9.8656932798394359e-01  -7.1521133515744029e-01  -2.7331446309381491e-01  -9.4584777511027340e-02   8.2935136359367123e-01  -1.1923432205022311e+00  -1.9987701376616254e-01   6.7937841014273526e-01   4.2804054890875856e+00   2.0141779795508170e+00
   5.3178699999999997e-03  -7.4957028175553275e-02  -1.3378771935971109e-01  -4.6593379703892096e-01  -4.3640020752065878e-01  -1.4926679284166078e+00   8.3824633357557954e-01  -6.6220981343192231e-01  -1.1206911349305169e+00   7.3498300493417434e-01  -3.7101088145924205e-01   4.3047686653315997e+00   2.0201751323677763e+00
   5.3965200000000001e-03  -3.0140416263804243e-01   1.5025886172964484e+00  -7.6215285916963038e-01  -3.6827013882330972e-01  -7.9116438573699954e-01  -1.5189481100115629e-01   3.7821211357340473e-01   9.8197112118049754e-02   1.2298995434373206e+00  -6.1108198404830405e-01   4.3147475615015010e+00   2.0227126695110633e+00
   5.4646299999999998e-03   1.1098235983195655e+00  -1.1479854945387340e+00   3.5918610093742820e-01   1.3655147597388240e-01  -4.6638110353544959e-01  -6.4546330976497279e-01   9.7449078178819870e-01  -2.7353071215388802e-01  -9.2284313133349949e-01  -6.5928529028381744e-01   4.2914767799859694e+00   2.0170395473228941e+00
   5.4735000000000001e-03   1.3409140873649361e-01  -1.0026649790724738e+00  -3.3820296461514010e-01   1.2491137483611356e+00  -6.0910125781870572e-01  -2.3881535881841723e-01  -4.8286637234601865e-01  -9.9347861845816898e-01  -1.6743165611603344e-01  -1.1458216723494496e+00   4.3095347789184650e+00   2.0214486006721764e+00
   5.1423099999999998e-03  -3.0000656223484801e-01   3.0630989555188975e-01   1.4521680803648429e-01  -6.5627556733112702e-01  -2.9032206018235174e-01  -5.7517772137280410e-01   1.8444807667738659e+00   1.2171147778747413e-01  -6.1975752073868906e-01  -9.4437910793524205e-01   4.2784118258620385e+00   2.0138247216668779e+00
   5.3745900000000003e-03  -5.4791448418231206e-02   1.6970448789329798e-01   1.3802430805877473e+00   2.6694660671223686e-01   2.7619051375252224e-01  -2.2875654193488523e-01   1.0302237704503876e-01  -3.7880682199339782e-01  -9.7344078297210501e-01  -1.5767087735720535e+00   4.3027971771567159e+00   2.0197063901684991e+00
   5.3926199999999999e-03  -3.3259032960310259e-01   1.3371997923614491e+00   1.2303078929710298e+00  -3.1226806466171025e-01  -6.5785682601385975e-01   7.1234158777804302e-01  -6.1923212012347162e-01  -1.9290876363143464e-01   7.1419309173051795e-02  -8.8419706650362562e-01   4.2860755589555897e+00   2.0156903213246311e+00
   5.2955700000000003e-03   1.6951376534082324e-02  -3.7648812785799381e-02  -7.9991520340573374e-01  -2.3882608088979843e-01  -1.8471150752756718e-01  -1.5208153810546119e+00  -8.0866070430974712e-01  -4.6227395079331979e-01  -1.1730010342010222e+00   6.2707195737396393e-01   4.2812160064071607e+00   2.0146196120405113e+00
   5.4613500000000002e-03   6.2116984818833276e-01   6.9165512033102128e-01   9.8480669281784827e-01   4.2136375261699899e-01   3.9313642321499709e-01   2.0614149556124731e-01  -1.5962053364922029e+00   2.9516802755553473e-01  -4.0525086070218597e-02   9.2032617143455542e-01   4.2981426986605777e+00   2.0188259241817210e+00
   5.4261300000000004e-03   7.7686657694999284e-01  -3.0613760194630696e-01  -1.8674485691039917e+00  -1.8590466113833906e-01  -4.6974859030556015e-01  -5.0652922802265898e-01   1.3911827630737675e-01  -6.2954647460079460e-01  -3.2461842958038133e-02  -7.4769930818176766e-01   4.2905933842060895e+00   2.0168623584362093e+00
   5.4455700000000003e-03  -4.3464525073049648e-01   1.4497249352205227e-01   2.0313127310078563e+00  -3.2403826445061590e-01   8.4501491326145495e-01  -4.9886907279119519e-01   2.4123833243975074e-02   3.1484808884227938e-01   3.5809331566308295e-01   2.2111989706888432e-01   4.2988384376835178e+00   2.0189804065403436e+00
   5.2894700000000001e-03   3.4132846461787192e-01  -1.3682910182159898e+00   6.9650925882157522e-01   2.1312616006926247e-01   4.4989936559803767e-01  -5.4324133766320437e-01  -7.4790388178396161e-01   3.2871263728581934e-01  -1.3719159978444504e+00  -2.5637881293482540e-01   4.2638588705547837e+00   2.0103380602034715e+00
   5.3208700000000001e-03  -3.0358731977116116e-01   1.0442149955533704e+00  -3.5336655064310996e-01  -1.1342994592338389e+00  -1.4845676872509322e-03  -4.3800205329536301e-01  -7.8540469368891808e-01   9.5111956860193247e-01   9.5564129158346917e-02   1.1906084175928375e+00   4.2982707910723841e+00   2.0186263600098346e+00
   5.2265899999999997e-03  -1.1599683464441743e+00  -3.8747489664928730e-01  -7.4595289709273732e-02  -3.5125983628861052e-01  -1.3368021474448322e+00  -3.8378110384838804e-01  -1.4440698607796218e-01  -7.8770517042613020e-01  -1.1041860069628477e+00  -5.6681819192216887e-01   4.2946044395050844e+00   2.0177612086980310e+00
   5.3743899999999997e-03   7.1062088441000060e-01   1.0862254579623014e+00  -1.2033751551799401e-01  -7.2096703733851408e-01  -1.2663238960465490e+00   1.0256855980030457e+00  -1.8110767857256632e-01   7.1750629473469041e-01  -4.4383869855287827e-01   2.9378758421001810e-01   4.3003206425883098e+00   2.0191822539301580e+00
   5.3629500000000000e-03   1.2145222938013267e+00   3.4803174593988767e-01  -1.1605836988250832e-01   6.0792423268348561e-01   2.8239805811813540e-01   1.3579374888261047e+00   3.6709646706889981e-01   9.4922037825420680e-01   1.2649254580937291e-01   8.5754202653542788e-01   4.2824986612254952e+00   2.0151594574694505e+00
   4.9552499999999996e-03  -1.6394583576711521e+00  -4.9153440069461291e-01  -7.6844694336881098e-02   4.9647466557306391e-01  -3.5215939038184523e-03  -2.8440478735963459e-01   9.9626329930804902e-01   1.0444898320830038e+00   6.6574311323458846e-01   2.4400498722735542e-01   4.2941768663192077e+00   2.0176794137254750e+00
   5.2885400000000004e-03   1.2414399787546651e+00  -8.5408949107850851e-01  -8.3878826862442823e-01  -7.4878154117258633e-01  -6.5663140293247949e-02   9.4124979854700708e-01   3.2283750037787418e-01   6.1560335538607103e-01  -9.2497835519237670e-01  -1.4867319371372312e-01   4.3284238501672521e+00   2.0256258193138725e+00
   5.2894600000000002e-03   9.6950924698848984e-01  -6.3470984360167970e-01   4.2843024759965498e-01  -2.2530116555803237e-01  -5.1282302356119380e-01  -3.8803852977665704e-01   7.6622677163474917e-01   1.3335252073242783e+00   1.0611209381326312e+00   4.7583979312744779e-01   4.2943974028870251e+00   2.0176235867807475e+00
   5.3316099999999996e-03  -7.9459869076032652e-01   4.4782112244775868e-01   5.8762682186021731e-01  -2.0434494911924244e+00  -4.3617383306736274e-01  -2.5723777320121771e-01   2.6456635530487843e-01  -1.5840175008771354e-01   1.4039236106780167e-01   4.0164140705947773e-02   4.3028075885232049e+00   2.0199268437558064e+00
   5.2629599999999997e-03  -6.0514758570982492e-02   1.6040516537412888e-01  -6.1368946376081768e-01   9.1971965986014648e-02   5.3046839249761468e-01  -1.3397939182776647e-01   4.0807754803850704e-01  -8.5046813160178947e-01  -1.9184323510834997e+00  -6.5607060527016492e-01   4.2907645145908244e+00   2.0166815867336618e+00
   5.3210200000000001e-03   2.0089042881773000e-01   4.0989848950967611e-01   9.5965874271319307e-01   5.1246083072807613e-01   1.4635214274915104e-01   6.2842299121661027e-01   2.2122635423702219e-01   6.6646554016180093e-01  -1.8302797767963366e+00   3.0283463109952269e-01   4.3034690406498495e+00   2.0200759468556764e+00
   5.3909199999999996e-03  -4.1771932925119709e-01  -1.7244161565594571e+00  -1.1005130926148228e+00  -5.0317897486970541e-02  -3.1484706168165622e-01   3.0681308927982637e-01  -7.9079263529211274e-01  -4.5423457510403897e-01  -5.2411448937740679e-01   1.2888856072718469e-01   4.2899430444062254e+00   2.0167377988667643e+00
   5.2463700000000002e-03  -3.4703241414383107e-01   5.2385020524085746e-01  -1.6369095133892497e-01   9.9109938623277916e-01   5.2913398237783194e-01   7.3873178402009376e-01  -4.3634875956155494e-01  -9.5624608111572262e-01   6.9865816922420798e-01  -1.3902534069975072e+00   4.3001623370846973e+00   2.0190371215787235e+00
   5.1708700000000002e-03   5.9002332282456416e-01  -6.3139560429799135e-01   9.7491214949803862e-01   7.9989893079182439e-01  -7.1998138725734218e-01  -1.2121771749516446e+00  -8.0437031858564501e-01  -6.5415263206885055e-01  -6.9188716807537909e-02   6.1389935601763579e-01   4.2955739828923374e+00   2.0180727880804987e+00
   5.3058899999999997e-03  -1.3418951787772695e+00  -8.4146374102040178e-02   7.6282669947122461e-01  -3.4584132655033584e-01   1.4534078511051743e-01   9.3868444729710654e-01   6.6376642645936512e-01  -1.1965367669537574e+00  -3.3372325337214070e-01  -5.4802872872871689e-01   4.2872065942118303e+00   2.0159939622260756e+00
   5.5957600000000000e-03   1.1749900106153799e+00   8.9673100987253596e-01  -5.7102737975073592e-01  -1.5087401874080002e+00  -4.7720627757537847e-02  -7.5071665857382242e-01   1.3685677798279428e-01   1.8893968122731178e-01  -2.8224540344402516e-01  -3.3672339516108862e-01   4.2889551876866649e+00   2.0165056806695025e+00
   5.3639999999999998e-03   5.0716680546037018e-01  -9.3299804772079165e-02  -9.1063571265675947e-01   4.1838309319877076e-01   4.0644038794290915e-01  -4.2531057007452372e-01  -1.7473966491849395e+00  -7.8974421270431117e-01   6.2255138730339021e-01   2.1283207104827356e-01   4.3014528580246525e+00   2.0195743827412564e+00
   5.3888199999999999e-03   6.8607520301962710e-01   4.7512792298799611e-01   9.4045232062542150e-01  -1.0300988958240986e+00  -5.9425665069454059e-01   7.6629524019363779e-02  -6.3026325032814723e-01   2.6991284282385408e-01   1.4554682658805425e+00   2.3253401213889946e-01   4.2790277444588884e+00   2.0140385000977923e+00
   5.3099400000000000e-03   8.2427373637116441e-01  -1.1566183454073153e+00  -5.9124630676899803e-01   3.6170118838286053e-01   7.4890728825161246e-01   5.8344378334379998e-01  -9.3289375020284515e-01   9.6715394721105152e-01   2.4464960076847597e-01  -6.2102134967795442e-01   4.2696954234243378e+00   2.0118200195576721e+00
   5.3027800000000000e-03   6.1098931304913295e-01   5.4017185873414753e-01   1.4789461949628471e-01  -3.8465168667690192e-01  -6.7151607380901490e-01  -1.0596738470677169e-01   4.2912443300383890e-01  -1.7517868052511274e+00   1.2527090338385247e-01  -1.0505065370091202e+00   4.2850851478705945e+00   2.0152697209875243e+00
   5.1726400000000001e-03   2.0428563872190808e-01  -1.0754315546159210e+00   8.2090571287276670e-01  -1.0837275232403465e+00   8.8730124095265350e-01  -7.0421015087318101e-02   3.0738598137519596e-01   7.5221539608922394e-01   4.0515660095071743e-01  -1.0286188428335261e+00   4.2836703191786292e+00   2.0151810763666691e+00
   5.1962500000000003e-03  -6.0372979916110325e-01  -1.0031078650722912e-01   2.3554206149005288e-01  -5.1212883546639121e-01  -2.9689562160614463e-01  -1.4719424234220304e+00   6.4991857422401178e-01   1.9367796788398806e-01   2.2868001723918771e-02   1.5122849146537651e+00   4.2713071912867644e+00   2.0119834646363453e+00
   5.2450099999999996e-03   4.1980160664489563e-02  -1.1257162744502422e+00   1.4117437665809723e-01  -1.1042854972185516e+00  -2.0520936550121036e-01   1.5622727110763934e+00   5.6562761199409783e-01   8.5308673302036370e-02   5.7473192346959145e-01   4.2165841153007655e-01   4.3257763556450426e+00   2.0251940023730275e+00
   5.2165400000000004e-03  -1.2468917721850878e+00   3.6126654872354458e-01   1.2053539021409165e+00  -1.3142358281379440e-01  -1.2887030725809789e-01  -6.6325016303496742e-01  -1.1265128364829560e+00   3.9277631611986280e-01  -7.7514877595658183e-01   2.3516962840951389e-01   4.2757099905099807e+00   2.0133774776223134e+00
   5.3008999999999999e-03  -6.5591132729461787e-01   1.6154410768433006e-01   3.9010577609982172e-01  -6.4955121939104787e-01  -6.4680384586744333e-01  -1.4863863141088967e+00   6.5911054340644953e-02   1.1535897342512760e+00   6.9161244522960141e-01  -5.5949118572206347e-01   4.3201970298138370e+00   2.0238916718230384e+00
   5.2528599999999998e-03  -1.1200232088105364e-02  -1.4606695184560794e+00   1.0150210508327067e+00   2.2260075348339653e-01   5.4689529706678308e-01  -7.6641341386804923e-02   3.4949978976114465e-01  -1.3310554247506459e+00   4.5797214555536570e-01  -3.3744064027413367e-01   4.3039217617788106e+00   2.0197967171298115e+00
   5.1674700000000004e-03  -1.6286467171519250e-01  -1.6455236781909394e-01   9.4186054601948654e-01   1.9402216586915896e-01  -9.3137073840266227e-01   9.7861488886460957e-01   7.9866657149367126e-01   1.1124604117882995e+00  -5.9248496992528055e-01  -8.5866077149292108e-01   4.2958614675376205e+00   2.0181070007798549e+00
   5.3205600000000002e-03   5.0628041737628504e-01   4.4841694485122613e-01  -6.3224400865329489e-01   7.0319926959335699e-01   5.3368271722565142e-01  -1.4213240377594720e+00  -6.7885213479584053e-02   1.0021682508113711e-01  -3.2482517453266579e-01  -1.3950014315418886e+00   4.2948055357562938e+00   2.0179003858163629e+00
   5.2801599999999999e-03   1.0371731465742129e+00   2.2567902932301015e-01  -4.5633683848778789e-01  -1.0109977262856809e+00  -1.1562734389896089e-02   7.7484837347269542e-01  -5.4946399594232942e-01  -1.0405672199650495e+00  -1.3620291692752121e-01   1.1702517363697942e+00   4.3002038943102301e+00   2.0192567944911048e+00
   5.3038699999999996e-03   1.3767433180152278e-01  -4.6688985571408742e-01   6.7060891110623322e-01  -1.0723454653647690e+00   1.3051836563843389e-01   6.8218103296201626e-01  -6.9503417440052728e-01   1.6347988589629969e+00  -2.6906731382263227e-01   3.6284901400691122e-01   4.2749198170923375e+00   2.0131429544150223e+00
   5.2356800000000004e-03   1.1715603347026573e+00   3.5421020242538503e-01   1.1087378610325380e+00   5.4295875198336552e-01   1.1444204947141907e+00   2.9145084611793765e-01   2.3287470593626497e-01  -1.0930998500565894e+00  -2.9184428201221951e-01  -2.1707037566155850e-02   4.2972136076893790e+00   2.0185108815715469e+00
   5.1889800000000002e-03  -1.5826154342673511e+00   8.4046745316188864e-01   3.7521714686295021e-01  -1.3883688992291962e-01  -6.0800766275049956e-01   2.1746152020691373e-01   9.0780259841152477e-01   3.5266763147507452e-01  -8.1043231981807529e-01   6.2001560005878520e-01   4.2972703514140731e+00   2.0184236665176849e+00
   5.1409000000000003e-03  -1.6137956996413758e+00  -8.2582188074445162e-01  -4.2057675905922809e-01  -5.3209507504626807e-01   6.4687993157836277e-01  -5.5995000013835661e-01  -5.7532981683058348e-01   8.8949159338249739e-01  -4.1374797997065021e-01   1.4606173239098269e-01   4.2969805783429296e+00   2.0184168241722293e+00
   5.0523399999999998e-03  -7.4691381121647316e-01  -9.3253587697622065e-01   1.1448922295719886e+00  -1.8336757104994980e-01  -9.8718199415747576e-01   1.3524704898573301e-02   8.0763770939935628e-02  -1.0593847363098921e-01   7.8703743094128120e-01   1.1665250801457301e+00   4.2785471151394798e+00   2.0137134186893366e+00
   4.9600000000000000e-03   1.7647782441855044e+00   3.5426760251272804e-01   1.0377758329927969e+00  -2.9569680154932582e-01   1.7993579636426801e-01   1.8368878131432942e-01  -1.0325559911079629e-01   9.3173848383669555e-01  -2.9711288680736159e-01  -6.2219306786990458e-01   4.2917118103265972e+00   2.0167106826648795e+00
   4.9909799999999999e-03   5.0630943264514261e-01  -1.1820328510297564e+00  -5.5180125234720800e-01  -1.0706042927399466e+00   3.7763865736674890e-01  -1.0756942656189272e+00   5.8186726282737544e-01   8.7059004017034014e-01  -3.9884913369369374e-01   1.8947662708378188e-01   4.2582701986319638e+00   2.0087378644391842e+00
   0.0000000000000000e+00   0.0000000000000000e+00   0.0000000000000000e+00   0.0000000000000000e+00   0.0000000000000000e+00   0.0000000000000000e+00   0.0000000000000000e+00   0.0000000000000000e+00   0.0000000000000000e+00   0.0000000000000000e+00   0.0000000000000000e+00   4.2932400656730172e+00   2.0174782763750709e+00
