   4.1320799999999998e-03   7.6917227385137388e-01   1.7606579357124783e+00  -4.9360714207989591e-02  -7.7438390105408650e-01   9.5369861315123772e-01   9.6940298007526415e-01   9.3941260280094996e-01
   4.8055099999999998e-03  -5.4859157351498600e-01  -6.8062231736625944e-01  -1.2453241070827616e+00  -1.3515907423039502e+00  -1.0852551256369103e+00   1.0453186553720411e+00   9.7677717537340980e-01
   3.9816000000000001e-03   2.3754865568140215e+00   4.7402719680921655e-02   2.4666987714064961e-01  -4.0324299040860101e-01  -1.4707931103729183e-01   1.1086541583072835e+00   1.0040262593291975e+00
   3.5395000000000001e-03  -1.3938780058994058e+00   1.4441486723933945e+00  -3.4164120953391985e-01   1.5099262877258333e+00  -6.2520565179448317e-02   1.1910421095969477e+00   1.0391257184237950e+00
   3.6569599999999999e-03   1.6808254116228889e+00  -1.3220112039812011e+00   4.7777097820592765e-02  -1.9072284631301259e-01  -1.2960256507018297e+00   1.1932900443320691e+00   1.0403889179631525e+00
   4.6165199999999998e-03   9.6011178919493989e-01  -7.4649225833596988e-01  -8.8390781052809553e-01   5.6157871923423885e-01   1.7156626742944414e+00   1.0890221905695139e+00   9.9631557981191454e-01
   4.2613900000000003e-03   2.8275443727782740e-01   1.5609118624083069e+00   8.3365817524181673e-01   3.3577143913037444e-01   1.4968199346416404e+00   1.0611648878663029e+00   9.8284101122437628e-01
   4.4956700000000002e-03  -1.5915718878765417e+00  -6.0473502216745445e-01  -1.4675803658350974e+00  -6.4401646951124403e-01  -6.1282024347274824e-02   1.0519657079572162e+00   9.7949505704303030e-01
   3.8903700000000002e-03  -2.3994669561829958e+00  -3.8600203527330723e-01   2.8465993142594553e-01   4.1143504119260564e-02   2.1793584254969364e-01   1.1465660342501147e+00   1.0198977402336027e+00
   7.1279200000000003e-03   2.3451319184987057e-01   9.6600166182034430e-01   1.0396890640920460e-01  -9.3152892122136399e-01  -1.5816201072173408e-01   5.3868099391502233e-01   7.1783066803821682e-01
   4.6172899999999996e-03   1.5319568335161788e+00   6.0609524104673806e-01   5.9940761098153794e-01  -1.3941666106931044e-01  -1.4854851139648992e+00   1.0222410635016890e+00   9.6560166023012772e-01
   8.3016600000000006e-03  -3.4119488281024374e-01  -3.8112507516364702e-01  -1.0443454494807010e+00  -9.4759173727582566e-02  -4.9223325014205227e-01   5.3868921720668872e-01   7.1824282531086470e-01
   4.1513200000000000e-03   8.0919924510087726e-02  -1.4002917587711572e+00  -2.1134416233433920e-01  -7.0661476125309830e-01  -1.7936766097211743e+00   1.0830036856369023e+00   9.9284145540901025e-01
   4.7596699999999997e-03   7.4006920431324108e-01  -1.4322138624474612e+00  -6.7629629085404819e-01   1.0390057306968097e+00  -1.0642539284592833e+00   1.0327836816948675e+00   9.7035920257662167e-01
   3.7785300000000000e-03  -1.5484092211478389e+00   1.1296419007690539e+00   9.7049419237368717e-01  -9.7654631809641490e-01   8.0069253713749822e-01   1.1687118095143025e+00   1.0299613293102334e+00
   4.6972999999999997e-03  -7.0552973889129389e-01  -1.4836325596838840e+00  -1.7767966008261030e-01   3.0707497393834327e-01   1.5911334460434126e+00   1.0479377751534760e+00   9.7823021269124999e-01
   4.9792999999999999e-03   1.2503786897734255e+00   5.1975002834641959e-01   7.7991861181586819e-01  -1.6350816460231830e+00   4.4914366709513176e-01   1.0577044323995206e+00   9.8245068044388295e-01
   4.4488200000000000e-03   3.5684795532745217e-01  -5.5719207870829068e-01   1.2114523084562534e-01  -2.0179599477713195e+00   1.0320085495036830e+00   1.0798115675963824e+00   9.9149325034239266e-01
   7.7752999999999997e-03  -2.0244848548440109e-02  -7.4914670035665087e-01   3.8797019226472336e-02   1.4187897661304100e-01  -9.8267830300662984e-01   5.1656227198987892e-01   7.0355529147499196e-01
   8.1119699999999996e-03   7.1570625671583554e-01  -6.5606769905532913e-01   2.5489795126070880e-01  -5.7504351220319017e-01   5.2720421031225684e-01   5.3319481281596470e-01   7.1478374096759123e-01
   4.5661900000000004e-03  -3.1648403753072246e-01   2.3218874094153988e-01   1.6710129796241433e+00   5.8721804814862011e-01   1.4687316325417268e+00   1.0706615247208451e+00   9.8756678514858076e-01
   5.0882400000000000e-03  -3.4299575427127682e-01   1.1945213492370255e+00  -6.4982359563468228e-01   1.3142927381608025e+00   1.1456202498052830e+00   9.8985505944680363e-01   9.5236769101288721e-01
   3.8037700000000002e-03   9.9628198504038801e-01   6.4923704609171784e-01   1.8782623051537712e+00   6.7549558976989343e-01   8.2160198279251351e-01   1.1527339110815820e+00   1.0222072843500303e+00
   4.4689400000000002e-03  -1.5972861394463160e+00  -1.0151006956267883e-01   4.1377939793531054e-01   1.6167666864796264e+00  -3.7469590335761443e-01   1.0590991944776562e+00   9.8265135699549444e-01
   4.0847300000000000e-03  -1.5421756650674852e+00  -7.4158863372204697e-01  -7.5708810998178577e-01  -7.9265708105241317e-01   1.3363764970329703e+00   1.1406056096333794e+00   1.0172220261591292e+00
   4.1841600000000001e-03   3.4241715287960256e-01  -9.8313576328203778e-01   8.4539203061367008e-01   1.4477818229200878e+00   1.3965447889406997e+00   1.1293235630617129e+00   1.0128783984802008e+00
   4.3011500000000001e-03   7.9589516342524935e-01  -1.5923056615552780e+00   1.5366273749629127e+00  -1.9213482000854962e-01  -1.9780020805029155e-01   1.0699107632176703e+00   9.8683354838998627e-01
   4.7590999999999996e-03   8.6950562887265770e-01  -1.0286478626065748e-01   7.0400214587387699e-01   1.8725214654801001e-01   1.8681698223014962e+00   9.2317807721914125e-01   9.1879158950753170e-01
   4.4605100000000000e-03  -1.1620967345478012e-01   5.5610894061866378e-01   2.0389620362052949e+00  -9.4490990302589428e-01   4.7987584459665183e-01   1.0886148089132677e+00   9.9586297445273775e-01
   7.4210400000000003e-03   1.1854491458962435e+00  -2.0901009563508571e-01  -7.9414797772008675e-02   4.2223216067955099e-01   5.4561145777081854e-01   5.5214457227600677e-01   7.2678060248541476e-01
   6.7538600000000004e-03  -2.5504401436396351e-01   6.2499109386828811e-01   1.8055583123169430e-01   1.4393906810619908e+00  -3.3894121578457342e-01   6.3273050397033404e-01   7.7407870361052811e-01
   8.0289200000000002e-03   2.9648804003413459e-01   5.3940621778234543e-01   3.3849633826038894e-01   7.6990960025975430e-01   8.0902934309396568e-01   5.4410912060081107e-01   7.2201289359631637e-01
   3.8920399999999998e-03   6.3848761131092624e-01   1.2026898989873876e-01  -1.1960542864491617e+00   1.5617914951759002e+00  -1.3076921554813126e+00   1.1392653255371776e+00   1.0165054719568407e+00
   4.6493999999999997e-03   1.8107520587959320e+00  -1.2541153640960196e+00  -6.4516194351546363e-01   1.1078977343400620e-01   2.5983059340047709e-01   1.0352301595693103e+00   9.7247431463766121e-01
   4.1286800000000000e-03  -6.7410303564900842e-01   6.5251860215447255e-01   5.6948389157791179e-01  -2.1306709419379546e+00  -6.4800949630655939e-03   1.0914737851872742e+00   9.9679438180420099e-01
   4.1503599999999996e-03   9.4684794828851182e-01   1.0215832116506163e+00  -1.8967667741601364e+00   3.5796179834396930e-01  -3.9534554848357961e-01   1.1087946060966309e+00   1.0040506333970534e+00
   8.0122900000000000e-03  -2.0173522478694628e-01  -1.1657322771363512e+00   4.9227359730791159e-01   2.8047859505605705e-01   9.7314634708290104e-02   5.4359988873782750e-01   7.2161229531580406e-01
   4.0381599999999998e-03   3.8114329017852078e-01   5.6519454933981056e-02  -2.4174742147802020e-01  -2.2558227596122986e+00  -6.0105197980441727e-01   1.0579464251708726e+00   9.8151675230979163e-01
   7.4817800000000004e-03  -2.2448899391338650e-01   4.1550529085355825e-01   1.1339704599862896e+00   6.2402554149810940e-01   1.0228723789112470e-02   5.4944783026104049e-01   7.2523821330345595e-01
   4.6984000000000001e-03  -1.6670030563044655e+00  -1.1065348564634598e+00  -1.9943713523793877e-01  -5.3701777031743714e-01  -1.0283995905638685e+00   1.0545043189218553e+00   9.8028012724395786e-01
   8.1495400000000003e-03  -9.5248577858172079e-01  -7.1570112624154403e-01  -4.4722068475594728e-01   2.9201056664576808e-01   2.5113486384398132e-01   5.5310984060308377e-01   7.2783274306499401e-01
   4.5405699999999998e-03   8.1158363019670485e-02   1.8112897431662953e+00  -7.0358031287354783e-01   1.0181282452888307e+00  -6.8884930649456022e-01   1.0136021270951350e+00   9.6157738293649464e-01
   4.1528700000000003e-03   1.3152684030478283e+00   1.7356850941208575e+00   1.0025881310829587e+00  -3.3383777798559805e-01  -7.1229927714432012e-02   1.1303665857059679e+00   1.0126963356894014e+00
   4.8801000000000001e-03  -1.8094865162338973e+00   1.0030417738398483e+00   6.9651685807103858e-01   2.5723259544692434e-01  -1.6750308723296689e-01   9.4456626572802149e-01   9.3003773494157271e-01
   4.4259700000000004e-03   7.2261243318943802e-01  -1.5732911711342106e+00  -7.8507507384812347e-01  -8.5594537598774545e-01   1.0426669418735186e+00   1.0372686183249435e+00   9.7202091051995632e-01
   4.3836800000000000e-03   1.8009995463983966e-01   1.0325635858314146e+00  -1.7446651690718289e+00  -7.5432872067825940e-01   8.6027281535297750e-01   1.0384362985772433e+00   9.7370753312605696e-01
   4.5348799999999998e-03  -1.2039156652070104e+00   1.1592970559934246e+00   7.2869837179496899e-01   9.2994241889117601e-01   1.0800408140069317e+00   1.0349605116959912e+00   9.7145651535963551e-01
   7.5807100000000001e-03  -2.5320939565589873e-01  -5.3373633079332661e-01   1.2587927211765171e+00  -3.7676676652205532e-01  -1.5201083644387561e-01   5.8146378026278933e-01   7.4490399848404221e-01
   4.0333499999999998e-03  -1.4406588043569655e+00  -9.3706829867540375e-01   8.4811194443344584e-01   1.1153055011517319e+00   1.0129441020430616e+00   1.1230266022391597e+00   1.0114944827416954e+00
   5.0539900000000004e-03  -4.3571358484094269e-01  -1.3023047419875744e+00  -9.8220856751892155e-02   1.6843879880726538e+00   2.0900989942952541e-01   9.3594265113503483e-01   9.2642124539363124e-01
   4.6918999999999997e-03  -1.1350019037900654e+00  -7.9966763424089360e-01  -1.4798208703068480e-01  -1.8731907334246718e+00   1.0963126526533035e-01   1.0775137833325488e+00   9.9081355766257351e-01
   4.4482499999999999e-03   1.7311092962673009e+00   8.8627942408321314e-01   5.5599510974650423e-01  -7.8795382341536782e-02   1.0969922120957187e+00   1.0181728262459961e+00   9.6251621793809894e-01
   4.2096099999999999e-03  -1.4885299855985248e+00   5.5388768715652514e-02   5.1990311443278969e-01  -1.5879549883321664e-01   1.7798299087075999e+00   1.0787002506861691e+00   9.9116434724457991e-01
   4.4989200000000000e-03   1.3772247879500996e-01   7.2530204403869847e-01   8.6773334623111853e-01  -1.0742847079212967e+00   1.8303483647640442e+00   1.1474623650311162e+00   1.0217648530594032e+00
   3.3604700000000000e-03   1.3349324812706793e+00  -3.0029736326416068e-01  -1.9399216932457197e+00  -4.5480427447701804e-01   8.4814809683431935e-01   1.2054389845034226e+00   1.0465101261910748e+00
   7.7660400000000001e-03  -1.2159572104014316e+00   1.6597081690020686e-02   1.2188687366956194e-01  -5.3118676287553634e-01   3.7939449875071302e-01   5.6007390587294126e-01   7.3191332007449839e-01
   7.3483300000000001e-03  -6.8882516520564763e-01   2.8963431777721566e-01  -1.0808412772855633e+00  -4.1889271899968544e-01   4.2535609565585158e-01   5.6748008193737431e-01   7.3641555544195592e-01
   8.8569400000000006e-03  -8.0918177985626094e-01   7.3842216922157811e-01  -2.7382903926218444e-01   4.2782820381351105e-01   2.0426992472820940e-02   5.3347860998728791e-01   7.1534790821629590e-01
   4.7975500000000003e-03   1.4844891320661016e+00  -3.9255230006636310e-01  -7.7785082293185748e-01  -1.4822241694217084e+00   9.9729300885920719e-02   1.0099190177912996e+00   9.6050875859016482e-01
   7.4669899999999997e-03  -4.4948255810298354e-01   1.1639995395024402e-01  -4.2880584432129182e-01   1.1653078882581233e-01   1.2344282306148830e+00   5.5530596952635458e-01   7.2868300642488748e-01
   4.0571299999999999e-03  -5.8505577318998980e-01  -1.7887247953866181e+00   9.3982488346690729e-01  -9.0564028717673628e-01  -8.1110040309130260e-01   1.1244071033419931e+00   1.0106528027334414e+00
   8.2430899999999998e-03   1.1091763053331882e+00   3.8819936988251474e-01   6.6804908329837313e-03  -4.5072218283747717e-01  -1.8979610532760552e-01   5.3638456540210389e-01   7.1696451293619412e-01
   4.5849300000000001e-03   8.3461339203894280e-01  -4.9830137365332711e-01   1.5813190614716861e+00  -8.2155307544321199e-01   1.1678317310663056e+00   1.0630380706138327e+00   9.8451803768825463e-01
   3.9430200000000002e-03  -9.9571112031579678e-01  -5.2716374386605847e-01   1.1974353506891928e+00  -1.3635298959504887e+00   1.1650093083779529e+00   1.1241606084106224e+00   1.0101149945620513e+00
   4.0377599999999996e-03   6.3373195825885664e-01   1.0597136042731063e+00   1.7792431159609159e+00   5.2418113170550462e-01  -9.4043502723204775e-01   1.1021839764312313e+00   1.0011530410377765e+00
   5.1391800000000001e-03   4.4171610468769712e-01   8.0919288019179358e-01   1.3020154631254031e+00  -1.2668833725450344e+00  -9.6729909347581933e-01   1.0171715374437957e+00   9.6465886630310438e-01
   5.6560700000000000e-03  -3.3385596414928354e-01   6.5992717780059906e-01  -1.4492247453035838e+00   9.3623032912175774e-01  -6.0086086272340922e-01   7.9856576401888379e-01   8.5974472799907864e-01
   3.6223499999999999e-03  -1.1725191602414331e+00   1.4175493257990417e+00   8.4559512549072935e-01  -1.0026002002724343e+00  -1.0454023425998051e+00   1.1439888796979789e+00   1.0198457097015663e+00
   7.9454000000000000e-03   5.7692716849127901e-01   5.3798736454444562e-01   9.8400871078137742e-01  -3.0429847288240258e-01   3.9807612623609329e-01   5.5318413681157941e-01   7.2759488710982922e-01
   4.2954999999999998e-03  -7.5184540210043882e-01  -1.9451705096311156e+00  -8.3811293100307249e-01  -7.5953695696825718e-01   2.4028363327317293e-01   1.0905664617725717e+00   9.9596093339213998e-01
   4.2265300000000000e-03  -3.8658021826952316e-01   2.2961372047265102e-01   4.3888057835255695e-01   2.1257446016831687e+00   8.9363256236986333e-01   1.0965957657618410e+00   9.9881458518643929e-01
   4.5187099999999996e-03  -6.3895177089551392e-01   2.2421241265186023e+00   1.8943961504354873e-01   1.5858144404241958e-01   2.6099070918631184e-01   1.0739141661858767e+00   9.8933598157787916e-01
   7.7203400000000000e-03  -5.1959465972915631e-01   8.4598624904632758e-01   5.1606617324541149e-01  -2.1915773398052474e-01   7.4878960063379940e-01   5.5037486366427268e-01   7.2584496474260984e-01
   3.9963600000000000e-03   3.6069823484208263e-01   2.0670980759358764e+00  -9.8860044032267669e-01  -6.9408764661359612e-01  -3.3563156262585214e-01   1.1341704453818622e+00   1.0150406460537142e+00
   8.1446200000000000e-03  -5.4062718187648251e-01   6.5007727705106855e-01   7.4740900151275225e-01  -4.4108473518500158e-01  -5.0535043636085275e-01   5.4854109820372787e-01   7.2487501227573958e-01
   5.2596300000000004e-03  -3.6362796497693844e-01  -9.5295817226708240e-02   1.1869144303361421e+00   1.1323190770439029e+00  -1.4149544762155268e+00   9.7246462224729247e-01   9.4327850494699428e-01
   5.6590700000000004e-03  -8.5027687427242793e-01   1.4543060086596418e+00  -3.6581962196913892e-01  -9.9541348615306846e-01   1.6109821809038116e-01   8.1933920650768111e-01   8.7015939254249131e-01
   4.4652399999999997e-03  -9.5332304794850964e-01   7.5968040536235015e-02  -6.7850712611162056e-01  -4.1278747142236860e-01  -1.9588422206287104e+00   1.0294520146467436e+00   9.6918893783052129e-01
   4.8979799999999997e-03   9.5207642224994404e-01  -6.7688025028580867e-01  -5.6589163269249765e-01   1.8166270994299798e+00   4.7582605273277906e-01   1.0317180308644478e+00   9.7040684857276771e-01
   4.9836899999999998e-03   3.3509990819889990e-01  -4.2928086128107024e-01  -1.5021472758200685e+00   1.0967731260903879e-01  -1.5490351448046609e+00   9.8227683680743583e-01   9.4763586670215472e-01
   6.9832100000000001e-03   6.1666046735818014e-01  -4.6639001986013501e-01   1.1255638315679022e+00   4.8415866016758413e-01   4.5612503133568200e-01   5.8331543783773609e-01   7.4562246650245545e-01
   4.3120700000000003e-03   1.6238470319973677e+00   1.4233130955194611e+00  -4.1362568397265909e-01   4.3594372042082036e-01  -7.8198928594490014e-01   1.0774059244412173e+00   9.9003726464337649e-01
   4.2761199999999996e-03   3.1987549882820288e-01   1.6940200928989664e+00   8.3200570669462404e-01   1.4478443945545789e+00   2.1081366058273920e-01   1.1278807727597215e+00   1.0125641711578273e+00
   7.2305700000000004e-03   2.2164309030369722e-01  -6.7939215062510105e-01  -8.6447726045721457e-02   5.7739929311628990e-01   9.7900559556324296e-01   5.3286484329815120e-01   7.1408233745919536e-01
   4.1788600000000004e-03  -1.3071743520561654e-01  -1.4306294285157814e-01  -2.3865284631128958e+00  -1.5199915341232093e-01  -1.0492948118541767e-01   1.0941497964119287e+00   9.9766331638574490e-01
   3.5797200000000002e-03  -1.6585086008265044e+00  -1.3940105297861691e+00  -9.4241700217775692e-01   8.7676450582771914e-01   3.3465278613174665e-01   1.2140319952501906e+00   1.0509452746296633e+00
   4.4699600000000003e-03   8.2412379487587450e-01   8.3779953188811607e-01  -6.0995837335353864e-01   1.9530506519137405e+00  -3.5937969382908330e-02   1.0839435398701947e+00   9.9340309839586238e-01
   4.2328499999999998e-03   3.8876531089690425e-01  -1.4555005447166049e+00  -2.7507749355530309e-01  -1.7638970657928805e+00  -4.7053067342994009e-01   1.0814447025478555e+00   9.9182452334193438e-01
   4.3747200000000003e-03   4.5151311684131273e-01   4.8200285546802268e-01  -1.8204780887586438e+00   1.0712421372840661e+00   9.4855093366210919e-01   1.1218215625844963e+00   1.0110457467609995e+00
   4.6569599999999999e-03  -1.6782581859842760e+00   1.1946586894166861e-01  -4.3433823742868449e-01   9.9425560529181367e-01   1.0536512849641779e+00   9.8690345655211553e-01   9.4997626721269957e-01
   4.6955900000000004e-03   2.9930990136633751e-01   1.8627414449688866e+00   4.1620957782109008e-01  -2.7627196694368661e-01  -1.1737828367436209e+00   1.0137661211522127e+00   9.6183110223351831e-01
   4.3219599999999997e-03  -1.9117985888687627e+00   9.9106280448431439e-01  -7.4596446273219263e-01  -2.3621558546884638e-01   7.0638098111763670e-01   1.1121087255943494e+00   1.0057309983088560e+00
   7.6659199999999997e-03  -7.1358996131174102e-01  -1.1583750417168250e-01   3.8016611518007687e-01   8.8181929096449874e-01   5.7183248027891964e-01   5.4041717345605089e-01   7.1932365254570263e-01
   7.9577799999999994e-03   4.5566978782589124e-01   3.7520636832248411e-01  -9.2827557371844172e-02  -6.2269119411035634e-01   1.0027334871298825e+00   5.4463740143482620e-01   7.2209894067904568e-01
   3.5436700000000001e-03  -5.7378243574863363e-01  -2.3392013569287951e+00   4.8968282251455103e-01   5.3087030481481545e-01   1.8162122952477255e-01   1.1780930214535830e+00   1.0347449473757433e+00
   4.5687699999999998e-03   1.3307285113088468e-01  -1.5721615205275767e+00   8.9570539615853806e-01   6.9213857882134322e-01  -1.2543805161249801e+00   1.0354621664367614e+00   9.7159302380277168e-01
   4.0223699999999999e-03  -1.7777448329662846e+00   2.5728070268907444e-01   5.8587652353493236e-01   2.4877733330519078e-01  -1.5017541210370295e+00   1.1210181702124613e+00   1.0087891562283178e+00
   4.0135300000000004e-03  -7.4413001514382693e-01   3.9994978821719390e-01   1.9768078750553577e+00  -2.8968247410891218e-01  -1.0839687390045891e+00   1.1067626342440759e+00   1.0031218847639389e+00
   4.8632600000000003e-03   1.4505064020953962e+00   3.1481205113547350e-02   1.6393475048122490e+00  -5.0712646095004510e-01  -2.6290402971890470e-01   1.0061683186132133e+00   9.5844759216870390e-01
   8.4211900000000003e-03  -2.9770051617036393e-02   2.0957585579858509e-02  -7.9330197272235836e-01   8.8399153985047563e-01   3.4673559696084677e-01   5.3168371858288777e-01   7.1381295547303469e-01
   7.8811200000000001e-03   3.5004025411453649e-01  -1.0314531544969334e+00  -5.8581153000026287e-01   3.1503635146056014e-01   3.2055159032375075e-02   5.2769175490039910e-01   7.1120617913041151e-01
   5.0149499999999998e-03  -8.8044355591903067e-01   4.1302296242367748e-01  -3.2884601065411451e-01  -1.4851087892385464e+00   1.2686521048850445e+00   9.5938068935269716e-01   9.3712792574486448e-01
   3.9931500000000000e-03  -7.3510627238631654e-01   1.6291494110501363e+00  -1.5678281352209318e+00   3.2366009896432962e-01   3.5072484652580505e-01   1.1143749269731336e+00   1.0058267298950323e+00
   4.2763400000000000e-03  -1.3529441048896438e+00  -1.3564819130840879e+00   2.0772355138864762e-01   9.9335711317631847e-01  -9.1388368719711555e-01   1.0560390218478850e+00   9.8027792535561120e-01
   7.7240900000000003e-03  -3.3926346561953324e-01  -3.6902173079363088e-01   7.3729181435198665e-01  -1.5530355011536412e-01   9.9199098085272974e-01   5.4217510596188123e-01   7.2048603538690503e-01
   4.4215799999999996e-03   4.4927566149714809e-01   1.0988171607620423e+00  -9.3234272568448284e-01   9.8775869889980689e-02  -1.8603087680396411e+00   1.1109073880371956e+00   1.0061022051089017e+00
   4.6000499999999996e-03  -7.5389548195240197e-01   1.4453105450845685e+00   8.6323606078937276e-01   8.1431804708659949e-01  -1.0464205948697201e+00   9.8912913574206596e-01   9.5015709074156429e-01
   3.7906300000000001e-03   9.7232761988905436e-01   1.9971374357047571e+00  -4.9936866013499037e-01   7.0846612429023526e-01   6.9926740675899046e-01   1.1690308686915041e+00   1.0301072905276998e+00
   7.6418900000000001e-03  -2.8614045907947133e-01  -7.6651084694204985e-01  -3.8088865433410446e-01  -6.7557318954629586e-01   7.4996676179703448e-01   5.4451089751721349e-01   7.2188423309799732e-01
   5.8489299999999996e-03   1.4899700243131215e+00   7.2199000684872172e-01   6.8402992982993494e-01   8.7128983776218383e-01  -7.5092717649718699e-02   8.2509129388713853e-01   8.7283287364166418e-01
   5.4192900000000002e-03  -1.8033899910885796e+00   2.1456179601367972e-01  -7.2845620339787753e-01   4.6373612467569664e-01  -6.4110733138108678e-01   8.9775291879416064e-01   9.0841012511645125e-01
   5.3588300000000002e-03  -2.9315615726352806e-01  -9.9987020714368491e-01  -1.6323927540410190e+00   7.1659551398935165e-02   9.5235029845943542e-01   9.3344792698544621e-01   9.2599675328205178e-01
   4.6705999999999996e-03  -1.1606456312342028e+00   1.5815176838725260e+00  -5.0033060441146959e-01  -4.6035049736384198e-02  -1.0826028714244187e+00   1.0207535613215353e+00   9.6500135927524455e-01
   3.7007600000000000e-03  -9.2100355739060003e-01   6.7444309270548430e-01  -1.4157826454643441e+00  -1.6885300599036721e+00   7.0688435583938808e-02   1.1571658922580268e+00   1.0241283191370865e+00
   7.9217500000000000e-03  -3.6218680229778244e-01   4.9263078775028113e-01  -1.1400163867254626e-01   3.9501561102990579e-01  -1.1157114186416597e+00   5.4612505233840525e-01   7.2325720864896248e-01
   4.9305099999999999e-03   6.0764926871223979e-01  -2.0293907813119061e+00   8.0416975345431227e-04  -3.5009914417047749e-01  -3.3009830425256803e-01   9.1890366904374765e-01   9.1748995043459625e-01
   4.7739899999999997e-03   1.5980479131949816e+00   9.8045361502711048e-01  -9.3847639759666812e-01  -6.7011413026773881e-01   4.4426313915643728e-01   9.7563103414692320e-01   9.4472640663301477e-01
   4.3927899999999997e-03   8.7730547600964381e-01  -1.6897444723068449e+00   5.0249181726191217e-01   9.1480597437134326e-02   1.2282451532142320e+00   1.0281005909943346e+00   9.6786725132594553e-01
   4.1654999999999999e-03  -1.2985285479733819e-01   7.2164339081351991e-01   6.8864792404306574e-01  -1.8209139288263912e-01  -2.2164378858093787e+00   1.1432916859208941e+00   1.0194771841770831e+00
   3.5305200000000001e-03  -8.2955847333687582e-01   2.7494131022058060e-01  -1.5759391089291575e+00   8.1702687213952685e-02   1.7660170850703552e+00   1.2046888231097570e+00   1.0446770333224611e+00
   8.4657900000000008e-03   6.9606357037287436e-01   1.2903423614458276e-01  -4.8593540082310316e-01   5.3197052525402766e-01  -7.4161537699139168e-01   5.3685626077951909e-01   7.1740388638300989e-01
   4.3673499999999999e-03   1.6679847064211324e+00  -2.5388083607062950e-01  -1.6995503171486992e-01  -8.2840949997020263e-01   1.4487214829127666e+00   1.0989459774281309e+00   9.9959130419333064e-01
   4.1653799999999998e-03  -3.5204532725480708e-01   1.7560540500391492e-01   1.5775061950577918e-01   7.8901602123806946e-01   2.2352191616339181e+00   1.1126001642657448e+00   1.0059286451689144e+00
   3.8572300000000001e-03   1.4007641104841684e+00  -3.7540196251384617e-01   4.9943421214695977e-01  -1.4555926999648843e+00  -1.1126013847965759e+00   1.0535504345630871e+00   9.7933606664222517e-01
   4.9576400000000001e-03  -1.3825355118737928e+00   5.3779671231681966e-02   1.6472052558120713e+00   4.4169474566680453e-02   4.7019705310321325e-01   9.4747492695823687e-01   9.3159831388314573e-01
   4.1832099999999997e-03   8.0252267898188645e-01   1.0284141051129882e-01   1.1423216118089741e+00   1.9291271014823448e+00   8.1320553028950832e-02   1.0874649883643637e+00   9.9463451198069797e-01
   7.8368199999999996e-03  -4.9375228810955962e-01  -8.8691066830764875e-01  -1.6299973226222522e-02  -7.3565295212144832e-01  -3.5924889411439903e-01   5.3460762810240525e-01   7.1572896545117970e-01
   4.3138800000000000e-03   5.5338075407340037e-01  -6.3027685502508113e-01   1.4499624967649063e+00  -5.1972686846980831e-01  -1.6278925048814747e+00   1.1082570369929394e+00   1.0042343137308130e+00
   4.0862099999999998e-03  -6.3544906448495964e-01   1.5060483163915939e+00  -3.9963781834519013e-01  -3.7282934659655298e-01   1.7284332870367378e+00   1.1415776909303852e+00   1.0187063162303458e+00
   4.4271800000000002e-03   1.0502040002815682e+00  -1.6260154776043920e+00   5.0148657094455840e-01   1.2055680300747722e+00   1.6015832242471145e-03   1.0431880004814102e+00   9.7453493965487525e-01
   7.8852400000000000e-03   2.8000341875644773e-02   4.6929004594975919e-02  -5.5774592783651455e-01  -1.1753587770827023e+00   1.3388475299705742e-02   5.3763032256178900e-01   7.1761575260571597e-01
   3.7856999999999999e-03  -1.3135755799789350e+00  -1.0906652575088458e+00   1.6688109271035130e+00   3.3915227034543860e-01  -5.9522386662430282e-01   1.1597831092094917e+00   1.0255658897010465e+00
   7.4757599999999997e-03   7.2647485797003053e-01  -6.5073914506104580e-01  -6.2627126424984525e-01  -6.1492164252772197e-01  -5.8704875332293249e-01   5.6975189007524440e-01   7.3793510885329183e-01
   4.1752899999999999e-03  -1.7405299928903573e-01  -9.9165002422291415e-01  -1.7224888572687811e+00   1.2660750334067028e+00  -2.1130921338440661e-01   1.0681077196711259e+00   9.8506291743890084e-01
   7.0220400000000002e-03   3.0882505003568008e-02   1.0933175696469006e+00  -6.0226060742778986e-01   1.1103361217006891e-02   5.8239304637188538e-01   5.3802842118729988e-01   7.1718810882263606e-01
   3.9498600000000003e-03  -4.0208877485570921e-01  -1.3387919026145509e+00   1.7185719812955200e+00   6.3577698457100665e-02   1.0673988878908738e+00   1.1511004054817706e+00   1.0223958851330344e+00
   4.7696300000000004e-03   7.0723518853829515e-01   9.3837926258561233e-01   4.2800229708050058e-01   1.3602636951994327e+00  -1.3758508510663527e+00   1.0469915054602579e+00   9.7606962258385865e-01
   4.2912899999999997e-03  -3.8951924255710457e-01   1.5925236843235890e+00   1.6738328560388145e+00   4.6459291171458521e-02   1.6566678966168141e-01   1.0475435040179741e+00   9.7715933469458960e-01
   3.9446999999999998e-03   1.8656643793681918e-01  -3.4360899500863329e-01   2.3817013941509635e+00   3.1378399761511577e-01  -1.8476284815919250e-01   1.1291543326495437e+00   1.0129678853287434e+00
   8.4938900000000005e-03   5.8415179988933752e-01  -1.0615800051834197e-01  -1.0362183900059287e+00  -2.2207171265252584e-01   4.6729293172761122e-01   5.5187996990091848e-01   7.2709568319776241e-01
   4.7866899999999997e-03   8.4461065394311385e-01   8.0997096307254390e-01  -7.5842985653982009e-01   1.7155587087293001e-01   1.7853938869015746e+00   1.0122859902834367e+00   9.6089742430128910e-01
   4.0493500000000002e-03   1.1210800241516687e+00   4.8081958109135858e-01   1.1608641510005063e-01   1.5638251091647910e+00   1.4260786854030301e+00   1.1341747325205394e+00   1.0163046800635449e+00
   3.3835300000000000e-03   8.3174731422851889e-01  -1.2306256495268120e-01  -6.4165214886019506e-01  -1.1323664820605417e+00  -2.0241655465087924e+00   1.1958682462990620e+00   1.0419848767148594e+00
   3.8799799999999999e-03   1.9734032400621055e+00  -6.6836070047494400e-01   9.5500888568281561e-01   6.3499434949747990e-01   7.5748545839830317e-01   1.1991013610411829e+00   1.0434336800475537e+00
   3.6472499999999999e-03   2.1032286916584937e+00   3.4826926249773876e-01  -8.6774483375997924e-01   7.7255141851845455e-01   6.3911362561101293e-01   1.1737975853201703e+00   1.0331985782061146e+00
   4.1796600000000000e-03  -9.4143557221632881e-02  -7.9448009924341056e-01   2.5814683397455629e-01  -7.2819044817476497e-01   2.1132937183992566e+00   1.0947850082594164e+00   9.9697736805546999e-01
   8.0968399999999992e-03   3.9344993161132469e-01   1.6386560543067616e-01   8.6568930014778334e-01   1.6758336972809279e-01  -8.1421203566005385e-01   5.3211192563481657e-01   7.1419343570399563e-01
   4.2679600000000003e-03   2.2452162760140007e-01  -1.2366966739938705e-01  -1.0179590535209104e+00  -9.7261523158722485e-01   1.8545668345638135e+00   1.0502723121551407e+00   9.7736531046998187e-01
   3.5486699999999999e-03  -8.9856189192059488e-01   5.7273926463537650e-01   1.7272059246528702e+00   1.5278083306944956e+00  -9.9206906887905330e-02   1.2240362168632570e+00   1.0535566863803900e+00
   1.1262550000000000e-02   1.8116435879182581e-03   8.5757987850767700e-03   2.6246530149247441e-02  -2.6774066359353435e-02   2.1259772246714919e-02   4.1934069594246848e-01   6.3661280815939336e-01
   4.6919600000000002e-03   6.4682347186183653e-01   3.8643363906132305e-01  -1.6919398140093600e+00  -1.2142750625047467e+00  -7.0104738991399418e-01   1.0480318012829601e+00   9.7838777789696041e-01
   8.2287200000000001e-03   3.1441977028495416e-01   1.1702545401373368e+00   2.7834498700340610e-01   2.9342921727783500e-01  -2.4379603993137045e-01   5.4554206137362393e-01   7.2276067575828262e-01
   8.0758199999999992e-03   1.8021621000522950e-01   7.7302666536383224e-01  -8.7872332226164396e-01  -2.8497030782920935e-01  -5.1382114449894101e-01   5.4820794363225456e-01   7.2460718895181964e-01
   4.6846099999999996e-03  -5.9687943273140975e-01  -2.4683917659683444e-01   4.7738439862821908e-01  -1.6356950485507795e+00  -1.4414935646786460e+00   1.0612871068243126e+00   9.8326295460091639e-01
   4.4363900000000001e-03  -9.3850399530628792e-02  -6.6353204258154508e-01  -1.5481934332054816e+00  -1.5583882670634817e+00   5.5708089008252315e-01   1.0755071943598726e+00   9.9025055333412371e-01
   4.7305400000000001e-03   8.4543424649410670e-01  -3.1452401901101201e-01   7.0571374506787007e-02   5.7562649797266197e-01  -1.9881092555498745e+00   9.8892186920035685e-01   9.5067913150162564e-01
   8.3462599999999994e-03  -9.7607250931965794e-01  -2.4897153367453403e-01   5.4200174231987475e-01   3.2656160338406981e-01  -4.5121295576293763e-01   5.3856051211324185e-01   7.1843451186339014e-01
   8.3601100000000005e-03   3.9916019114899481e-01  -3.2058643517247720e-01   2.8971465524311096e-01   1.0827218894393167e+00  -2.5214921365248155e-01   5.3478924231649549e-01   7.1591255705122048e-01
   4.2221500000000000e-03  -4.1610121142368195e-01  -6.0550614552765747e-01  -9.1616286711098915e-01   1.4841279058328356e+00   1.4330272690771282e+00   1.0668158846868494e+00   9.8581240722816244e-01
   7.6397200000000000e-03   2.7831010846345178e-01   2.0943542086929656e-01  -3.7657218793130477e-02  -6.2305127880300537e-01  -1.2029365875896323e+00   5.6195627165910256e-01   7.3317362931339858e-01
   3.6838900000000000e-03   3.8534885397568686e-01  -2.0380330022884636e+00  -9.4209093210019901e-01   7.9006408978397547e-01   6.3340400069012148e-01   1.1607359665619053e+00   1.0263258506155712e+00
   4.6837399999999996e-03  -5.6595586418199872e-01  -1.7993072899295026e+00  -9.0170968724002909e-01   2.1339626589833124e-01  -8.6674431092048621e-01   9.9647002836256404e-01   9.5433221623834030e-01
   4.3598500000000002e-03   1.8563261268233320e+00  -2.6671327492906316e-01  -1.0637278924358602e-01   1.2722653957375742e+00  -7.3678025164115490e-01   1.0914597504175223e+00   9.9685139956683089e-01
   3.4505600000000001e-03  -1.1883811070517487e+00  -5.7049828942665315e-01  -1.5745244842202801e+00   6.6769070455729362e-01  -1.2909693892116674e+00   1.1751363735818419e+00   1.0307644581541091e+00
   5.0081099999999996e-03  -7.3106123861562999e-01  -5.8669682947517965e-01   8.1768306416031522e-01  -2.7503546178734012e-01  -1.5914681250266600e+00   8.1132218164506786e-01   8.6471481068992195e-01
   5.0509099999999996e-03   1.1182202802583798e+00  -5.1072219821208187e-01  -1.5662952264518952e+00   7.7258421101587660e-01  -1.2947521945518134e-01   9.0056259757577917e-01   9.0907751630427780e-01
   3.8390199999999998e-03   1.5988105667734238e+00  -1.2656272248081295e+00   6.3607638115582799e-01  -1.1454495175918944e+00   2.4749923011612604e-01   1.1058289542156863e+00   1.0027312135956776e+00
   7.3179500000000001e-03  -2.2708130408918453e-01   4.1845756085237565e-02   6.1464936313416785e-01  -1.1684745019947635e+00   3.9264947608802875e-01   5.5021724720361442e-01   7.2543732704977348e-01
   4.0717200000000000e-03   1.2821759631824186e+00  -4.8158917258781525e-01   1.4356400502745301e+00   9.7504696312522743e-01  -9.7699278873516249e-01   1.1111623533882391e+00   1.0045477954419928e+00
   4.0124799999999997e-03   1.0033448077517806e-01  -5.6632973455328428e-01   2.0621603276798553e-01   2.1524595714164843e+00  -1.0337921263100545e+00   1.1791417702975864e+00   1.0340594174771180e+00
   7.3449900000000000e-03   1.0918622059478931e+00  -6.6695475102791935e-01   4.4068008395403158e-01   9.5392926358245575e-02  -4.7833769423243361e-01   5.6430714353172196e-01   7.3464021449263461e-01
   4.7966800000000002e-03  -1.4932976101999613e+00  -2.5733129285129946e-01   1.1709242675040024e+00  -1.1302813455830691e+00  -4.4850507525504912e-01   1.0052793701024627e+00   9.5799957681462000e-01
   4.7064100000000003e-03  -1.0304024824931522e-01  -1.6752039340181668e+00   6.6726250209065352e-01  -1.1178253505990114e+00   7.2670260577746637e-01   9.7021197097861589e-01   9.4147160182747580e-01
   4.3381399999999999e-03  -1.2358111593099632e+00   1.3196431050451174e-01  -1.7212683060600624e+00   7.5862498529905664e-01   3.8788070236768357e-01   9.8768123605229885e-01   9.4850740903575415e-01
   4.7671700000000003e-03   1.7860256876188367e+00  -2.9519781410741889e-03  -1.0882780068431142e+00  -1.8592323588861157e-01  -9.7221829558901940e-01   1.0480626896660032e+00   9.7825193951257994e-01
   7.9787499999999997e-03  -8.8066263694429447e-01   2.1011246221599075e-01  -2.7484025053020972e-01  -6.6928312928916522e-01  -6.4476911233235790e-01   5.4826011810250341e-01   7.2455005459867072e-01
   3.7272899999999999e-03  -5.1889958234516642e-01  -7.3947247436577979e-01  -2.5760603858423581e-01   8.1123744266348929e-01  -2.0791194393472665e+00   1.0856573706032331e+00   9.9204186442711839e-01
   4.2387400000000004e-03  -8.9027245485327799e-01   8.4608571820306944e-01  -1.7581216802682180e+00  -4.1588414584090799e-01  -9.6478345324297143e-01   1.0913977106832697e+00   9.9593736992019832e-01
   4.1710699999999998e-03   1.3261710751915230e+00   1.2022481273604941e+00  -2.5382001408966776e-01  -1.3322544829507106e+00  -8.6770771032770666e-01   1.1074604864916990e+00   1.0037784198220914e+00
   4.9473599999999996e-03  -2.8175135372443183e-01  -9.4758980585069907e-01   1.3932200988209971e+00   1.3919171298675534e+00  -5.3181759063672437e-02   9.5481946551957231e-01   9.3450510030474432e-01
   4.2632599999999996e-03   6.7108230094098975e-01  -1.4636848958814044e+00  -1.6738463498060487e+00  -5.3719225695303097e-01  -4.6780816153084293e-01   1.1528385500121152e+00   1.0232149739475069e+00
   7.2091700000000000e-03  -5.2709441979018901e-01  -4.2250883562412406e-01  -4.7139126251713226e-01   1.0137739260147740e+00  -6.6876200207912073e-01   5.7474124698667628e-01   7.4064525908328693e-01
   3.9467699999999996e-03  -7.4310414383472834e-01   7.9018574446391390e-02  -9.5915274952158658e-01   2.1082149225513467e+00  -1.6811824147809500e-02   1.1232678022858511e+00   1.0094320712098499e+00
   4.9670499999999998e-03  -1.4734047905387060e+00  -1.3818391605254225e+00   5.5946430443689743e-01  -4.1682370017688836e-01   4.8682565974239278e-01   9.3461793447480435e-01   9.2588725951509920e-01
   3.9420599999999998e-03   1.1851902251031027e-01  -7.1762237239767857e-01   1.6045605594759613e+00  -1.7716433641799025e+00  -2.2622838648323010e-01   1.2107901628971158e+00   1.0497138220759907e+00
   3.7694899999999999e-03  -2.0178020763394158e+00   4.5751893233193297e-01  -3.2375878752984000e-01  -1.2525362816602872e+00  -5.7421894541540386e-01   1.1845730734739399e+00   1.0383632486523644e+00
   4.2266600000000001e-03   5.0601509476329665e-01   9.5198834510140840e-01  -6.4887153490378080e-01  -1.8981546999191699e+00   7.5054331067116919e-01   1.1116591728959857e+00   1.0047207481950684e+00
   4.4143899999999998e-03  -3.1246731591603844e-01   1.1369137089273456e+00  -4.8095572943259907e-01  -1.4994613774893966e+00  -1.3160018207655770e+00   1.0748406236449337e+00   9.8985378889219156e-01
   3.8118599999999998e-03   1.0661554516238157e-02   1.7963140159606714e+00   8.7776160849648721e-01  -1.3439140743404194e+00   3.3078324676049242e-01   1.1139575227744170e+00   1.0049810788372873e+00
   3.6906899999999999e-03  -8.6683574386717599e-01   6.9241067813725576e-01  -4.4032508260731440e-01   1.4383688961114847e+00  -1.6711548542327661e+00   1.1882824791548503e+00   1.0387069836254579e+00
   7.3834299999999999e-03   4.0887484564003923e-01  -4.4159246820396075e-01   5.9256195831927050e-01  -9.7399668921097415e-01  -4.8209030115137219e-01   5.5158540589923011e-01   7.2601137771392088e-01
   6.8034799999999998e-03   8.5296030872447348e-01   7.2630434235993879e-01  -5.8756687982325695e-01   5.8897528060504589e-01   2.4272315981062739e-01   5.4726429787584019e-01   7.2315690860364690e-01
   0.0000000000000000e+00   0.0000000000000000e+00   0.0000000000000000e+00   0.0000000000000000e+00   0.0000000000000000e+00   0.0000000000000000e+00   8.7079602658272581e-01   8.8638367993488087e-01
