   5.3677200000000003e-03   1.0304912667753179e+00  -1.5160973580385162e-01   7.7706150888035364e-01  -1.5518378277672695e+00   2.6953481884871072e-01  -5.0927032115630810e-01  -7.1269381769582496e-01  -5.8383157808404829e-01   4.8498012147107777e-01   3.4985072148667222e+00   1.8168701129433309e+00
   5.1181500000000001e-03  -4.4709893828999325e-01  -3.5235224178589447e-01  -3.0448663208826765e-01   5.1665690375528961e-01   9.7291906382876769e-01   1.0956894629835185e+00  -1.5240794559893946e+00   5.1358905650110398e-01  -3.8319560011870984e-01   3.4887126392032326e+00   1.8140893447078446e+00
   5.1723999999999997e-03   4.4456056722570353e-01  -3.8980215719232508e-01   1.1286518154618637e+00   1.2337504045912819e+00   3.7360660078882995e-03   2.6790020788879443e-01   9.6440683838653041e-01  -9.3888770334819804e-01  -7.4861008752834179e-01   3.5092446043571077e+00   1.8194404002398408e+00
   5.3394400000000000e-03   1.2280039203534650e+00  -7.2636874044318256e-01   2.0921886751155061e-01   2.0964311285884438e-01   5.1553738460514187e-01   7.0280146615658146e-01  -7.7894717604356056e-01  -1.1772839553725976e+00   8.2552195609197587e-01   3.5184472751278832e+00   1.8217353452343814e+00
   5.3870400000000001e-03   5.3704309831154751e-01  -1.5679326140675218e+00  -1.3666721218152371e+00  -1.7364421374811764e-01  -3.7072483617948843e-01  -4.0231530765039109e-01   6.5230361037284290e-01   3.5323938407213418e-01  -2.1656312485526538e-01   3.5155211031190285e+00   1.8211834134495182e+00
   5.1851099999999997e-03  -4.3458258650899884e-01  -6.3120482322251115e-01  -9.2219839803207737e-01  -1.7773293719886849e+00  -5.5620749885113042e-02  -5.6676776299525200e-01  -5.1967577883842031e-01  -5.9754829502536766e-01  -3.2372164155855948e-02   3.4942325523212125e+00   1.8155315301998487e+00
   4.9125499999999999e-03   6.3583985285158839e-01  -1.4459900430070707e+00  -1.3111097807742195e-01   4.3843485221892120e-01   1.3381975073421504e+00  -2.0361225408065894e-01   2.0191793081570591e-01   9.3081203305204319e-01   4.9548294292813772e-01   3.5081511517972794e+00   1.8190998840799424e+00
   5.2391199999999999e-03   8.8155416329053360e-01   1.0016135554449854e+00  -5.6883257040164159e-01   3.6864456616689650e-01   9.2805142215020078e-02   5.5857201734942818e-01  -1.0703826759654198e+00   9.7097012458961429e-01  -9.7090145225621616e-01   3.5098479863653189e+00   1.8198214854503705e+00
   5.2046699999999998e-03  -1.3477233609257411e+00  -2.9007630041152827e-01   4.0575306419817214e-01   1.6229109511251203e+00   3.4828579010899152e-01   3.8982179281756529e-01  -1.0990978768905968e-01  -3.4211846907559762e-01  -7.1915871939302412e-01   3.5172588256336130e+00   1.8218124399622488e+00
   4.9605800000000000e-03   9.3468996412454464e-01   9.5940943700634851e-01  -3.9996629581765758e-01  -2.1712216140071350e-01  -8.0241301991772029e-01  -2.0545196571480037e-01  -1.0427362348122642e+00  -1.3707576916389430e+00   1.1134999027461132e-01   3.5046207124804525e+00   1.8183086833128543e+00
   5.1339500000000000e-03  -7.0191479893894482e-01  -1.3703552802181970e-01   5.3684567904014258e-01   2.4996910350736695e-01  -1.1342414706447561e+00   1.1793278685159090e+00  -8.8632369874278583e-01   9.7976677763047015e-01  -5.5089463653091331e-01   3.5092086418445874e+00   1.8191372362708786e+00
   5.1440200000000000e-03  -5.3178079763909525e-01  -3.2248764486189241e-01   4.4244047227764244e-01   4.1367104229712841e-02  -1.0003549754008716e+00  -9.4789176711714862e-01   5.9081697902096164e-01   1.4205355060714668e+00  -8.4921851452812236e-01   3.5026581687013016e+00   1.8175240460828417e+00
   5.2147900000000004e-03   6.2394180348475869e-01  -3.2941895046762987e-01   8.2272267609648198e-01   5.4618243341546224e-01  -1.5998169219398910e+00   9.1191926070932683e-01  -3.4130835470237814e-01  -5.1518419919137226e-01   5.9848135905536404e-01   3.5204417838405289e+00   1.8226323937452751e+00
   4.9460499999999996e-03   1.3074304895120181e+00  -2.5708286029105021e-01  -2.3182868316529451e-01  -1.7259807730845309e+00  -4.2709955436232766e-02   1.1441616783339587e-01   8.4644941734934376e-01   1.4710325234306829e-01  -3.1398466517801260e-01   3.5102340044320188e+00   1.8196474660715227e+00
   5.0166799999999999e-03  -3.4238273225543386e-01   9.2272706722989661e-01  -1.1229175024575977e-01  -4.1210713962444662e-01  -3.6026203999515743e-01  -1.0504083879673007e+00  -9.4233990247101704e-02  -5.6151480356493449e-02  -1.7942206888950323e+00   3.4940103678338161e+00   1.8154620592483039e+00
   5.3301900000000003e-03   7.9247643525977157e-02   6.8901406201353954e-01  -7.1270824185008841e-01  -1.0470662702169080e+00  -1.1085576205776744e+00   8.6585516063001788e-01  -8.6067737868969096e-02  -6.8078812915336617e-01  -9.7324830297817921e-01   3.4854881517581919e+00   1.8133640199636116e+00
   5.0169600000000000e-03   3.3665566599599900e-01  -3.1149173041844774e-01  -3.2521655637627661e-01  -1.1517013800220974e+00   3.1726244187799679e-01  -2.6546423076075409e-01  -4.1411936168454871e-01   1.0898666073837189e+00   1.5596214223731351e+00   3.4871528795166600e+00   1.8135879770591441e+00
   5.1907200000000002e-03   4.3511847806205445e-01   1.6673654728869627e-01   1.1349144523108659e+00  -3.5819557911870831e-01   1.2701359781484969e+00   9.9570996657621161e-02  -9.3455167459002342e-01   1.1911216893568997e+00  -1.0460426906952068e-01   3.4931186888509158e+00   1.8154199608417496e+00
   5.1698700000000000e-03  -1.4586984562031997e+00  -1.3360038517176378e+00  -3.4402954442765360e-01   4.6566230934089160e-02  -4.4302666438449684e-01  -9.4708349794409119e-01   5.3205407549251071e-01  -3.4018857298074445e-01   2.3016864737550502e-01   3.5088455575161674e+00   1.8191109390511071e+00
   5.2253700000000000e-03   6.8533885909704462e-01  -8.0955383106826373e-01  -9.5673009804305587e-01  -4.5054338730522958e-01  -7.0536572032992473e-01  -6.3443233454257175e-01  -6.3907324958029932e-01  -5.4513814046840647e-01   1.3101761160427927e+00   3.5025392072918362e+00   1.8179591647054534e+00
   5.1372500000000003e-03  -9.6110247954276595e-01   7.5135962132226164e-01  -1.3259961327355234e+00  -2.4947402777633443e-01   5.4324588571628814e-02   1.1237822144566829e-02   8.0961135471164725e-01  -1.2127051369355413e+00  -4.0106058258448285e-01   3.5030246123171498e+00   1.8178356791065782e+00
   5.0634299999999998e-03  -8.1657424754804468e-03   8.0752357349052184e-01  -1.2308428004505536e+00  -1.5579055728544824e-01   9.7959035251972040e-02   8.2514023993822305e-01   9.5296554417682999e-01   9.4826564939575009e-01   9.3829836601510852e-01   3.4934389724244270e+00   1.8151836821037552e+00
   5.0923200000000000e-03   3.7326200569868018e-02  -3.8318969619418702e-01  -1.9302887461787926e-01  -1.0195942442165857e+00  -6.6295248726915401e-01  -3.9626118474676403e-01   7.6794989940459268e-01  -1.7299466723465551e+00   4.0195288583508287e-01   3.5003035196895960e+00   1.8167281330068485e+00
   5.0152399999999998e-03   5.1048473963102337e-01  -6.5383308518651306e-01   1.6594966888117364e+00  -7.6241510875923779e-01  -5.7058868767992058e-02   8.1709283594262472e-01   6.3905785565400830e-01  -6.6182368477959530e-01   2.6806218495430167e-01   3.4963882242914610e+00   1.8157135140729697e+00
   5.4446599999999996e-03   1.7963502961084660e-01  -1.9166945491539383e-01  -1.6984821071655205e+00  -1.7643874208645363e-01   1.1481407134198023e+00  -7.2382515071325404e-01   6.8450329497327533e-01  -2.3000048673187806e-01   4.5187824751601047e-01   3.5281737961862691e+00   1.8246310628671880e+00
   5.1805699999999998e-03   3.8169773348582281e-01   9.5727129986619919e-02  -1.5132019356652535e+00   6.2481483323007103e-01  -4.7204241512489037e-01  -9.7517867836108685e-01  -2.4904615426482471e-01   1.2033052497208212e+00   1.3539809581070750e-01   3.4964040505871599e+00   1.8159930815958256e+00
   5.2715599999999998e-03  -7.9876362592803440e-01   6.4688244771501013e-01   8.9118204767676776e-02  -2.7794813193013795e-01   1.9021539121270721e+00  -4.6476397090269195e-01   5.0794811509159876e-01  -4.8243635050647748e-01  -1.9648070379640681e-01   3.4888318904809563e+00   1.8143419636983229e+00
   5.1357900000000003e-03   9.2030356133207714e-01   1.1227170191121434e+00   1.7734245645500987e-01   4.8368207458377221e-01   3.6423239322830098e-01   1.1792248479989338e+00  -7.3819619907853984e-01   8.8024620557171127e-02   1.0772635922062113e+00   3.5065674517017920e+00   1.8189104576282054e+00
   5.2423900000000004e-03   4.6566199754479026e-01  -1.0066348476195819e+00  -1.1103320031740502e+00  -1.5103745598161974e-01  -7.9215713723436931e-01   7.1956090767909708e-01  -1.2693885960398932e+00  -8.8317987045396590e-02  -5.9452465710106905e-01   3.5156477527038530e+00   1.8212165624685606e+00
   5.0849800000000002e-03   3.4712328802427590e-02  -2.9052684191207320e-02   8.3944312748469840e-01  -9.5237864642436298e-01  -9.1035681166311787e-04   1.4954632108434638e+00  -1.1196239830332011e+00  -6.0247871820320442e-01  -2.8077317877000146e-01   3.4845527246199941e+00   1.8126068721086246e+00
   4.8176099999999999e-03   6.3115421061279318e-03   1.1317933957400923e+00  -5.4980169727204142e-01  -1.7108698890498160e+00   7.8124365521736017e-01  -1.6362443401501908e-01   5.2822741702438658e-01   3.9160037938265874e-01   3.1164212340140701e-01   3.4888462995032627e+00   1.8138174667170885e+00
   5.1012000000000002e-03   7.2395875018630496e-01  -6.3242394621226194e-01   4.9025204865486383e-01   1.0638791117230333e+00   2.0751826939099868e-02  -1.3511527702621844e+00   1.1002300493958186e+00   4.5818542561583814e-01  -2.3093390702787694e-01   3.5071511423805433e+00   1.8187372389608150e+00
   5.0867200000000003e-03  -3.3069985594544060e-01   4.8192383014319784e-01  -3.0101435637365426e-01   1.5678453081690886e+00   9.3126094911342228e-01  -1.5275993627798953e-01   1.3390840098583014e+00   1.3291759616034690e-01   6.2127056811376391e-03   3.4975750760149076e+00   1.8161815681398650e+00
   5.1737199999999997e-03  -4.3142151248449873e-01   6.8618311419323230e-01  -2.8737312456763248e-01  -1.3331674923707690e+00   9.2857716673487550e-02   1.0296668593132274e+00  -1.1041471989051743e+00   8.0689076478276178e-01   3.1302121628542240e-01   3.4980238799517460e+00   1.8164738675676699e+00
   5.2106200000000000e-03   9.6495416872412798e-01  -8.5145019824257617e-01  -2.5049980277263095e-01   3.8728700791719961e-01   2.9278920610531833e-02  -2.4074983572558545e-01   1.3001232996941284e-01   6.1408597617954086e-01  -1.7883653920426912e+00   3.5004728675534391e+00   1.8170025902117575e+00
   5.1881999999999996e-03   1.5656230602475948e-01   7.2696055728890552e-01  -8.2636351787810092e-01   3.0949294241343162e-01  -1.4738862109218789e+00   7.1957919453715147e-01  -8.2799405247467317e-01   5.9437974010206129e-01   7.1132910319034703e-01   3.5003342717829926e+00   1.8171059007775521e+00
   5.2342200000000004e-03  -6.8814518907596267e-01  -2.3490615532142406e-01  -3.1058958691357469e-01   1.2661403582303524e-01  -7.5399097833127843e-02  -6.8664044932358226e-01  -1.4987901306914240e+00   1.1237291817748676e+00  -9.6863109737687714e-01   3.5072743810747089e+00   1.8188041132629180e+00
   5.0408500000000004e-03   1.8977879956544041e-01   7.9041792762102187e-02   1.5443703415472823e+00  -9.9220939441893685e-01  -1.1732348315172469e+00  -6.0294889903984121e-02  -3.7270880505363635e-01   7.6823102914573504e-01   3.6658184450093972e-01   3.5188032838044747e+00   1.8217486819253792e+00
   4.8343300000000004e-03   5.2310389118653011e-01   4.0766782889944086e-01  -1.3367764312236277e+00   8.9653024431601414e-01   4.4610500105757084e-01  -1.6448491556272182e-01  -1.4210409533321302e+00  -4.8336249159477673e-01   5.0857699703335690e-01   3.5190922935259223e+00   1.8220878320150933e+00
   5.1620099999999999e-03   3.5598751241007626e-01  -1.2730760845587530e+00  -3.7868624332845852e-01   1.4906796003955742e+00   5.9911343542937712e-01  -5.7943574588047975e-01  -5.0420610702308588e-01  -4.2031878036037340e-01  -5.0887868423591909e-01   3.4842761526318409e+00   1.8124775438542635e+00
   5.0939399999999999e-03  -1.0763926910022938e+00   9.5141727218470717e-01  -6.4542543852329448e-01   4.7167147585971270e-01  -5.2151567423590051e-01   7.1437530192211052e-01  -1.1803888458304637e+00  -4.9256037737053043e-01  -7.0118339647763817e-01   3.5052869505315631e+00   1.8183182228141386e+00
   5.0915700000000001e-03  -6.1849617640970855e-01   2.7887721630132090e-01  -1.1459693771632711e+00  -3.4084734054894134e-01  -7.2554445407231227e-01   5.4978781561585111e-01   3.4883998678518352e-01   1.2021001593920806e+00  -1.1433667030923946e+00   3.4986888069902267e+00   1.8166220592604325e+00
   5.2561600000000002e-03  -7.9932960666419250e-01   8.5611957750643153e-01   9.7436959068231146e-02   3.3005595218243067e-01  -1.4050739159452159e+00  -3.0666407254946626e-01   4.9304039990027887e-01  -1.0353961774016993e+00   8.1791312602030719e-01   3.4982063436302830e+00   1.8165135498203080e+00
   5.1551100000000001e-03  -4.2268173280059351e-01   9.8769477233276426e-01  -8.9043304044122351e-01   7.2306343824176819e-02   1.0089842580830659e+00   1.5035007397989970e+00  -2.0308075146386823e-01  -5.6764626691118392e-01   7.2644170188946311e-02   3.5112630321881113e+00   1.8200886718993565e+00
   4.9827999999999999e-03  -3.8475744443968096e-01   1.3268764439464966e+00   2.4025013304944698e-01  -1.7172579976762373e-01  -4.4408351209751418e-01  -3.8173271578310169e-01  -4.3674579088741172e-01   1.7349710995121361e+00   3.2086951672241160e-01   3.4951302717522990e+00   1.8157766330102318e+00
   4.9471400000000000e-03  -1.3566238656277958e+00  -5.3478166869542976e-01  -8.8576676164885715e-01   2.7779483215981576e-01  -2.3587468593944133e-01   1.0696397248522869e+00   1.2053543740658579e+00  -1.0105723339343720e-02  -9.4646894059869882e-02   3.5054091784441193e+00   1.8181011902078212e+00
   5.0406100000000001e-03  -7.1283090420750550e-01  -9.3067037535386185e-02  -1.4903487685494299e+00   1.4825820022557618e-01  -1.0840080786596979e+00  -1.0190306764245562e+00  -5.2715913364695377e-01  -5.1918703500491137e-01  -2.8380554421346288e-01   3.4894169858083024e+00   1.8142591407142266e+00
   5.1618300000000001e-03   3.8458501528206784e-01  -8.7877763797742414e-01  -2.1197375018815859e-01  -2.4319771658020536e-01  -2.6436316319061276e-01  -1.9471116901694629e+00  -5.8427192468378764e-01  -6.2830977616402134e-02  -6.2923174750521127e-01   3.5174405112318490e+00   1.8216314833415113e+00
   4.9403900000000002e-03  -5.4705803570569977e-01   1.4564955909748938e+00   5.9241938171087960e-01   6.9596979060110642e-01  -1.4745544024392179e-01  -3.8436321298999121e-01   4.5966642867114327e-01  -1.1378981325591253e+00  -8.6906391299502517e-01   3.5117092186063750e+00   1.8198644423987009e+00
   5.2220000000000001e-03   1.0094922978208474e+00  -4.9444348735083209e-02  -1.5484818530675333e+00  -2.1827208634502832e-01  -2.9297545437251306e-03  -3.6226056484293839e-01  -7.9283322266862744e-02  -7.6794765067666371e-01  -1.1744598415660028e+00   3.5058634172717058e+00   1.8187294058313885e+00
   5.1052299999999997e-03   1.6317301352648146e+00  -5.1491856332354080e-01  -2.7058380570750212e-01   1.0433391477507186e+00  -8.4959326501665700e-01  -5.4209098857023563e-01  -6.6871018811614258e-01  -1.5827540459828993e-01   1.4226881922985474e-01   3.4989166924223873e+00   1.8165273394320822e+00
   5.1329599999999998e-03  -4.0634591813342585e-01  -6.4417535295993689e-01  -6.5495815023500892e-01   7.7037026127855024e-01  -7.6919535308203101e-03  -5.3682286147882441e-01   1.0614222654836343e+00   9.7369449907583361e-01   1.2660933280860178e+00   3.4916590375992969e+00   1.8148695074615633e+00
   5.2786999999999999e-03   4.5874701666719225e-01   4.5229965530799549e-01  -1.3491254470501293e-01  -1.8325096344371261e-01   3.6449991418549132e-01  -3.4478393876227309e-01   2.1026316447704474e+00  -5.5084908521483267e-01   3.9818605463296841e-01   3.5249825223283717e+00   1.8236426436505873e+00
   5.2294200000000002e-03   4.7236281197466778e-01   9.0014761097540541e-01  -3.5937528548988373e-01   7.6900879085203488e-01   1.1327970314673244e+00  -7.5542343909393919e-02   5.3587063361609191e-02  -1.5774179866618951e+00   9.0206028261579918e-02   3.4926764870594798e+00   1.8152531743666485e+00
   5.1371100000000003e-03   3.5714042290021292e-01   3.4833838123608180e-01  -3.9752027668828932e-01  -2.9363463466156137e-01   7.0478162320828852e-01  -1.1425675216550669e-03   4.6528642230894446e-01  -8.6783524053773597e-01   1.9096284827317662e+00   3.5034303484220182e+00   1.8179862558790199e+00
   5.3036300000000001e-03   1.6446346400113894e+00   6.9675829877021603e-02   1.1718689708529251e+00   7.1350865291344390e-01   1.7699563946174027e-01   5.8877293300378319e-01   3.1962740878973928e-01   6.6814388387521839e-01   7.6396117254065241e-04   3.5049898114153515e+00   1.8181144569243282e+00
   5.0370500000000004e-03  -1.0092617265833148e+00  -1.1754845317016901e-01   4.8882675735316644e-01   1.3685059287723841e-01   6.2087080288634222e-01   4.5064181643146667e-01   8.7759647601608504e-01  -1.6536615801972809e+00   4.4058124863993042e-01   3.4777700715034854e+00   1.8111464710096241e+00
   5.2488400000000003e-03  -4.4352700571609133e-01   1.0049683196653443e+00  -1.5244318089665185e-02   7.5861213428644747e-01  -9.7101311481930885e-01   1.3305796283046323e+00   8.7064324528581460e-01  -2.3017228573212872e-01  -4.8997310616348916e-01   3.5021554939871202e+00   1.8174743440980825e+00
   5.3911000000000002e-03  -1.4602082017988343e+00   3.1328082941014024e-01   9.3971457673400161e-01   1.4155674735142798e-01   7.7731592399590599e-02  -1.4835941219404375e-01   1.4468113787206978e+00   2.3418936824987949e-01  -4.8559474847005524e-01   3.5260807873008848e+00   1.8239136618034286e+00
   5.2080199999999998e-03   1.3989688471188608e+00  -4.9877753587206186e-01  -7.0477647114645947e-01  -3.6110686359500960e-01   7.9209051692871868e-01  -5.7384817337163574e-01  -1.2357779726382760e+00   5.6666175887227033e-01  -4.3086344948519685e-02   3.5257801813180483e+00   1.8240631305716495e+00
   5.2291500000000001e-03  -1.5161554549517395e+00   6.7686606107518277e-01  -4.0523756892813095e-02  -9.1502013321752584e-01  -1.3295385031617406e+00  -1.9278312709291731e-01  -4.9258195476971883e-02   2.9613193563536000e-01  -3.0625456603235895e-01   3.5172512459628642e+00   1.8215362879381256e+00
   5.0105499999999999e-03  -3.1028476364477925e-01   5.1317982658362526e-01   1.0650118955869505e+00   6.2507709156338565e-01  -1.4652178967383528e-01   5.1911832045666073e-01  -9.5987672093266718e-01  -1.5155703143708530e+00   5.0297416672449535e-01   3.5088788635396329e+00   1.8192456506110766e+00
   5.3773800000000002e-03  -1.2577087674613898e+00   1.2839069936125314e+00   8.7338998966144457e-03  -3.6324579653772010e-01   7.1436008490665504e-01   4.1818890035211853e-01   1.6063517968890931e-01   9.1296382044277014e-01  -7.7671517521045896e-01   3.5090792226419918e+00   1.8193395154228189e+00
   5.2570799999999999e-03  -9.2279739573823946e-02  -8.1414089740076856e-02  -1.6870085253974834e+00   1.3056241957134869e+00  -9.3460833354889819e-02   7.2649652559378375e-01  -7.4430716473816813e-02   1.3289275334969539e-01  -6.5476525334532421e-01   3.5036520932215995e+00   1.8179968492301553e+00
   5.1374699999999999e-03   1.1490389566672111e-01  -1.2233148321483895e+00  -1.2518540127445515e-01   1.1786059589318949e+00  -9.5915953126922804e-02  -2.4665697836092107e-01   7.2835282701685800e-01  -9.9363338965048076e-01   1.0423113360007148e+00   3.5020942203019092e+00   1.8174921389982523e+00
   5.0837199999999999e-03   8.5427095961471300e-01   5.1565698096261103e-01   4.0720481560363002e-02   3.3139107178918675e-01   1.2804021084815294e+00  -1.3875493820417659e+00  -3.0776597836736291e-01   7.6402672518949818e-02   9.0329635014235621e-01   3.4931956260399057e+00   1.8152270206289218e+00
   5.0373299999999996e-03  -8.4373932803701379e-01  -1.0537938351204854e-01   2.9024958534661521e-01  -4.6105590877185243e-01  -9.0844660413342837e-01   7.8087339655155497e-01   8.0380112214822474e-01   1.3795818948436893e+00   7.7347930371550344e-01   3.4926624262640429e+00   1.8148998602757129e+00
   4.9864999999999996e-03  -4.2120049552406719e-01  -1.5650781727048240e+00   2.3505968521040138e-01  -5.9412067447607721e-02   8.1888766985005945e-01   1.7128571169666396e-01   1.2802940773698530e+00  -2.4864216923998947e-01  -7.6184758248798101e-01   3.5072282736892966e+00   1.8187459855823853e+00
   5.2253800000000000e-03  -1.0797148839818134e-01   1.0577143219946312e+00   1.4735963059031179e+00  -6.1932783687970483e-01   6.3598032678135896e-01  -5.3963413981599706e-02  -3.1400420028233689e-01  -2.4246506449167224e-01   1.1512797443311034e+00   3.5066458543288754e+00   1.8189832011076168e+00
   4.9776200000000003e-03   7.6792963408285078e-02  -7.8268418402848550e-01  -1.0075528922154388e-01  -8.3290928692867372e-01   1.5225359662848807e+00  -8.0813921227785057e-01  -3.7022852272386547e-01  -5.9250325370462072e-03  -1.0798209432360955e+00   3.4938144417021220e+00   1.8150314238349228e+00
   5.0309999999999999e-03  -5.5252652791248691e-01  -1.2772074695456861e+00   2.7823087292192933e-01   5.8123759994397295e-01  -1.6124706821191884e-02   1.6530612451063498e+00  -2.7460649140017446e-01  -6.8596021954589725e-01  -4.1015424254359681e-02   3.4982641720708210e+00   1.8163720888474548e+00
   5.2326999999999999e-03   9.4073219350424980e-02  -1.1439253613349178e+00   6.1932705085726854e-02   1.3949224943062796e-01  -1.3960380903173630e+00  -6.1536265781426791e-01  -5.8765032071339374e-01   1.0983036083889568e+00   5.4383627765853138e-01   3.4928982955800474e+00   1.8151254537316217e+00
   5.4895500000000002e-03  -2.1683274985864515e-01  -1.2067022351470442e+00  -6.6306401101383763e-02  -1.3677740316737206e+00  -1.1256853717799453e+00   7.7291668815801629e-01   9.4889555046911822e-02   3.7761749224085173e-01  -1.0869753534377444e-01   3.4886136787493887e+00   1.8140979073232100e+00
   5.1544000000000000e-03   1.1361942472853184e+00   3.2632980574658810e-01  -1.4860324097314213e+00  -9.3262268316112884e-01   2.4578528595665500e-01   7.8661021713591894e-01  -4.1961751409243420e-01  -2.1003751759136946e-01   4.5586042180848557e-01   3.4971976635942945e+00   1.8164147703147122e+00
   5.2365399999999996e-03  -1.1469390385801173e+00  -2.1921784100929348e-01   1.0324822888731859e+00  -2.4127872695779395e-01  -1.0912050002352967e+00   6.0804195028005115e-01   3.7228396831866950e-01  -1.0343040767836940e+00  -5.2593406515028696e-01   3.5013270797681324e+00   1.8173165871081765e+00
   5.0340599999999999e-03  -4.8755236062617030e-02  -2.5557370284331188e-01   1.4122864359859533e-01   4.2115198637887513e-02   3.4944175246062770e-01  -1.2485289125426837e+00  -8.2593630935134010e-01  -1.6431866831511530e+00   6.6630169021104690e-01   3.4895657054479563e+00   1.8141952106760146e+00
   5.4068199999999997e-03   9.8281398800159780e-01   1.3441625215234003e+00   1.0564593126218878e-01  -7.0884702275580180e-01   9.9711094217710938e-01   1.7874909634713368e-01  -7.6690163602275641e-01  -3.5995850653663725e-01  -7.0076939663028648e-01   3.5111348906439779e+00   1.8200807079297807e+00
   5.2713300000000003e-03  -1.5285213117549772e+00  -2.1520458573239049e-01   9.4642509918829165e-01  -4.0708140712654342e-02   1.2555092028375778e-01  -2.8938412695009036e-01  -9.2443085162743666e-01   9.5800965437420949e-01   6.2595888635860009e-01   3.5083432237166012e+00   1.8193091279212212e+00
   5.2893699999999998e-03  -6.1328079229456178e-01   1.2727944223279606e+00  -7.3489469692544063e-01  -5.2863651588435034e-01  -1.3917819378660273e-01  -5.2300778261865633e-01  -9.4437840435260856e-01  -3.6109182783665211e-01   1.1755155359519505e+00   3.4904086167358788e+00   1.8145181427702355e+00
   5.2244500000000003e-03   1.1123658978222890e+00   4.5165625443437779e-01   1.0737673847190219e+00   3.4537648168156593e-01  -6.0876889316400340e-01  -5.9442282050136519e-01   4.3508199727618452e-01  -9.4857525573138124e-01   1.0140625638294689e+00   3.5004256911739509e+00   1.8170718097669225e+00
   4.9900600000000002e-03   1.1848986968031392e+00  -1.1177146549920958e+00   2.2768181245971433e-01  -3.1068188070106867e-01   8.7219469508540115e-01   1.1574163052122191e+00  -2.2418196927490716e-01  -4.6728275248028037e-03  -8.2774392457865342e-01   3.5019458834489288e+00   1.8174625123680987e+00
   5.1865699999999997e-03   4.4727330847660574e-01  -9.0035272268836175e-01  -1.0432353793178002e+00   7.2404103127960673e-01   1.3042806549257013e-01   9.1467943865065848e-01  -5.4732309024048831e-01   4.5887426785583169e-01   1.2405807770281556e+00   3.4919829307215049e+00   1.8147345897731313e+00
   4.9276700000000003e-03   4.9050435597422060e-01  -1.6183027230226060e-01  -4.4333978244672867e-01  -1.4437429183584544e-01  -3.5654619319675179e-01   2.1867724455677804e+00   1.4369243394829551e-01   4.3024718679599844e-01  -8.5870248688084974e-02   3.4781224581390688e+00   1.8109345388615565e+00
   5.2481699999999999e-03  -5.8022042025465209e-02  -1.2889556412140852e+00  -5.6973346291009996e-01  -9.4552329810206748e-01   3.9755915508721978e-01   8.5605739899929356e-01   7.7810134595965108e-01  -2.0327437129406845e-01   1.0593149495393785e+00   3.4983594477152957e+00   1.8166665308967309e+00
   5.1895300000000004e-03  -7.9613873521655032e-01   1.1400294720139672e+00   5.1056367622885079e-01  -1.3510310326106376e+00   1.4263655836323461e-01   2.3353494770690517e-02  -2.7537355344547371e-01  -1.2215679689934751e+00  -2.3451066048897232e-01   3.5339601276091028e+00   1.8257080150680995e+00
   5.1321600000000002e-03   6.4680067016060661e-01  -9.1860596771745084e-01   1.2597728720811110e+00   2.6802500526718670e-01   6.4597327748348879e-02  -1.0186730112360460e+00  -6.7822974177153517e-01   1.9817440743887479e-01   1.0864105809442748e+00   3.5155591890314066e+00   1.8211410762247557e+00
   5.0766099999999996e-03   1.2293560430532615e+00   4.5021562038489876e-01   9.4067725606126917e-01  -1.7003315093351704e-01  -4.5665361367861557e-01  -1.0985667503040104e+00  -4.4725834451824509e-01   8.7864638531543438e-01  -7.6520911706849426e-01   3.4957924187474312e+00   1.8158870638125788e+00
   5.3304800000000003e-03   9.7425162644256702e-01   3.1600995011378563e-01   3.7529072544614232e-02   1.0467132117356983e+00  -7.0216898126885516e-02   1.2567884778326903e+00  -6.5873985085380549e-01  -6.7553316009240105e-01  -9.3582028126355132e-01   3.5020974146443100e+00   1.8174908777636509e+00
   5.0133900000000004e-03  -9.8507175826870119e-01   2.5843962270805393e-01   8.4151382368405991e-01   1.0419387535635583e+00   4.8363771381577914e-01  -1.0664494382636625e+00   3.6449265957399635e-01  -3.9291347474879079e-01   1.0809730369526473e+00   3.5018842934211274e+00   1.8177100966949868e+00
   5.2229800000000003e-03  -1.4860583826811364e+00   6.5382328916850985e-01   4.8723394523279123e-01   1.0808983883482494e-01  -2.4038257717256986e-01   1.2717652394683123e+00  -3.9476472337925966e-01  -1.2147757774187470e-02   9.2026181592364342e-01   3.5024412930871787e+00   1.8175991191910603e+00
   5.1301500000000000e-03   1.0125418002063782e+00   2.2859732919125053e-01   1.0433264429507200e-01  -6.9558755615789081e-01   1.5925688638111708e+00   8.3139948642518591e-01   5.2684257352416930e-01   4.0230476328525844e-01   6.4552651020589114e-01   3.5166810194789986e+00   1.8215111797418901e+00
   5.1067300000000003e-03  -3.9574903922140864e-01   6.5589503857081177e-01   5.2038498956862111e-01  -1.1062570894609975e+00   6.3893116143424733e-01  -1.4322970395424977e+00  -9.1502542025441691e-01   4.7929964702339622e-01  -6.4830299125984148e-02   3.5050127471941526e+00   1.8181774238238233e+00
   5.2013700000000003e-03  -3.4996678979141865e-01   5.1791072821523576e-01  -3.1546770003668255e-02   1.2278326928683221e+00   3.6375670617895944e-01   1.2169910791352900e+00   1.4716305738492350e-01   1.3852860459575096e+00   2.3312342700696506e-01   3.4855222061132753e+00   1.8131632220952618e+00
   5.0464799999999999e-03   5.2335627740384449e-01   5.4478451157188197e-02  -1.7450084418402159e-01   9.2297531169082259e-01   1.8654737139179354e+00   2.4869208878729074e-01  -1.9752452944210264e-01   2.5559336622819578e-01  -9.3081294656068458e-01   3.5197899686225389e+00   1.8220906767492926e+00
   5.0903199999999997e-03  -1.0286344845086907e-01  -3.0084541837527268e-01  -4.6712844697372374e-01   9.4453948169535029e-01  -6.7685544877432346e-01   1.0333102420170663e-01  -2.0702610755875700e-01  -1.8877140812221942e+00  -5.8769935077732161e-01   3.5068730257074021e+00   1.8189945151565381e+00
   5.1211800000000003e-03   3.0763316894966397e-01   8.4243536126894325e-01   6.6387779144138584e-02   2.0491787519521951e+00  -4.7098601171015664e-01   1.9376261193761057e-01  -1.4177158758229177e-01  -4.0708403697717055e-01   3.9066711010544458e-01   3.5008938133088856e+00   1.8173044835647874e+00
   5.1557900000000004e-03   6.8251193668609503e-02   1.3135384456717396e+00   5.5203527175995593e-01  -1.0220112246440403e+00  -8.5690454812387140e-01  -3.8098425726609858e-01   1.2125847411397683e+00   2.3601482105414259e-01  -3.1525477142302483e-01   3.5038601269326453e+00   1.8180764091775898e+00
   5.2840900000000000e-03   7.1539163678003226e-01   5.1944154872864157e-01  -5.6731926375960984e-01  -3.4846409588698246e-01   8.8269107729165075e-01  -8.5080472452934042e-01   5.7795955664317300e-01   1.3371173334667719e+00  -8.3482948330696827e-01   3.5008106617349375e+00   1.8173362095369117e+00
   5.1486199999999996e-03  -1.1428715459461620e+00   2.7428374593741472e-01  -1.1240954620621646e+00   1.1403572678804277e+00   3.6003910471460532e-01   1.1107711334249357e-01  -4.0086716656701799e-02  -6.4135161464957169e-01   1.0513970172710645e+00   3.5074245090526137e+00   1.8190804205083138e+00
   4.9882800000000003e-03   6.4638398798320218e-01   1.0952707124821788e+00   6.9259035340763675e-01  -7.7910515773140454e-01  -2.4672930141492837e-02   1.1113208988242340e+00   4.4948426189641671e-01   1.1951033636459767e+00  -2.2362019853586648e-01   3.4928311443195383e+00   1.8152366634423296e+00
   5.3516600000000003e-03  -3.7199647218060022e-01  -6.8745092842162528e-02  -1.6836223154207647e-01  -7.1792136732692502e-01   1.5146468858798496e+00   2.8539503913419384e-01  -1.1756764711722885e+00  -5.0287950963222139e-01   9.7154530498633529e-01   3.5466729154009826e+00   1.8294114072749943e+00
   5.0513399999999996e-03  -7.4911518412768774e-01  -2.5486132277707613e-01   1.1582458669894358e+00  -1.6792277085262772e+00   6.8460252175513014e-01   2.4567753479070134e-01   3.8103869333678075e-01   3.8974866862398516e-01   2.3691917787954514e-01   3.5195896096960890e+00   1.8220858271467950e+00
   5.2330900000000001e-03  -7.2285750582570896e-01  -7.2748951696884534e-01  -6.0201736190127375e-01   3.7791936046708913e-01   7.5749323354022891e-01  -1.3640652893819383e+00  -8.9099521164578888e-01   3.6988927032740210e-01   8.0420131305318998e-01   3.5031677542454331e+00   1.8181217028762593e+00
   4.8848199999999998e-03  -5.4893574425249858e-01   1.8764016252107116e+00   1.4153553426404811e-01   1.5236171897553938e-01   2.3791207328794853e-01   2.6579461610645155e-01   8.4292322321930946e-01  -1.1435009492025601e-01   9.8004769470211561e-01   3.5088228486765485e+00   1.8188859579430030e+00
   5.0911100000000003e-03  -1.9445957891408758e-01   3.1603899082302150e-01   1.5851367490925838e+00  -4.4997693750937429e-01  -1.0186844162060457e-01  -1.3577185860170733e+00   6.1159790962540905e-01  -6.8117170809760808e-01  -5.2404252470039173e-02   3.4930007634328817e+00   1.8147951901103689e+00
   5.1549899999999999e-03  -1.7875771936659273e+00   1.6265623381467176e-01   4.5595463482552667e-02   1.7765085019461616e-02   2.3896190200194437e-01  -9.9472947248147325e-01  -6.2401897066688683e-01  -8.9090189374116513e-01  -3.4397010140252759e-01   3.4955154513823250e+00   1.8160010290676032e+00
   5.2193300000000003e-03   3.6949213915975138e-01  -4.1106600966631567e-02   3.2240551287933683e-01   1.5474054757366038e+00   1.1533709635848056e-01  -5.6615064777439683e-01  -7.4117621515019372e-01   1.4165478452164246e+00   2.5885222584667195e-01   3.5185913255194170e+00   1.8217403473863560e+00
   5.2479099999999997e-03  -4.2656532452115890e-02   1.0564981453466653e+00   4.3819163357945023e-01   5.3441824123363257e-01  -8.7323508143853479e-01  -1.4662854055064134e+00  -9.9518709770971392e-01  -1.0258436404206756e-02   2.6279455051160672e-01   3.5059498912029592e+00   1.8188258345627233e+00
   5.3353699999999999e-03  -2.7022516502906430e-01  -4.6325077205363163e-02  -7.1687480465960984e-01   9.1136956261342861e-01  -9.2529842832387299e-01  -5.1682245602509547e-01   1.4501828176702731e+00  -2.1822113626644926e-01  -8.7953958783153041e-01   3.4857025197341986e+00   1.8132113529839151e+00
   5.1391099999999997e-03  -7.8877792717286799e-01   1.3284818486782302e+00   3.5489614051320800e-01   8.6306766375973409e-01   9.2068601089443070e-01  -2.0290683089765080e-01  -1.2070165021785717e+00   8.2099249173659003e-02   5.8686939525473226e-03   3.5026215731635153e+00   1.8177997088800779e+00
   5.1802200000000001e-03   5.2518767213527551e-01  -1.9438626060980868e+00   4.3471426297545185e-01  -1.3452066380023314e-01  -5.8202026110645255e-01  -2.4616566759626171e-01  -1.7829207522336551e-01  -9.3341636749803891e-01  -1.0880932058861749e-01   3.5034238785996519e+00   1.8179087596819967e+00
   5.1011900000000002e-03  -1.8767537638147450e-01   2.2023072624675608e-01  -1.4578859743043402e+00  -8.8835386121824178e-01  -1.0555795241151595e+00  -2.8534712500583298e-01   1.0076606890678805e+00   1.5090650186738852e-01   5.8302697912974688e-01   3.4923030570978302e+00   1.8150034779649198e+00
   5.0260200000000000e-03  -7.8070771455194421e-01   6.4914626935955777e-01   1.5263686702769836e+00  -1.1881730834321171e-01  -5.0391146318118267e-03  -3.5383964744461358e-02  -8.9126516286919100e-01   1.1920989372432289e-01  -1.1910445534864846e+00   3.5010220933555645e+00   1.8169964633777482e+00
   5.1938499999999999e-03  -8.5835282651790001e-01   9.1186053485772089e-01  -4.4232499007316189e-01  -4.7787805435124944e-03   1.2201022769113330e-01  -1.6865025718420539e+00   8.5120800506214211e-01   5.2432553890844746e-01   6.4088393506046198e-02   3.5160816953938148e+00   1.8215217856062196e+00
   4.9118199999999999e-03   8.4336381176856234e-01  -1.3260311143924115e+00   1.0373461187492854e+00  -7.6393969175821219e-01   8.0360924779114135e-02  -4.5100716550434122e-01   4.4251203601782507e-01   9.7780876784669213e-01  -3.1802259875430244e-01   3.4754374578532583e+00   1.8101477098220151e+00
   5.2529800000000000e-03  -1.2232909609410376e+00  -4.0302087869557951e-01  -1.3857958643180213e+00  -3.3899390346815689e-01  -2.9889119585908785e-01   3.6551669203032072e-01  -7.7224712084253533e-01   7.1451144013211143e-01   7.7341367997252630e-01   3.5273553072438735e+00   1.8244674817842881e+00
   5.0176300000000004e-03   6.9340256805799927e-01  -8.8311157171434651e-01  -4.8857002676131894e-01  -1.6691859584654306e-01  -7.0512049353427020e-01   9.6593245853374743e-01   1.1303578180124090e+00  -9.6557667620996035e-01  -7.1119016249063860e-01   3.5184864226341976e+00   1.8216755159248270e+00
   5.3405600000000003e-03   4.3094795142361392e-01   2.7855027814517741e-01   4.5080435834042748e-01  -2.2354200830981981e-03  -2.2599069808626107e-01   3.2214688831272507e-02  -2.0792207475885078e+00   3.6853213510164456e-01   6.9562357940424224e-01   3.4846670766974523e+00   1.8129800664221096e+00
   4.8470900000000001e-03   1.4615925414002136e+00   8.7619156214033656e-01   2.5667562652743441e-02   6.0404872380258179e-01  -5.2308548724507686e-01  -5.4968205395251823e-01   7.6072084943950591e-01  -5.0695247660708276e-01  -9.8407534615544534e-01   3.4876721052841622e+00   1.8134327384269933e+00
   5.3054100000000000e-03   5.5923653909267057e-01   3.5960533576364734e-01   1.1989630803602978e+00  -6.6437451140081616e-01   9.2084525578683540e-01  -2.5511624326588500e-01   9.3854967690212465e-01  -4.7892560197919799e-02  -1.1705647764910692e+00   3.4889055939381115e+00   1.8139830302611877e+00
   5.1592900000000004e-03   3.9081595942132272e-02  -1.7519552497357815e-01  -1.6446333789905931e-01  -1.3915173356886429e-01   4.3023259942794478e-01  -2.6357759993991103e-01  -1.8039787809140342e+00  -9.7446645516382446e-01  -1.0390640309586994e+00   3.5154636998372029e+00   1.8213526552477517e+00
   5.1416999999999999e-03   2.7043226882868515e-01  -3.5818878890817629e-01  -2.2064705098004547e-01  -1.1775079035096510e+00   1.1053030016785141e+00   6.0095468527312246e-01   1.4788346732235397e-01  -1.4742957568885484e+00  -4.2968822732125256e-01   3.5096030123195323e+00   1.8194821459996120e+00
   5.1168200000000002e-03   5.9260854274213615e-01   1.0576640831266935e+00  -4.5483028662473646e-01  -9.0550573300308568e-01   2.1262210101071916e-01  -1.4345092945592057e+00   2.7152783590836843e-01  -9.5674218319840432e-01  -8.2699351198303295e-02   3.5019880757085469e+00   1.8174800485497151e+00
   5.3104399999999996e-03   4.5583617516021374e-01   7.8949333833128943e-01   2.9055481220625473e-01   8.4688738367517957e-01  -1.3428888444431168e+00  -2.9319755073360665e-01   1.0049874164862731e+00   8.7416688517095820e-01   5.1437582020326056e-01   3.5138348765964498e+00   1.8206225089614212e+00
   5.0693900000000000e-03  -7.5898398095249686e-01  -1.4454516775855233e+00   1.2409040952416912e+00   6.8200735181240268e-01  -2.1902744607284155e-01   1.9656751920983734e-01   5.0999444847494546e-01   5.6005451337828926e-01   4.9052630865392965e-01   3.4988992135802630e+00   1.8164508183364541e+00
   5.2002300000000001e-03  -1.7389461388076903e+00  -5.7067616316618808e-01  -1.5712807145055174e-01  -8.6649521989035649e-01   4.1768101662565232e-01   7.5077747744934609e-01  -4.8478378783927722e-01  -2.2123380747274587e-01  -5.9584110924533185e-01   3.4830689649303705e+00   1.8124081762045028e+00
   5.0662700000000003e-03   6.2097598856545100e-01   9.8100776015568614e-01  -7.5206834775747078e-01  -8.0380635936867562e-02   6.8567598442439404e-01   6.9862014772208036e-01   1.1709245128798191e+00  -2.6193487715788999e-02  -1.1782769082860021e+00   3.5083987976183653e+00   1.8192683857761776e+00
   5.1774200000000003e-03   4.8881390155277032e-01   4.6906522012386204e-01  -7.7319778735582656e-01  -1.2921839955428720e+00  -1.0113202627857165e+00  -6.9286755926101662e-01  -8.5450350261172414e-01   7.4047557097820937e-01  -2.4404310305215743e-01   3.4978895184651604e+00   1.8166924588548663e+00
   5.2050600000000001e-03   1.1070783760240590e+00   1.0144203797358193e+00   4.6985046196883645e-01  -3.6955009905401354e-01  -5.6015910378451300e-02   1.0192395094326827e+00   7.1484685047202634e-01  -1.2013664601017706e+00   5.2245046633940292e-02   3.5091405906993445e+00   1.8197388139404163e+00
   5.1593400000000001e-03   1.5744743445457936e+00   3.4064492123112800e-01  -8.8917310820153661e-01   1.0577247349818268e+00   5.6854239554373365e-01   8.2718562881698390e-02   5.6264711081803420e-01   5.2422544107975966e-01   3.9316709537002581e-01   3.5001838915515120e+00   1.8172407322448390e+00
   5.1004400000000004e-03  -1.6863149509178102e-01  -1.6949455969416534e+00   1.2169358322197456e-01  -8.5026781785176586e-01   3.9433880872505700e-01   8.8180996272271328e-02  -1.2560866232023395e+00   3.7013780706610949e-01   2.4070237518038667e-01   3.4927497938548067e+00   1.8150643984482338e+00
   5.1909699999999996e-03   1.4134648890476500e+00  -7.9925304999701607e-01   1.1008669090063679e-01  -1.5688495585057655e-01  -5.8997497598672310e-01   3.6599034791687723e-01   8.0995150974327335e-01   4.0021860878010590e-01   1.2612420676573373e+00   3.4987636729781988e+00   1.8167921574165249e+00
   5.2333800000000001e-03   6.7103519960211500e-01  -2.1732151014245163e-01   3.9016250663137249e-02  -5.0713657563443948e-01  -1.8797841138403975e+00  -8.7356911544760918e-01   3.7355140937937237e-01  -4.7339626305055088e-01  -3.7413554230062251e-01   3.5055960608359036e+00   1.8185292228570524e+00
   5.2339600000000002e-03  -1.5936790012378074e-02  -6.0921735021166190e-01  -1.3089427868824999e+00  -8.4977433940525604e-01   1.0074363377586786e+00   9.2572250063295236e-01   9.7028826764737855e-02   7.3273140910246903e-01  -5.8126607862641855e-01   3.5018029103041828e+00   1.8176903812670857e+00
   5.0146200000000000e-03   2.3205181619734563e-01  -6.8849877111981084e-01   9.5752186792535299e-01  -1.7670637607254153e-01   2.0771125093696244e-01   1.3511817510784709e+00  -5.3949938644519002e-01   8.2147676273009917e-01   1.1523860123667609e+00   3.5006413558544520e+00   1.8170835996601782e+00
   5.2773300000000002e-03  -5.4928353027870891e-01  -2.5045259809738851e-01   4.4870167809988176e-01  -7.5290395002318333e-01  -1.2806697549764026e+00  -3.0549371647936691e-01  -1.4878489294075607e+00  -6.5984969746937916e-01   3.1707549408391121e-02   3.4962049103682791e+00   1.8160968098236219e+00
   5.2584700000000003e-03   1.2240796807452271e-01   1.9092740823721486e+00  -1.1919436956499170e+00   3.7451230883720593e-01  -3.9725055452631053e-01  -2.2410126235164257e-01   1.5241268604436914e-01   1.4316836134698072e-01  -2.3403978039379758e-01   3.4873301482037955e+00   1.8139759319285382e+00
   5.1975600000000004e-03  -8.4183599001685583e-01  -1.1665300123460027e+00  -3.1455354400657287e-01   9.0517059716875806e-02  -7.9393999220535005e-01   2.7411966519111923e-02  -2.1361490881582124e-01  -2.8795027383353655e-01  -1.6029722879052761e+00   3.4959358838221024e+00   1.8155379726078720e+00
   5.3470899999999997e-03  -1.5114963198394400e+00   4.9803884586195485e-01  -3.2490006341392463e-01   1.2299745332165166e+00  -7.6008763742446250e-01  -3.7466834215820422e-01   4.2535420565930265e-02   8.1629882974763446e-01   1.1785715694044491e-01   3.5156246825634105e+00   1.8212407083773594e+00
   5.2300400000000000e-03  -8.6405250673471412e-01  -6.6628429365905717e-01  -4.2276342684371143e-01  -1.1084515536468116e+00   3.7699879090885813e-01  -6.6744331681176239e-01   3.2328711001631522e-01   1.5134329596134199e+00  -3.5522845731112654e-02   3.5127907423498446e+00   1.8204344055474173e+00
   5.0915500000000002e-03   7.9192525812067138e-01  -4.9981982053886681e-01  -2.5046425392749072e-01  -1.9051189285586551e-01  -2.0637468596460040e-01   5.4693773862874351e-01  -3.7550864904715719e-01   2.0607822334862909e+00   4.5667185474407040e-02   3.5360987351275788e+00   1.8264709387230964e+00
   5.3283400000000000e-03  -1.1833561304882134e+00  -5.1973175453394427e-01   6.9470361204769016e-02   1.3647563728661524e-01   1.5161063970603472e+00   6.8817763849504310e-01   4.4168292058582898e-01   5.2670880205250459e-01   7.6881126886515749e-01   3.5052038345117698e+00   1.8184833585857654e+00
   5.1661900000000002e-03   7.3836753964961266e-01  -1.6365409591727498e-01   8.7106467260846954e-01  -5.9355198818646338e-01  -4.4838869393124015e-01  -2.2413374439671951e-01  -2.7849187164940570e-01  -1.3385786021568553e+00  -1.3416874765280391e+00   3.5139961032110518e+00   1.8206744719708532e+00
   5.2088000000000004e-03  -2.7140296993329927e-01   7.7054612025476199e-01  -8.3498615789523334e-01   3.1851928962038439e-01   1.3202424389252501e+00  -1.3870521875548625e-01  -4.0703370377719494e-01   1.2447049949779041e+00   7.6851399779416074e-01   3.4917370042309481e+00   1.8150188567550247e+00
   5.2920099999999998e-03   4.2287141691455460e-01  -1.0382306279575040e+00   1.2579393511657673e+00   6.7659305843805029e-01  -2.2408162907139006e-01   2.8498612000368578e-01  -1.1492087754125926e+00   3.2444984619521439e-01  -8.3700520380482635e-01   3.5103173068064164e+00   1.8198020982970000e+00
   5.1409600000000000e-03   3.4269307219178302e-01   1.6941635144754186e+00   9.0536275043198533e-01  -1.5871420677844300e-01  -9.9147524750940852e-01   5.1386654944162380e-01  -6.0609218991323399e-01  -8.8091469871399583e-02  -3.2912483094710343e-01   3.4963850185580196e+00   1.8161372514235803e+00
   5.1450999999999997e-03  -6.2730187054609018e-02   3.2214700331035001e-01   1.6617826697360336e-01   7.4297493390095970e-01  -5.6163645732653622e-01  -1.5330103302480411e-01  -3.3136030277209971e-01   4.9637110955031083e-01   2.0673355274346461e+00   3.5235700052127812e+00   1.8233567031572531e+00
   5.3065999999999999e-03  -4.9214750730787693e-01  -5.4044051930800685e-01   9.7481883619947451e-01   1.1243617591745947e+00  -1.1065470813860661e+00  -1.1074899211822831e+00  -1.0082091249522233e-01  -4.3779097097375519e-01  -3.9530386511300891e-01   3.5179400099580471e+00   1.8218605530376042e+00
   5.0754399999999996e-03   2.8183500505421866e-01   2.8734619525187260e-01  -8.0489834267592472e-02   8.9378304793527730e-01  -1.6050802076222204e+00  -1.6607456911189186e-01  -7.6118592569162891e-01   1.2514540360815121e-01  -1.1916579566370966e+00   3.4956769959584668e+00   1.8156969662392797e+00
   4.9501800000000002e-03  -5.5911901971239586e-01   7.1739799209501198e-01  -1.5195646081975576e+00  -6.6693609636612183e-01   7.9864540785669313e-01  -4.0975335316696931e-01  -9.0745267768330062e-01   4.9170799163213506e-02  -6.7730890655504372e-01   3.5028516269701853e+00   1.8177968212696494e+00
   4.9599199999999996e-03   4.5309850485065048e-03  -3.1903266600813146e-01   6.0151883292669028e-01   1.4908538293845579e+00   1.1788211021324342e+00   4.0124221876186372e-01  -6.0432414479615348e-01  -1.1293295544567349e-01   1.0035195350920658e+00   3.4893671457128210e+00   1.8139872911429549e+00
   5.2206700000000002e-03   3.5807880446753293e-01  -2.0421876674312242e-01   1.0681677017488738e+00  -1.8473162038997071e-01  -1.1054713822851923e+00   7.1270376127428681e-01   8.2355446629793638e-01   3.2002829165547653e-01  -1.2959368295149967e+00   3.5067481437009071e+00   1.8185760137682194e+00
   5.0024600000000002e-03   1.9543424604254164e-02   6.5031477574282026e-01  -6.4666362214034789e-01   1.2909794262417200e+00   4.9265631135038429e-01  -1.2874843381452725e+00  -5.0316567255271827e-01  -1.7022178214736394e-01  -9.8346965895745220e-01   3.5065751750885448e+00   1.8187146947048227e+00
   5.1106900000000002e-03   1.5502664174954932e+00   1.2397302686107798e+00  -1.5003826011244964e-01  -3.7813294852559759e-01  -2.9154871149992501e-01  -4.5527734905815453e-01  -1.5805784953074201e-01   4.8364274509385419e-01   9.7623123943721235e-01   3.5062712736704302e+00   1.8188522201840138e+00
   5.0678299999999997e-03  -2.0748950623610074e-01  -4.0440845692515665e-01  -1.4496728201568158e-02   3.6241709581438802e-01   6.1968987839312417e-01  -1.2604412382828316e+00   8.3419135363336694e-01  -1.2799993974661490e+00  -1.0074210017874543e+00   3.5146289231993504e+00   1.8209040305962589e+00
   5.0156799999999998e-03  -1.1480549722663738e+00  -3.3779729483238663e-01  -1.1207351041157394e+00   5.0864665529283681e-01   9.1741200920552479e-01  -5.4616748547906291e-01   5.0285477050174721e-01   5.7001370520935624e-01  -9.7721238120077369e-01   3.5011192524327148e+00   1.8173359904455277e+00
   5.1849499999999998e-03  -1.5971446851673540e-01  -9.9487379083837557e-01   2.5722510401782767e-01  -8.6793250769113561e-01   9.7639891411940805e-01  -1.2146292998568977e+00   7.2950431574837682e-01  -3.3066555315948709e-01   8.0652767712162010e-01   3.4956689406115888e+00   1.8159674807667063e+00
   5.1457400000000002e-03   8.6792931307014731e-01   3.7544928085890172e-01  -1.2245297608356029e+00   5.7679699146198071e-01  -7.8842170319228810e-01   5.9986257297214107e-01   7.2259208133941044e-01  -9.1266659062416144e-01   7.2259463657723133e-01   3.5014560027733954e+00   1.8175975359494729e+00
   5.2812600000000003e-03  -8.6780699890475976e-01  -9.3433785425836069e-01   7.3268001883552125e-01  -5.1451024775469767e-01  -3.6551571828663304e-01   1.5666014503010200e-01  -3.5519356102100835e-01  -7.0930008038040682e-01   1.5376330500877691e+00   3.5177281491908041e+00   1.8217640510216981e+00
   5.2590700000000002e-03   9.8008283732672996e-01   3.2035172102381859e-01   1.1837758185378620e+00   7.9788060119114090e-01   6.3819960708166357e-01  -7.0969624156835787e-01  -9.0564105472076184e-01  -6.4275528250013370e-01  -5.3586528660476040e-01   3.5027218719979336e+00   1.8176811895045799e+00
   5.2481999999999997e-03  -2.1702454933944687e-01   7.1457397353455021e-01   1.2466192210597589e+00   3.8936098961064247e-01   1.0997140804083214e+00   1.3683777470556384e+00   2.1230969784335546e-01  -2.2308572003282306e-01  -3.7702945376995839e-01   3.5113206308855234e+00   1.8199992571177872e+00
   5.3427700000000002e-03  -6.3543308675542953e-01  -3.4327234139821067e-01   9.9691982952468261e-01   6.3059293709993258e-01   1.0357260951176186e+00  -1.1637410991077490e+00   5.0488754087628193e-02   8.2748341970302353e-01  -6.7542412053878509e-01   3.4921915092631788e+00   1.8149620493143075e+00
   5.3123900000000002e-03  -3.3365021557455177e-01   5.4083307952323723e-01   1.8955863936595525e+00   9.3282870523331951e-01  -5.1691079195512968e-01   2.4368354933319578e-01   5.4184758451669028e-02   4.9100324669397655e-01   2.9653723142157140e-01   3.5142937359504955e+00   1.8207613191076761e+00
   4.9218999999999999e-03  -6.2237662012067863e-01   3.4973641452609705e-01   9.9497676378888331e-02  -1.2085740140882046e+00   1.7985089732943021e-01   1.4442308657821685e+00   1.2462178124630527e+00  -2.4399398463435246e-01  -1.5929924633273468e-01   3.5182318692411996e+00   1.8218160319877172e+00
   5.2622600000000004e-03  -4.7361793088020782e-01  -3.0730891712811664e-01  -4.2538685071822030e-01  -1.2706965667770973e+00  -9.4543816603494299e-02  -5.9185677805645043e-01   1.2816467226497310e+00  -1.2437823400342629e-01  -1.1899585295784390e+00   3.5101811560414484e+00   1.8194694254741848e+00
   5.2281999999999997e-03  -2.3214812775318585e-02   8.3092422721990716e-02   6.0117238718222410e-01   7.3153343227197443e-01  -1.0234595517882931e-01   1.2360335481340270e+00   1.2422937484268675e+00  -2.1160984956637283e-01   1.2469814135141237e+00   3.5062456679987872e+00   1.8190097544839257e+00
   5.2787900000000002e-03   3.4803804456513943e-01  -3.9818286503162414e-01  -8.6986659712188552e-02   4.1500667860426194e-02   3.2787446746492110e-01   4.9202485513833294e-01   1.8228651331389196e+00   1.1962399742203256e+00  -3.4648589930941143e-01   3.4974119366829610e+00   1.8162132932916681e+00
   5.2733199999999997e-03  -4.9885432537314639e-01  -1.2547926909024401e-01  -8.6445343443256428e-01  -4.7327292572663160e-01  -4.8725591681850511e-01   1.1810281226747705e+00  -6.0396758594292810e-01  -1.3232790675538593e+00   7.6104842631241099e-01   3.5106412541201748e+00   1.8199332147216158e+00
   5.2893000000000003e-03   1.7756532007364700e+00  -6.3891307507938710e-01  -1.1811603422404807e-01  -1.2369286627492294e-01   6.9772243291774205e-01  -6.4593053150329327e-01   5.5793113533265537e-01  -8.5480464954319413e-01  -1.1501136731197702e-01   3.5004327418449153e+00   1.8173475920026447e+00
   5.3934700000000000e-03  -5.1735782780206330e-01   9.8502122953749466e-02  -6.4643897065400871e-02   1.0905233966787031e-01   6.2419570044547179e-01   8.4021995917747228e-01   6.9103229746541692e-02  -7.4501158781365096e-01  -1.8806942939658113e+00   3.5016917018920393e+00   1.8174473596662892e+00
   5.4485799999999997e-03   2.3617573243623631e-02   3.1913701968496389e-01   1.0086540845352161e+00  -1.7599763683466571e-01   5.8620087592573433e-01  -4.4052431147040916e-01   9.7316463033055167e-01   1.3344950073199167e+00   1.0402615275349916e+00   3.5087458984197188e+00   1.8196075414062389e+00
   5.3655700000000001e-03  -6.2545358324929656e-01  -9.1848755263125781e-01   1.3235875264673764e+00   3.8245823945802962e-02   1.1463265243623619e+00  -7.5309908627960553e-02  -6.5132494096603188e-01  -8.4286889837559242e-01  -2.5650973478750999e-01   3.5087454874700290e+00   1.8194228328707731e+00
   5.0491599999999996e-03  -4.6023004479984329e-02   7.0608330004269659e-01   4.5670978905961784e-01   1.1850321987700712e+00  -4.4747957965893023e-02   8.7859090220955199e-02   3.8436652678119210e-01   1.0377881024012157e+00  -1.4908074133045059e+00   3.4862347977466785e+00   1.8131825341038228e+00
   5.1151199999999999e-03  -6.0423435481507737e-01  -6.5774201292481804e-01   8.4817959764666784e-01  -1.0114714669210723e-01   6.3106552626991141e-01   1.0299730935362821e+00   2.9598597097088603e-01   1.1632307967185074e+00  -1.0439700917679748e+00   3.4836830525297149e+00   1.8125538432150514e+00
   5.3040400000000003e-03  -5.8741577393206568e-01  -1.2704501340002163e+00  -1.1758123889551846e+00   1.1750639706982761e-01   8.7278918885489620e-01   9.0623758875771024e-02  -4.0763419288033115e-01  -1.1014223265647476e+00  -2.7710019430755191e-02   3.4946591337665023e+00   1.8156491823021443e+00
   4.9667899999999996e-03  -1.6015645512947976e+00   2.6876514804550378e-01  -3.9451794932195333e-01  -8.7484246512046870e-01   3.2078754945433996e-01  -2.6162472302912532e-01   7.6007902848035447e-01  -1.4698565070984632e-01   1.1474423831566678e+00   3.5006801460100134e+00   1.8170623236116019e+00
   4.9707700000000002e-03  -5.7100762237825176e-01   1.1306833397413939e-02   3.0809593696613902e-01  -8.0563345229683603e-01  -9.5566044575070808e-01  -1.4426761701337492e+00   5.6292222840101033e-02   2.1859241469352020e-01   1.2280400515414827e+00   3.4990100376673934e+00   1.8165496100915648e+00
   5.2945900000000001e-03  -7.8114696195128897e-01  -7.5541569729024249e-01  -3.7909097971217935e-02   1.1966628906113068e+00  -6.3283071049878381e-01  -3.6840241536495268e-02  -1.4367535537570257e+00  -3.3574653815079636e-01   5.6262858847029529e-01   3.4923519228534716e+00   1.8150606950584358e+00
   5.2310200000000003e-03   1.8379196907920925e-01  -4.3610453670768247e-02   2.2596183030459488e-01  -1.4397632122473143e+00  -4.9989949483036662e-03   3.3713018613375156e-01  -6.7620284446465628e-01   6.5311028315492825e-01  -1.5460991622812361e+00   3.4985365248218532e+00   1.8165974043669171e+00
   5.2408400000000001e-03   5.5159323004536609e-01  -1.0386303667472621e+00   3.3788549450253051e-03   1.4721780819705073e+00  -7.8322124157984896e-01   7.8483178513971008e-01   5.4069481981483114e-01   6.4319424480186138e-01  -2.2884437402268887e-01   3.5025414993077981e+00   1.8176585683314814e+00
   5.4523699999999998e-03   2.5051840456619456e-01   6.2930190885300286e-01   1.8825580072579789e-01  -1.3071221114377631e+00  -1.0033004145576254e+00   7.4466178709658715e-01   2.2300037378534551e-01  -2.7281619264320645e-01   1.2679414095641013e+00   3.5101354082355636e+00   1.8198403070343394e+00
   4.9559199999999999e-03   3.5554398129633052e-01   2.4836382157702427e-01  -8.6893520572228644e-01   9.2284903396014684e-01  -4.6111269211213735e-01  -1.5297451883998738e+00   5.1430191377412093e-01  -6.7060584161042991e-01   7.7933859720497600e-01   3.5033489357600875e+00   1.8177974378935522e+00
   5.0206599999999997e-03  -1.5482551829716296e-01  -7.6175931246152728e-01   7.0710675916936383e-01  -2.7986178071758805e-01  -1.0484603181466430e+00  -3.1904183855996893e-01   1.7215689418726734e+00  -1.2003436311835150e-01   5.0176271289751673e-01   3.5000513169054921e+00   1.8167031412221410e+00
   4.8698200000000004e-03   1.7470590962416830e+00  -2.3788316739092760e-01   3.2336273298271789e-01  -7.2790743636641819e-01  -8.5525384935495630e-01   6.4005180892200797e-01  -8.4713709968211015e-01   1.0607398857408466e-01  -1.8571480027111764e-01   3.4883106833307234e+00   1.8137335488897892e+00
   4.9377700000000002e-03  -6.1723167320213423e-01  -7.7515972738737493e-01  -6.9518214961773539e-01   5.6003172611455376e-01  -1.7832718150900313e+00   5.2459703308100702e-01   2.9828164575696248e-01  -1.5653723631982000e-01   5.8253080039759708e-01   3.5245177722229779e+00   1.8231467477456682e+00
   4.8818100000000003e-03   5.1003313216960733e-01  -6.0091596473769571e-01  -7.0248833158301960e-01   8.6004620226236872e-01   1.0523571814713162e+00   1.1671687295787847e+00   9.4941877386458784e-01  -6.5190500796349438e-01   2.4244762664167679e-02   3.4898942325721287e+00   1.8141973095263053e+00
   1.2408330000000000e-02   3.1965793892105090e-03  -7.3077287590519483e-03   9.6203040696211904e-03   3.6378757688285737e-04  -5.4915946296559401e-03  -3.3148700471858647e-03   2.1861758633243572e-03   5.9523728654578105e-03   2.5541050341762778e-03   1.8024674683240343e+00   1.3319284589896687e+00
   4.7133300000000000e-03  -8.1233692305994554e-01  -1.5602381049529261e+00  -4.9488356062930894e-01   8.0819681487220096e-01   6.5061135721845548e-02   2.1092062676531242e-01  -1.6822558943799079e-01   1.1969926107004043e+00  -3.5343372740130702e-01   3.4684471249661684e+00   1.8080115743427405e+00
   4.7390200000000000e-03   1.3130083310055107e+00   2.7472425524742888e-01  -8.4366178973881456e-01  -1.3607365129712448e-01  -1.2388104529781392e+00   4.2838487775196854e-01   6.9628000963189929e-01   8.4656508106597717e-01  -4.9660360099695805e-01   3.4927223134153884e+00   1.8144582614935985e+00
   4.7095300000000000e-03   1.0269881458515284e+00  -1.4864781663410886e-01  -2.2931565562978479e-01  -7.2757419787261002e-01  -2.9253500942566391e-01  -1.5079312043319986e+00   8.7672646280662925e-01   7.6315003605690135e-01   5.3815496904153848e-01   3.4749122379638417e+00   1.8102314488117499e+00
   4.7016400000000000e-03  -8.0103104709794393e-01  -1.0368522681549708e+00   1.0971347565782978e+00  -1.0588728366832931e+00  -3.2907071418736178e-01  -8.9832025607062149e-01  -1.7244772908176881e-01  -9.3286863625590036e-02  -8.1049537039759600e-01   3.4808968391195902e+00   1.8111906891075473e+00
   4.8789999999999997e-03   6.2554047876713037e-01   1.6716051266365080e+00   7.8730666170396402e-01   6.5890203533682112e-01   7.4930130451659127e-01  -5.7632230498002357e-01   5.4515320304309356e-01   4.5043095143641271e-01  -8.2885931288234516e-02   3.4809459998123979e+00   1.8119166246125853e+00
   4.6252699999999999e-03   5.6502599949294807e-01  -4.3993540909894435e-01   1.2351646042459343e+00   4.2626743015947172e-01   1.4501229343048549e+00  -1.4306740037810034e-01   8.7164699473986418e-01  -4.4193617835602822e-01   6.2587174614093111e-01   3.4731021090059273e+00   1.8093862231057283e+00
   0.0000000000000000e+00   0.0000000000000000e+00   0.0000000000000000e+00   0.0000000000000000e+00   0.0000000000000000e+00   0.0000000000000000e+00   0.0000000000000000e+00   0.0000000000000000e+00   0.0000000000000000e+00   0.0000000000000000e+00   3.4814053376646292e+00   1.8116190904387930e+00
