   3.8056700000000001e-03   9.1826086579033883e-01   1.0866501132724853e+00  -9.4959439025816184e-01   1.5348913227462286e+00   5.4578049839238940e-01   7.0085924011327394e-01
   4.1119800000000003e-03   1.1619799878211385e+00  -4.3827550687592187e-01   5.3157888874666293e-01  -1.8598267235781607e+00   5.6507382952971807e-01   7.1363039468044809e-01
   4.1820499999999997e-03  -2.3540253660892602e-01   1.2648266452010302e+00   1.0373628011196805e+00  -1.6420237229070427e+00   6.0098166987175339e-01   7.3320083864518837e-01
   3.3573399999999999e-03  -2.1123788148831901e-01   1.4148612264688769e+00  -1.8410861070633749e-01   2.0691900506998540e+00   6.9915865501589902e-01   7.8690599778265913e-01
   3.0365100000000001e-03   1.1543793100134183e+00   1.1866890994488715e+00  -1.9555854720782082e+00   4.8262270511618865e-01   7.5564874517103031e-01   8.1902463933591507e-01
   3.3162199999999999e-03  -7.5325943361107273e-01   1.5992603584857272e+00  -1.3070605892532208e+00  -1.2314574154933957e+00   6.9755488021422829e-01   7.8540025753860310e-01
   5.8647800000000000e-03   1.0044396863713518e+00  -1.3620830540034876e+00   1.2949532822091165e-03   9.5259345577279120e-01   4.3515180413474741e-01   6.3365082834338182e-01
   3.3254600000000001e-03   3.2005894677245944e-01   8.3961172270339868e-01  -2.2168977127842302e+00  -7.4426971965224220e-01   6.7362416111500867e-01   7.7541922151593379e-01
   3.1851599999999998e-03   2.0237393112929105e+00  -1.3156992766856719e+00   7.6346302668952304e-01   3.8550112828517741e-01   7.3272701215025571e-01   8.0542037116661425e-01
   3.6700600000000002e-03  -9.4922864750970115e-01  -4.9991708963034326e-01  -3.7232440151632173e-01  -2.1563792882773347e+00   6.4136888800548408e-01   7.5759326517225656e-01
   6.4970000000000002e-03   2.3612245016648889e-01   8.5228941008704850e-01  -1.2429161205566559e+00   4.4992727464123083e-01   3.1912305249434569e-01   5.4874600537397789e-01
   7.4178500000000001e-03  -1.0035442319432157e+00  -5.0012166581466888e-01  -2.1931885573875060e-01  -8.8684479898435487e-01   3.0430652999633245e-01   5.3626494322173401e-01
   2.8273700000000001e-03   1.5030065890754400e+00   6.5005049443106722e-01  -1.4952584957807231e+00  -1.4467269410320174e+00   7.7419291959271741e-01   8.2776403761555362e-01
   3.1481100000000000e-03  -1.8337411993357151e+00  -6.4529165691127033e-01   1.4632838665073225e+00   7.3022807520271948e-01   6.9153783147727099e-01   7.8444213044687361e-01
   3.6191299999999999e-03  -4.3163317628872816e-01   2.5367998546835763e-01  -1.6068848000536144e+00  -1.7646302356226822e+00   6.5272747680383525e-01   7.6097551629146898e-01
   3.2473900000000002e-03   6.7112769447032505e-01  -9.0837357866504709e-02  -7.0948244963099438e-01  -2.3474961324481427e+00   7.0182085311593645e-01   7.9075587029694050e-01
   3.6323499999999999e-03   1.8075776358878931e-01   2.0253337950699910e+00  -1.0109307931817796e-01  -1.3260836003161880e+00   6.4394054344829488e-01   7.5665063466277305e-01
   9.5439400000000008e-03  -9.6152482027491951e-02   6.2843134945093015e-01  -2.7365589667457013e-01   4.6906119953213588e-02   2.2722531524365211e-01   4.6462426772482379e-01
   3.2112600000000001e-03  -2.5079932733935109e+00   6.0042814900240576e-02   4.4674548965590388e-01   2.6882555710828948e-01   7.2730406991017493e-01   8.0410772080215898e-01
   3.0439999999999998e-03   1.6830407384261057e+00  -9.7527078209882612e-01  -1.0218436741120582e+00  -1.4457466074151804e+00   7.8107915871721589e-01   8.3318365843717734e-01
   6.6667699999999998e-03  -8.0110693631151808e-01  -7.6801677817909209e-01   1.0846054162339736e+00   4.1490659393707874e-01   3.2766103485839165e-01   5.5632208953139517e-01
   6.5307300000000002e-03  -9.2364665935173074e-01  -1.0665600687665440e+00  -5.8511558841006894e-01  -6.4996016564464174e-02   3.0641755227378276e-01   5.3756987714368942e-01
   3.1455099999999998e-03   2.4626863461854991e+00   5.7707283511803165e-01   7.0128181772175902e-01   7.8250051431859535e-02   7.9779989270435581e-01   8.4070859294724276e-01
   3.0625000000000001e-03   1.9357167953669582e-01  -1.4829092210698267e+00   1.2956046694553239e-01  -2.0964967104536396e+00   7.1794902089304480e-01   7.9932405860646472e-01
   6.8250999999999997e-03  -5.7113389203678679e-02  -1.8216745452609825e-01  -5.0268488739647776e-01  -1.4301665936648262e+00   3.1178856476226696e-01   5.4267324101614633e-01
   3.2678500000000001e-03  -1.7591488187560531e+00  -1.4896586976409936e+00   2.7454507997728261e-01   1.0093674848596506e+00   6.9544086768878821e-01   7.8711675905307976e-01
   3.4083999999999998e-03  -8.3448081656397499e-01  -4.1140999877005702e-01  -1.7121720946862207e+00   1.5783336572842073e+00   6.8578855521694526e-01   7.8029701559231635e-01
   6.7861800000000002e-03  -2.2735402000582425e-01  -1.7229189938115413e-01  -7.7324936203552908e-02   1.4627984031366672e+00   3.0063761473001638e-01   5.3322846352314368e-01
   3.2740800000000000e-03   5.4459196771981189e-01  -2.1561953546982036e+00  -1.0299677492403341e+00   6.2682044749405197e-01   6.9814097077958570e-01   7.8793648480139566e-01
   6.7555000000000002e-03   7.0053973264501368e-01  -5.3448164468705012e-02   1.3041396863917896e+00  -3.4822886111423640e-01   3.0971090123825523e-01   5.4052118734989862e-01
   7.9559699999999997e-03   1.0872786703794963e+00  -4.3988901216245579e-01  -7.0967608891479378e-02   2.6647546070680395e-01   2.6634312336970578e-01   5.0234241873547303e-01
   8.5403800000000002e-03  -5.8251780902775074e-01   2.7122261693886923e-01  -1.7622150170787437e-01   6.6678504238529779e-01   2.3828212638857849e-01   4.7562905219679763e-01
   3.4535700000000000e-03   3.4227367586092289e-01  -2.8856003944689734e-01   2.3962916422065073e+00  -5.1761453817078518e-01   6.7419639284347055e-01   7.7507646835963739e-01
   6.8214299999999999e-03  -2.4116579095820603e-01  -8.5689470632304654e-01  -1.2207945507580802e+00   2.9696691538893677e-01   3.1514820314546266e-01   5.4540655527553150e-01
   3.3714499999999998e-03   4.4895869472371001e-02   1.2482206810524672e+00   1.3408034548307364e+00   1.7034235067561965e+00   6.8498625104105260e-01   7.7852139354508809e-01
   6.6889200000000001e-03   1.3935243804787684e-02  -7.9704611956362059e-01   5.3751252955968531e-01   1.2009416034163394e+00   3.1364823009923948e-01   5.4385705510463389e-01
   3.6625899999999999e-03  -8.6542260904245261e-01  -1.0560299586709785e+00   1.9465932055717585e+00  -5.2467375112966730e-01   6.4692936952096680e-01   7.5947290764514785e-01
   4.8641500000000002e-03   1.9367624582923724e+00  -6.0851446959767752e-01   1.0141303392078946e-01  -5.8393807946997733e-01   4.8332957574891627e-01   6.6448718811617291e-01
   3.6030500000000000e-03  -1.6698933493952790e+00   5.2683321347772072e-01  -7.7000362903234276e-01  -1.4966978101432340e+00   6.3087060630739633e-01   7.5065022622394939e-01
   6.0249199999999996e-03   1.3050160692721893e+00  -3.6762573460575587e-01  -9.0338548044930989e-01  -3.3122719208214629e-01   3.2674740007832820e-01   5.5510377594912563e-01
   3.4520699999999998e-03  -9.7760067467108436e-01  -9.2318242408217455e-01  -3.0304714573345182e-01   2.0738782404780345e+00   6.7123387918479105e-01   7.7315885931172124e-01
   3.9841299999999998e-03   4.1537199355790755e-01  -9.9064963488904056e-01   1.5157517882812193e+00  -1.4922693812560441e+00   6.2721197529880279e-01   7.4892480995706268e-01
   3.3239900000000002e-03   8.2054117469559407e-01  -2.3437189657611177e+00   4.5534012695997034e-01   1.6319090113941315e-01   7.0138609404538255e-01   7.9010128567276594e-01
   3.6007000000000001e-03   1.7323874219687962e+00  -5.4903178215395776e-01   1.4649785571547889e+00  -8.2984235052103938e-01   6.8152320078494788e-01   7.7877803906611520e-01
   3.8671600000000001e-03  -1.0781295821743695e+00  -9.7419454310839027e-01   9.9244368317242915e-01  -1.6326386286475723e+00   6.3017850479924875e-01   7.5058304089736416e-01
   3.2473100000000002e-03  -1.9801922590939571e+00  -1.3992151835270343e+00  -6.7879618690068588e-01  -1.7032896127342684e-01   6.8724567480925480e-01   7.8187164472770088e-01
   3.9373000000000003e-03  -7.1028778309823759e-01  -2.2902926221757398e+00  -1.0023227150177971e-01   2.8438652141401882e-02   6.3506513933584052e-01   7.5415767464623629e-01
   3.6913300000000000e-03   1.3438354526687799e+00  -4.4398574320488171e-01   1.8809445701116758e+00   6.2326212850400153e-01   6.4688264469392431e-01   7.5978906871466045e-01
   7.6397699999999997e-03   5.6563138920180434e-01   5.3845913464778972e-01   1.1156650613045731e+00   5.3328641407056554e-01   3.1153639125519605e-01   5.4276955455176057e-01
   6.6745299999999997e-03  -7.6280077123452328e-01   7.6185793331244067e-01   1.0241102624361111e+00  -6.1191918871123385e-01   3.2615396630880211e-01   5.5508813636665988e-01
   3.5767300000000002e-03  -9.8026209470661907e-01  -1.7116605723965637e+00  -1.0956677938605499e+00   9.7036250841772043e-01   6.5550775723955046e-01   7.6416116905251230e-01
   3.6595899999999999e-03   4.7525911621601974e-01  -1.9707039234717486e-01   1.5683547974634291e+00   1.7917063424353175e+00   6.4539978563183942e-01   7.5847418924958243e-01
   6.8718599999999996e-03  -2.2170519373879993e-01   5.4590296871148491e-01  -1.2814048766445845e+00  -4.3748673394561305e-01   3.0083800330715194e-01   5.3302551812381860e-01
   6.6732099999999997e-03  -7.4506320087479483e-01   2.2240718210883872e-01   3.6600128080432709e-01  -1.3108792261861772e+00   3.1779251481327697e-01   5.4776661221578771e-01
   8.2296000000000001e-03  -2.4153751599152307e-01   9.2495197770217352e-01   1.7190656200741686e-01  -7.7668654115294400e-01   2.7863068094126064e-01   5.1347014138323888e-01
   3.4588499999999999e-03   2.0531137359399340e-01   6.5257344934159772e-02  -8.4305015595515520e-01   2.3536326699124284e+00   6.9488524482041092e-01   7.8543456796322630e-01
   7.5555900000000000e-03  -2.4934483365220880e-01   1.2460124341434611e-01   9.8775863869137559e-01   1.0350596430626724e+00   3.0924241105727401e-01   5.4085869264717146e-01
   3.3240800000000001e-03   1.3575503318640145e+00  -3.6695999746794655e-01  -2.1526386424662531e+00  -6.0610886585952699e-02   7.4637776982750281e-01   8.1565669804733476e-01
   3.3237800000000001e-03  -5.3174919782509011e-01   1.8015257777389876e-01   5.9046243636254936e-01   2.3526298582940490e+00   6.6733992500353301e-01   7.7006840679432920e-01
   6.4502600000000002e-03  -1.5146801034082042e+00   5.2419911583744450e-01  -2.2085841156698341e-01   5.7571306222801388e-01   3.5541489735540988e-01   5.7816505251840045e-01
   6.1511200000000004e-03   1.0019215454844506e+00  -1.0010044764649650e+00   8.3707632705694457e-01  -2.8229788509312063e-02   3.2448903180600508e-01   5.5345221107546194e-01
   6.6866499999999997e-03   1.4652325920612748e+00   4.2353044191720485e-01  -2.1328365463578047e-01  -1.6053943941125820e-01   3.1035872845304724e-01   5.4170032060114637e-01
   3.3073099999999999e-03   4.6720635219802092e-01  -2.2468219929631839e+00  -5.5991396278709504e-01  -9.2860195169121751e-01   6.9951120580757709e-01   7.8956854364931228e-01
   9.4457399999999993e-03  -1.1975304467117515e-01  -2.2259821487142648e-01   5.2666101135423506e-02  -6.4108335508190961e-01   2.2583068656897920e-01   4.6320695801206424e-01
   6.7050900000000004e-03   1.0415940859368517e-01   1.5019998142413020e+00   3.2231803070013682e-01  -2.5537440969373274e-02   3.1324333873084270e-01   5.4376618048975489e-01
   6.6740499999999999e-03  -9.8133120493390946e-01   1.2913158080963472e+00   2.7931042203085316e-01   5.9308099456257007e-02   3.3936231852456722e-01   5.6553881024203245e-01
   8.6705099999999993e-03   1.1750101216651573e-01  -6.6178001244990792e-01  -2.9900855509815955e-01   6.8238875903543017e-01   2.4670499841323107e-01   4.8393361683651637e-01
   6.7914899999999999e-03   8.6033285466672127e-01  -3.8939737295896309e-01   6.7049798296920715e-01   9.4882592348866424e-01   3.0442647959910657e-01   5.3628644786059099e-01
   3.4846600000000001e-03   6.5589263118766461e-01   1.8218771444426041e+00   1.4562187084084957e+00   4.3905834775198721e-01   6.5536903175364314e-01   7.6261683378659839e-01
   6.7298100000000001e-03   7.2692017426527800e-01   1.1231117474582730e+00  -4.0407293094173985e-02  -7.1450793248373323e-01   3.0416267451465856e-01   5.3632283041102657e-01
   3.5060099999999999e-03   1.4150128500690098e+00   7.9770824037191057e-01   1.8502574823287397e+00  -1.8809261124255661e-01   6.5894888527860085e-01   7.6601939510499417e-01
   8.8722100000000002e-03  -8.0339819168089543e-01   2.7947247454531937e-01   6.5612808881407025e-02  -2.3193298956797503e-01   2.3343693359191980e-01   4.7123574669354840e-01
   3.3777199999999999e-03  -7.4644869265988179e-01   2.3499481670548348e+00  -3.8938503231367000e-01  -1.4892773658986544e-01   6.8085517772052784e-01   7.7834072536665277e-01
   4.1081399999999997e-03  -1.2858465138140043e+00  -6.8642064292606630e-01  -1.8240235942726633e+00   2.1676619596246122e-01   6.0370411224088494e-01   7.3546203752477646e-01
   3.3481900000000000e-03  -3.0761713919882430e-02  -1.1887706219984688e+00  -1.3594335601254759e+00  -1.7444912324604607e+00   6.8653109093841036e-01   7.8106125475274224e-01
   3.4427699999999999e-03   7.7539375284736800e-01   2.8333681398164572e-03  -1.8747236074797038e+00   1.4142870291374787e+00   6.5842012381913750e-01   7.6646066028000381e-01
   3.0896399999999998e-03   2.0108752133228985e-01  -1.1736556945986047e+00  -2.1535994146731112e+00   7.7962248297421932e-01   7.2075427612632881e-01   8.0087742388985772e-01
   3.4651100000000000e-03  -9.2344420661053250e-02  -2.6821306912331994e-02   7.7586693396852069e-01  -2.3727328857013679e+00   6.7926627709838372e-01   7.7793765916497459e-01
   6.6391599999999999e-03   8.4222195550185663e-01  -2.6914623277090782e-01  -3.7716036888190935e-01   1.3055962187367904e+00   3.2696897803481145e-01   5.5591802647837751e-01
   4.0017300000000002e-03  -1.6366107652082917e+00  -1.4698035703419157e+00   7.6505566769239319e-01  -3.5642264138470331e-01   6.0504342256022892e-01   7.3598324176774987e-01
   3.2147399999999998e-03   1.1302958477121723e+00   1.7682348870394313e+00   1.0568855558239607e+00  -1.0137298702091768e+00   7.1668406761201020e-01   7.9755415384848238e-01
   7.3838799999999998e-03   7.5578129564892038e-01   1.1568428753354951e+00  -4.1568405325004587e-01   3.1092213219837750e-01   3.0930938983445461e-01   5.4071527233862449e-01
   7.5718499999999998e-03  -6.6207347370714531e-01   4.5658662540980244e-01  -5.9443153383221081e-01  -9.6721973478279699e-01   2.9629246325376413e-01   5.2934742403896262e-01
   3.1514400000000001e-03  -1.7643362313860018e+00   1.3827872724735990e+00   9.4427115008538554e-01   8.4714521245979291e-01   7.3520943309637177e-01   8.0764558010621823e-01
   5.5564999999999998e-03   5.9936519170573943e-01  -2.0329110165467698e-01  -1.4235438711093105e+00  -1.0896310618085139e+00   3.9989688217218133e-01   6.0919937127112644e-01
   6.6053300000000004e-03   1.1009572106531595e+00   1.2770186254228272e-01  -3.7843491028872950e-01  -1.1074941010355241e+00   3.2762811559125049e-01   5.5601366408950403e-01
   3.4527899999999999e-03   1.9323639227153182e+00   1.3637650634972549e+00  -5.3241811346138490e-01   6.0599473721145480e-01   6.8905551682589650e-01   7.8339820994560716e-01
   2.6250300000000000e-03   2.2207170230652897e+00   3.1367306600316297e-01   1.1155725397211742e-01  -1.4453925770983751e+00   7.7232467647779934e-01   8.2638415132646625e-01
   2.9838299999999998e-03   2.3383955728671535e+00   2.3164249875751874e-01  -1.1103214196788573e+00  -1.8870436400126478e-01   7.5121235993879265e-01   8.1653069651599419e-01
   5.8622600000000002e-03   1.3147186895410805e+00   2.1873970421601172e-01  -1.0608203066903965e+00   6.9165974720597856e-01   3.8692448641375993e-01   6.0033816641207560e-01
   3.5743500000000000e-03  -1.8845473788822424e+00  -1.4967621666442288e-01   1.3260779350011500e+00  -6.2645253468110174e-01   5.9931396358812383e-01   7.3267444815968752e-01
   7.1318700000000002e-03   8.5939688295028849e-02  -1.4349152988526741e+00  -4.0131765467394614e-01   1.5514183235373061e-01   3.1169137190317681e-01   5.4254735749286775e-01
   3.4214100000000002e-03  -1.6857735064115587e+00   7.0439824869288903e-01  -1.5144985074188015e+00   7.8109127035288939e-01   6.8394331476709536e-01   7.7957940703270001e-01
   5.6942900000000003e-03   1.2688106192865582e+00   1.2055451725420727e+00   5.9849701536127553e-01   1.2152557266443074e-01   3.8610943945490556e-01   5.9924603513192953e-01
   4.3917399999999999e-03  -1.1258465111156315e+00   1.5184810881508815e+00   6.9284226911657310e-02  -1.1709283088308964e+00   5.3082107705651493e-01   6.9222488639794155e-01
   6.0192199999999996e-03   1.0348016329293170e+00  -1.2760305530570388e+00  -2.2937953093840369e-01  -2.4648608558578472e-01   3.3267378351192678e-01   5.5963882133999310e-01
   7.1510400000000000e-03  -8.9714565298803683e-01  -5.0252020641221118e-01  -6.5765197503086326e-01   8.3081229554600811e-01   3.0395162523680358e-01   5.3628223934436381e-01
   5.8870099999999998e-03  -1.6356135888495809e+00   4.7383042909215084e-01   1.8602384494688387e-01  -5.9912762241304607e-01   3.7396531392087418e-01   5.9228937881832078e-01
   7.1411799999999996e-03  -6.6371283918023619e-02  -8.1209310981243299e-01   1.1310016727745098e+00  -4.5405654913737531e-01   3.0266510033203070e-01   5.3470981673657569e-01
   3.3275599999999998e-03  -6.8346761463238781e-01  -1.9749501400856182e+00   1.2984522885497984e+00   5.2497513829016718e-01   6.8384245452089731e-01   7.8097249280350411e-01
   7.8324199999999997e-03  -6.0139929277764026e-01  -1.1108183096762618e+00   3.0828598142726271e-01  -3.3401123243822994e-01   2.9086608291434424e-01   5.2425708627674750e-01
   3.5656500000000001e-03  -3.3703551524195063e-01   1.0666207227032782e+00  -1.5703093788492215e+00   1.5025256986105047e+00   6.4702048515406829e-01   7.5858893549964679e-01
   3.6464399999999999e-03  -6.2353838213750346e-01   1.6392783860274058e+00  -1.7071958842727009e+00   1.7847816200063690e-01   6.6127804328004391e-01   7.6774424232358418e-01
   6.5857499999999996e-03  -1.4767907255928517e-01  -7.1609991607377255e-01   4.2017818572960447e-01  -1.3315193376560845e+00   3.1724032201344110e-01   5.4749356600145282e-01
   3.1898199999999999e-03  -1.4025841151177145e+00   1.6913460400179066e+00  -5.4200034048850199e-01   1.1640757188014101e+00   7.0319170719469881e-01   7.9099744144259243e-01
   3.5015699999999999e-03  -7.5425217660338240e-01  -1.0774149358236116e+00   1.1367107111274708e+00   1.7614062100520915e+00   6.6227231561438649e-01   7.6906670868936045e-01
   3.5038199999999999e-03  -7.6464266339965148e-01   1.3492546085535900e-01   1.8812662406148297e+00  -1.4087918226563687e+00   6.6708880147447769e-01   7.7139729238385990e-01
   8.8380700000000000e-03  -4.8933024688727095e-02   1.1302204662063070e-01   6.6913674647190158e-01  -2.3793375750970319e-01   2.2158982722798456e-01   4.5871407745999704e-01
   3.3537100000000002e-03   7.2401437771707877e-01   1.9748141607403333e+00  -1.2687498043260794e+00  -5.3336303545646968e-01   6.8806901086627614e-01   7.8308779560221731e-01
   3.7044900000000000e-03  -1.9786952567276435e+00  -4.7803333804271958e-01  -7.5335066109925408e-01   1.0373820381267185e+00   6.2685971995679324e-01   7.4865339669974484e-01
   6.9251900000000003e-03  -3.7930201522071372e-01   1.1503074304064116e-01   1.5263058426213121e+00  -1.4280292249964762e-03   3.2530716715794633e-01   5.5448832964253747e-01
   3.6886499999999999e-03  -1.4166018250122159e+00  -7.6482715930967238e-01  -1.3647939792521657e+00  -1.2022005751969584e+00   6.3648346881965678e-01   7.5414244939892761e-01
   3.4415200000000000e-03  -9.4593717494234009e-02  -2.0572653918543566e+00   1.0880178985017634e-01   1.4166072009657122e+00   6.8795626393829246e-01   7.8184142982896243e-01
   9.4624900000000005e-03  -4.7987092606573029e-01  -3.5148176266171155e-01   3.5607166789494049e-01   3.1219212183568884e-01   2.3088131687080249e-01   4.6843727640722332e-01
   3.8279199999999998e-03  -4.3124607034407092e-01   9.2863914145031767e-01  -3.0216154772245379e-01  -2.1449249757955511e+00   6.2841472190780812e-01   7.4766677479680521e-01
   3.5338399999999999e-03   6.3622964842286667e-01  -1.5753063468272679e+00   1.7910922503284250e+00  -1.8894719201966181e-01   6.6871919129111823e-01   7.7234953789752303e-01
   7.1171300000000002e-03   2.5922838552799915e-01  -4.9919148146876735e-01   1.2387676050963037e+00   4.4949737569203418e-01   2.9489477571190315e-01   5.2776843636233239e-01
   6.6131899999999997e-03   1.4324690618935222e-02   4.4497635323944990e-02   1.1289398914110003e+00  -1.0729002111377171e+00   3.1424209268032260e-01   5.4473860150821529e-01
   7.0325800000000001e-03  -1.2491315649444052e+00  -7.7962321419337691e-02  -8.0694095873763227e-01  -1.7166148032177944e-01   3.0873677544552947e-01   5.4010758759097899e-01
   8.6786799999999994e-03   4.2874595334536325e-01  -5.5527472708780035e-01  -5.7991448933877032e-01  -3.7117931286891520e-01   2.4491583934096287e-01   4.8229849128089575e-01
   7.3631199999999999e-03  -1.4522250103779453e+00  -5.1139242842510957e-01   1.3796692788698031e-01   1.0569331506700741e-01   3.2686337283941969e-01   5.5574167334568281e-01
   1.0025730000000000e-02  -3.2952188671873944e-01  -2.4478393488777542e-01  -5.0774620955822647e-01  -5.1421454749027906e-03   2.2929333822019096e-01   4.6677328314310479e-01
   7.3090000000000004e-03   1.7261477013648704e-01   6.3425228246211485e-01  -4.4517957416761744e-01   1.1423810330279931e+00   2.9018310577886175e-01   5.2391400713939751e-01
   6.7947199999999998e-03  -4.7158061951540231e-01   1.2473247453480161e+00  -4.8461563016633236e-01   6.6996625633072904e-01   3.1916603017549416e-01   5.4938459660644501e-01
   6.5584900000000002e-03  -1.0606010365609602e+00   9.9303238870265287e-01  -7.3706038730664358e-01  -2.0339071120889515e-01   3.3509972315752223e-01   5.6193705830835805e-01
   5.8831800000000000e-03   1.3170439468463357e+00   5.0668600474578473e-01   6.9756152320570586e-01  -8.5176035175641940e-01   3.6351494001935497e-01   5.8409667542663901e-01
   6.3716099999999998e-03   9.7665259690369899e-01   7.1213371830893446e-01  -1.1201214794307608e+00  -3.6032437949253998e-01   3.4306731940291108e-01   5.6860437245849327e-01
   3.6138799999999999e-03   1.5503956642685490e+00   7.8354718386598687e-01   1.2383449909964923e+00   1.2340571136203373e+00   6.7044071178095022e-01   7.7273461536506105e-01
   3.5346900000000001e-03  -1.0466162179288605e+00   3.4458478576522644e-01   1.6623717536954137e+00   1.4280898449532138e+00   6.4532458609050303e-01   7.5949325238512055e-01
   6.3545299999999997e-03  -7.4186601951161246e-01   8.6336381561046205e-01   4.1124177886264024e-01   1.2356308659586053e+00   3.5752371404956002e-01   5.7971869673937193e-01
   9.4294700000000006e-03   2.5941054540680369e-01   1.2110337692859736e-01   2.5018444970814790e-01   6.4436971883218219e-01   2.2850260287079613e-01   4.6611897179777551e-01
   2.9508899999999998e-03  -2.1242869216642939e+00   1.4819442861711618e+00  -4.3009283592565634e-01  -2.2528616914629032e-01   7.8165747746264325e-01   8.3184431411178417e-01
   3.7197100000000002e-03  -2.7590402534820263e-01   2.9547340087824264e-01  -2.3443376519852555e+00   5.0928381357084507e-01   6.4274784799956985e-01   7.5831022254691327e-01
   5.0289400000000000e-03   1.0524429006054363e-01  -1.1578593989501587e+00  -8.8989955427754719e-01   1.5322377909446834e+00   4.9577768728164012e-01   6.7218411468214323e-01
   4.8047999999999997e-03   6.5902081696483850e-01  -1.3308322420124070e+00  -1.4767467269194146e+00  -4.9770360818971482e-01   5.0632978802937822e-01   6.7797257189354876e-01
   3.1138300000000002e-03   1.9197622133657257e+00  -1.5254300714071198e+00  -8.7421823382360753e-01   6.7925223996174677e-02   7.6336636517297551e-01   8.2352060277581962e-01
   7.6117099999999998e-03  -9.2210043042923751e-01  -3.2713659704980286e-01   8.3061872581157736e-01  -5.7811295180487965e-01   2.9744579382550512e-01   5.3059897917254129e-01
   5.2038600000000003e-03  -5.3762177755715712e-01   1.2755571962700289e+00   1.4237580896907691e+00   4.7745484860552395e-01   4.6242074773268721e-01   6.5050256513210281e-01
   6.5013400000000004e-03  -6.7220065108730076e-02   1.3878679954700337e+00  -6.6917687025478723e-01  -3.7548869892732029e-01   3.1712134610121095e-01   5.4751618305550909e-01
   2.9263700000000002e-03   1.5475270148056739e+00  -1.0395804362379448e+00  -1.1038869508295255e+00   1.5141667447481999e+00   7.9384502889942832e-01   8.3763349082015248e-01
   3.8284999999999999e-03  -1.0490582523067988e+00  -1.7353951169952613e+00  -2.3861272510256268e-01  -1.2939641539930127e+00   6.3625962003056891e-01   7.5475229297299429e-01
   3.4309000000000002e-03   5.9336472224110470e-01  -9.2786324698591338e-01   2.0940527153193544e-01   2.2536561310752625e+00   7.0131022728825032e-01   7.8930215961755013e-01
   2.7328600000000002e-03   1.7435240316473655e+00   4.1132624427141823e-01  -3.4925113104343003e-01   1.9184803492156506e+00   7.7557065257928859e-01   8.2598477900769940e-01
   6.8271000000000000e-03  -1.9906906055655940e-01  -1.1310706361260610e+00  -5.5102924026900957e-01  -8.1431955443451554e-01   3.0869139916469412e-01   5.3972384112199534e-01
   7.4956299999999997e-03  -6.5907794331605363e-01   3.2668687620964054e-01  -1.1590951533179050e+00   4.5810351770368063e-01   3.0787957755554063e-01   5.3940494854326571e-01
   9.4360399999999997e-03   3.0772972683997324e-01  -5.8622201749769143e-01   2.6765284919672888e-01   2.0359003389027033e-02   2.2762953585948612e-01   4.6494543445352654e-01
   8.5655499999999999e-03   8.0593502489930047e-01  -4.0893817938380028e-01   4.3760349863738274e-01  -7.5393280803167828e-01   2.8496854059916149e-01   5.1954938431032605e-01
   6.4413700000000001e-03   8.4245594708743954e-01  -8.3713900479464076e-01  -1.0288393783106224e+00   5.2330072987246246e-01   3.3478429321039926e-01   5.6180347535424369e-01
   2.8031800000000002e-03  -1.9219371525509465e+00   3.4415622523137296e-01   3.1272320014245653e-01   1.7634498285792941e+00   7.8543480393845966e-01   8.3322368303717687e-01
   7.3517799999999996e-03   3.3284599958157113e-01   9.3974755893088735e-01   1.0256589748132101e+00  -4.8225931483291135e-01   3.1755901880993886e-01   5.4796482979824079e-01
   3.2428900000000000e-03  -1.9923790902471777e-01  -6.0998725792555730e-01  -2.3631999873383993e+00  -6.6936520411091649e-01   7.0188557571061916e-01   7.8897463950082647e-01
   3.4712499999999999e-03  -3.3156853075353082e-01  -2.0714048290907376e+00   9.9262893325143364e-01  -9.1308079434248879e-01   6.7780973980692916e-01   7.7724175249051630e-01
   8.8367800000000007e-03   3.0721435097580030e-01   3.1236618663846066e-01  -5.2895417697229152e-01  -6.0306274465003840e-01   2.3884269695632568e-01   4.7627074313942042e-01
   3.5685299999999999e-03  -4.4562349842840482e-01   2.1270225172184012e+00   1.0232521141016113e+00  -5.3318530965032152e-01   6.6396990138823919e-01   7.6806735433398354e-01
   3.7993300000000001e-03  -1.2476325517955924e+00   4.9974079962691009e-01  -1.9051419001354128e+00  -5.8179515445860441e-01   6.2912243586055727e-01   7.4929640351442228e-01
   5.0150300000000002e-03  -9.9733684795864952e-01   4.1939850756741304e-01  -6.6441449228927429e-01   1.6300734605697260e+00   4.6650982315324441e-01   6.5250163252738436e-01
   6.9709600000000000e-03   1.1806653763707011e+00   5.0958158468876347e-01   1.0011678857640126e-01   8.4202972672964571e-01   3.1518292312850993e-01   5.4575830768473210e-01
   3.6524200000000000e-03  -2.8833700054447270e-01  -7.7105513447382346e-01   2.1418709852208853e+00   8.0845830576542321e-01   6.4901877246469153e-01   7.6087520316393809e-01
   3.2672299999999999e-03   1.1066639265994385e+00   1.7364164373900330e+00   2.9554368743660736e-01   1.3867048570412768e+00   6.7402423332457539e-01   7.7328774597437322e-01
   3.2943899999999999e-03   1.4113927771803829e+00  -1.6957228641098081e+00   5.6648965682285446e-01  -1.1298837217274393e+00   7.1065308981613862e-01   7.9484383565140093e-01
   4.2469400000000003e-03   2.1067512930980219e+00  -3.1677471314833772e-01  -2.5927422494036984e-01   7.1583251292407279e-01   5.4809054502806742e-01   7.0402704767544311e-01
   3.5414200000000000e-03   7.2308055768416313e-01  -1.5228325021776863e+00   1.3338673938643320e+00   1.2162868255473578e+00   6.6122305178136620e-01   7.6772493821929744e-01
   7.4985299999999998e-03   3.5779253281215939e-01   3.8944009122944251e-01   2.9457765608164216e-01  -1.3256148288379064e+00   3.0860004579261963e-01   5.4003036398310522e-01
   3.6952600000000001e-03   2.7893377531967878e-01   2.0790725069522935e+00  -8.3463076501590805e-01   8.7478752556466333e-01   6.3635553615078932e-01   7.5393883370383252e-01
   2.9844500000000000e-03  -1.7330033552810196e+00   1.3628947835223510e+00   1.2586381795081176e+00  -5.9441194751379545e-01   7.4551053194775130e-01   8.1356682717738693e-01
   3.3372599999999999e-03   1.0212581628000663e+00   1.0812195012205124e+00   1.3694039564765609e-01  -2.0102599595589354e+00   6.7644412634142692e-01   7.7615830386146967e-01
   3.5174500000000001e-03  -4.3039592150456352e-01   2.1774300416124528e+00   5.2717669365625619e-01   9.4626094367433888e-01   6.6049459567557478e-01   7.6691766093157965e-01
   5.4657700000000000e-03   5.9084140330420798e-01   4.3803084352258209e-01   4.2694743352957532e-01   1.7930936144547946e+00   4.4466041256940736e-01   6.3881066936700570e-01
   6.3948000000000000e-03  -1.1368806867827181e+00  -2.8166797443203667e-01   4.0157559080496819e-01   1.1340411007692210e+00   3.3942348354903157e-01   5.6595280846452267e-01
   9.3176500000000002e-03   5.1822663291037130e-01   1.2280060819258022e-01  -5.6315758677864003e-01   3.0065095064663916e-01   2.3445066929191660e-01   4.7223569792784753e-01
   3.4957100000000000e-03  -3.8952511663944839e-02   1.1449668742143775e+00   2.1021487489734132e+00  -6.2643331733024876e-01   6.6603397991033320e-01   7.7005974764406682e-01
   8.1402599999999999e-03  -3.0600344069018975e-01   6.9684598832731215e-01   6.0830096281937052e-01   2.8689726257763609e-01   2.4049854299884116e-01   4.7787390594980239e-01
   3.4373300000000002e-03   8.8506581222756764e-01   4.5333295239735194e-01   1.6136584599486681e+00  -1.6333719003921501e+00   6.8578164570709110e-01   7.8085400033908214e-01
   1.0023120000000000e-02   6.2834219432057348e-01   3.7135204019674989e-01   2.5899675216725604e-01  -1.5334399700285409e-01   2.4051168525595029e-01   4.7813993911810559e-01
   3.4462400000000002e-03  -2.0881587429538269e+00  -6.1126680549886725e-01   8.2097036575816143e-02  -1.1509984040949108e+00   6.4779760328927549e-01   7.5983544828532912e-01
   3.6162899999999999e-03   2.7254256969809748e-01   5.6156868993807407e-01   2.2428536298394852e+00   7.3447275913936738e-01   6.4527820280399040e-01   7.5809617042482025e-01
   6.3927999999999997e-03   1.4207333505726627e+00  -1.5230869955955477e-02   7.8012281438662823e-01   1.9149279869608285e-01   3.2904381491304108e-01   5.5680426104156400e-01
   6.6193399999999996e-03  -6.8406845939857486e-01  -1.2086683205503213e+00   4.7077001100904722e-02   7.4876049825416635e-01   3.2007345804288667e-01   5.4958416474480409e-01
   5.4709600000000004e-03   3.6198049879530070e-01   9.6282263733030182e-01  -8.9670487861981329e-01  -1.3982203607117756e+00   4.2495815012368698e-01   6.2603894802940907e-01
   3.0858700000000001e-03  -1.2245439247422512e+00   4.2165991882827736e-01   2.2093583566978423e+00   7.4405237025717302e-02   7.1247261976340204e-01   7.9573002275784821e-01
   3.0547399999999998e-03  -2.3345582273616312e+00   7.5585927744932904e-02  -9.4248528944524534e-01  -2.9881351159168185e-01   6.7402124801519836e-01   7.7462164140293543e-01
   3.2775500000000002e-03   8.7024164402892235e-01   2.3618061803600527e+00   8.6164995915730513e-02   2.2221581099885982e-03   6.8534654519739291e-01   7.8064095343604034e-01
   2.8050000000000002e-03  -1.6371065575180246e+00   5.3088389985610351e-01   7.2513232569696295e-01  -1.8532328198143206e+00   7.4637113009433143e-01   8.1324869566225189e-01
   3.5411800000000001e-03   1.7521804970844188e+00   1.4658705500216611e+00  -3.6273790718398902e-01  -7.8935562893809086e-01   6.4410375679780851e-01   7.5926082713232645e-01
   7.1523200000000002e-03  -4.4084509694182833e-01  -4.0858300091420074e-01  -1.2006146478095820e+00  -6.5996684583071608e-01   3.1041553115610693e-01   5.4163010461445871e-01
   7.3179400000000002e-03  -1.2250395739666142e+00   3.2065748006396405e-01   8.7089144989363132e-01   3.3543062877118890e-01   3.3154233516807069e-01   5.5963662283157389e-01
   7.0888200000000000e-03   2.9979974412474499e-02  -9.2974247479565647e-02  -1.0784599432220026e+00   1.0090107981084633e+00   3.0553930551523240e-01   5.3740081538992623e-01
   3.5063899999999999e-03  -6.0666149811108527e-01  -1.8349371803490169e+00  -1.4940822530776310e+00  -4.1117922319135147e-01   6.6529971278268174e-01   7.6998696631470853e-01
   6.1344199999999998e-03   3.1812609401758773e-01  -1.3809366426973397e+00   3.6421959923201591e-01  -6.8908427703285258e-01   3.1898696828552892e-01   5.4825197038069451e-01
   6.9465500000000001e-03   3.5323642533413541e-01  -1.1741790629601992e-01  -1.4861903855820053e+00   4.2423990300574123e-02   3.1543979791575066e-01   5.4576311239818198e-01
   7.0195199999999996e-03   2.8704886240736516e-01   1.1226757614384382e+00   3.8627782138569383e-01   8.6899649780442023e-01   3.0944969192515193e-01   5.4064775160154055e-01
   3.0948700000000000e-03   1.7810110016997038e+00  -5.2702679702689359e-01   6.9752915332275511e-01   1.5904121271132550e+00   6.8867838333971543e-01   7.8286214842288548e-01
   6.4596400000000000e-03   8.2957855198539585e-02  -1.3954923742801002e+00   6.4675243910968283e-01   3.5008594055368264e-01   3.1601589208252145e-01   5.4621746084385470e-01
   5.7601400000000004e-03   7.2629001037018914e-01  -8.8006429426702304e-01  -3.6102783685686501e-01  -1.2518713737498366e+00   3.4039648640539760e-01   5.6622600173424398e-01
   0.0000000000000000e+00   0.0000000000000000e+00   0.0000000000000000e+00   0.0000000000000000e+00   0.0000000000000000e+00   4.3726440837736519e-01   6.2080735356346628e-01
