   5.0216999999999996e-03  -2.7327988910895729e-01   1.3172700057023941e+00  -1.2804204976867881e+00   1.4495541193735320e-01   3.6559991331848413e-01
   2.3241199999999998e-03   6.4162263456631841e-01   2.6073400104418325e+00  -9.9784337694576744e-02   3.6352852360290289e-01   5.5648220906595380e-01
   4.1012599999999998e-03   1.5562303307985312e+00  -8.3028528887942021e-01  -9.8988957062434602e-01   1.6085360240866955e-01   3.8377327220383811e-01
   2.2910199999999999e-03  -4.0392358504061915e-01  -2.9628616597849317e-01   2.6314021649524015e+00   3.4903488135162636e-01   5.4601609994131950e-01
   2.8988700000000000e-03  -2.3186642527079386e+00  -5.4278902299130372e-01  -7.9451486071954658e-01   2.9428460709801629e-01   5.0531980020019396e-01
   7.2787800000000003e-03  -6.9657794546121676e-01   9.2421069507429621e-01   4.1600893349119128e-01   9.5147689292465393e-02   2.9721158782176177e-01
   2.9748299999999999e-03  -3.6040462133658852e-01  -1.9653953355426417e+00   1.3638552222235709e+00   2.5673638747497401e-01   4.7327933238528336e-01
   2.6606400000000001e-03   5.4759116804285934e-01  -2.5171001014599290e+00  -2.3545900967619016e-01   3.1432298566385231e-01   5.2214673081300289e-01
   7.7549799999999999e-03   3.0681486740463304e-01   7.0606297203611368e-01   9.1203715587578693e-01   9.6586708395431278e-02   2.9949099369121313e-01
   3.9164200000000003e-03   1.0948451183759029e+00   1.7261130917985583e+00   4.1407051250034721e-01   1.6976062582178278e-01   3.9408076544691711e-01
   9.3249300000000004e-03  -2.3613355041246881e-01   7.2712013441354628e-01  -8.2263415920979521e-02   8.1501185215902286e-02   2.7562874230505519e-01
   9.4458100000000007e-03   5.4295236743815289e-01  -2.3116079293854341e-01  -3.8796715867787596e-01   8.0310030967736021e-02   2.7339345420365441e-01
   5.1586499999999999e-03  -6.5142594689236699e-01  -4.0493645227466213e-01  -1.5113922484749798e+00   1.2252202418340245e-01   3.3591291120179062e-01
   7.2408100000000003e-03   1.3665480898316804e+00   2.8225925434453808e-01   1.8065865488487907e-02   1.0994636575512619e-01   3.1940551579655613e-01
   4.4380699999999997e-03   1.9143520635684956e+00   1.6757268198816438e-01   5.1354675024888863e-01   1.5954427242883878e-01   3.8296499221625541e-01
   9.3629700000000000e-03   4.5588281866289833e-02  -4.9719854616842146e-01  -3.0835101091895284e-01   7.6692698929397923e-02   2.6680111750466273e-01
   5.7592900000000002e-03   8.8375345717810527e-01   6.2157332216429662e-01  -1.2669506189602473e+00   1.2538991261986443e-01   3.4043361636688740e-01
   6.6634600000000004e-03   4.9698970442890900e-01  -1.1731050790477751e+00   4.3947270658184384e-01   9.8791509712572598e-02   3.0300084375837100e-01
   7.2845699999999998e-03  -3.1716630854671600e-02   1.0324854759763491e+00  -6.3296087527780653e-01   9.5116419088128776e-02   2.9683904832061414e-01
   7.7389199999999998e-03   9.0154522055555908e-01   5.0233470768748612e-01   6.7620940109193262e-01   9.9585220011965792e-02   3.0403548338041148e-01
   7.2732999999999999e-03  -4.1189169866579095e-01   7.6298143707158006e-01   1.0159310778272010e+00   1.0539100258992706e-01   3.1238364082684861e-01
   2.1125499999999999e-03  -1.5068410620435928e+00   2.1828243347870266e+00   8.1713469990717535e-01   3.9523478154913438e-01   5.8155980694533749e-01
   2.1810900000000001e-03   5.4683180516039831e-01   5.7656704524120050e-01  -2.6177091592306190e+00   3.8083471435833371e-01   5.6861856183304027e-01
   4.7571000000000002e-03  -1.2306849073150066e+00   1.1450517209457971e+00   8.2211738347880037e-01   1.4390992212516868e-01   3.6378796310972306e-01
   7.6185899999999997e-03  -1.0014433111599559e+00   3.6025298519520432e-01   6.4758564027617582e-01   9.9813643884591408e-02   3.0440659755381189e-01
   6.7793899999999997e-03   8.5578109191695928e-01  -6.8416395421494702e-01  -7.3587389475479636e-01   9.8828659934369970e-02   3.0262969168784937e-01
   1.8692299999999999e-03   7.5754118039277019e-01  -8.5502919565293389e-01   2.5761639789744639e+00   4.0814913898842586e-01   5.8738966477887378e-01
   5.0770199999999998e-03  -1.2606162647022623e+00  -1.8624833074679370e-01   1.3185966137992078e+00   1.4227282075241557e-01   3.6215860774976322e-01
   9.1893200000000008e-03  -6.9515571431721535e-01  -1.2316606067717432e-01   3.5474223802860622e-01   8.2415640998693057e-02   2.7692697266228866e-01
   4.2512899999999996e-03  -2.1861627891397023e-01   1.2431148988632862e-01  -1.9765135149405564e+00   1.5487524599810068e-01   3.7752118858163847e-01
   2.0359699999999998e-03   1.5729536140890850e+00   8.9874014076232767e-01   2.0454562407608101e+00   3.6020184369155045e-01   5.5231048631813484e-01
   2.1036200000000001e-03  -4.6840580691386341e-01   1.0385368548153873e+00   2.4725636870123298e+00   3.5753674016210135e-01   5.5215448985904558e-01
   5.8574400000000002e-03  -1.4619131595686299e+00   7.5109298855012752e-01   1.7223408484325223e-01   1.2567950541084941e-01   3.4065624740223993e-01
   4.7220500000000002e-03  -1.1338450223574892e+00  -1.0277599489322522e+00   1.1990619968692728e+00   1.5656129033423560e-01   3.7934814798409305e-01
   4.9885099999999998e-03   7.9399056338883200e-01   1.6326228597129928e+00  -3.3137912238140921e-01   1.4368570579830112e-01   3.6355230191379051e-01
   1.9193000000000001e-03  -2.0052975127432586e+00  -3.4408417178538897e-01  -1.9143604589958536e+00   3.9050074535660523e-01   5.7720147068639394e-01
   7.8479299999999995e-03   1.8616193724704963e-01   5.6478152987019836e-01  -9.9725386317162212e-01   9.5754103347557795e-02   2.9787024460536510e-01
   1.8958099999999999e-03   2.7609441910263484e+00   1.6750667248996728e-01  -2.6959266505561469e-01   3.7730469667640032e-01   5.6771368070209105e-01
   5.1353700000000002e-03  -5.7425205605086094e-01   1.6517513088738212e+00   6.8427082764964331e-01   1.5051148402828929e-01   3.7251838139048826e-01
   5.3698399999999999e-03  -5.9588759580009631e-01  -4.4147543259171035e-01   1.6700991463249080e+00   1.4704723523669050e-01   3.6781628434190661e-01
   9.6280199999999993e-03  -2.5573589201166480e-01   1.1577444831884885e-01  -6.0562326725650470e-02   7.1617266082031825e-02   2.5795857529033195e-01
   4.5569299999999998e-03  -1.6294620687691697e+00   2.1457189128680282e-01  -1.0800236801979768e+00   1.5690572341591755e-01   3.8005241410147012e-01
   8.0084700000000002e-03  -1.4372870565845540e-02  -7.6869038606613149e-01   6.5146346350947304e-01   8.4918597469118867e-02   2.8120346982117966e-01
   4.2995700000000000e-03   1.0641650010066830e+00  -1.3933478815546509e+00   1.0041769759696864e+00   1.6280274595085159e-01   3.8690376614942240e-01
   1.7385100000000000e-03   1.2737980279366319e+00  -2.4515594088444836e+00   8.1953029866097482e-01   4.3477618271396190e-01   6.0723702188638196e-01
   4.7717899999999997e-03  -1.8612174133370558e+00  -4.6779638402378065e-01   1.0306693802658361e-01   1.5099714974662004e-01   3.7309526108801794e-01
   2.1909600000000000e-03  -6.8763781204597474e-01  -1.4489739776836008e+00   2.1739261077540233e+00   3.6826660051096438e-01   5.5787579293613776e-01
   9.4645900000000002e-03   2.5816188193757705e-01   5.3347901320332003e-01   2.9136214501026514e-01   7.8419685206111631e-02   2.7022354529617004e-01
   1.9341600000000001e-03  -2.4616116203094305e+00  -1.3740198658672871e+00   6.1045295372227686e-02   4.1160030798567548e-01   5.9132969347787157e-01
   6.3327399999999999e-03  -4.3645129347573847e-01   5.4364787405113102e-01  -1.3127922914688246e+00   1.1084466874634369e-01   3.2036075553044219e-01
   5.6064699999999997e-03   1.2380740033973241e+00   1.0451753835210336e+00  -1.8955676008825531e-01   1.2092084501761070e-01   3.3389583715098997e-01
   2.0046299999999999e-03   1.8139857552470093e+00  -1.2625842263221638e+00   1.7315755770504013e+00   4.0328415332881856e-01   5.8745920890645886e-01
   2.1758300000000001e-03  -5.5238287676764952e-01  -1.9710355213687372e+00  -1.7405639329945786e+00   3.4364813643915920e-01   5.4225090636778639e-01
   5.1634699999999999e-03   1.5505075026435657e+00   4.4695040426047028e-01  -8.6296253667865208e-01   1.4500599197330583e-01   3.6485185364848960e-01
   4.6481999999999999e-03  -1.9193075594816087e+00   3.1456142742449278e-01  -2.4861105554385160e-01   1.5878908051765897e-01   3.8208040057340287e-01
   2.0670900000000002e-03  -1.7842290033511001e+00   1.0070969959345020e+00  -1.8215918334557832e+00   3.7061718561222751e-01   5.6257280730838488e-01
   5.3881500000000004e-03   1.4090762654233002e+00  -1.0253890699773838e+00  -2.7709040572077720e-01   1.3629963761817782e-01   3.5423918410426747e-01
   1.9698400000000000e-03   2.2637818352813461e+00   4.8266168116802732e-02   1.5457911233106325e+00   3.6566645757554517e-01   5.5607814144707834e-01
   7.7857899999999999e-03   6.5274073434414803e-01  -5.9190506503656903e-01   8.1293911739867220e-01   9.7642233831082795e-02   3.0091332979322144e-01
   2.9435400000000001e-03  -5.8612069315410742e-01   9.8473003221120137e-01  -2.1557659136341782e+00   2.6247532961887798e-01   4.7816271078625106e-01
   7.7522299999999997e-03   9.2352401077651747e-01   3.7724413653401806e-01  -5.1730522381788790e-01   9.1893414354130495e-02   2.9187516404817365e-01
   2.2836499999999999e-03   2.2684135966966430e+00  -2.3379480412087333e-01  -1.4684373037502312e+00   3.6678142818768428e-01   5.6035964209289346e-01
   1.9183000000000000e-03   2.3090326847589919e+00   1.1157565723936602e+00  -1.1933536216000604e+00   4.1874519249379066e-01   5.9684821142436983e-01
   2.1553100000000001e-03   8.3489740721083427e-01   2.3103673955908199e+00   1.1245773710623330e+00   3.5607849973434719e-01   5.4953667664993000e-01
   6.6791400000000001e-03  -1.2453016730053323e+00  -4.1207101728733003e-01   6.4304918988314075e-01   1.1115054022603060e-01   3.2102542859555638e-01
   4.1370699999999996e-03   1.3363589376084084e+00   1.2428466853361906e+00  -9.2127571159710053e-01   1.6568505773352241e-01   3.8972757739814234e-01
   2.1200799999999999e-03   1.7876585193581453e+00   1.6596148787533598e+00   1.1649221463986430e+00   3.4957344301298443e-01   5.4568519530603909e-01
   4.5187600000000001e-03  -1.5751640746700342e+00   1.0917744598243848e+00  -6.7746902097600326e-01   1.7255451965545687e-01   3.9744359633069759e-01
   7.3886899999999998e-03   3.3786291881251707e-01  -4.9136469483075462e-01  -1.0501678789384838e+00   9.5357007147886946e-02   2.9732354986713172e-01
   5.5034899999999998e-03  -4.0815812376310145e-01  -1.0944610731910200e+00   1.1816810806355627e+00   1.2199068347431490e-01   3.3565213546393308e-01
   5.1274199999999997e-03   1.7246244192820932e+00  -5.0080132488534601e-01   1.7074647488786743e-01   1.3924757872859245e-01   3.5778777607289486e-01
   2.3183100000000001e-03   5.2911914882819910e-01   4.8000235668258867e-01   2.5619073722168775e+00   3.3829935880212381e-01   5.3779655937033910e-01
   4.6940699999999998e-03  -1.5664512402384789e+00  -1.0939292002790233e+00  -4.4764995325910778e-01   1.5858184920370136e-01   3.8183674933277606e-01
   4.9846600000000001e-03   1.0587666151119124e-01   8.8400045593462440e-01   1.6325427275348445e+00   1.4568754006971765e-01   3.6601632147319646e-01
   4.9440200000000004e-03   9.2016753289882858e-01   1.1814745603967687e+00   1.1529706842804037e+00   1.5001743112034524e-01   3.7170602955039894e-01
   6.6843600000000003e-03  -9.0084244448996631e-01  -7.6094164798634989e-01  -7.2958458905095402e-01   1.0379782922772592e-01   3.1026996234166598e-01
   7.2978799999999996e-03  -5.8621768279422359e-01  -4.8012511569029243e-01   9.1187444479065971e-01   9.2512648226456468e-02   2.9303777216657195e-01
   2.1750099999999998e-03  -1.8527487875461501e-01   2.4776636258994862e+00  -1.1202094738084127e+00   3.7363174312943215e-01   5.6392892297985309e-01
   7.8725300000000008e-03  -8.0002462212851910e-01  -1.2481373890320243e-02  -9.8256072011905948e-01   1.0441785088997929e-01   3.1118325266394392e-01
   3.1628099999999998e-03  -6.3742427717019301e-01   2.3215216729707349e+00  -1.0701911253891837e-01   2.6510374245565999e-01   4.8012350235812745e-01
   5.1358899999999997e-03   1.5171855531573786e+00  -5.2753884395001593e-01   1.0590260407059915e+00   1.6068533335575563e-01   3.8481499564202110e-01
   1.6492799999999999e-03  -9.4463403742547347e-01   1.1639954138073677e-01  -2.6986168818809420e+00   4.1316584829765896e-01   5.9006181665021740e-01
   2.6817899999999999e-03  -9.0687728652639088e-01  -9.7688955662983723e-01  -2.2197079142607143e+00   3.2573145052557373e-01   5.3052305807331313e-01
   6.9034300000000003e-03   6.4636887237175822e-01   9.2891399288245824e-01  -6.3047918912592360e-01   9.7295666756078050e-02   3.0041139042227999e-01
   2.3242499999999999e-03   6.3689340634113334e-01   1.5885522901931308e+00   2.0231178792955369e+00   3.3463814706243422e-01   5.3516928379316875e-01
   7.4704200000000002e-03   7.7398628909132827e-01   6.9837816235810934e-01   2.9520691595142874e-02   8.4437439206486317e-02   2.7987900340161354e-01
   9.9498399999999997e-03  -2.7624570244380092e-01   3.8839458360492785e-01   5.1568228622796997e-01   8.3144202661611794e-02   2.7817516445719082e-01
   5.4117200000000001e-03   8.7918358893798954e-01  -1.4718373719654549e+00  -7.7623327355632610e-01   1.5727115023015228e-01   3.8049587383431277e-01
   5.9867399999999999e-03   1.1525119068854961e+00  -8.9815802481288320e-01   4.4968124047153707e-01   1.1132971084889294e-01   3.2105892792826035e-01
   9.6482100000000008e-03   4.0611734457716187e-01  -5.0454789796129540e-01   2.4827362924651999e-01   8.1285474428250876e-02   2.7497328084401018e-01
   2.1086700000000000e-03  -1.8191322956189895e+00  -1.6505896633245294e+00  -1.3465572924703308e+00   4.2218712250213358e-01   6.0005932847265242e-01
   7.4513699999999997e-03  -5.8047812400763354e-01   9.0086163034019839e-02   1.0711833912117554e+00   9.6722052358210991e-02   2.9945818897350329e-01
   4.5795400000000000e-03  -1.3745009345093577e+00  -6.9360361647447277e-01  -1.2759980866331628e+00   1.6576422405205574e-01   3.9035264003534514e-01
   4.1746800000000001e-03  -1.0768680062209794e+00   1.6964122255870187e-01  -1.7037708238250706e+00   1.6232614808177381e-01   3.8564992271856752e-01
   7.4918800000000002e-03   1.0002191528035129e+00  -4.2362807360241583e-01   3.1610237296425939e-02   8.7483670677986805e-02   2.8488636393197553e-01
   3.7804900000000001e-03   1.9703836763826319e+00   8.0419588269423081e-01  -2.1836793186366635e-01   1.7966612530794909e-01   4.0497914384662942e-01
   6.4856899999999997e-03  -3.3022442349446013e-01  -1.2213330534626878e+00  -5.7752864541690041e-01   1.0190802001457089e-01   3.0738492425245789e-01
   2.0742999999999998e-03  -4.3252726730809515e-01   2.0698756150483089e+00   1.7021638363790239e+00   3.5537283356382637e-01   5.5060009640329921e-01
   2.0657700000000002e-03  -1.5998263490001483e+00  -8.1468232548377661e-01   2.0412984030360506e+00   3.5352513180795353e-01   5.4800737899870988e-01
   2.5722100000000001e-03  -2.1365533860555312e+00   1.0307660157348975e+00   8.7246755126069653e-01   2.8796839134059588e-01   4.9812074845380655e-01
   4.2221300000000002e-03  -8.7508122577565428e-01  -1.6831858766742602e+00   6.4824114417396439e-01   1.5790037785987521e-01   3.8075995438582111e-01
   7.3724300000000001e-03   1.1341000590010062e+00  -1.1784757535448988e-01   5.8600413785194161e-01   1.0061250655205263e-01   3.0559183674055795e-01
   6.2931599999999999e-03  -1.3944335895325872e+00  -2.7720961465958505e-01  -5.6466909380144403e-01   1.1442555627077067e-01   3.2558350356294269e-01
   2.0215400000000001e-03   1.7141073373052640e-01   1.7954162401969589e+00  -2.0766741966774500e+00   3.7013827372492319e-01   5.6047765057858989e-01
   4.0944900000000001e-03   3.4853267199454363e-01  -1.9750451615922970e+00   6.5060393253009874e-01   1.8028351851197508e-01   4.0598947214296660e-01
   2.0252199999999999e-03  -2.2273259202922593e+00   1.9494089189583461e-01   1.5780100912903210e+00   3.6231238921755515e-01   5.5383242996217241e-01
   8.3990400000000000e-03  -2.9705032842377449e-01  -5.6885671633125712e-01  -8.8581087525421598e-01   9.4227023200800855e-02   2.9592876596061851e-01
   7.5518099999999999e-03   2.8818734254097633e-01   1.1298156850901853e+00  -8.9282660785148196e-02   9.2934989674702859e-02   2.9376208126230818e-01
   1.8392800000000000e-03  -1.7171937536395403e+00   2.1732924493295398e+00  -6.8209716047865143e-01   4.2988943534370172e-01   6.0349778552737643e-01
   3.0670099999999998e-03  -2.0882064774986318e+00  -7.4609991423246003e-01   1.0239999522171757e+00   2.7008015005703229e-01   4.8528931520921359e-01
   1.0455370000000000e-02   2.8152311517977296e-01   4.2629538719136528e-01  -3.5259544596595360e-01   8.1827873987389943e-02   2.7625926874299933e-01
   2.2620100000000001e-03   2.4170834876581644e+00  -1.0870314567773900e+00  -4.9123930572076985e-01   3.5524153041673290e-01   5.5111598410345841e-01
   5.0927600000000000e-03   1.8975369472668802e-01  -1.2552114278523352e+00  -1.2517572630257374e+00   1.3608255039121792e-01   3.5346909777105562e-01
   4.1625200000000003e-03  -6.5213654157461665e-01   1.2330467644613066e+00   1.4424312417693501e+00   1.5812694236575450e-01   3.8101647981794734e-01
   4.9172900000000004e-03   4.9574791373743626e-01   1.4028701697882555e+00  -1.1631263484455110e+00   1.4980675102609894e-01   3.7125538167667299e-01
   2.5113800000000001e-03   1.8954306921460569e+00   1.9003709172960168e+00  -1.4685607135913126e-01   3.7771262542931366e-01   5.6860351698598866e-01
   5.0696500000000002e-03   7.4284030174355664e-01   5.2908288336959464e-01   1.5408147920972728e+00   1.3628107865300956e-01   3.5412231523363508e-01
   5.0536399999999999e-03   1.7590338927270136e-02  -6.7575035847242915e-01  -1.6976570842631287e+00   1.4178371851561797e-01   3.6092995934106303e-01
   2.9727700000000000e-03   1.9315065147265333e+00  -1.4489271506582877e+00   5.2129491712488463e-01   2.7539037560509788e-01   4.9011871461780943e-01
   4.7933100000000003e-03   8.2319270366815134e-01  -7.7391970889253037e-01   1.5363273842282297e+00   1.5012560307389103e-01   3.7175330425565112e-01
   4.7090400000000003e-03   1.0278302753979449e+00  -1.6319571076392700e+00   1.0171208218893535e-01   1.5283868263043429e-01   3.7519437404462891e-01
   5.8701100000000004e-03   3.0234052315060322e-01  -1.5827817878794965e+00  -1.6724899758075612e-01   1.2073523790034466e-01   3.3427033627096675e-01
   4.8575900000000002e-03  -1.0549713679192934e+00   8.6228083599262195e-01  -1.2352562300158016e+00   1.3944148108106297e-01   3.5856247959481774e-01
   7.5776400000000001e-03  -6.3987858752275709e-02   1.0768326532556238e+00   4.8687661645519503e-01   9.3659174150793417e-02   2.9506705662889582e-01
   9.3445500000000001e-03   1.8387717062586262e-01  -1.6652577781551908e-02   8.5118028170026255e-02   6.9168053992552631e-02   2.5356403280887979e-01
   6.6441000000000000e-03   7.8868393994243136e-01  -6.0081758968726771e-02   1.2137157395189886e+00   1.0971949762657772e-01   3.1885590580851375e-01
   2.1838999999999999e-03  -1.0523863125948425e+00   1.8154568533803099e+00  -1.6249892857147981e+00   3.2532586068081620e-01   5.2684282561729479e-01
   7.3977399999999999e-03  -1.0759577045684456e+00  -6.0318906163430830e-01  -1.3046139339432375e-02   9.6054471291916146e-02   2.9882865451235974e-01
   9.1787499999999994e-03   4.4144154616106041e-01   4.3757377400496213e-02   6.6361986374688708e-01   8.3120818454655548e-02   2.7791446578161016e-01
   4.6648300000000000e-03  -7.9802058697823308e-01   1.6111605690710005e+00  -7.1433309166365566e-01   1.5303945401048064e-01   3.7535309298629238e-01
   4.4337500000000002e-03  -1.2399541302216892e+00   1.5606676023380699e+00   8.4667672758880416e-02   1.6121674150329432e-01   3.8496280891331786e-01
   2.1578800000000000e-03  -2.7481614598860671e+00   3.9127972179015265e-02   3.1260012248835323e-01   3.9705597850799174e-01   5.8180388506012781e-01
   5.9517099999999998e-03  -1.9493981410356784e-01  -1.4415725526692891e+00   5.1245809835190947e-01   1.1275014258151736e-01   3.2283394850276537e-01
   2.0046299999999999e-03   1.6591047334157858e+00  -1.5030023559357248e+00  -1.6235873317044303e+00   3.8073515369871896e-01   5.7003046894120057e-01
   5.2607399999999999e-03   1.4747248982599401e+00   9.4270432990021624e-01   5.0800243964472591e-01   1.4357517189234006e-01   3.6370344646344965e-01
   5.6517399999999997e-03   5.7625091210728596e-01  -2.4956706369529513e-02  -1.7112029614408415e+00   1.4692375932057339e-01   3.6802918883368679e-01
   1.8539600000000000e-03  -2.5655157790872605e+00   6.3646119411759006e-01  -9.5057275382339002e-01   3.9539386846212160e-01   5.7933673280166309e-01
   5.0678900000000002e-03  -1.7570431522040213e+00   1.9382782179800304e-01   6.7966933351507985e-01   1.5241905572690811e-01   3.7492353758197022e-01
   2.2594099999999999e-03   1.6833506884859222e+00  -2.0611480549388128e+00  -4.7845418825644742e-01   3.5962873628792813e-01   5.5455716003162570e-01
   7.6022299999999998e-03   9.1021709769602471e-02  -4.4495074807546153e-01   1.2190357570709014e+00   1.0445668940719009e-01   3.1143020977048785e-01
   7.7785700000000003e-03  -6.8233727787160370e-01  -8.9919273650599874e-01   4.5294578917053901e-01   9.8379289339459913e-02   3.0229070221090143e-01
   6.6678299999999996e-03   6.3681754467647222e-01   1.1552032053015622e+00   4.6151527519034680e-01   1.0520541205297330e-01   3.1212822988080213e-01
   7.4127999999999998e-03  -1.1188239227902605e+00   4.1526064126548312e-01  -5.4220836053064758e-01   1.0312207081621719e-01   3.0943077604166630e-01
   5.0017500000000001e-03   6.2892206016981603e-02   1.7813074269246116e+00  -5.6163102270395282e-01   1.4765263523334554e-01   3.6847632910914591e-01
   7.8555199999999995e-03   5.8966351403134765e-01   6.5067667464720175e-02  -9.3948732593730022e-01   9.1851515879451437e-02   2.9193597298595170e-01
   2.1419700000000000e-03   1.1077559041460705e+00   2.2272273916708185e+00  -1.1291420242277506e+00   3.6833029369326342e-01   5.6094148421837253e-01
   9.4472099999999993e-03  -1.5695976572277431e-02  -4.4306425389041941e-02  -6.2489567453933559e-01   7.8292306640700804e-02   2.6966894459478435e-01
   2.3118800000000001e-03   6.2384215609593929e-01  -1.8982712881733912e+00   1.8076304635871845e+00   3.6498229276206767e-01   5.5802227370912150e-01
   2.0054299999999999e-03  -2.2448106477384858e-01   2.5822100468823583e+00   7.5763542450476762e-01   3.4396394763359694e-01   5.3826633582325689e-01
   2.3421900000000001e-03  -1.3010995208993705e+00   2.5546096356245618e-01   2.2360988514561493e+00   3.0137926885543531e-01   5.0914011439404705e-01
   5.1633399999999998e-03  -4.7320342299019175e-01   3.3820161897764361e-01   1.7579135610691106e+00   1.4747128976613955e-01   3.6846855752505447e-01
   9.0326199999999999e-03  -3.7604329158994321e-01   3.7757730937513240e-01  -6.2122722047081758e-01   8.3331892782357780e-02   2.7821832063821278e-01
   4.8781199999999997e-03   1.4692524352650198e+00   4.3111635093931389e-01   1.1511253654559770e+00   1.5453720401123644e-01   3.7672939186303295e-01
   5.0778400000000001e-03   2.6481016374458088e-01  -9.8278417668040047e-02   1.8692981018825403e+00   1.5172401842508959e-01   3.7416272449197197e-01
   6.4137300000000003e-03  -6.1376311584765919e-01   8.9965992093917546e-01  -6.9432757623593999e-01   9.4626162560234234e-02   2.9575072362891131e-01
   3.2521899999999999e-03   1.2821705737720295e+00  -1.3826240394566358e-01   1.9501805866485846e+00   2.3237123025524115e-01   4.5312035955717295e-01
   1.9309200000000000e-03  -1.6860009463703602e+00  -1.9391817325330665e+00   1.2137877582179373e+00   4.2449102436619296e-01   6.0189501185110494e-01
   2.8614100000000000e-03   1.4941293889966480e+00   4.4471494338523676e-01  -1.8819367833045351e+00   2.6417379361545407e-01   4.7855400579284857e-01
   4.7898899999999998e-03   8.3778013316793942e-01  -8.7388941107849150e-01  -1.4967634235211305e+00   1.5468292042120474e-01   3.7696638789377429e-01
   9.7810199999999996e-03  -6.7306233955969008e-01  -1.5585011606680366e-01  -3.6564591929924645e-01   8.5728468774296310e-02   2.8237768919895107e-01
   8.8514000000000006e-03   7.2808804827831619e-01   1.1265441845509547e-01   9.5792092204322943e-02   7.8721052422474611e-02   2.7052206349544444e-01
   5.2413700000000004e-03   2.0013986024298666e-01   1.8102976533887658e+00   2.9876374939036426e-01   1.4616361202077088e-01   3.6733052655163939e-01
   5.3404300000000002e-03   1.6860784848578481e-01   1.5013979965047732e+00   1.0711619373211312e+00   1.5021979688957116e-01   3.7205189338259492e-01
   4.1688400000000000e-03  -9.6456696571175493e-01  -1.6273460296996360e+00  -8.0179081059959989e-01   1.6826852885917398e-01   3.9273232956250309e-01
   4.8922999999999996e-03  -1.1960297074510950e+00   5.7232276075494048e-01   1.3189794418815874e+00   1.4659503137587196e-01   3.6714236116306270e-01
   7.3945399999999998e-03  -7.7595828219032215e-02  -4.0842766498160460e-03  -1.2490656878669861e+00   9.8257701761607613e-02   3.0195735047451072e-01
   7.1584900000000000e-03  -1.2625505226317706e+00   4.2876290338148312e-02   6.1660677169589714e-02   9.6224363607583241e-02   2.9911595915597039e-01
   3.8770499999999999e-03   4.8622788760653575e-02  -9.5915523636282218e-01   1.8430797718119114e+00   1.6626788674151094e-01   3.9029088229689091e-01
   7.6325799999999999e-03   6.2167697520604435e-02   2.1302789550273771e-01   1.2010540897226640e+00   9.8056494021574361e-02   3.0160738049484803e-01
   2.1345800000000001e-03   6.7306705988025994e-01  -2.2372003794838635e+00  -1.3772538754726076e+00   3.5699452624897543e-01   5.5170658468376799e-01
   4.9801000000000003e-03   2.6589556933350361e-01   7.7571955552150873e-01  -1.6989471407828511e+00   1.5017122633700630e-01   3.7179394450423420e-01
   1.9369700000000001e-03  -1.5665336634824545e+00   1.3790071533805113e+00   1.8226175638493074e+00   3.7238490125857410e-01   5.6362047064260234e-01
   2.0450400000000001e-03   2.5690021163702261e+00  -6.2507562374373848e-01   6.7424965162841788e-01   3.5627342650853011e-01   5.5097402467019030e-01
   9.1596600000000000e-03  -8.4613864855557788e-02  -1.4851090619964361e-01   6.4454401540843265e-01   7.7752212722409633e-02   2.6878617061481269e-01
   6.2326999999999999e-03  -8.3354537020046959e-01  -1.2946283781557222e+00  -8.5544560206164605e-02   1.1570621762557633e-01   3.2730138691377592e-01
   9.0426399999999994e-03  -2.7543136343187169e-01  -4.4460803866824633e-01   1.8734857882664963e-01   7.3718259333749397e-02   2.6169743105735516e-01
   5.5261900000000003e-03   1.2093652289753678e+00  -1.5935781606844315e-01  -1.2555958066843398e+00   1.3575560821339377e-01   3.5373984210846970e-01
   2.1825799999999999e-03   3.9941944692051479e-01  -1.4975991267438893e+00  -2.2051850767792045e+00   3.4710493674910464e-01   5.4452056679935468e-01
   4.7528700000000002e-03  -1.4701587263153226e+00  -1.1623976946321966e+00   4.1817915531165040e-01   1.5059389598243045e-01   3.7243818329416067e-01
   2.1528799999999998e-03   1.4479071710961980e-01  -5.1100253989574806e-01  -2.6066603648198403e+00   3.2473353167625291e-01   5.2696682649488558e-01
   4.5555900000000000e-03  -3.9177555982180079e-01  -1.9278644583986069e+00  -6.0138172126495089e-02   1.5804004944290920e-01   3.8117698191242227e-01
   6.6343499999999998e-03  -3.9177804015461176e-01   1.4160765185097421e+00  -6.9363477600903667e-02   1.1123060765488735e-01   3.2126341377181911e-01
   2.3343299999999999e-03   1.2886222789559201e+00  -5.2208397689827901e-01  -2.2740077379076120e+00   3.4868298274580378e-01   5.4518274396364186e-01
   7.1961999999999998e-03   2.5744435027837120e-01  -9.8505154986194410e-01  -6.2138626487137960e-01   9.2631977526638362e-02   2.9297345100075795e-01
   8.2497400000000002e-03  -5.5093168862095067e-02  -1.0286648409894041e+00   3.2459756324036852e-02   8.8982179733162178e-02   2.8749436199110140e-01
   2.7409800000000001e-03  -1.4784817177305341e+00  -2.1033769688590094e+00  -5.0193607360164483e-02   3.1809379307671448e-01   5.2435957437532710e-01
   2.2353000000000000e-03   1.2162123494285964e+00   1.3534247361372957e+00  -1.9109781251860922e+00   3.2155473738377827e-01   5.2325079168735134e-01
   7.5958199999999997e-03  -5.0414513737531508e-01  -7.0192042987062486e-01  -2.4804896593181794e-01   7.7771033372468171e-02   2.6874718842232270e-01
   7.7280800000000000e-03   6.5303128228121521e-01  -9.2825660431074131e-01  -1.5349196632936693e-01   9.3114237569615066e-02   2.9399310115726224e-01
   4.3188000000000002e-03   1.9210989192742529e+00  -1.5274286856402824e-01  -4.9125516608075415e-01   1.5906275949045434e-01   3.8216710328978898e-01
   4.9085400000000003e-03  -5.7879292668142945e-01  -1.1387406008499508e+00  -1.3175044505541522e+00   1.4095981863309462e-01   3.5957954301293044e-01
   2.0207599999999999e-03   2.4914037924202921e+00   9.5399343615263854e-01   6.5308871930318746e-01   3.7636692117785697e-01   5.6518671091544037e-01
   8.5374300000000004e-03  -7.4963890059347760e-01   4.0415477523356652e-01  -2.5022172822094933e-03   8.1221034266417497e-02   2.7478830635583384e-01
   5.4116600000000004e-03   2.9644974639033450e-01  -1.2373799084012707e+00   1.1153015403215423e+00   1.2462325312497782e-01   3.3920771685671608e-01
   6.7710699999999997e-03   1.2213695290261830e+00  -2.0490743766245592e-01  -5.0760803744176453e-01   1.0067471655944704e-01   3.0539274661582216e-01
   1.7539700000000001e-03  -6.3232941943247556e-01  -2.6715221616416809e+00  -7.3210232319894886e-01   4.0793875596481283e-01   5.8822691899598312e-01
   4.0492799999999997e-03  -2.7398058172085977e-02  -1.8475848179589462e+00  -8.2798977834510890e-01   1.5825988904668567e-01   3.8133427515570484e-01
   2.3119299999999998e-03  -2.2769064399708192e+00   1.3229105396656957e+00  -1.4048372755927293e-02   3.2827238779545992e-01   5.2951553083833058e-01
   1.9390200000000001e-03  -4.1910703299715951e-01  -2.7076954343548545e+00   6.2917652986185557e-01   4.2060754808877326e-01   5.9567326553794675e-01
   6.0411800000000002e-03  -9.2875208096588124e-01   9.8175542198597521e-01  -2.0214576494847789e-01   9.5638671090921404e-02   2.9771364025882885e-01
   0.0000000000000000e+00   0.0000000000000000e+00   0.0000000000000000e+00   0.0000000000000000e+00   1.4799089283517500e-01   3.5417273332718480e-01
