   4.3766700000000000e-03   1.3460596044335440e+00   1.0882460887797236e+00   2.7436660123255752e-01  -1.5794230353769012e+00  -2.2215022153863326e-01  -2.0020740035188923e-02   1.5902551082527345e+00
   4.7641300000000001e-03   1.5555443691766649e-01  -7.0206393758474361e-01  -1.9405682194957308e+00   4.9079399612880231e-01   2.9178621814287731e-01   8.3552843179125469e-01   1.5252217030914610e+00
   4.0730100000000002e-03  -1.2269962684345017e+00   1.9243698642179549e-01   7.6787957152441844e-01   6.3779748840848327e-01  -1.7159330040702738e+00  -5.6406038765652966e-01   1.5954637166961232e+00
   7.9788499999999991e-03   6.3195776809115334e-01  -7.5528026933674375e-01  -5.0196766925231306e-01   2.6254080987270040e-01   2.0801356038690721e-01   2.5361146588315753e-01   8.1165057344818470e-01
   4.6036400000000000e-03   7.3329342436973988e-01  -1.1277001940664890e+00   2.4005218886404314e-01   7.4348624453212708e-01   1.6496484701323817e+00  -6.8641961292674947e-01   1.6000885857800671e+00
   5.1082300000000001e-03   1.5640374432334190e+00   7.1446664547191718e-01   9.7885702569146027e-01  -5.7074443436767286e-01   3.7296210351501546e-01  -6.8377403887706278e-01   1.4401561610105809e+00
   4.2553599999999997e-03  -6.0305991184755638e-02   4.4036041323358627e-01   1.1008423950125370e+00   6.3643579428309938e-01  -6.1850642757148766e-01  -1.9200343863530671e+00   1.6642452827222278e+00
   4.4581000000000004e-03   7.3723801544538192e-01   6.8733168777135034e-01   1.6349753414012509e+00  -3.1459130518689225e-02   9.7446534854881495e-01   9.6580485238642955e-01   1.5726376626764855e+00
   4.4743600000000001e-03   1.8900104474846324e+00  -4.7059201819513957e-01  -4.3245440553958059e-01  -5.4369169971570064e-01   1.0827645802624204e+00   6.0213725993410279e-03   1.5429893201523512e+00
   4.9269099999999996e-03  -1.4831937915561866e-01   1.2053455890589784e+00   1.5140662057799843e+00  -1.1950374621880895e+00   1.8610949383808473e-01   2.1283517232995267e-01   1.5280285824211575e+00
   4.7777200000000001e-03  -1.0959157436616254e+00  -1.1374879044095065e+00   1.4983163416752525e+00   5.4040925228557281e-02  -4.0184248733822941e-01  -7.5985943254015131e-01   1.5847329656594185e+00
   4.7092999999999996e-03  -1.8587568793698206e-01   1.6587545848816034e+00   5.7567235483554313e-01   1.0969028794880922e+00  -7.0295544400470511e-01  -6.8674859293946200e-01   1.5128128904303126e+00
   4.2237000000000004e-03   9.8481332553514744e-01   1.9944264580304405e+00   8.4567100858132727e-01   1.7034302107711669e-01  -4.2820462286411202e-03   4.7834547615015577e-01   1.6662039500588206e+00
   4.8934099999999999e-03  -7.3447018699893141e-01  -5.6522609042825389e-01  -6.7549961107671397e-01  -8.3037798770604909e-02   1.7952236764942637e+00  -8.4420481116976664e-01   1.5297862510608209e+00
   4.6802900000000001e-03  -1.6211141373587348e+00   8.2827089573216772e-01   6.4414375078884756e-01   1.3120736816168383e+00   2.1168970689975697e-01  -3.8993521392119873e-01   1.6422904892010730e+00
   4.0479899999999996e-03  -6.5175369756961687e-01  -2.3554596702431801e-01   1.0880308455235970e+00   8.4039081196306542e-01   1.0474672922797803e+00   1.5490408387107637e+00   1.6149341719708477e+00
   4.7650899999999996e-03  -3.3101182272928892e-01   8.9978032223595839e-01   1.1732560184388561e+00  -4.5464406822579087e-02  -2.7312548051463331e-01   1.7191616708211102e+00   1.5287794736962259e+00
   4.8463200000000003e-03  -2.1709860558386351e+00  -7.9992573298547476e-02   4.6435106174831070e-01  -1.4716914865993003e-01  -4.5398966119072998e-01  -1.4316811877983907e-01   1.4989391083882733e+00
   4.7967200000000000e-03   7.8260972865291345e-01   5.5481143125501942e-01  -6.4847263783053866e-01   2.4637312823416341e-01   1.5124458999774020e+00  -1.3170795039161634e+00   1.5846503374423331e+00
   4.6896799999999999e-03   9.0135297074159404e-01   6.0541465193778055e-01  -7.9786382199625683e-01  -1.4929727820548797e+00   8.4151686651254953e-01  -6.6037816468562904e-01   1.4927381254416512e+00
   4.9637400000000003e-03   4.9515522989232799e-02  -3.1124858979635123e-01  -6.5533412749632702e-01  -1.5373194915900423e+00  -9.4460734775546584e-01   1.1548685550954008e+00   1.4928031918010964e+00
   4.3887300000000004e-03  -9.2404698949528397e-01   1.6920665856166577e+00   8.3915049315281254e-01   3.2191462334037274e-01   9.4474462690949212e-01   4.5232332620245075e-01   1.5719047292606678e+00
   4.0889200000000002e-03   1.0287531350570791e+00  -2.2808309164967655e-01   8.2447092283423173e-01   3.2084990065145221e-03   9.6497347680116341e-01  -1.8138136305076054e+00   1.6754746881466382e+00
   4.2240200000000002e-03   1.4910923956354456e+00  -3.0757856547356088e-01   7.0360083871297507e-01  -1.1343240921530269e-01  -1.1828369324531509e+00  -1.2891435958431088e+00   1.6568825467147938e+00
   7.6283499999999999e-03  -2.5821277143714316e-01  -1.0019052841764047e+00   1.9385848425130611e-01   1.8717812020706626e-01  -5.2140217303156300e-01  -2.4772311362877897e-01   8.1164285574865014e-01
   4.6760100000000004e-03   1.1242185090097763e+00  -8.7890601786974110e-01  -8.0303030519642729e-02  -1.7566142513612935e+00   3.1206394222631006e-01   1.4076965792596075e-01   1.5035182118892960e+00
   4.9658100000000002e-03  -8.5105150038301125e-01   7.7278915145029117e-02   1.4831434657338387e+00  -6.5046586578729682e-01  -1.2504713177738851e+00   3.7664360348964293e-01   1.4660658624550620e+00
   4.5028700000000000e-03  -4.1987597519133185e-01   1.6537851490190985e+00  -1.4691675368208865e-01   1.0292108108837568e+00  -3.2990433016751519e-01   1.1504673440250490e+00   1.5311410630909073e+00
   5.3778599999999999e-03   1.0406543565017132e+00   1.2054060454290969e+00   1.1562139233997142e-01   5.6229730184946325e-01   3.6282206498780507e-02  -1.3486524060967433e+00   1.4087593010590536e+00
   7.0405299999999997e-03   1.5609036225267645e-01  -2.9896591153040392e-01   3.9457117253860313e-01  -1.8570124877120067e-01  -2.5034607734418785e-01  -1.3273003023549241e+00   9.0179065045730211e-01
   4.9059000000000004e-03   1.3067105835237761e-01   4.3643559707114105e-01  -4.9413635911978265e-01   4.9815780778759383e-01  -1.7793925452606831e+00  -1.2056712668091283e+00   1.5463107670101019e+00
   4.9729500000000003e-03  -8.5222392363883304e-01   1.1605824890692260e+00  -6.3352011785354337e-02   3.8242826922623296e-01   1.1778440215167496e+00  -1.2246649518037616e+00   1.4844690011837549e+00
   4.8173000000000001e-03  -1.3433265902896292e+00  -9.8576724756988310e-01  -7.4095314465379614e-01  -1.8768914929617833e-01  -1.2619101861355635e+00  -6.3934391655914635e-01   1.5475159508507017e+00
   4.3512100000000003e-03   5.4502518699447089e-01  -1.0783967313041707e+00   1.3738179226489520e+00   9.3722468730090069e-01  -4.0924779823179103e-02  -1.1601495186446680e+00   1.5514659224421710e+00
   4.3617300000000003e-03  -3.3456990265717373e-01  -3.5347892985634993e-01   1.2250385197948912e+00   1.7630000716313408e+00  -8.1007269342838673e-01  -2.2254948040969166e-01   1.5667326508241937e+00
   4.6858300000000002e-03   1.2597920121638544e+00   4.7663969797087558e-01   1.5122448529348387e+00   1.0313441317182586e+00  -2.9677125230083112e-01  -3.9129715257917985e-01   1.5433151052365792e+00
   4.8686199999999997e-03  -1.1197109719939764e+00   1.1311491689513449e+00  -1.5727149828249651e-01  -1.9662592590502748e-01  -7.4630409241363216e-01  -1.3946794599892498e+00   1.4810177220537011e+00
   5.3678299999999997e-03  -1.2266011235839551e+00   1.6080910459689335e-01   7.4995119400744126e-01   9.5882049880508868e-01  -8.0992403933595636e-01   1.1121931163487777e+00   1.4635129812974992e+00
   4.8172800000000002e-03  -4.4300002298549213e-01   1.2307584433374566e-01  -8.3555545483637927e-01   8.7731140735351920e-01  -3.9730872781366505e-01   1.8567860259804996e+00   1.5297290242417239e+00
   4.9403499999999996e-03   1.0372548620874884e-01   1.0013788004310458e+00   5.9906246838044713e-02   3.5335733657482421e-01   1.1551699199318219e+00   1.5878090905427384e+00   1.4567900735138195e+00
   4.9863299999999998e-03   6.7688313018709576e-02   9.4522119834128160e-01   1.0624557000322599e+00   1.5575514426348152e+00   5.0370587034166359e-01   5.9840201488691158e-01   1.4744568176915172e+00
   4.3966600000000002e-03  -7.8099091099494033e-02   1.1115211492478474e+00   3.8275281065276978e-01   8.0864147136025610e-01  -1.7600393858921106e+00   5.6445406370511708e-01   1.5444924261941391e+00
   4.9855500000000001e-03  -8.8912729174014316e-01  -8.8904648136903308e-01   9.9576188011392319e-01   1.2626958386197744e+00   7.6980103155847712e-01  -1.2664852614458258e-01   1.3969961048236423e+00
   4.6292199999999999e-03   8.8853506798209947e-01  -6.0969786316159880e-01   8.2694471116024237e-01   1.7035297283880630e+00   6.6679553593598861e-01   4.6956088745176799e-01   1.5401118119399193e+00
   4.4780699999999998e-03   7.1899885865558311e-01  -3.7008341299985439e-02   1.2201813537944928e+00  -1.5122228870855743e+00   1.1179789249074947e+00  -2.9187163394838622e-02   1.5808545909323652e+00
   3.4808100000000000e-03   9.2958398314688362e-01   1.8048759554793464e-01   1.0040200028917043e-01   1.8640852637560821e+00  -1.2644445038927117e+00  -7.5314979380070102e-01   1.7640824920845271e+00
   5.0282299999999999e-03  -2.5121408674290518e-01   2.9307777198721968e-01   2.2882436427750674e-01   1.0208781275662422e+00   2.0141315980747514e+00   1.6048304719121276e-01   1.5617422290596763e+00
   4.8243000000000001e-03   1.1916274763425985e+00  -8.6491531990673554e-01  -9.6508470968484361e-01   5.6491998372634178e-01  -1.2031804141137354e+00  -4.4004296031200463e-01   1.4579214558231663e+00
   4.2340800000000003e-03   2.7022210664855106e-01   1.8080080502337934e+00  -3.7640556827550886e-01   1.0865471778467726e+00   1.0837271109938413e+00  -1.0958655318832163e-01   1.6348733979973913e+00
   5.1627799999999996e-03   6.7862995438362905e-01  -8.2316084412673496e-01   6.0361803287274673e-01   2.7946357808912900e-02   1.5448303308436810e+00   1.0554777973121736e+00   1.4713203073179306e+00
   4.8159300000000004e-03   6.7517524187650377e-02  -1.3682961590822507e+00   1.0573244563187167e+00  -7.8505023305479305e-01   8.7632904455076877e-01  -9.3854209248885212e-01   1.5111598592021307e+00
   5.2255899999999996e-03   4.2830326112981321e-01  -1.2155045611507291e-01   1.0978484443506080e+00   2.8653242848362742e-01  -1.7874563002957338e+00  -1.9391474474707307e-01   1.4049409835791913e+00
   4.6867699999999998e-03  -5.3459301796236647e-01  -3.6495313102432098e-01   6.4551039048656955e-01  -9.1145014459317153e-01  -1.4480969025528412e+00  -1.2803578618591827e+00   1.5545645133694597e+00
   4.9670699999999996e-03  -3.8284800961534299e-01  -1.6164631316020976e+00  -1.9454819559320177e-01   4.3516259841788835e-01   4.0151465743246595e-01  -1.3927234872569028e+00   1.4853133224474286e+00
   4.5066300000000002e-03   1.1296963317443496e+00   1.2230466775529620e+00  -3.5202626613385557e-01   1.5367513249260978e+00  -2.8074637869474367e-01   4.4430878348652580e-01   1.5638503254096203e+00
   4.9565900000000003e-03  -1.4610860592726835e-01  -4.2667680976424938e-01  -1.7474812829590458e+00  -2.4627426893458346e-01  -1.3355988413003388e+00   3.0852528232527709e-01   1.5249119646371585e+00
   4.9535800000000000e-03  -7.0883464304446286e-01  -5.8291247244705868e-01  -7.3493104756485872e-01   1.0428887292575952e-01   1.3978342368421577e+00   1.3868567917899239e+00   1.5470715894084150e+00
   4.8327200000000004e-03  -3.3663104679940804e-02  -6.6303163347378813e-01   1.8358297776004384e+00   7.1567068208125262e-01  -4.2043712484241663e-01   8.0832986692863718e-01   1.4930281347025061e+00
   4.6510800000000001e-03   1.9718530247739827e+00   3.2712466033069865e-01   5.0965812655242881e-01   4.1401736495985603e-01   1.9406059115505558e-01   8.8893017310665423e-01   1.4960517356153837e+00
   4.9508199999999999e-03   3.9308611595085535e-01  -1.1566916723615464e+00  -2.2242796428936390e-01  -6.6618584964487826e-01  -1.7749749881480701e+00   2.9125251446706509e-03   1.4899277645987310e+00
   4.4088100000000000e-03  -5.5664411201026431e-01  -6.0322107455883267e-01  -1.2793197863388070e-01  -1.6870707012421535e+00   1.1112566004040889e+00  -6.6295951300949219e-01   1.4559076571706631e+00
   4.5853400000000002e-03   1.5432065256349392e-01   3.9052111140526896e-01   6.5552028875651147e-01   1.8294623267606629e+00   7.1342870161049510e-01  -1.0925271748851737e+00   1.6207037046497392e+00
   4.0039999999999997e-03  -1.2526264734455785e+00  -6.0729407332002205e-01  -8.3040496733710507e-03  -9.6727364482374256e-01  -6.7054210207547274e-02  -1.8316469318606876e+00   1.7366603000007999e+00
   4.0977899999999996e-03   1.2100357187453097e+00   7.1086831409384765e-01  -1.4511465987892327e+00   7.7690452046672653e-01  -5.7908576770006470e-01  -8.5664908942946805e-01   1.5921571392291809e+00
   3.7085999999999998e-03  -1.0649720861823017e-01   2.2641978449358158e+00   2.3076115634046415e-01  -6.4038075468591305e-01   9.2283982623872121e-02  -8.4232091885655802e-01   1.7145150477759552e+00
   4.3594300000000001e-03   5.5753887522334700e-01  -9.0482778907892980e-01  -8.4424536721825438e-01  -9.1946180944769185e-01   8.7025453622386595e-01  -1.4698773340224240e+00   1.5730868888186809e+00
   4.4229100000000004e-03  -1.2107218656303167e+00   8.3225910171395034e-01   1.3198262280013056e+00  -3.9386533640507954e-01  -1.2175453664602527e-01  -1.1394535132562413e+00   1.5060710460226141e+00
   4.5642299999999998e-03   1.2614927280371584e+00   4.6095747316154539e-01  -1.2506488427096778e+00  -1.1218477234258157e+00  -3.6600912740226260e-01   8.1314871377695686e-01   1.5506763439602675e+00
   5.1594700000000002e-03  -5.1656410488932117e-02   1.7874790414887289e+00  -1.6802292590534859e-01  -7.9005025765455206e-01   3.0581414380640942e-01   9.4859718924726000e-01   1.4329957207385986e+00
   4.5785399999999999e-03   2.6438032876185047e-01  -1.8124694792333818e+00  -6.3154542225691412e-01  -5.2532479651385811e-01   1.2141100473729627e+00   1.7245165810559679e-01   1.5697757255579019e+00
   3.8776700000000002e-03  -8.4225903649543821e-01   1.0648190834179072e+00  -9.5339442734733759e-01  -5.1992656428616535e-01   1.7819275888989503e+00   4.3032392590449614e-01   1.7529697112012343e+00
   4.9902999999999996e-03   1.2295412843477305e+00  -1.6787064482927638e+00   5.1692174442573416e-02  -1.3446780466275085e-01  -7.8451869940561580e-02  -8.6125799383849233e-01   1.4714147781940567e+00
   4.7926000000000002e-03   1.0383860588421776e+00   9.3540855143469104e-01  -2.1121425357425411e-01   1.7447037246504021e-02  -5.0492265945113834e-01   1.7760459572693246e+00   1.5554507635489208e+00
   5.1028300000000000e-03   1.7962865849168544e-01   1.1684771670946188e+00   1.3444245260367520e+00   3.8410660917311384e-01   7.8542692789313939e-01  -9.1243810413338378e-01   1.4108181259855856e+00
   5.0257100000000001e-03   5.9892152797497289e-01  -1.6947328387445211e+00   3.4177543403435368e-01  -7.1984311294601278e-01  -3.0842296146189313e-01   9.9748008795248455e-01   1.4529413835299927e+00
   4.0114900000000004e-03   8.5131949947842533e-01   1.8792436748008842e-01   7.2801996520693668e-01  -1.4226040775759476e+00   5.2488616283203546e-02   1.6251423382919485e+00   1.6471846596135156e+00
   4.9041099999999997e-03  -1.1868311844450101e+00   1.5824737023063620e+00   5.9803342032639362e-01  -2.9772448272809465e-01  -9.1513266872658050e-01   2.6863070312988746e-01   1.5199614818591698e+00
   3.7221600000000000e-03  -1.6758054800102296e+00  -7.9274448131831077e-01  -1.2618124347664945e+00   9.2328946714728244e-01   5.1384879637124931e-02   7.3634932660849306e-01   1.7612604642189824e+00
   3.9373200000000002e-03  -1.1747416132054447e+00   4.6413365386720418e-01   5.8567674876306952e-01  -1.5367898098144537e+00  -4.5012316579135497e-01   1.2808564605422477e+00   1.6900485641655292e+00
   5.0968599999999999e-03   1.8404380533337963e+00  -2.8014689178927488e-01   3.7420353605885526e-02   1.0100545167308954e+00   2.3479422421292445e-01  -6.2925364563587549e-01   1.4578261501736063e+00
   4.0362499999999999e-03   3.9375391394718484e-01  -2.5391432128257452e-01  -1.1545372816236726e-01  -8.8658071384182213e-01   2.1710085406934518e+00   1.5827157753685001e-01   1.5835047904630954e+00
   4.1617299999999998e-03   4.5955185240994045e-01  -3.2019021097922296e-01   8.5202394644352519e-01  -1.8844250985803446e+00  -1.1216888388811110e+00   2.2325087750924807e-01   1.6495184301448613e+00
   8.0788100000000005e-03   1.2927020735363276e-01   8.8599838086024452e-01   2.3834611671818249e-02  -5.4613168337826890e-01   5.8648078302071499e-02  -4.8595907930203897e-01   8.0497159326765233e-01
   4.5150099999999999e-03   9.2477763196789498e-01   3.7178635810920668e-01  -7.3982226008845942e-01   2.8688569555798205e-01  -1.8226704769401874e+00   6.4598537662570465e-01   1.5334534139450611e+00
   4.9591699999999997e-03  -1.9651591886126124e-01   5.9931927572072674e-01  -1.1142091158471233e-01  -2.0373225387466554e+00   5.9133514013220223e-01   3.6669270074222304e-01   1.4724312848915362e+00
   4.3153200000000001e-03  -1.2469219203061921e+00  -4.2307696438931680e-01   1.2185550418709075e+00  -1.5300075025809741e+00   3.5796760077586093e-01  -3.6283927408944761e-01   1.6355482643201904e+00
   8.0777200000000000e-03  -3.2212828278360459e-02  -4.1694126104271073e-01  -6.6239256173267713e-01  -8.8695409997198293e-01  -1.4720171270667631e-01  -7.7665127863587577e-02   8.1959313134199785e-01
   5.0918800000000000e-03  -1.7033999995765159e-01  -7.9235934688898524e-01   1.7045244343734889e+00  -8.1355832923346616e-01   2.2840388981194645e-01   9.0474564567849058e-01   1.4976012923287931e+00
   5.0363200000000004e-03   3.8958910913754224e-01   1.1555167077723960e+00   3.1792687367580896e-01  -1.0542085879522993e+00  -1.2430704643529584e+00   7.6181700685464993e-01   1.4138204949292374e+00
   4.3562100000000001e-03   1.0382342935247366e+00  -1.3435981009941518e+00  -1.3647561399051282e+00  -8.4694637801844785e-01  -3.7936622126797254e-01   8.3841728364283663e-02   1.5704495010447319e+00
   4.8304799999999998e-03  -1.0556588672835863e+00   2.9457729631835400e-01  -1.8287796817990214e+00  -4.1314063407454238e-01  -1.1153510878487261e-02   6.2311166373791194e-01   1.4735750670997245e+00
   4.3252000000000004e-03   1.3109997141704199e-01  -3.2306151562521701e-01   1.9535646486862301e+00   5.3601537242553765e-01   1.1982156196016238e+00  -2.6853027216488340e-01   1.6088995124753687e+00
   5.0892400000000001e-03  -7.9181196326090775e-01  -1.0937076048108225e+00  -1.6262062916760673e+00  -3.5329352979654732e-01   3.3784526606974591e-01  -6.1423644280312539e-01   1.4880365220460323e+00
   4.7852900000000002e-03   9.2832877140801917e-01   3.2741549987597685e-01  -7.8298311113198538e-01  -1.1713133403948777e+00  -1.4531919071980197e+00  -5.4283793099322530e-01   1.5500667432121800e+00
   4.0875800000000004e-03  -9.8382556813121791e-01  -3.8547468165825938e-01  -6.4447652509417153e-01   1.5985517106664764e+00   9.0396146810433409e-01  -9.4851641223791971e-01   1.6091523315885987e+00
   4.7437099999999999e-03   8.8220776645423571e-01  -7.0934970466632763e-01  -7.8565569158329074e-01  -5.0032838428623994e-01   6.0797042528089518e-01   1.6326601406340617e+00   1.4905401746891618e+00
   7.9844900000000003e-03  -7.9520714133200643e-01   3.3911459716132070e-01   7.5208846047590205e-02  -4.5280144231385966e-01  -8.7921923356119952e-02   6.7076110831597235e-01   8.1368758017194143e-01
   4.8933099999999997e-03  -2.6570272397806521e-01  -1.4399426241451427e+00   2.6081726724008363e-02   1.0362073893096519e+00  -8.1831434672635706e-02   1.4016285150712049e+00   1.5151067859572331e+00
   4.7605700000000004e-03   4.4202421708323397e-01   1.4259420541345407e+00   2.4756706786891788e-01  -6.5242183216876137e-01   1.5449843641444956e+00  -1.7562761015794376e-01   1.4740130627847452e+00
   4.3737999999999997e-03  -1.6045010572483362e+00  -1.6263679875825936e+00  -1.1101774093508990e-01  -1.4308546085307169e-01   5.1017075151535729e-01  -3.3805378880138504e-01   1.5894501676158199e+00
   4.3486899999999997e-03  -3.2220840189905470e-01  -1.0763208100424235e+00   2.0420090850956621e-01  -1.6435381418793173e+00   7.1958027710813344e-01   1.0239159612181252e+00   1.5678901066289266e+00
   4.9597499999999997e-03  -1.4143987647147713e-01   1.2099245620374011e+00  -1.1950818205771696e+00  -1.3692383427827883e+00  -4.3862194375260016e-01   1.0591770388379486e-01   1.4725960596278684e+00
   4.4883800000000001e-03   7.9429307557566731e-01  -4.5625204404495656e-01   4.6735005670600599e-01  -1.6484256621960287e+00  -2.7959157016110070e-01  -1.3275301459625919e+00   1.5981385634757683e+00
   4.7645200000000004e-03  -1.6529679990167034e+00  -4.4820126651130204e-01  -6.2697528016838400e-01  -1.1102155420026680e+00   7.4467544283895581e-01   4.7224237294787508e-01   1.5428973709839358e+00
   4.4435200000000003e-03   8.6457602967986391e-01  -1.0571910318392230e+00  -1.4760609717838129e+00   6.1931058227433344e-01   6.7680656690264329e-01  -8.3640044712500206e-01   1.5724895499368898e+00
   4.6388499999999999e-03   1.1632314766370451e+00   2.7731133558462395e-01   1.6672734602031309e+00  -4.7310191179969763e-01  -7.9580617316456426e-01   6.1357455414823792e-01   1.5473220790973772e+00
   5.2699299999999999e-03   3.6190076756881007e-01   1.7875778625644090e+00  -7.2518090549126613e-01   1.9663940594861887e-02  -1.0636912208263125e+00  -1.7668490541844434e-01   1.5017526406819826e+00
   4.5962199999999998e-03  -1.5222457099897670e+00   6.9020386950471602e-01  -8.1924492362492907e-01   7.9198710022581176e-01  -1.1933554682428726e+00   2.7282106850404882e-02   1.5634255616257904e+00
   7.3869199999999999e-03   7.9073796381008088e-01   6.1207390070801537e-01  -1.3315326888636031e-01   4.7811232382022595e-01   5.9588675503330002e-01   1.1831566768395992e-01   8.2432132499737043e-01
   4.4186700000000004e-03  -1.9371795401657657e+00   1.8548262810010407e-01  -9.8098195667639221e-01   2.5639627928155551e-01   3.1558324821777139e-01  -8.3179909099588001e-01   1.5801946150637758e+00
   4.7304599999999997e-03  -5.1863096107798734e-01   8.3517922046512139e-01   2.6981605648853096e-01  -1.7999331245614016e+00  -6.9022191444079128e-01  -6.9951134740633492e-01   1.5100875213308971e+00
   5.1356400000000003e-03   4.2866683430885888e-01   1.1721363340115190e+00   1.0145760291447372e+00  -5.7308955740515322e-01  -1.2273801515419107e+00  -8.8189705639260263e-01   1.5244702130019367e+00
   3.7901800000000002e-03  -6.2478229176890099e-01   4.1657233116010106e-01  -2.1675207639182448e-01  -8.3826545296743804e-01  -2.2437080533608058e+00   1.8562876973183009e-02   1.7385027942821882e+00
   7.7421399999999998e-03   2.3476053174893100e-01   5.8969831634500806e-02  -8.7831495524581904e-01   1.4883758002186101e-01  -2.5887008126191508e-02  -7.7347500078192399e-01   8.1282931744459996e-01
   4.3709100000000004e-03   4.5347157411901445e-01   1.2436154447930627e+00  -1.6218842492102259e+00   2.1959335599441074e-01   4.7770360039723136e-01   1.0648768484417366e+00   1.6324729888899490e+00
   4.7376500000000004e-03  -1.5365190557019541e+00   1.0852191630423231e+00   2.4500369939547159e-01  -1.0294914843707965e+00   7.4528441022391212e-01  -2.4363029761379223e-01   1.5101365533213456e+00
   4.5725200000000001e-03  -1.7727093438091064e+00   7.2317419074860356e-01  -1.9697143193383965e-01   1.5799756744180088e-01   2.8860559197019431e-01   1.3395742634004217e+00   1.6051413518915936e+00
   4.8321700000000002e-03   8.5789259425164444e-01   1.9308179923380780e-02  -1.2275017157062114e+00   3.3705346109689505e-01   1.6661471240752752e+00   3.1851158866724355e-01   1.5298915157210127e+00
   4.0057100000000000e-03  -2.3385364360586015e-02  -1.3675523824896001e+00   3.2960144233279576e-01   6.4699910967976482e-01  -1.4725468915443143e+00  -1.1963031877347661e+00   1.6486320834349297e+00
   4.7101699999999996e-03  -7.7884235281596503e-01   6.1462877388659165e-01  -1.1499965866693216e+00  -1.1493494812165406e+00   7.2925912244813118e-01  -1.0730584207961746e+00   1.5133014257766415e+00
   4.5694000000000004e-03  -3.6964684670204673e-01   4.2804306546153126e-01  -9.5041123040303777e-01  -9.6262632504771095e-01   3.5426776247180941e-01   1.7319413118917031e+00   1.5086584777901939e+00
   4.1000400000000001e-03  -3.8496398326646769e-01  -5.5630653151954790e-01  -1.0583249962332502e+00  -1.9729459488310976e+00  -5.7783034715264570e-01  -5.7157811717732265e-01   1.7251525060434072e+00
   5.1938399999999999e-03  -3.4261401266949482e-01  -5.8374550350301602e-01  -4.2022851322564875e-01   1.0836947041235421e+00  -1.7323660254404822e+00   4.3639375947121040e-01   1.4822859511045610e+00
   4.7282200000000000e-03  -3.8566764085195987e-01  -6.5273914313358872e-01  -1.5150271319690705e+00   1.2123710048564456e+00  -6.7237000451486639e-01  -8.0797244497840970e-01   1.5668111438905115e+00
   7.2029499999999996e-03   5.6455933179811268e-01  -2.6265022790597353e-01   1.0653113021070482e-01  -4.6283958520251761e-01   8.9083811417751679e-01  -5.7332113141401697e-01   8.3619224449838592e-01
   4.9922800000000000e-03  -6.9652302312885817e-01  -1.4405193137309034e+00  -9.8948805205121104e-01  -6.1645547528256417e-01  -1.5443193795449670e-01   1.0559048651653526e+00   1.4845489414216044e+00
   7.5734399999999999e-03   6.4027864142107282e-01  -4.3677095137014410e-01   8.9518327502690209e-01   2.6343129583302721e-01   1.8011656322172187e-01  -6.6844265450613600e-03   8.1146536095810029e-01
   4.2751800000000000e-03  -1.5166707083315547e+00  -1.1297536279684115e+00   1.2095943099293813e-01   1.2876990657302234e+00  -5.3425641112143551e-01  -9.0140079040592860e-02   1.5472851410811785e+00
   4.2566399999999999e-03   7.6573245818841995e-01  -4.6181914791638617e-01  -3.6707430867716229e-01   1.0355341337258797e+00  -1.5581925109960604e-01  -1.8786670432862427e+00   1.5433766648535236e+00
   4.4892999999999999e-03   1.0957961652615957e-01  -3.6559074944371678e-01  -1.5745885850690655e+00  -1.3095582632079488e+00   1.0382049835250460e+00   4.5733235085329643e-01   1.5969946004013502e+00
   7.6700800000000001e-03   6.0245566741309220e-01   1.2726640354768337e-01   1.3789677005233278e-01  -6.5312991888142058e-01   3.6376507486167237e-01   7.5678226408688498e-01   8.2078804497985280e-01
   4.6470399999999999e-03  -1.5579182560942897e+00  -1.0703057903080999e+00   7.2137117493057312e-01  -4.8679926320653245e-02   1.0467654352768670e-01   1.0742034937553513e+00   1.5080500192944464e+00
   3.7575999999999998e-03   2.1273410461010309e-01  -2.4497664889931742e-01   7.5088285813095634e-01  -3.3773164553043805e-01  -1.7148578246243904e+00   1.6302982168635332e+00   1.7486961328877766e+00
   4.4026700000000000e-03  -5.7958979771116315e-01   1.0356431495008416e+00  -8.1746753544381134e-01  -3.1737648652945344e-01  -1.2449406138745724e+00   1.3483550694554660e+00   1.5602303424840349e+00
   7.7079100000000001e-03   9.8780997429243411e-01  -6.9292427360927167e-02   4.8311937246090994e-02  -4.0964625535387172e-01  -5.7100672441847455e-01  -2.0442974652043477e-01   8.2105877186968101e-01
   4.3847599999999997e-03   8.2689888260014910e-01   1.0395886789938231e-02  -5.1355464739776369e-01   1.2760897775507150e+00   9.2801103713092170e-01   1.4935462977909681e+00   1.6016180742763975e+00
   4.7576800000000002e-03   2.1559312376885192e-01  -9.1689932739822511e-01  -9.9184043711190772e-01  -4.5921856779917786e-01  -9.2507004140778482e-01  -1.5326791883792030e+00   1.5171562586196243e+00
   4.5088999999999997e-03  -1.6348315818408745e+00   4.0114181515490349e-01  -6.9521121537499353e-01  -1.2053801322617683e+00  -7.3301083733976424e-01  -1.8649145235386615e-02   1.5027888862768766e+00
   4.3084300000000002e-03  -3.6334163006578973e-01   1.1407076127505535e+00  -9.3613510720010529e-01   1.3037456606575466e+00  -1.4719340075186352e-01  -1.2824258646419950e+00   1.5808075865875109e+00
   4.3413400000000000e-03   1.8491104491763062e+00  -8.2239032991467523e-02  -7.1088713916632418e-01  -5.1540047054491500e-01  -8.7629069597844875e-02  -1.1159289989080228e+00   1.5276895502531140e+00
   7.7158200000000000e-03  -6.5710515006634995e-02  -1.6394648484632460e-01   5.6204775677107979e-02   7.2643111872297061e-01   7.1756713746676948e-01  -6.5100693691157541e-01   8.1850344536803243e-01
   5.1835500000000003e-03  -1.7123877412797999e+00   1.3475342587838729e-02   9.7141443940889555e-02   4.2857319289087004e-01   1.2644874709090699e+00   1.8858008235681867e-01   1.4043110424806928e+00
   4.6203399999999997e-03  -2.7439872387941766e-01  -1.8714772338428485e+00  -4.0409638415712526e-03  -1.1481531260455344e+00  -2.9229137472002042e-01  -6.0759016017366851e-01   1.5308913529282273e+00
   4.9008000000000003e-03   2.3970987194304821e-01  -1.2975907975463901e+00  -9.3886597474996017e-02   1.7357288913708244e+00  -9.9898784699108581e-02  -4.3843660434309228e-01   1.4440685411899579e+00
   4.4105699999999999e-03  -4.7193694977953560e-01   2.9475976247781166e-01  -1.8825483441609980e+00   6.0584199302627761e-01   9.7676151926183008e-01  -5.2487408787564138e-01   1.5374062238933350e+00
   4.5254300000000004e-03   1.7712245770162531e+00  -1.9231138463587861e-02  -1.2428460940981017e+00   5.3351629108047116e-01  -1.4476894519106545e-01   6.2437953916749500e-01   1.5243771460722837e+00
   4.5989600000000000e-03  -4.3505631045324587e-02   6.8054876294686872e-01   5.7062876842629628e-01  -1.1612340143532174e+00   7.4353571901426485e-01  -1.6762570700227317e+00   1.5659213514586336e+00
   4.1542999999999997e-03  -1.2463754895364620e+00   1.7842642478188033e+00  -9.9392965754715534e-01   9.7682177748372543e-03   8.7363007957726266e-02   1.7723032651051872e-02   1.5900296818941904e+00
   4.3261000000000003e-03   1.6799693735456833e+00  -1.0015165613831116e+00   1.2915757965570855e+00  -3.7488947976394921e-01   5.3096800974340297e-01   5.9279035678406346e-02   1.6756213171124925e+00
   4.7147500000000002e-03   2.5526851621000995e-01  -9.9681450211425264e-03   2.0402768389834485e+00  -6.1022888036538248e-01  -1.4245213374560958e-01  -9.0884520572195981e-01   1.5671783701207602e+00
   4.8860099999999997e-03  -1.0718242064170040e+00  -1.0468123831060356e+00   3.2376155901710402e-01  -1.2987054673064846e+00  -8.6902893512222679e-01   3.3008712430938908e-01   1.4245588484058744e+00
   4.3979500000000003e-03   9.6329419292515228e-01  -6.2945820602714797e-01   8.7316177493221958e-01   3.1286708206821856e-01   6.6695019814927162e-02   1.7717635151811546e+00   1.4914873172968222e+00
   4.5988299999999999e-03   5.8940742695319326e-01  -5.2517484104566026e-01  -9.4568538665211621e-01   1.6935963917510148e+00  -4.9804628846042592e-01   7.0305107580728632e-01   1.4695284371575701e+00
   7.4480800000000002e-03  -7.1303386091093629e-02  -1.7106958272191952e-01   7.4160345626307456e-01  -9.8110468322539712e-01  -1.6808869243447874e-01  -1.1349277759448813e-01   8.1984692474745768e-01
   4.6164500000000002e-03  -7.0371304153995540e-01   3.7707461469229375e-01   6.8111794981650620e-01  -9.6037317896639507e-01   1.4001711405365345e+00   1.2245104775861713e+00   1.5525175252516736e+00
   8.0138999999999991e-03  -2.2527962469888710e-01   2.7569203142577403e-01  -6.9392562790293166e-01  -2.3845469973798092e-01   8.9113569687150906e-01   2.1467670065596606e-01   8.3046589244807301e-01
   4.3767900000000002e-03   6.6882088714994992e-01  -8.9445665335927227e-01  -8.6924799514256035e-01   1.5475262083295163e-01  -1.0320747582041940e+00   1.5753650790454634e+00   1.5665486970920348e+00
   5.0566600000000001e-03  -3.3119322479735996e-01  -1.2837727006535127e+00  -6.9984607910439500e-01   1.1031499178294484e+00   1.2043839040560467e+00   3.2772771373390946e-01   1.4770818948651203e+00
   4.4880700000000003e-03   3.6467298339106835e-02  -2.0907590288213513e+00   9.2795106590036802e-01   4.5017431727262180e-01   4.1633567800879484e-01   2.6437986437632016e-01   1.6122241372933166e+00
   4.0256800000000002e-03  -5.7952579061485854e-01   3.4382866372101561e-01   9.9714627336536821e-01  -5.6036664582199447e-01   1.8858266858572219e+00  -7.1708406938240210e-01   1.6133305395195798e+00
   4.4304599999999998e-03   1.9120986580168979e+00  -5.5282391564878364e-01   8.3551080631950131e-02  -7.1295032979984585e-01  -9.2029154382662692e-01   6.8933545959279718e-01   1.6440727434344353e+00
   4.8544100000000000e-03  -8.2962374857215659e-01   7.3421826058686568e-01  -1.0420414524312247e+00   1.2478529627364237e+00   8.9016885806440016e-01   6.3593806117552487e-01   1.4734622095310110e+00
   4.7919900000000003e-03   6.7610470667567246e-01   1.8496531183990006e-01   6.1621735892718199e-01   1.4164010743356692e+00  -9.1488862646416613e-01   1.3121505719313118e+00   1.5736977591752079e+00
   3.8727700000000002e-03  -2.9742036724926940e-01   1.0330982250910543e+00   2.0456501320856724e+00   5.9836539895377372e-01  -6.2848439708122805e-01   1.2514436576898968e-01   1.6757946160511055e+00
   4.5919300000000001e-03  -5.6060877226056927e-01   4.6937291455802721e-01  -3.3629985416718694e-01   2.0184667096974200e+00  -6.2304843279506017e-01  -2.8099738025921216e-02   1.4545789397337241e+00
   4.2642299999999999e-03   1.3986899116753022e+00   5.3815026532239174e-01   6.7954538634810679e-01   6.8881269802610023e-01   1.6251521657677657e+00  -7.6440950760546883e-02   1.6489541584678735e+00
   7.8710599999999992e-03  -1.3209395569650778e-01  -4.8625844396205854e-02   1.4654510715910832e-01   7.8734430511075471e-01   2.5816214758351907e-01   8.1208488804261059e-01   8.0809045469936547e-01
   7.9419299999999998e-03   3.1034410962625136e-01   4.2211190848176960e-01  -8.3208342042524674e-01   5.7135385599819233e-02  -3.8437562384169571e-01   5.7583140478323169e-01   8.2036375574415532e-01
   3.7874599999999999e-03   1.4932252891769704e+00  -1.5882469123649914e+00  -3.6007154497618737e-01   7.3181939482417613e-01   4.9389197066782642e-01   7.1444370706662419e-01   1.6856392430405427e+00
   7.6145900000000001e-03  -3.8684286399646489e-01  -8.7285917212997388e-01   2.0113704651978576e-01  -2.1773290041093316e-01   5.8713195135267748e-01   3.6980767503896367e-01   8.1345027123775404e-01
   4.5303599999999998e-03   5.7690894746215449e-01   8.7759065442030448e-01  -5.6239434418689560e-01  -7.9363365114175577e-01  -5.2253707569508312e-01  -1.8190663201867074e+00   1.6109772759125165e+00
   5.2911299999999998e-03  -1.0825246593020079e+00  -2.2888378304220608e-01   5.7061267084228904e-03   9.8783019996098065e-01  -5.6417327513716620e-01  -1.4484852764314540e+00   1.3814759644350665e+00
   4.5409500000000002e-03  -1.1734371450975836e-01  -2.0371568056113798e+00  -9.1127995873310241e-01   4.8122030987930231e-01  -5.9316974704277459e-01   7.7213787070646397e-02   1.5866370303756108e+00
   4.3630300000000004e-03   5.6508473861280117e-01  -1.3673108115663026e+00   1.4227950299125109e+00  -6.3680285103579060e-01  -8.7274011426826847e-01  -2.7521637751522093e-01   1.5230143146739041e+00
   7.9982800000000000e-03  -3.7982646025702216e-01   2.4618984591668266e-01  -1.8418411330104573e-01  -2.2729743156166621e-01  -1.0460214074739458e+00  -2.4326283740786700e-01   8.1831785352263009e-01
   4.5038400000000003e-03  -1.0476097642929298e+00  -3.5432968654554181e-01   9.4827073028194897e-01   4.0065566972176103e-01   9.8786544087744044e-01  -1.5624256774906908e+00   1.6206001018117351e+00
   4.5897100000000003e-03  -1.3622771349450298e+00  -4.9970717810450249e-01  -4.3963704525342606e-01  -1.7479742708098311e-01  -1.2660018210145867e+00   1.1697124832299144e+00   1.5115649742942350e+00
   4.9436000000000003e-03   6.8930761868010526e-01   1.8616320680418150e-01  -9.6070900200941189e-01   1.7559290584694818e+00   7.6216623616017054e-01  -2.9131221600918006e-01   1.5084991571277109e+00
   4.4970799999999997e-03   1.7336177369112089e+00   9.2944190223126555e-01   2.0126587117264971e-01   2.1225070893319076e-01  -1.2208478867544328e+00  -1.0115729702219629e-01   1.5552752642057315e+00
   5.2410299999999998e-03   1.2358400353109273e+00  -1.1126596739235877e+00   6.0406752461451652e-01   8.3996037756426345e-01  -1.0303457969197793e+00   3.9620581371625890e-01   1.5100199603766697e+00
   8.0878600000000005e-03   4.1409080520158187e-01   1.0841119621750610e-01   1.2019940487050367e-02   8.8748452760556240e-01  -6.0634954836201926e-01  -3.0192773599957790e-01   8.1881409595676802e-01
   7.4371899999999998e-03   3.0985577960212979e-01   8.1263379170983852e-01   6.6438794070981910e-01   1.5337087862705306e-01  -4.1738719899474053e-01   4.1686024580853465e-01   8.1648887012073579e-01
   4.4297399999999997e-03  -4.6200653128266189e-01  -5.4069462216134256e-01   2.5095407129770836e-01  -3.5642119676753470e-01   2.0143044618796652e-02   2.1552474034249922e+00   1.5062197419786620e+00
   4.5052299999999998e-03  -7.7187502717373332e-02   7.8870018941567288e-01  -1.7252176632974117e+00   1.0572394707123829e+00  -8.0646594722063569e-01   3.3231165329141482e-01   1.5652895730356975e+00
   7.6797499999999999e-03  -5.8013157373452906e-01   8.9665305719629407e-01  -2.3439192125909508e-01   5.4319103231227372e-01   5.1613699782899453e-02  -1.2600338521904086e-01   8.1917883820783044e-01
   8.1532600000000007e-03  -7.4541197669479209e-01  -3.7662085999305922e-01  -6.7331066123283279e-01   5.1637180481075151e-01  -1.4010204898652806e-01   1.6506516887824516e-01   8.2947790710216085e-01
   4.4935100000000000e-03   1.6676723206666215e+00   1.3857263640601813e+00  -7.0729087601629725e-01  -1.7056869381195475e-01   3.6681710527084582e-01  -5.9898865837610643e-02   1.5372871413975628e+00
   7.7121799999999999e-03  -9.2422321174972555e-01  -1.4695465013247733e-01  -7.3221984403550773e-03  -3.8730310316285005e-01   2.8086886360719765e-01  -6.9797690804085810e-01   8.3022228293101563e-01
   4.3805399999999996e-03  -1.4278234805536096e+00   2.4553916358130198e-01   1.7755264646340783e+00   1.6507301464874627e-02   4.8978622164570346e-01   3.9132079572331824e-01   1.5880332942656845e+00
   3.8301099999999999e-03  -9.0666070286878298e-01  -1.1632245364013531e+00   8.6508774254972498e-01  -2.7613595600738855e-01   1.7214630441839174e+00   2.5059593171593647e-01   1.6362360331041839e+00
   4.5953100000000000e-03  -6.8572998038275790e-01   5.4017931382726170e-01  -1.6289446704967052e+00  -3.1507088888232532e-01  -8.9078864356765375e-01  -1.0127722088548639e+00   1.5174739374382864e+00
   7.7496700000000002e-03  -5.7110643784786119e-01   1.1968977535063502e-01   9.1985391045644538e-01   4.4094162062126824e-01  -2.6392884778149656e-01  -3.2855560690341662e-01   8.2822292698401057e-01
   4.4479799999999998e-03   7.0789216583485215e-01   1.3585122002582872e-01  -2.1176073923340359e+00  -5.1122630188326823e-01   3.3900080420735675e-02  -4.7822430729029619e-01   1.5635573275284114e+00
   4.2208599999999999e-03  -3.6507097883874029e-01   8.4395494749746114e-02  -7.7957549837122242e-01   1.8164958227536979e-01   4.8432578267586807e-01  -2.1548969183576410e+00   1.5780708186415495e+00
   4.3125500000000001e-03   2.4538264762545400e-01   1.5555124761794339e+00  -1.3710853380915013e+00  -1.6376480585210040e-01   5.8822290083367956e-01  -7.0184063528521412e-01   1.4528265943192777e+00
   3.9809700000000003e-03  -6.6675079646236268e-01  -1.5674430792306959e+00   8.0656082043226729e-01   2.4327931218816379e-01  -1.4003024437355609e+00   6.5810789473961950e-01   1.6541782968647147e+00
   3.9064299999999998e-03   1.2524823253058031e+00   8.0234665015280326e-01  -2.6644696985113225e-01  -8.6002498061871069e-01   1.3021849922693929e+00   1.1443803840764100e+00   1.6628385500396099e+00
   3.6937400000000000e-03  -8.0700008372631993e-01  -1.8067318272348523e-01   2.6974110641673484e-02   2.0823230410537095e+00   5.1818270265302058e-01   9.0029960759190830e-01   1.6530269261035788e+00
   7.7337300000000003e-03   6.6520209720554252e-02  -3.7156057308424778e-01   2.3185917073526396e-01  -8.6342579913655432e-02  -7.7028353017358797e-01   8.4971951899508547e-01   8.2274167178462321e-01
   7.2594199999999999e-03  -2.7164634266210552e-01   3.4685320716171292e-01   7.8479112595108658e-01  -7.0939283752739182e-02   8.6218304493870745e-01   1.7107545423478610e-01   8.1554444723528152e-01
   0.0000000000000000e+00   0.0000000000000000e+00   0.0000000000000000e+00   0.0000000000000000e+00   0.0000000000000000e+00   0.0000000000000000e+00   0.0000000000000000e+00      1.3951172691632991e+00
