   4.9505900000000004e-03  -2.8047489051166979e-01   1.2607276462052439e+00  -1.2926606378040677e+00   1.3690853133919029e-01   3.5559730990127891e-01
   2.4257100000000002e-03   6.9928440402442271e-01   2.5321861795667333e+00  -7.7064548696112053e-02   3.3016943092431966e-01   5.3279930000887032e-01
   4.1365799999999999e-03   1.5732195815925529e+00  -7.3057819435829696e-01  -1.0270646259234617e+00   1.5906696507574303e-01   3.8210523496776938e-01
   2.3802099999999998e-03  -4.1441646208070687e-01  -2.7345982623032855e-01   2.6159848634130269e+00   3.4702065911604857e-01   5.4526156793492597e-01
   2.8599500000000000e-03  -2.3032889870205113e+00  -6.0356350061629194e-01  -7.9847243730699569e-01   2.9050669382954486e-01   5.0253245036810279e-01
   7.1734900000000002e-03  -7.0817493481307414e-01   9.4068238946316740e-01   3.6781438588357207e-01   9.4204920462512887e-02   2.9588742142522384e-01
   3.0766600000000002e-03  -3.6508533193961035e-01  -1.9013431112645183e+00   1.3558886368666985e+00   2.3630793414684836e-01   4.5658789900546021e-01
   2.6431100000000002e-03   5.1584573195536521e-01  -2.5211143500670894e+00  -2.2620859581854263e-01   3.1357194872026589e-01   5.2151973472832003e-01
   8.2839200000000002e-03   2.5731358878130139e-01   5.5012547151181823e-01   9.0672291381483217e-01   9.3670627869398879e-02   2.9484731649058943e-01
   4.3457799999999996e-03   1.0502336116078541e+00   1.6502166563804235e+00   3.8755526188858436e-01   1.5876220501151042e-01   3.8187600511403808e-01
   9.4444400000000001e-03  -2.2134272071653585e-01   7.2005588948444810e-01  -1.0638614316810323e-01   8.1831253581115829e-02   2.7613895787475706e-01
   8.9569200000000002e-03   5.8488339148089219e-01  -1.7238516944975779e-01  -4.2071750688265830e-01   7.9365283768522712e-02   2.7155676614098306e-01
   5.2098500000000002e-03  -6.2470721241581473e-01  -4.2283929834921613e-01  -1.4735880872065432e+00   1.1698004621497402e-01   3.2856012501791559e-01
   6.8938599999999999e-03   1.3414973281655984e+00   2.4294953901808441e-01   5.4269023704764489e-02   1.0407992307897636e-01   3.1059905297791229e-01
   4.3772000000000004e-03   1.9504422500543861e+00   2.0400266352498170e-01   4.8807063951012380e-01   1.6571545329581863e-01   3.9016409321511547e-01
   9.0296400000000002e-03   1.8603537830323380e-01  -5.7948712285089810e-01  -3.3723445794373497e-01   7.8095393594494578e-02   2.6939758612371945e-01
   5.6990100000000000e-03   9.1119977398035978e-01   6.0763989537465002e-01  -1.2795438365778629e+00   1.2851864130097820e-01   3.4440298848568035e-01
   6.4658700000000003e-03   5.1612416590893151e-01  -1.1969663500905678e+00   4.4200951716750664e-01   9.9250097538825688e-02   3.0365707063271991e-01
   6.8897899999999998e-03   9.6144983080983619e-03   1.1526595778689956e+00  -5.8104346980346322e-01   9.7918096400773688e-02   3.0110121629947856e-01
   7.9103200000000002e-03   8.5997308165708231e-01   4.4749641267380325e-01   6.8389319367075330e-01   9.7014329010453218e-02   3.0019881780828483e-01
   7.3022000000000000e-03  -4.6546692168499992e-01   7.3813549838301362e-01   1.0157816467412417e+00   1.0557919374798351e-01   3.1294802115178688e-01
   1.7131000000000000e-03  -1.8034699426970346e+00   2.1138809023086491e+00   5.1752557567497792e-01   3.9823316652954061e-01   5.7847948599160248e-01
   2.1539900000000002e-03   4.6635533061944340e-01   6.8625600021644406e-01  -2.6062645908131761e+00   3.8064655949625070e-01   5.6835355977719049e-01
   4.8713400000000000e-03  -1.2131371164721987e+00   1.1717456039275602e+00   8.1294271811872254e-01   1.4595073076555121e-01   3.6648915757370842e-01
   7.3357400000000003e-03  -1.0387079435977868e+00   3.6380170089937569e-01   6.0258722680433141e-01   9.8037002999789430e-02   3.0157226779902457e-01
   6.5595499999999999e-03   8.9052460047237603e-01  -7.1737394865498427e-01  -7.1118237948860497e-01   9.8787118761424389e-02   3.0269371260188521e-01
   1.8256500000000001e-03   7.3446344529695518e-01  -8.5679285806953343e-01   2.5856024149448165e+00   4.0428572327505907e-01   5.8477163889252959e-01
   4.9079900000000001e-03  -1.2893192471967354e+00  -2.1608512282088349e-01   1.3220478036346730e+00   1.4407943042436011e-01   3.6443966281427431e-01
   9.4606699999999991e-03  -6.7577439558779029e-01  -1.6214237693942257e-01   3.2490894251315844e-01   8.2085409951681093e-02   2.7661375815495326e-01
   4.1929400000000000e-03  -2.4529750291536562e-01   8.5765850301179086e-02  -1.9709684447013331e+00   1.5346991282064809e-01   3.7550532633340605e-01
   1.9953900000000001e-03   1.5641826203666012e+00   9.2657924838765915e-01   2.0297482850031909e+00   3.5507737017388241e-01   5.4651287810885552e-01
   1.9168300000000000e-03  -5.1938367112217210e-01   1.0958694889442264e+00   2.5221496578575300e+00   3.8683796149112315e-01   5.7453853196557714e-01
   5.9502100000000000e-03  -1.4585523114169496e+00   7.3755420497149737e-01   1.5565458925311351e-01   1.2549858928570273e-01   3.4053809039499872e-01
   4.8913699999999999e-03  -1.0983765255627080e+00  -1.0287358855765985e+00   1.1866982288054122e+00   1.5479038510400878e-01   3.7722982840302266e-01
   4.9591599999999998e-03   7.2578162275646485e-01   1.6279529463396609e+00  -4.1432395193676624e-01   1.3866196762313923e-01   3.5754627039194792e-01
   1.8509100000000001e-03  -2.0018640683532003e+00  -3.6506674631240021e-01  -1.9425341691536402e+00   3.9277220602464757e-01   5.7875727351236184e-01
   7.7460300000000001e-03   1.0263472833617866e-01   6.1884583427747264e-01  -9.5621334267272728e-01   9.3115432113985500e-02   2.9396368765131325e-01
   2.2317600000000002e-03   2.6280570646683952e+00   1.2605896144976814e-01  -4.2908715331014219e-01   3.3247218116673755e-01   5.3499962909110688e-01
   5.5319599999999998e-03  -4.7861596967354797e-01   1.5915648385749437e+00   7.0232206612602788e-01   1.4422190816337402e-01   3.6489169097053709e-01
   5.3725500000000002e-03  -5.8520841240965016e-01  -4.6380977973497611e-01   1.6598238227230253e+00   1.4580942305238018e-01   3.6627875807111487e-01
   9.8458199999999999e-03  -2.4916558003698544e-01   9.8338227926289865e-02  -3.9977907029662960e-02   7.1847301915987663e-02   2.5850421619765396e-01
   4.5066200000000002e-03  -1.6193581423032537e+00   1.6823067078893089e-01  -1.1011812874227012e+00   1.5542561031676083e-01   3.7831810585709941e-01
   8.2433300000000001e-03   6.1124477002775832e-02  -7.3234883571611531e-01   6.5885748396810750e-01   8.6123176658586542e-02   2.8305669836490427e-01
   4.2072899999999998e-03   1.1087159467842707e+00  -1.4028417604901964e+00   1.0066612898263378e+00   1.6740797577575961e-01   3.9208627140020125e-01
   1.7233999999999999e-03   1.2507758839237604e+00  -2.4381042422277814e+00   8.4012085726150865e-01   4.2198087611334872e-01   5.9784969384785247e-01
   4.7441799999999998e-03  -1.8437076420288689e+00  -5.1163579283525285e-01   8.8856720193490626e-02   1.4974932616180298e-01   3.7135860030796414e-01
   2.1350800000000001e-03  -6.8379610476174735e-01  -1.4578527079550330e+00   2.1844675455480234e+00   3.7482013546591497e-01   5.6198841063136507e-01
   9.9625800000000004e-03   2.2652742139621512e-01   4.5323249064092158e-01   2.9097469100461415e-01   7.8401195023485540e-02   2.7029019471897475e-01
   1.9323000000000001e-03  -2.4377331231805686e+00  -1.4271830762149140e+00   2.1879193890726931e-02   4.1186162781464020e-01   5.9161729489654347e-01
   6.0721300000000002e-03  -4.7034912620790975e-01   4.8605898524306335e-01  -1.3395099948421392e+00   1.0924659934669256e-01   3.1810074795959448e-01
   5.5769599999999997e-03   1.1354565902748801e+00   1.0941206861715418e+00  -1.3241027508369127e-01   1.1388739684348925e-01   3.2411014301588564e-01
   1.9675000000000001e-03   1.8490597241173350e+00  -1.1866483443812701e+00   1.7554076563113630e+00   4.1199406916420994e-01   5.9295521961908959e-01
   2.1879199999999999e-03  -5.7582991332230571e-01  -1.9508279133465951e+00  -1.7530511829916695e+00   3.4487618748978244e-01   5.4309031134768671e-01
   4.4705400000000003e-03   1.6533868092058490e+00   3.7116529226476347e-01  -1.0274607708339789e+00   1.5941816529661182e-01   3.8253671082858975e-01
   4.6528999999999997e-03  -1.9178092740733284e+00   2.6081088808590164e-01  -2.6445870111160269e-01   1.5650146677355595e-01   3.7947542778569920e-01
   2.1551500000000002e-03  -1.7684658375500946e+00   9.6861704961072337e-01  -1.8177160414201501e+00   3.5990811194169903e-01   5.5506996336956504e-01
   4.9801999999999997e-03   1.4728333320145248e+00  -1.0929392001343594e+00  -3.2209796408400054e-01   1.4493823876473494e-01   3.6534961428964813e-01
   2.0041700000000000e-03   2.2968837412396415e+00   1.8182854471785187e-01   1.4987372130916763e+00   3.7084476983683823e-01   5.6112956216207399e-01
   6.8832700000000004e-03   7.3032622023548754e-01  -6.6594899718376144e-01   8.5976220080046406e-01   9.7655639170428798e-02   3.0121384917990141e-01
   2.9981299999999999e-03  -5.7869154582516991e-01   9.9002917649792788e-01  -2.1252225148923167e+00   2.5300249394091001e-01   4.7045099822730613e-01
   7.3238000000000001e-03   1.0330594762256915e+00   4.4084309689917250e-01  -5.0802507904246774e-01   9.7850090429864214e-02   3.0089574773377215e-01
   2.0831999999999999e-03   2.2447915186762213e+00  -2.5531174755499914e-01  -1.5422923263122323e+00   3.7088343635274590e-01   5.6171602554158861e-01
   1.8747300000000000e-03   2.2895335343522527e+00   1.2135543991296904e+00  -1.2018206605042052e+00   4.2815719238105532e-01   6.0500391249071295e-01
   1.8951899999999999e-03   1.1595840315245505e+00   2.2990404917205853e+00   1.1620398752292043e+00   4.1830391242214249e-01   5.9511655990590839e-01
   6.8934599999999997e-03  -1.2102329505873772e+00  -4.2144828340736229e-01   6.4431382996575892e-01   1.1043947569741179e-01   3.1997778855351516e-01
   4.4697299999999999e-03   1.3274087389666382e+00   1.2029614532079944e+00  -8.6824548281545932e-01   1.6062884480817113e-01   3.8405019671210300e-01
   2.4438400000000001e-03   1.9082993341008971e+00   1.3921986761029597e+00   1.0786818500400026e+00   3.1216238201875379e-01   5.1887556881594343e-01
   4.4427599999999996e-03  -1.5858416401791389e+00   1.0277789240185868e+00  -6.7061266532697883e-01   1.6433040696181878e-01   3.8819119459535945e-01
   7.6515100000000003e-03   4.0041524868083966e-01  -4.5236918680148602e-01  -1.0401030910710451e+00   9.6444399388798493e-02   2.9926917875457970e-01
   5.4744199999999998e-03  -3.9112999372018897e-01  -1.0882402247472507e+00   1.1414680049126491e+00   1.1645195817634002e-01   3.2796190612202297e-01
   4.5573499999999999e-03   1.7922739792669273e+00  -5.5392640970266260e-01   2.4416978287710145e-01   1.4338337626361697e-01   3.6296357213966052e-01
   2.1204900000000000e-03   5.9906636811188185e-01   4.6606013203091878e-01   2.6041590267449086e+00   3.5414983385178689e-01   5.4958390122627321e-01
   4.6788300000000001e-03  -1.5289076849028393e+00  -1.1220465442343268e+00  -4.5030849834023073e-01   1.5562577951047252e-01   3.7845855221070834e-01
   4.4805599999999998e-03   2.8052650989399922e-02   7.0838861815660903e-01   1.7626157217875609e+00   1.4568355837040931e-01   3.6516240892670820e-01
   4.9001899999999996e-03   9.7367727606615262e-01   1.1513631948252971e+00   1.1266554932747082e+00   1.4774079195870615e-01   3.6885906567500260e-01
   7.0385900000000000e-03  -8.6166197663858535e-01  -7.5221193088734217e-01  -7.0222610691140108e-01   1.0215109147549067e-01   3.0808841660241015e-01
   7.4751100000000001e-03  -5.3049371258887723e-01  -4.7558859149150462e-01   9.1741007591322599e-01   9.2489086512818064e-02   2.9287481132876492e-01
   1.6453399999999999e-03  -3.5558625161598501e-01   2.7251769281936831e+00  -9.5216011883159979e-01   4.4379708419494113e-01   6.1495651422424658e-01
   7.7074900000000000e-03  -7.8991097299591606e-01  -3.9429734320575227e-02  -9.7524025394653391e-01   1.0256098274005859e-01   3.0815124303842784e-01
   3.3811399999999999e-03  -7.1131361894139766e-01   2.2229383653583490e+00  -1.5913260263915929e-02   2.3530656763116498e-01   4.5765871151073639e-01
   4.8986100000000003e-03   1.5614754044048917e+00  -5.2382876693421521e-01   1.0741471478354785e+00   1.6465856160734180e-01   3.8933902712443674e-01
   1.5657399999999999e-03  -9.6342362633685197e-01   1.6654198221458913e-01  -2.7185967074662245e+00   4.1630464543569934e-01   5.9306177417959327e-01
   2.7914300000000001e-03  -8.7772553149568333e-01  -9.3874178691583787e-01  -2.2168185048775335e+00   3.1995168678375113e-01   5.2604829566155953e-01
   6.9383300000000004e-03   6.1992858754182578e-01   8.7667393664915549e-01  -6.3284410840128502e-01   9.3203925547718391e-02   2.9427600499321654e-01
   2.5529099999999998e-03   6.5138069926603226e-01   1.4760208277543179e+00   1.9692677525417979e+00   2.9408277922419040e-01   5.0282194015659820e-01
   7.5732700000000000e-03   7.6177033506672809e-01   6.3171912292965438e-01   4.6232014080353899e-02   8.1980879706933102e-02   2.7587872930891522e-01
   9.0872899999999996e-03  -3.4681416303100204e-01   4.1800192448063112e-01   4.9533263880257333e-01   7.9242832776699038e-02   2.7154885018298403e-01
   4.9958700000000003e-03   8.8757497272699815e-01  -1.5231671836953469e+00  -7.9208538747472201e-01   1.5983969475867787e-01   3.8362224589841082e-01
   5.9241600000000004e-03   1.1764525660600629e+00  -9.0960193610230700e-01   4.0559331154226497e-01   1.1168903963243700e-01   3.2142910445135708e-01
   9.3083699999999998e-03   5.2861756540480753e-01  -5.3860355696363371e-01   2.3055072289125877e-01   8.2717797255247388e-02   2.7749867241221526e-01
   2.1169600000000002e-03  -1.7882609540008920e+00  -1.6768801628784964e+00  -1.3414225001019673e+00   4.1302897778363595e-01   5.9451799275258477e-01
   7.1976000000000002e-03  -6.6686005833970707e-01   8.7721774917452894e-02   1.0180098740115422e+00   9.4422768807581187e-02   2.9599341893162301e-01
   4.6102000000000001e-03  -1.3557331359386469e+00  -7.1358066568396772e-01  -1.2731214895960221e+00   1.6459901520438977e-01   3.8903006119751987e-01
   4.0930300000000001e-03  -1.0926662146050632e+00   1.4332961515150411e-01  -1.7236694962622565e+00   1.6319115549724481e-01   3.8722022940090906e-01
   7.4968200000000004e-03   1.1069098603835266e+00  -4.3154985853582556e-01  -9.0381330906773819e-02   9.3778760815445006e-02   2.9518102616211983e-01
   4.5444400000000003e-03   1.8080255465177177e+00   7.4709586771142411e-01  -2.9280894995801493e-01   1.6055285147614504e-01   3.8392185657797545e-01
   6.7476200000000002e-03  -3.0579603237441821e-01  -1.1971518422708260e+00  -5.4615793170460314e-01   1.0065926678296269e-01   3.0561006011432473e-01
   2.2311499999999999e-03  -1.4276738272222611e-01   2.0052568514333600e+00   1.7146279843095640e+00   3.3076731657788982e-01   5.2914198566630066e-01
   2.0789500000000000e-03  -1.5831583547544177e+00  -8.3241320114453488e-01   2.0501764855884148e+00   3.5802958606945334e-01   5.5138222810900195e-01
   2.7903500000000000e-03  -2.1228494658854506e+00   9.6536773029048506e-01   8.0126000331133163e-01   2.6719036503173005e-01   4.8171746204666704e-01
   4.2754000000000004e-03  -8.4733046639586185e-01  -1.6791789216529687e+00   6.2901543453784503e-01   1.5437507407807108e-01   3.7663965126586163e-01
   7.4835700000000002e-03   1.1401742879231624e+00  -1.7075221234788002e-01   5.6956834561554215e-01   1.0139509630443178e-01   3.0682808038674297e-01
   6.0747800000000001e-03  -1.4012475458518803e+00  -3.1059779552761152e-01  -5.6680733968727137e-01   1.1289038344007282e-01   3.2344131044827018e-01
   2.2419599999999999e-03   1.5712694051453915e-01   1.8613461283693491e+00  -1.9489439160115902e+00   3.5826774380290172e-01   5.5305264651249941e-01
   4.0704000000000001e-03   3.2892814869263343e-01  -1.9841607696796233e+00   6.5215260375287720e-01   1.8074476827762373e-01   4.0651678902729960e-01
   2.0032100000000001e-03  -2.2812693757141544e+00   1.4174853311181509e-01   1.5304534637232772e+00   3.7046890414315287e-01   5.6008405392822913e-01
   8.3450999999999994e-03  -2.4008247176710926e-01  -5.9053831839031368e-01  -8.9869377013047747e-01   9.4063298711142759e-02   2.9567041271218902e-01
   7.6479900000000003e-03   3.2574554331510686e-01   1.0761515209650079e+00  -4.8516692045869995e-02   9.1236749735969611e-02   2.9090617516078887e-01
   2.0057500000000002e-03  -1.7284686343475986e+00   2.0271701477310540e+00  -7.8933275999400165e-01   3.8887948212762569e-01   5.7616440021329129e-01
   3.0916699999999999e-03  -2.0767806591728926e+00  -8.0732924315706134e-01   1.0040152126795390e+00   2.7234683398367238e-01   4.8712482436603077e-01
   1.0438650000000001e-02   2.7215289927446540e-01   4.1215801529810636e-01  -3.5430186941356506e-01   8.1568168896215848e-02   2.7569296778024627e-01
   2.2426199999999999e-03   2.4052882894093623e+00  -1.0670455548703996e+00  -5.2972283935740716e-01   3.5230550359227680e-01   5.4823942367600809e-01
   4.6314399999999997e-03   1.4367424872341827e-01  -1.2810135927124155e+00  -1.3024292170616147e+00   1.3716429395660018e-01   3.5457808216271652e-01
   4.1071399999999996e-03  -6.7544128462139197e-01   1.1863376858989576e+00   1.5235387669344826e+00   1.6418698173832169e-01   3.8847046245347100e-01
   4.8859699999999999e-03   5.0707866036071469e-01   1.3308410094971956e+00  -1.1728574789334112e+00   1.3986896687612277e-01   3.5918847820500588e-01
   2.7251100000000002e-03   1.8251007079622130e+00   1.8809301074485454e+00  -1.3113677496813364e-01   3.5079551725041141e-01   5.4960431863602988e-01
   5.3343200000000000e-03   7.0653183601598935e-01   5.5501612110744403e-01   1.5254693120342773e+00   1.3616800988912253e-01   3.5421858829642167e-01
   5.0994100000000004e-03   3.3953909912160816e-02  -6.6333435609287505e-01  -1.6868422607805829e+00   1.4038568967090448e-01   3.5908306218030595e-01
   2.7551300000000002e-03   1.9824526609266986e+00  -1.4940922139213109e+00   5.2983721127138328e-01   2.9667282511896931e-01   5.0771290191347507e-01
   4.4631799999999998e-03   8.3557297210101178e-01  -7.8858698853153097e-01   1.5801574563934906e+00   1.5232749966331996e-01   3.7427848750225684e-01
   4.4737900000000001e-03   1.0383001327134100e+00  -1.6746585067206461e+00   1.2152912111405932e-01   1.5497795534688708e-01   3.7798969864116544e-01
   5.7435200000000002e-03   2.9711496361717110e-01  -1.5879658634095981e+00  -1.6379753429978652e-01   1.1947272471999802e-01   3.3245254679961683e-01
   4.9989800000000001e-03  -1.0527178120334071e+00   8.6836831804975445e-01  -1.2180799405114850e+00   1.4100631420011112e-01   3.6032493129171117e-01
   7.8545700000000000e-03  -5.9553267803819560e-02   1.0422877623083446e+00   4.9162496001950534e-01   9.3517370910990286e-02   2.9486852717785028e-01
   9.1258799999999994e-03   2.1090073790732414e-01  -8.2993476450554007e-02   4.4081009769636310e-02   6.8184716192913136e-02   2.5172891028357636e-01
   6.7649099999999998e-03   7.6924881393491595e-01  -7.6089147482108557e-02   1.2262364964188803e+00   1.1064673283553542e-01   3.2034709769556508e-01
   2.1526499999999999e-03  -9.7741333977644662e-01   1.8436540619705521e+00  -1.6587491644302559e+00   3.2776319320601005e-01   5.2905498518973693e-01
   7.2570600000000001e-03  -1.0593488139333298e+00  -6.2454564187913553e-01  -2.2659994790115684e-02   9.4016212386719103e-02   2.9579397971319715e-01
   9.2135099999999994e-03   4.4207414009350099e-01  -7.7381900463238118e-02   6.5964775094488382e-01   8.2878179040061353e-02   2.7761607880090017e-01
   4.7569500000000002e-03  -8.1560227450703859e-01   1.5909653941939359e+00  -7.3327703180667636e-01   1.5380790676738160e-01   3.7632199661363930e-01
   4.5949500000000004e-03  -1.2299388054677827e+00   1.5066274568693290e+00   6.4562965288657986e-02   1.5463300426591645e-01   3.7701297857873967e-01
   2.1431900000000001e-03  -2.7525254484200268e+00  -1.2668661547506732e-02   2.7266318269441892e-01   3.9592207496657533e-01   5.8091621425095596e-01
   6.0174199999999999e-03  -1.8265467794251763e-01  -1.4081417413029345e+00   5.1793287179261338e-01   1.0943480951762283e-01   3.1833039373555977e-01
   2.0457399999999999e-03   1.6590158041521037e+00  -1.5265594683515842e+00  -1.5861128816509293e+00   3.7196153391990611e-01   5.6467800822418979e-01
   5.4727899999999999e-03   1.4458889358315175e+00   8.8746637053392707e-01   4.7050975141006601e-01   1.3709499759734267e-01   3.5516512732970307e-01
   5.2896000000000002e-03   5.3704840024697986e-01  -2.5224582405229568e-02  -1.7455191177466054e+00   1.4628955580148639e-01   3.6661933377113604e-01
   1.8408999999999999e-03  -2.5558761941622321e+00   5.6285182275814283e-01  -9.9807786539578780e-01   3.8543592553014477e-01   5.7185087573524507e-01
   4.9979999999999998e-03  -1.7620725005777451e+00   1.2945561192534075e-01   6.5267055810346686e-01   1.4941770896245693e-01   3.7112363007471361e-01
   2.0487700000000001e-03   1.6790442584833682e+00  -2.1207482458546316e+00  -4.7762888971397688e-01   3.6980892273446569e-01   5.6145757499366644e-01
   7.1630699999999997e-03   1.2805460588089310e-01  -4.7716423807325742e-01   1.2192805768447463e+00   1.0158297417703703e-01   3.0717475194133625e-01
   8.0364100000000008e-03  -6.3769111183923366e-01  -8.6889864388274185e-01   4.4399943607966708e-01   9.6549094970032612e-02   2.9942290683109107e-01
   6.9791400000000000e-03   5.9652445200488680e-01   1.0614001229617496e+00   5.2378372308861110e-01   1.0121720007663500e-01   3.0633075452338970e-01
   7.2546199999999998e-03  -1.1175271803272409e+00   3.9314048164664805e-01  -5.7436947967654173e-01   1.0242700782782702e-01   3.0832333014710250e-01
   4.3855200000000004e-03   1.1141002208143996e-02   1.8920695839814352e+00  -7.2795296173994029e-01   1.6966580768071904e-01   3.9406731353340091e-01
   8.0119500000000003e-03   5.3663808364719845e-01   1.7019661856237411e-01  -9.3176667670058955e-01   9.1418923500021967e-02   2.9126557036068723e-01
   2.2223299999999998e-03   1.0696292132389624e+00   2.2224313025385194e+00  -1.1225877855958815e+00   3.6712155851327910e-01   5.5932009706520136e-01
   9.8394499999999996e-03  -4.0699766333227409e-02  -1.0145624552880037e-01  -5.8046603348921821e-01   7.9219556561365645e-02   2.7130733847652166e-01
   2.2292499999999999e-03   6.2667487498155994e-01  -1.9151065488925041e+00   1.8332172145846677e+00   3.7558498043051330e-01   5.6638613437861307e-01
   1.9705399999999998e-03  -1.2220177611988267e-01   2.6743485847754860e+00   6.6983243929953018e-01   3.7708346683421579e-01   5.6417639768110606e-01
   2.3094100000000000e-03  -1.3335876305629759e+00   2.7682892569448320e-01   2.2185777330708896e+00   3.0232459671785578e-01   5.1041538356443839e-01
   4.8625900000000000e-03  -5.8485887386989621e-01   2.9975633875441432e-01   1.7306948564118947e+00   1.4260834277535048e-01   3.6207464202756834e-01
   8.8485600000000001e-03  -3.7857625361507469e-01   3.3999106030023563e-01  -6.0548128478311380e-01   8.1090440682403578e-02   2.7432440021817051e-01
   5.1096300000000004e-03   1.4287551663768152e+00   3.7799591130313076e-01   1.1246008115456025e+00   1.4606982622228856e-01   3.6711891552363196e-01
   4.9263199999999997e-03   2.7177574632159734e-01  -1.1780749107620590e-01   1.8847449464948791e+00   1.5222136035557499e-01   3.7462617095776496e-01
   6.6177199999999997e-03  -5.3596252264691024e-01   8.5954901736671374e-01  -7.3237978916467872e-01   9.2576444077929906e-02   2.9281962138773937e-01
   3.2745100000000000e-03   1.3026677086613803e+00  -1.1631027086823689e-01   1.9395533754591514e+00   2.3412093634500877e-01   4.5433635937773165e-01
   2.0237400000000000e-03  -1.6406343805793666e+00  -1.9343791501262377e+00   1.2004950977883517e+00   4.1312835831231315e-01   5.9350169981981127e-01
   2.5451499999999999e-03   1.4767230762579193e+00   4.2936155860095204e-01  -2.0432200474997266e+00   2.9915621641620554e-01   5.0668994110648768e-01
   4.7313800000000003e-03   8.1818233657394246e-01  -9.3650938162540542e-01  -1.4555543323486184e+00   1.5127184092262919e-01   3.7285573905869623e-01
   8.8482900000000000e-03  -7.1498422440938059e-01  -1.3722456182996653e-01  -3.7015854532589326e-01   8.1622553259463049e-02   2.7552675104567015e-01
   8.6348399999999995e-03   7.3750796737770252e-01   7.3834220732737557e-02   9.3072447883115958e-02   7.7863843633922042e-02   2.6893426536472259e-01
   5.3756799999999999e-03   1.5614233498941313e-01   1.7631201097582458e+00   1.2543002030254549e-01   1.3812035726762206e-01   3.5670556279378030e-01
   5.5376399999999999e-03   1.2291980635794904e-01   1.1604207177250723e+00   1.1953687326087929e+00   1.2414819117189850e-01   3.3850320568559616e-01
   4.2963100000000002e-03  -9.2426678093811043e-01  -1.6110270709815517e+00  -7.7001570699180044e-01   1.6132750924971753e-01   3.8479023313254951e-01
   4.8147499999999996e-03  -1.2720089343776648e+00   5.5606787164943350e-01   1.2676624080928722e+00   1.4616074719610439e-01   3.6677507877956006e-01
   7.5827700000000000e-03  -5.9119516065928031e-02   5.0299973853049455e-03  -1.2177154244236068e+00   9.7012746571472797e-02   3.0008934717080543e-01
   7.0680500000000002e-03  -1.2620510026664107e+00   2.3449583245902256e-02   4.6100249450840562e-02   9.5284313600907611e-02   2.9771261334003596e-01
   3.7959399999999998e-03   3.3410560750683854e-02  -9.6777373636773412e-01   1.8404855655350854e+00   1.6360343002036634e-01   3.8706143962757844e-01
   7.4024599999999996e-03  -2.8859092566904786e-02   1.3883557381514122e-01   1.2469507244765523e+00   9.9927667279505236e-02   3.0423880003611592e-01
   2.0305200000000001e-03   6.5381684236632265e-01  -2.2774893654602448e+00  -1.3888086251733773e+00   3.6683734519914385e-01   5.5973704820038928e-01
   5.1693499999999996e-03   2.6411683173723732e-01   7.3183771030814715e-01  -1.6745331269055923e+00   1.4736902581557526e-01   3.6814502218656736e-01
   1.8395099999999999e-03  -1.6736403375179472e+00   1.3614972430836405e+00   1.8066518865818395e+00   3.8855678153332007e-01   5.7483683618629211e-01
   1.8923300000000000e-03   2.6527510187785444e+00  -5.4482058496066810e-01   6.5936058864473568e-01   3.8331162879176195e-01   5.7077521277370735e-01
   9.1738500000000008e-03  -1.0407761557744749e-01  -5.8877370251573212e-02   6.4300229038161616e-01   7.7612956337050648e-02   2.6859776423799048e-01
   6.4693700000000003e-03  -7.8710170959491277e-01  -1.2602305558902582e+00  -7.1309513204105654e-02   1.1243472518131002e-01   3.2253826174972788e-01
   8.8780300000000003e-03  -1.5404740260814104e-01  -4.5100338549305491e-01   2.2765682241515695e-01   7.2350920781988806e-02   2.5914749434985601e-01
   5.1560199999999999e-03   1.1082839599425180e+00  -1.7888228455350713e-01  -1.3381388595759700e+00   1.3019653586216093e-01   3.4625060706132316e-01
   2.1515800000000002e-03   3.9623499837173404e-01  -1.4612087444442248e+00  -2.2273768582624358e+00   3.4746066158675615e-01   5.4395080468778345e-01
   4.8907400000000002e-03  -1.4269378443417644e+00  -1.1619750792952821e+00   4.0673563010846608e-01   1.4812142982767837e-01   3.6910051657111542e-01
   2.0925900000000001e-03   1.6523929795908915e-01  -4.6584185985660614e-01  -2.6329897929480586e+00   3.3338480195312092e-01   5.3306991750391164e-01
   4.5904199999999996e-03  -3.9035970258397068e-01  -1.9218432860902537e+00  -4.5747601644606138e-02   1.5789652098622370e-01   3.8092144060948213e-01
   6.5576100000000002e-03  -4.0227833613459291e-01   1.3923227503026689e+00  -8.2976346326039438e-02   1.0883287713756985e-01   3.1759357357996104e-01
   2.3385599999999999e-03   1.2529772658091143e+00  -5.8503646521993768e-01  -2.2495752095582646e+00   3.3384991592518104e-01   5.3337864569783611e-01
   6.5951400000000002e-03   2.9637924947921418e-01  -1.0473612651450008e+00  -6.9937921522509772e-01   9.4762506891502424e-02   2.9638684462864395e-01
   8.1857300000000004e-03  -2.9823901135446463e-02  -1.0205696496157981e+00   2.6559737380482167e-02   8.8242084936000026e-02   2.8617917701884305e-01
   2.7591800000000000e-03  -1.4520675210710601e+00  -2.1071517707445238e+00  -5.2494308839736728e-02   3.0924231509224437e-01   5.1788000210402585e-01
   2.3507900000000002e-03   1.2009480640703383e+00   1.3607128326285858e+00  -1.8843280844971806e+00   3.1240382282163692e-01   5.1772966097509521e-01
   9.0286499999999992e-03  -4.2783102144691199e-01  -5.9709862004806147e-01  -2.2529896339247740e-01   8.1313183320097598e-02   2.7484840613082845e-01
   7.1934000000000000e-03   6.9778201745877422e-01  -9.9000028870451484e-01  -1.6808958915605282e-01   9.3996393217446392e-02   2.9537440135971466e-01
   4.8552500000000002e-03   1.7979879790492936e+00  -1.9107967201879003e-01  -4.1126570338431701e-01   1.4303625975432366e-01   3.6272844822936590e-01
   4.8037300000000000e-03  -6.0108143930795055e-01  -1.1399769279886951e+00  -1.3069550193868469e+00   1.3902383252314982e-01   3.5717947299385777e-01
   1.9281599999999999e-03   2.5774121825663552e+00   9.7972293934657539e-01   3.2617443353801928e-01   3.8103572384372991e-01   5.6865969665746241e-01
   8.3586500000000005e-03  -7.5888769684346824e-01   3.9877499003504546e-01  -1.4856473829502965e-02   7.9959740599632234e-02   2.7281330993015140e-01
   5.1967400000000000e-03   3.1355521279526294e-01  -1.2629261256739563e+00   1.1390004062709083e+00   1.2566182914142041e-01   3.4082015260656839e-01
   6.2598400000000000e-03   1.1528137598537083e+00  -1.0520530769058009e-01  -6.6542539444291859e-01   9.6343078123956372e-02   2.9842551661678762e-01
   1.7759700000000000e-03  -6.7488947586636183e-01  -2.6550868002243515e+00  -7.3620868646133919e-01   4.0373942879030866e-01   5.8582832726213641e-01
   4.0633099999999997e-03  -2.6106956390733339e-02  -1.8443237743480756e+00  -8.2559881748239983e-01   1.5780316992520893e-01   3.8075784635480503e-01
   2.2406900000000000e-03  -2.3290081430078380e+00   1.2193283486073019e+00  -8.9976589500247742e-02   3.1497829620839496e-01   5.1899682464330077e-01
   1.8944500000000000e-03  -4.3730618768607471e-01  -2.7273351420880902e+00   6.8181092224922324e-01   4.3516308161242395e-01   6.0698180472883656e-01
   6.2347100000000001e-03  -9.1125196409028086e-01   9.4851244247866118e-01  -2.7077784875484467e-01   9.5531520900125164e-02   2.9756309386459262e-01
   4.2396100000000004e-03   3.5153279817695898e-01   1.7574530605207661e+00   8.6232470338474387e-01   1.5672926011482669e-01   3.7894177132833329e-01
   2.1389800000000000e-03  -1.0199312913856551e+00   2.1023277850210422e+00   1.1758743465604460e+00   2.9649664039208079e-01   5.0441782698439075e-01
   0.0000000000000000e+00   0.0000000000000000e+00   0.0000000000000000e+00   0.0000000000000000e+00   1.4704213439179614e-01   3.5301942750706261e-01
