   3.7422400000000000e-03   8.5922986691135428e-01   9.3970104359568174e-01   6.2289338263547966e-01  -9.7364190966877073e-01   1.7299911356391240e+00   1.0950907842370958e+00   9.9756829086259613e-01
   3.5993100000000001e-03  -8.1351820087170335e-01  -5.2574117575814161e-01  -1.1958985491851115e+00  -1.6437241023571705e+00  -8.8234237365416790e-01   1.0468985216454316e+00   9.7547391432899822e-01
   3.8999999999999998e-03   2.3005233603560886e+00   2.1370527060124625e-01   1.6413721486171420e-01  -5.2421240076190412e-01  -2.3219692147124008e-01   1.0425131647092445e+00   9.7499004383427390e-01
   4.1804199999999998e-03  -1.6020618615608193e+00   1.1710617427129761e+00  -5.3253140572042668e-01   1.1105915220812403e+00  -2.4503275496041466e-01   1.0280134573964423e+00   9.6794071772162971e-01
   3.4562400000000002e-03   1.7858831264034787e+00  -1.0589817276142763e+00   6.6862096139844474e-01   1.6948765245716838e-01  -1.1647904987798310e+00   1.1052042297890163e+00   1.0027930666461233e+00
   4.3672499999999996e-03   9.6354110665630421e-01  -9.1377230046092117e-01  -6.9095912443784058e-01   8.1356337310747484e-01   1.5697712199019600e+00   1.0232387151633775e+00   9.6567007767917723e-01
   4.2356199999999998e-03  -1.2420873382997627e-01   1.3801319175961846e+00   4.8681771672465884e-01   5.6201046756060435e-01   1.7253201395713951e+00   1.0171165672641260e+00   9.6307632107607732e-01
   4.3832100000000002e-03  -1.6704239291463328e+00  -6.2898344050127941e-01  -1.2438513921838830e+00  -7.1166249308126284e-01   2.8382520043855475e-01   9.8773419970671417e-01   9.5078591929551382e-01
   4.4899299999999996e-03  -2.2613372152149189e+00  -1.9159114476633088e-01  -3.3699339999316555e-02   3.2980294001800536e-01   5.3525567084819231e-02   9.9703164981893477e-01   9.5362965899263918e-01
   7.4300800000000004e-03  -7.2728115106035413e-02   9.2935388411331921e-01   1.3115595959505744e-01  -6.6524334966062248e-01  -6.2141417670466437e-01   5.2386259609286967e-01   7.0848510352391725e-01
   3.6905000000000002e-03   1.5210560253129723e+00   4.6667283042999586e-01   9.1861611406561028e-01  -3.1775820610247857e-01  -1.5546838486751726e+00   1.0749764735998035e+00   9.8811196273919266e-01
   7.4318300000000004e-03  -3.4563357335212025e-01  -6.9346002097785608e-01  -9.2391568667890644e-01  -3.5904415125421901e-01  -3.4024844590110204e-01   5.2204364562814565e-01   7.0733417697912848e-01
   4.0711100000000002e-03   1.7321930790570114e-01  -1.3635974151085171e+00  -4.9829365430837497e-01  -7.0129286793183832e-01  -1.7592131640702187e+00   1.0672802697125887e+00   9.8567184351796289e-01
   4.5787800000000002e-03   9.6739566339300187e-01  -1.3460007762814721e+00  -5.4435436678111204e-01   9.4934135540691900e-01  -1.0185732845065081e+00   9.3741980227935540e-01   9.2648879779501769e-01
   3.7547700000000002e-03  -9.3580389711748557e-01   1.4885641325695387e+00   5.8950742486072782e-01  -1.0694791459566979e+00   1.1042923540477803e+00   1.0627620208636304e+00   9.8269109099841212e-01
   4.4723000000000002e-03  -4.6848872164777916e-01  -1.6461792379135349e+00  -2.4354881197844744e-01   2.7387982918636788e-01   1.4502218123241224e+00   9.6952128408747584e-01   9.4114656318729550e-01
   4.3680999999999998e-03   1.3667795897674195e+00   3.6416808633903780e-01   4.4912246036525422e-01  -1.6701408286162638e+00   4.5830998901177095e-01   9.7729215552704551e-01   9.4453376486513285e-01
   3.4424400000000002e-03   5.8819352186231166e-01  -8.1715334509605342e-01  -1.7634583887142319e-01  -1.9515360347564070e+00   1.0581055168612792e+00   1.0660005731686049e+00   9.8272134139492939e-01
   7.1528000000000000e-03   2.4422847029309697e-01  -7.3327191455942542e-01   2.9586018079151993e-01   1.6970274159396961e-01  -1.0335996584099258e+00   5.2532581198944883e-01   7.0919820910087172e-01
   7.3251799999999997e-03   7.0815511732080871e-01  -5.6368849896523621e-01   1.5601084523819148e-01  -7.4752734484471872e-01   5.6186183070671891e-01   5.2047153838288329e-01   7.0624175645506260e-01
   3.9158200000000004e-03  -4.4461884305561489e-01   1.8696985873047306e-01   1.4346648468398830e+00   1.3831767101523524e+00   1.2996102136955907e+00   1.0884163273875778e+00   9.9548795258616196e-01
   4.5045900000000002e-03  -7.3345908258838777e-01   1.0522132539643632e+00  -9.8758365776705803e-01   7.9489958304554043e-01   1.3918409729891736e+00   9.8047250167809552e-01   9.4680522075546270e-01
   3.6138400000000001e-03   8.3314312050124262e-01   1.0371008092369407e+00   1.8539827611073030e+00   2.7177405011177974e-01   9.4420277159196420e-01   1.1369501732966321e+00   1.0161382084908515e+00
   4.8699099999999999e-03  -1.3108493153768566e+00  -3.4510825305160281e-01  -3.9887498309501213e-01   1.5286065092792616e+00  -2.9218919800877935e-01   8.4816290457594623e-01   8.8260417257395707e-01
   3.3318499999999999e-03  -8.7399801433923663e-01  -9.0336848093187849e-01  -8.5761099475670799e-01  -1.1751941865811375e+00   1.6115236906545989e+00   1.1321427178788250e+00   1.0142708953421908e+00
   3.9184199999999997e-03   2.4252352422072190e-01  -1.2254806353905094e+00   6.1622974344644244e-01   1.5108820194702017e+00   1.2059448415008238e+00   1.0362152203075898e+00   9.7112581789495900e-01
   3.9786999999999999e-03   6.5704092886395782e-01  -1.5505619224944878e+00   1.6446179302570592e+00  -3.8046526824307758e-01  -5.4139126399297514e-02   1.0593254049443575e+00   9.8108973619823214e-01
   3.9295299999999997e-03   9.3687316080916205e-01  -4.7216856598036622e-02   8.5314949386134309e-01   5.3380231236123743e-01   1.9772787588336911e+00   1.0665268449896121e+00   9.8517319992244057e-01
   4.0228499999999997e-03   2.8140041234515117e-01   8.9683122820581518e-01   1.6333503282566471e+00  -1.3808234737632359e+00   4.5282212202895439e-01   1.0458089403108815e+00   9.7604207899678763e-01
   6.8412500000000001e-03   1.0618632574977116e+00  -3.3602657922212542e-01   1.4002798348178250e-01   6.3284684692830750e-01   7.0652256242351441e-01   5.5712942663829224e-01   7.2967432280589584e-01
   7.0869799999999997e-03  -3.9543802073050104e-02   5.4849958337253668e-01  -1.9750056751058725e-01   1.1618310494987685e+00  -3.6884980413430279e-01   5.2762694910687857e-01   7.1078972047252920e-01
   6.8238300000000003e-03   3.6887584048755040e-01   6.5406801819750393e-01   6.8177579001932886e-01   8.6136415729382632e-01   6.5102021774761643e-01   5.6416297561044559e-01   7.3389671355707986e-01
   4.0943799999999999e-03   8.3548449378398471e-01   2.7410356638390271e-01  -8.9109936334255713e-01   1.4854315102797560e+00  -1.3629020609735454e+00   1.0523089003535051e+00   9.7864155078380843e-01
   4.5881999999999997e-03   1.8775816151736058e+00  -1.1340555890247013e+00  -5.7344579855748201e-01   1.4532912568490766e-01   2.2836906536981694e-01   9.9273862319093875e-01   9.5246888172911925e-01
   4.0480100000000003e-03  -1.0119060027561468e+00   6.8123960566551200e-01   6.3766144656066703e-01  -1.9125398421710085e+00  -3.2778274041221112e-01   1.0506954806494091e+00   9.7826862850652474e-01
   4.2632700000000004e-03   9.3794938203974698e-01   1.0498584217622502e+00  -1.3245621082798684e+00   1.0316879754033856e+00  -2.4907093133766373e-01   8.9749700315410708e-01   9.0598596806383602e-01
   7.0165100000000001e-03  -4.6565161738269918e-02  -9.9389446393032688e-01   7.6874720002144081e-01   4.4317399272209645e-01   5.7357564186818567e-02   5.2197531994738100e-01   7.0690972064329549e-01
   3.5620700000000001e-03   3.0682100289077785e-01   1.5184786714834622e-01  -3.8272317166260472e-01  -2.3961894616505983e+00  -2.3926418082723805e-01   1.0950369466727925e+00   9.9821912113615108e-01
   6.7677199999999996e-03  -3.0068565424640487e-01   9.5133432751556168e-02   1.2404626055166397e+00   5.2832586890919209e-01   1.8087701056555100e-01   5.3306493708266522e-01   7.1412585178845955e-01
   3.8631700000000000e-03  -1.5400831406988227e+00  -1.2313961744809894e+00  -4.1125161391188347e-01  -6.6839201334468390e-01  -1.0841777853754380e+00   1.0388266194461602e+00   9.7281594210895506e-01
   7.4832500000000003e-03  -8.9584922672091505e-01  -5.4128056288634507e-01  -4.7981897917358146e-01   2.6872555707187978e-01   4.9667792635618707e-01   5.1852012863387476e-01   7.0490358187416013e-01
   4.0643900000000002e-03   5.5834221053694663e-02   1.8130404903562467e+00  -5.0227562517238977e-01   1.1005569548472289e+00  -8.7045395442287787e-01   1.0142709727906325e+00   9.6157422774439993e-01
   4.3115000000000002e-03   1.3664127333409650e+00   1.4873405135213076e+00   8.4257319573305245e-01  -7.2215985847687469e-01  -1.9819845861899965e-01   1.0028325760270915e+00   9.5617455069520574e-01
   5.0441000000000001e-03  -1.7330718867784936e+00   1.0971823563055638e+00   5.9255677697382370e-01  -2.1568863377306458e-01  -1.9661716113772884e-01   9.0577304478427656e-01   9.1151878934880026e-01
   4.1439600000000004e-03   7.6195504796400992e-01  -1.6428456597520849e+00  -7.9585793939555238e-01  -7.1269248117830486e-01   9.7239954361033543e-01   9.9118757430182280e-01   9.5090317625745946e-01
   3.8841000000000001e-03   3.0596010163098025e-01   1.0864952594719388e+00  -1.7124507218416865e+00  -1.3422943351610790e+00  -5.1773166306911200e-02   1.1232890088367637e+00   1.0095525152547016e+00
   3.8572400000000001e-03  -1.7035054009610047e+00   8.2570799507851067e-01   5.9658284642961301e-01   3.6984535467311869e-01   1.3338005218343938e+00   1.0705193786894698e+00   9.8788236131303409e-01
   6.8726000000000004e-03   1.1660059472132170e-01  -3.0696627680574273e-01   1.2279773883639900e+00  -5.2782002200683187e-01   1.1471518383612372e-01   5.2779326712093655e-01   7.1093554125302427e-01
   5.0525900000000000e-03  -1.2611641555788768e+00  -9.5893108177331909e-01   5.6844043924577237e-01   1.0964832595812086e+00   7.7981628817202753e-01   9.0274142007685032e-01   9.1031279477631266e-01
   4.6901499999999997e-03  -3.0576295331679615e-01  -1.4049362162099683e+00   5.2919527192754737e-02   1.6129141361778621e+00  -3.2525836339573111e-01   9.0448954510535284e-01   9.1058558605553630e-01
   4.0645899999999999e-03  -1.0542683649289204e+00  -9.1603445637809267e-01   1.6206614846793761e-02  -1.9087226546635574e+00   1.7387839592952042e-01   1.0381293253764237e+00   9.7299846915196553e-01
   4.3542900000000002e-03   1.6605105008927192e+00   1.0971412073199280e+00   3.8601167848596796e-01   4.8445246954012605e-01   9.8853366549848076e-01   1.0013120918824741e+00   9.5631146848739224e-01
   4.0160400000000002e-03  -1.1070462008144233e+00  -6.4589492498548418e-01   6.3445282034111972e-01  -4.9789195014813137e-01   1.7076693963180576e+00   9.5027861059846042e-01   9.3055364218311909e-01
   5.0685499999999998e-03  -4.1037966755722100e-01   3.6272632247359732e-01   1.3902599735010692e+00  -3.1687172441021277e-01   1.5314331255710767e+00   9.1524791883796142e-01   9.1631566864093061e-01
   3.2104099999999999e-03   1.1522465395580137e+00  -3.4755164521729837e-01  -1.7725987377536523e+00  -4.4901115998571650e-01   1.3246867662632025e+00   1.1818194308215233e+00   1.0351804244265295e+00
   7.4472499999999999e-03  -1.0174638180158546e+00  -2.4491265071749962e-01   6.8410542450894307e-01  -1.6240737427821425e-01   3.4688409646912394e-01   5.2369444215909644e-01   7.0839248079278294e-01
   7.1154800000000004e-03  -4.3463737705946531e-01   3.4972057939844775e-01  -1.0049326907336558e+00  -4.7023511433360971e-01   4.6094947714008339e-01   5.1939932300853264e-01   7.0544944106558616e-01
   7.0566200000000004e-03  -2.8735305494828445e-01   1.2396410968484783e+00  -3.3899875187154072e-01   2.7085391529479097e-01   2.4701306244317728e-01   5.2949329974999393e-01   7.1226460951528514e-01
   4.3130599999999996e-03   1.5173877055613816e+00  -3.1860132603072849e-01  -1.0700156056273176e+00  -1.3782931375371483e+00   1.2734231701669066e-01   1.0269792670318454e+00   9.6808359060163152e-01
   6.9646999999999999e-03  -8.5464079956758288e-01   4.9171282779490116e-01  -8.8432893914322144e-02  -3.7514320794684131e-01   8.8540871744935179e-01   5.3717188557304485e-01   7.1688982102494825e-01
   3.3899500000000001e-03  -6.3174175662144594e-01  -1.8985607895022547e+00   7.8272034140853253e-01  -1.0247535624415784e+00  -8.1508925983321079e-01   1.1513744542226647e+00   1.0221328319956118e+00
   6.9754400000000003e-03   1.2497897927845036e+00   2.9377515510945013e-01  -4.0718579296028468e-01  -2.2499973546735910e-01   1.5214637104641779e-01   5.3198720780132047e-01   7.1359013774470137e-01
   4.2938600000000000e-03   7.9866167348667449e-01  -5.2409766388073276e-01   1.4254499610269475e+00  -9.6951884777480146e-01   1.3040407141789447e+00   1.0512454850564026e+00   9.7919237036232121e-01
   4.0762500000000000e-03  -8.5971630102993368e-01  -7.5212242577291322e-01   1.5159012714945601e+00  -1.2730710208090574e+00   5.2248090770335409e-01   1.0247047593806058e+00   9.6529001886983135e-01
   4.4091599999999996e-03   2.5786932549768599e-01   1.1325995896837904e+00   1.8404353143914913e+00  -1.3423909069429238e-01  -7.5925919701651701e-01   1.0058563273699566e+00   9.5941876428668438e-01
   3.8126400000000000e-03   4.6232862546509035e-01   8.4916180709197608e-01   9.6884772089179461e-01  -1.6763633187612776e+00  -1.0633551142714919e+00   1.0580952766568452e+00   9.8152578622616182e-01
   4.0728500000000003e-03  -7.8368141217638432e-01   6.5795079718817684e-01  -1.2631592178809361e+00   1.0453743603940828e+00  -1.3220706605979311e+00   1.0132567995307964e+00   9.6021831971570726e-01
   3.7726999999999999e-03  -4.4481858779013539e-01   2.0277791747495617e+00   8.4256023078032294e-01  -8.0190238064044306e-01  -4.8048265834627524e-01   1.0759133159712377e+00   9.8932612761807803e-01
   7.1237699999999998e-03   9.0444960209782488e-01   4.0029001274866682e-01   8.3505475848361477e-01  -2.6033924661341873e-01   4.7022391867279961e-01   5.4366622167189893e-01   7.2117556278575656e-01
   4.2655799999999997e-03  -6.1884263427949848e-01  -1.9778134712517186e+00  -7.5230703144022948e-01  -7.3042947298745597e-01   1.4294162379284139e-01   1.0090312608222662e+00   9.5933605054761184e-01
   4.2353000000000000e-03  -2.3843795864199402e-01  -1.1409762877153014e-01   4.4643673587780097e-01   2.2330054029538302e+00   2.3025275824328462e-01   9.8334380375991681e-01   9.4745181227728636e-01
   3.4972699999999998e-03  -1.0297740660384107e+00   2.2094056320215678e+00   1.0846353587810470e-02   3.2162900784877774e-01   4.3395223774234282e-01   1.1253969702200128e+00   1.0122087793486445e+00
   7.3516900000000001e-03  -2.2975324936707262e-01   9.2036468869270172e-01   7.8022458705169728e-01  -2.8098712959176103e-01   3.5820201116515021e-01   5.2255085464806827e-01   7.0759090016729653e-01
   4.2806299999999997e-03   5.0307497851907801e-01   2.1149944042347921e+00  -6.9448717152026851e-01  -4.2066544331445616e-01  -3.7082763631495341e-01   1.0357963382444511e+00   9.7196132090372978e-01
   7.3181299999999999e-03  -6.5016374270732247e-01   9.4431232581106153e-02   7.4762732610189464e-01  -4.4151953030071162e-01  -6.8970371955300169e-01   5.1637010262128114e-01   7.0337415994537600e-01
   3.6865000000000001e-03  -1.4912036185796898e-01   9.9549007126424865e-02   1.3486089235102614e+00   6.2726523809326018e-01  -1.9541977974471738e+00   1.1229795373291354e+00   1.0095235645367682e+00
   4.9122300000000001e-03  -9.1742846900529440e-01   1.4629627366305009e+00  -5.2976508975932490e-01  -9.9551891006582149e-01  -4.7490560207405691e-02   8.1913080084187984e-01   8.6838419014749069e-01
   3.2970800000000000e-03  -8.9475591336132598e-01   3.8096078278013680e-02  -9.3098616136991175e-01  -3.7028103910190263e-01  -2.1787753484587764e+00   1.1812825956531527e+00   1.0357298607418248e+00
   4.4130000000000003e-03   9.5507107147600989e-01  -5.9443982193432121e-01  -6.2167854254737553e-01   1.9112148576007273e+00   2.3407310977658397e-01   1.0084613364775308e+00   9.6050522879508948e-01
   4.8443599999999998e-03   2.6615854549455636e-01  -4.8438678137073404e-01  -1.3918946908384333e+00   3.0570727543225801e-01  -1.4857651334827138e+00   8.6738251219339058e-01   8.9381189259929505e-01
   4.6560799999999999e-03   7.8592791525998418e-01  -5.3856032655418951e-01   1.6474842995941736e+00   6.5690372453573043e-01   6.4249515647262445e-01   8.3758268672793279e-01   8.7824437536755640e-01
   3.6219500000000001e-03   1.8158795872847582e+00   1.4323845674519247e+00  -3.3541167470589867e-01   3.9746563167387888e-01  -7.3352851795165197e-01   1.1289507645056205e+00   1.0131296175013289e+00
   3.7966699999999998e-03   6.0644101595826083e-01   2.0226337244533070e+00   8.9922561505812237e-01   7.6766214311297232e-01  -1.4155846957484397e-01   1.0697491717854293e+00   9.8718376920762141e-01
   5.7655800000000002e-03  -2.4037916877504836e-01  -2.3537005954225090e-01  -9.0348210733898537e-01   2.2512301648389313e-01   1.5034658274033950e+00   6.8252494677415854e-01   7.9988918955064836e-01
   4.7204300000000003e-03   3.6409173903483322e-01  -1.8029479414070249e-01  -1.9464019850061880e+00  -4.1046632588421872e-01  -5.9386301419557905e-02   7.7724471436543474e-01   8.4813011242570746e-01
   3.6318200000000000e-03  -1.4555206697778951e+00  -1.6445549185474835e+00  -8.4079783401146724e-01   7.6423520997574068e-01   1.1972842652000427e-01   1.1136291110721956e+00   1.0059451807474380e+00
   4.1496500000000004e-03   1.0670335858205222e+00   9.6482464399227563e-01   5.7141198812388286e-02   1.8341606191273141e+00  -5.5067120080278004e-02   1.0123162424007641e+00   9.6040258669073264e-01
   4.3156799999999997e-03   3.6654918657485647e-01  -1.3801509179559490e+00  -4.2297825837990793e-01  -1.6411107611838285e+00  -4.1679945625221770e-01   9.4353202757689325e-01   9.2842681934490567e-01
   3.8502599999999999e-03   3.7131154741653943e-01   8.8039893737531252e-02  -1.8124965774354760e+00   1.1372637789424356e+00   1.0366548505303863e+00   1.0631756601496853e+00   9.8330542219566530e-01
   3.3534799999999998e-03  -1.3865858070829642e+00   3.1268050174240097e-01  -2.4112983350377040e-01   1.6782168325036588e+00   1.0677407183922096e+00   1.0734758956141388e+00   9.8634950360930740e-01
   3.9542800000000001e-03   4.8877294114883740e-01   1.6516867767862238e+00   3.7030595175246245e-01  -1.8400209345796928e-01  -1.5579005845302141e+00   1.0201487678989836e+00   9.6354466246934778e-01
   4.2348799999999999e-03  -1.8214589188921166e+00   9.4359228160064279e-01  -9.6832590511163663e-01  -1.8851220151569362e-01   5.6549275352063677e-01   1.0342013989376131e+00   9.7076608431770450e-01
   7.5815099999999996e-03  -7.1366243350148337e-02  -4.1181580264716816e-01  -1.3799376002637642e-01   1.0687965445443894e+00   5.2175986530814622e-01   5.1782340441306851e-01   7.0445771336948426e-01
   7.2578100000000000e-03   2.6167648333752541e-01   3.9802049442769344e-01   5.6718686322981306e-02  -2.2088460184765588e-01   1.2198327363117729e+00   5.2836914140460034e-01   7.1130969958725676e-01
   3.7484200000000001e-03  -4.9522446369704931e-01  -2.2590139597352743e+00   6.5075124287618202e-01   4.3778109662940301e-01   1.7266421186917225e-01   1.0877299123002595e+00   9.9521271722272675e-01
   3.6215200000000000e-03   4.1591613198269282e-02  -1.6974678502042033e+00   9.6629234517037499e-01   6.4183423387054050e-01  -1.3454102556961318e+00   1.0912390552001385e+00   9.9639191498036106e-01
   4.1330400000000002e-03  -1.7407860841888236e+00   2.8053088818712213e-01   2.4472312471084065e-01   5.1694630368018113e-01  -1.4512048062539695e+00   1.0183620748106306e+00   9.6369891944598962e-01
   3.7961000000000002e-03  -3.0017807573017868e-01  -1.2739677231363394e-01   1.8545381039861699e+00  -1.0659225059974926e+00  -1.0762410891331877e+00   1.0797192182691719e+00   9.9000644392703863e-01
   3.8834000000000000e-03   1.4021778371725258e+00  -3.1316247426777688e-02   1.7608596462834027e+00  -8.4051833158402400e-01  -2.8103815506490021e-01   1.0738317934424886e+00   9.8910880710782323e-01
   6.9900400000000003e-03  -4.2783889653402879e-01   2.4772254122745579e-01  -1.1028761885912315e+00   6.4801530695013942e-01   1.3121218120796466e-01   5.3393811893915710e-01   7.1494285025734039e-01
   7.7324999999999998e-03   2.7066376179169022e-01  -1.1991090011352328e+00  -2.2447900804865237e-01   2.0349750791265853e-01   1.9186505034515697e-01   5.2573626354337621e-01   7.0975881204235980e-01
   3.8351900000000000e-03  -4.0276888680592970e-01   9.6728426549934882e-02   5.9543939234714516e-01  -1.8051472005181739e+00   1.4285393606276959e+00   1.0741053029693983e+00   9.8927617164332304e-01
   3.8138500000000001e-03  -5.6309730313928508e-01   1.6398281076659533e+00  -1.6852241876336254e+00   3.2758317856772734e-01   7.2279381754860490e-03   1.0972886195373492e+00   9.9849299785204748e-01
   3.4082299999999999e-03  -1.7011429237013282e+00  -1.2114427658195110e+00   7.5554237764124610e-01   8.8598868804495534e-01  -8.4938431341086174e-01   1.1829124711959269e+00   1.0358952719069314e+00
   7.8084000000000001e-03  -2.7515087174533100e-02  -4.9645616123665426e-01   5.1437028546992936e-01   1.3509784991253268e-01   1.0281585538628948e+00   5.2088493749669973e-01   7.0673718964378596e-01
   3.7044299999999999e-03   5.5724938454043504e-01   1.1433230974102173e+00  -1.2688566701188433e+00  -6.2921252189386502e-03  -1.7318879212341647e+00   1.1583692833309123e+00   1.0263306228940303e+00
   2.9179499999999999e-03  -9.1984932184998958e-01   1.6688266705675538e+00   9.2680140452926019e-01   9.0878934578042403e-01  -1.2463640086706453e+00   1.2070752390120996e+00   1.0480419043383726e+00
   3.7491099999999999e-03   6.7296596901823691e-01   1.8959247736581017e+00  -6.3593002431694157e-01   9.0317593508065974e-01   8.3847565969304894e-01   1.0988905245919689e+00   9.9944484804032407e-01
   7.4465299999999998e-03  -3.8512901169341912e-01  -6.5161713980838565e-01  -2.6693974933823544e-01  -7.6466468108826191e-01   7.4199802570821138e-01   5.3120546598756679e-01   7.1342913481439019e-01
   4.3740899999999997e-03   1.5954129123120593e+00   6.0343675677697006e-01   1.2648474570082509e+00   6.8694466822062394e-01  -3.3398673888540437e-01   9.5421841092780424e-01   9.3312489935710341e-01
   7.9879200000000008e-03  -9.9736946155054462e-01   4.2370539135550095e-01  -3.3340987740824612e-01   1.4827332255247330e-01  -4.1799348548975845e-01   5.1202795609421403e-01   7.0090710358967778e-01
   3.7719699999999999e-03  -3.6908101973000684e-01  -1.2258010093944358e+00  -1.8045010515946411e+00   3.9511847033771856e-02   9.8315153924900800e-01   1.0738165585879724e+00   9.8851833592113936e-01
   4.2033499999999998e-03  -9.9858083611173754e-01   1.6157039968267068e+00  -5.6916024764181705e-01  -1.0855514913505190e-01  -1.2169989989391949e+00   1.0059305861975834e+00   9.5771541005902217e-01
   4.1057699999999999e-03  -9.8543352470249135e-01   5.3486024868898996e-01  -8.9126578041886628e-01  -1.7970875732782841e+00   6.2415047091659970e-01   1.0583969088087712e+00   9.8229616626115035e-01
   5.8470800000000002e-03  -2.5693261305361448e-01   5.9709634747342355e-01  -4.6826515333722916e-02   5.0428187175991512e-01  -1.6296028243863332e+00   6.9576080031178489e-01   8.0716906785552733e-01
   4.3031399999999996e-03   8.1853587527181493e-01  -2.0676909716775858e+00   1.1728579873716803e-01  -3.2971358501603104e-01  -4.8952973293342705e-01   9.9135340799138394e-01   9.5114734526097966e-01
   3.5632400000000001e-03   1.6414245269606385e+00   1.3418531764880839e+00  -7.0830706572566515e-01  -7.8204824410035334e-01   7.9531539692029840e-01   1.1444945650540730e+00   1.0199721377984858e+00
   4.1571600000000000e-03   1.0360503367434080e+00  -1.6287087894121375e+00   5.9157324501412412e-01   9.3690119549997328e-02   1.1704826718921102e+00   1.0065461933118529e+00   9.5767941801791534e-01
   4.0012700000000003e-03  -9.4684076383738713e-01   9.3146739275855717e-01   7.9570308141858415e-01  -7.1635316965100970e-01  -1.6717833446003461e+00   1.0524520693346056e+00   9.7928081615624507e-01
   3.6445100000000001e-03  -1.7334737153550830e+00  -4.3994748743478262e-01  -6.8859011535237291e-01   2.6974710603047486e-01   1.4936623083394751e+00   1.0856118844804934e+00   9.9352647078953082e-01
   7.2915300000000001e-03   7.8635361939553627e-01  -1.7151211595379318e-01  -7.5986606655346856e-01   6.5538347962069954e-01  -2.3451062611020365e-01   5.1973303185431485e-01   7.0560766278352527e-01
   4.2506699999999998e-03   1.7396437701584631e+00  -2.1045776034689159e-01  -1.4616704555658053e-01  -5.7957786314552240e-01   1.3937132131962486e+00   9.9571242230851142e-01   9.5359406111111655e-01
   4.1630399999999998e-03  -5.3368351818711302e-01  -2.0669223377546819e-01   1.9687893459396905e-01   8.2386182430738375e-01   2.0880306938113162e+00   1.0096197360358721e+00   9.5835177170805030e-01
   3.5097499999999998e-03   1.3919629375016809e+00  -5.4001956332066037e-01   5.3599576900952392e-02  -1.5725304629366106e+00  -1.1974518306428470e+00   1.1063125112312175e+00   1.0024340862698726e+00
   3.3456900000000001e-03  -1.7359021897985951e+00  -3.3136093361534918e-01   1.6438103116703393e+00   2.6021344701307425e-01   6.4172976558406469e-01   1.1340610024898565e+00   1.0144942111577990e+00
   3.3054000000000000e-03   1.3055326823904472e+00  -2.7236048364969637e-02   9.6787064958953972e-01   1.8114504642851339e+00   6.7541975413038147e-01   1.1613049417951677e+00   1.0246758120964350e+00
   7.7942699999999998e-03  -1.8922089762940189e-01  -9.2685704256471657e-01   3.2794520479785716e-01  -7.5853504199086297e-01  -3.1879089128021476e-01   5.3017479271342793e-01   7.1284411930693226e-01
   4.3690100000000004e-03   6.0274859315998186e-01  -9.2707726082079878e-01   1.0735793167934244e+00  -7.9029080996195622e-01  -1.4382622710287603e+00   9.4321597608448093e-01   9.2900298401467774e-01
   3.8612199999999998e-03  -1.9946034164958018e-01   1.7019995754341897e+00  -8.8327791819829904e-01  -6.6278691958896030e-01   1.2309740993023917e+00   1.0336077571064339e+00   9.6983220570088613e-01
   4.0994400000000002e-03   1.1857988902504322e+00  -1.5151061558887171e+00   7.2492198334626701e-01   1.1841865315815212e+00  -2.8363268874437592e-02   1.0455344882187678e+00   9.7569676402178240e-01
   7.3411900000000000e-03   1.8518280556708525e-01   5.1116191324577766e-02  -6.2230973652264354e-01  -1.1479110520525124e+00  -1.7043867305363777e-01   5.2771556613823478e-01   7.1110379346405428e-01
   4.5647800000000001e-03  -7.6664635657551761e-01  -1.0859739710895187e+00   1.6364894367705556e+00  -3.0214284807147277e-02  -4.9902280088888329e-01   8.7585825332395251e-01   8.9749798398438740e-01
   7.1655499999999997e-03   8.1893018096830417e-01  -6.8264021460343460e-01  -5.1567281322754910e-01  -4.5009132174477434e-01  -5.7231195939851587e-01   5.3988826776070808e-01   7.1896180208167471e-01
   3.4732700000000001e-03  -2.3984127427833435e-01  -7.2657988890997349e-01  -1.3995942099373235e+00   1.8313010765758981e+00  -6.8718947937983366e-01   1.1628542834561322e+00   1.0277282834332655e+00
   4.8021299999999999e-03   6.5520419657882367e-01   9.6758259690810400e-01  -1.5372885268682639e+00  -4.2238823401008048e-02   6.7672106578008651e-01   7.9576630958789141e-01   8.5727396981061088e-01
   3.7546900000000002e-03  -3.9989968244711499e-01  -1.2555439822180490e+00   1.6017053158005508e+00   2.2870479508342242e-01   1.2638677130167890e+00   1.0914151773735170e+00   9.9569519819163044e-01
   4.0605399999999996e-03   8.3843092777657924e-01   9.2874063703417431e-01   6.3743404201442910e-01   1.1627750162863291e+00  -1.4355572230942673e+00   9.8834890681760657e-01   9.4894290991233332e-01
   3.7654699999999999e-03  -7.7993846604022010e-01   1.4651906256939546e+00   1.6377198779315194e+00   4.9412897510907999e-01   5.0731411869065335e-01   1.0754826009078862e+00   9.8985916868806756e-01
   3.3317700000000000e-03  -8.8645529654851396e-02  -5.2929222590426026e-02   2.4972313670609663e+00  -5.4477501246361325e-02   2.9521823896341265e-01   1.1458241385384027e+00   1.0195354983617582e+00
   7.6083599999999998e-03   5.4294651963048857e-01  -3.7845755541704024e-01  -8.6599887812742815e-01  -1.7113622068520606e-01   6.3348673598192884e-01   5.1993203271405519e-01   7.0567947295786337e-01
   3.6526599999999998e-03   8.2336112023726793e-01   7.3417221255001586e-01  -7.6975524305607468e-01   1.7273958969401565e-01   2.0536898400451835e+00   1.0965154884511994e+00   9.9851962901490010e-01
   3.9801699999999999e-03   4.7506041971066748e-01   4.5079286528682166e-01  -2.2050445303756847e-01   1.7280542409686899e+00   1.5192299993189287e+00   1.0615898976172198e+00   9.8391665865691635e-01
   4.2227499999999999e-03   3.8721751922062586e-01   2.4861717290544677e-01   1.0368611553241482e-01  -8.3335665075129683e-01  -2.0814019366431404e+00   9.7678063227989453e-01   9.4402021817446879e-01
   3.3447400000000001e-03   2.1192864016324027e+00  -4.5110130949047339e-01   1.0501727585363196e+00   1.7876110640777623e-01   7.0641414940022274e-01   1.1502396198815243e+00   1.0202021666610388e+00
   3.8747299999999998e-03   1.8808805057554341e+00   3.3353707789272979e-01  -8.9155774846613378e-01   8.8726114308075577e-01   8.3049116057436800e-01   1.0981042683247579e+00   9.9905924645778466e-01
   4.1066899999999996e-03   3.7516404088766531e-01  -7.1639488320090983e-01   1.3589899039701521e-03  -5.8773553211307328e-01   2.1363453028627637e+00   1.0369121668918932e+00   9.7112988691090874e-01
   7.1831100000000004e-03   3.5469343686145671e-01   2.9845827858622520e-01   9.2046960886386253e-01   4.3246302085600076e-02  -8.3676510464769049e-01   5.2489054778239141e-01   7.0884176859036685e-01
   4.9890999999999998e-03   4.5114226300070975e-01   3.6912567761281312e-01  -8.5098354544993005e-01  -1.3768696495730834e+00   1.3156371817130612e+00   9.0503421633389414e-01   9.1255129616626196e-01
   4.0528700000000001e-03  -1.5603388143824632e+00   4.4203500224142334e-01   9.7587888123239575e-01   1.3854022655525349e+00  -8.5560350656676734e-02   1.0084320746333781e+00   9.5915029353402537e-01
   1.1025699999999999e-02   2.0546973132898515e-02   2.1033864471722407e-02   3.3780298228113195e-02   9.8017557640588532e-03  -6.0155004647213482e-03   4.1447766844529932e-01   6.3300096030789388e-01
   4.1362600000000001e-03   5.3487159763359404e-01  -1.2166255969218266e-01  -1.4138512782736730e+00  -1.2049949059652816e+00  -1.3248928918347591e+00   1.0243044574548072e+00   9.6605361729215156e-01
   7.4543700000000001e-03   7.6414774355982407e-01   9.8346726265236095e-01   1.2654859738228971e-01   3.2465235883925675e-01  -2.2504177782729476e-01   5.2577488423290086e-01   7.0979085874216985e-01
   8.1324399999999995e-03   1.6294822176302382e-01   6.5744513801638982e-01  -9.3877565828238851e-01  -8.6021369529560673e-02  -5.8891081314242133e-01   5.3868731495805167e-01   7.1873505809349336e-01
   4.5409600000000001e-03  -4.8215344867666649e-01  -3.9297261003046652e-01   2.8418848949684883e-01  -1.6926750030757318e+00  -1.3145048768439918e+00   9.5554688142126021e-01   9.3478760276811257e-01
   3.9371400000000004e-03  -8.5648015230713498e-02  -7.1947293905114773e-01  -1.6147929828338625e+00  -1.5067558381819541e+00   4.2498378239502388e-01   1.0152620745396261e+00   9.6172097838526949e-01
   3.4584600000000000e-03   7.8065342539581195e-01  -3.7864583344097308e-01   3.4402818142305273e-02   5.8434272162082346e-01  -2.2569004271580591e+00   1.1147326416257040e+00   1.0059800303162074e+00
   7.0607300000000003e-03  -5.9785918169391306e-01  -2.0794022345128757e-01   6.4474935790622567e-01   8.9559722290180288e-01  -7.0720384574264061e-01   5.6307147689376280e-01   7.3350590553708972e-01
   7.3882699999999997e-03   6.0250539054355468e-01  -1.6810097764923315e-01   4.9600121262580893e-01   1.0043247287835713e+00  -3.3567366405108923e-01   5.2815574595329906e-01   7.1130264510310914e-01
   3.6256200000000000e-03  -5.4898854318194068e-01  -9.1768647345952203e-01  -9.5657829826063934e-01   1.6687338714303201e+00   1.1161697904973293e+00   1.1038814598769162e+00   1.0020528027215077e+00
   7.3672700000000004e-03  -3.3290610585214575e-01  -7.6863624027255634e-02  -3.5354012344719804e-01  -4.6279473131242571e-01  -1.1290951211359854e+00   5.2699770955378600e-01   7.1028498070137625e-01
   3.3207400000000000e-03   5.2670271833701232e-01  -2.0989295938719685e+00  -7.9597141940951022e-01   9.8288462794761178e-01   4.1050276160759197e-01   1.1668139645724951e+00   1.0292782595522401e+00
   7.0581300000000001e-03  -9.1727127566983035e-01  -8.9677709955188933e-01   8.4575310358725425e-02   1.6628449361859124e-01  -4.6741303977881343e-01   5.3549081168656731e-01   7.1602508135164999e-01
   4.3342900000000002e-03   1.9634086880196771e+00  -8.9377458330746132e-02  -3.9335144946982717e-02   1.0734571879488071e+00  -5.4665742958046026e-01   9.9605701668624935e-01   9.5381627181649609e-01
   4.5017499999999997e-03  -1.5514260966974471e+00  -3.7465662334278904e-01  -1.0957328930897154e+00   3.9549288019523654e-01  -9.1865229435351148e-01   8.9404632159707897e-01   9.0474230072076500e-01
   4.2607100000000000e-03  -8.3004314360334475e-01  -6.9971747683010876e-01   6.4848113240781691e-01  -2.6512067234885339e-01  -1.8625356815110605e+00   9.4744830304667382e-01   9.3081020421732452e-01
   3.3075999999999999e-03   1.3291925309851917e+00  -7.4368307102560482e-01  -1.8295309363452323e+00   8.2703347485846934e-01  -9.1136536742282087e-02   1.1405250005322485e+00   1.0176680109230989e+00
   3.6938600000000002e-03   1.6470670094769049e+00  -1.2652110805695704e+00   4.8447427334975307e-01  -1.1644027107740578e+00   1.2189127606788543e-01   1.0738351977241525e+00   9.8840758399776463e-01
   7.4359400000000003e-03  -1.7749916846957683e-01   2.1241028274356541e-01   4.3194699313113671e-01  -1.1933854020023102e+00   3.8219212380030082e-01   5.4057449949988656e-01   7.1931814658195747e-01
   4.3083000000000002e-03   7.3165110677056244e-01  -4.7999024928226053e-01   1.8351349324543558e+00   5.7111276070243422e-01  -8.9972622213591014e-01   9.9401195258515695e-01   9.5204618801615915e-01
   3.8056900000000000e-03   6.5049453769221655e-01  -5.5782925238662784e-01   5.9558544234988697e-01   1.8597649116627117e+00  -1.1758281371584549e+00   1.0946597079195799e+00   9.9839840619391507e-01
   7.0062500000000003e-03   1.0801385613397576e+00  -5.6855136622902325e-01   5.8223514228298179e-01  -5.4276195694278450e-03  -2.1707081961263114e-01   5.2945375840896725e-01   7.1215369165143316e-01
   4.0597400000000001e-03  -1.1189618505604317e+00   6.7967160236106128e-01   1.6415709862847836e+00  -8.5200756511685682e-01   1.4822780835905711e-01   9.4420745246678961e-01   9.2796453831039694e-01
   4.5664199999999999e-03  -1.0055642071076858e-01  -1.6976374879519343e+00   6.1389055345948607e-01  -1.0266251912079873e+00   8.8237086479943305e-01   9.7104376665024461e-01   9.4153357867748488e-01
   3.7100000000000002e-03  -1.3862827699439870e+00  -3.3011185406332605e-02  -1.8105554416253893e+00   8.4269360167508089e-01   3.5829710067971149e-01   1.1074080512368552e+00   1.0046369322205950e+00
   3.4276900000000002e-03   1.8010352416161048e+00  -4.2842877470678409e-01  -8.9113905209738997e-01  -1.3952833096606718e-01  -1.4437152446045927e+00   1.1449125869342800e+00   1.0203376830559061e+00
   7.0378300000000001e-03  -1.0105715983714050e+00  -1.5277647854940599e-02  -1.9647170422656959e-01  -8.8596361433827842e-01  -1.9281883876588138e-01   5.3300349154054283e-01   7.1443270479505838e-01
   3.7437000000000000e-03  -6.9343780183770276e-01  -8.3469059673861035e-01  -2.8225200145080021e-01   1.1313476418852935e+00  -1.8601515995713505e+00   1.0966829123592243e+00   9.9897698220384001e-01
   4.7804400000000004e-03  -9.3966230997017952e-01   5.2720876092643176e-01  -1.7531915274610002e+00  -5.7313522236913106e-01  -6.7874149593540678e-01   9.6612115177802449e-01   9.4049697074449823e-01
   3.8374899999999998e-03   1.5973783934047570e+00   5.2160838352856120e-01  -1.6265260253070175e+00  -1.9922523217126981e-01  -4.3000988877154134e-01   1.0460405289028485e+00   9.7521573677847539e-01
   3.6894599999999999e-03  -4.1097006752535181e-01  -9.1690070921865718e-01   1.6600167180602909e+00   1.5234269753060670e+00  -1.7199279580113455e-01   1.1352436313178684e+00   1.0150494301036121e+00
   3.7209500000000002e-03   8.4667990687765149e-01  -1.5599849333911837e+00  -1.5330326144252955e+00  -4.9176473048946473e-01  -4.5542759231045415e-01   1.0934806098590244e+00   9.9656273824209984e-01
   7.2580700000000001e-03  -2.0304350434538135e-01  -3.8563639468971511e-01  -4.8988670035780563e-01   7.3109844011700642e-01  -7.5557971988455908e-01   5.0167430974848426e-01   6.9330806209452911e-01
   3.9363999999999996e-03  -2.5286981224728139e-01   7.5561496808169926e-01  -1.1007214400576897e+00   1.9877522107080248e+00   1.7103823512232191e-01   1.0754480643015842e+00   9.9020639967432200e-01
   4.4266699999999997e-03  -1.6123335298997861e+00  -1.4505008096340586e+00   3.5469534876626302e-01  -4.3304827324910333e-01   4.8572911886883635e-01   9.9143474310421953e-01   9.5154701016062371e-01
   4.1311300000000002e-03   3.3937994584430764e-01  -6.8604273339610955e-01   1.1065454970605075e+00  -1.9272909961209972e+00  -1.2678789586320457e-01   1.0305070111818806e+00   9.6898893604748249e-01
   3.5927799999999998e-03  -1.9660956586255087e+00   4.7391795321144325e-01  -4.8779908749853346e-01  -9.8277922352111846e-01  -9.3990548419069053e-01   1.1299810862572324e+00   1.0130708160531221e+00
   3.7801900000000001e-03   2.6263364235122394e-01   1.5184112407292938e+00   1.5492903325412413e-02  -1.8309813335251153e+00   3.4641641272305651e-01   1.0664770803120027e+00   9.8521399118894093e-01
   3.9912699999999999e-03  -3.4001711462854955e-01   1.1061945078417312e+00  -6.4807427488190339e-01  -1.5511049129889085e+00  -1.2612090084757497e+00   1.0620979476337589e+00   9.8366024849530032e-01
   4.0183399999999996e-03   4.7707864060560173e-01   1.9600930853668601e+00   5.1687511994360114e-01  -3.2482183467798154e-01   8.5178825257400947e-01   9.3227275522142894e-01   9.2332707673292014e-01
   3.5972299999999999e-03  -6.2002896342552882e-01   4.7372329301053434e-01   2.2327668321336169e-01   2.0030926650297149e+00  -1.2357720631438249e+00   1.1448935573683636e+00   1.0194586517021644e+00
   7.3076000000000000e-03   6.6457573718072716e-01   7.4626195296228631e-02   4.0694701842494413e-01  -9.2473504231916537e-01  -5.3767749241463014e-01   5.2575471855000733e-01   7.0978520134837453e-01
   7.0742399999999999e-03   4.4836576240967818e-01   5.3733078495049991e-01  -5.1041190369282174e-01   6.6834281036688237e-01   7.2825620995198181e-01   5.1549247923706976e-01   7.0275763684045822e-01
   4.2522100000000002e-03   1.4727907532694162e-01   6.8144692700745568e-01   1.6227444082404734e+00   1.5041815561035872e+00  -3.6584985931697561e-01   1.0370544306354039e+00   9.7270674355814890e-01
   3.8273700000000001e-03  -1.9537158202724267e+00   1.0866904000446136e-01   2.7441259861208228e-01  -1.1463753366422840e+00   8.1367515983042793e-01   1.0758511411121920e+00   9.8947152223248902e-01
   4.0184699999999997e-03  -4.6630201594834730e-01   1.4696576574056304e+00   3.7685390678842984e-01   1.7061556734302092e+00   4.4035508106445298e-01   1.0304256622794365e+00   9.6963927825788920e-01
   7.6971899999999996e-03  -7.7016652684805120e-01   3.9836665643568436e-01   1.9512974739182870e-01   7.3362060970032461e-01   5.8891640016133495e-01   5.3010774106022585e-01   7.1253941290228073e-01
   3.4454500000000001e-03  -7.5254865088805989e-01   6.0840185308857753e-01  -3.8624125854006214e-01  -6.4284735112757951e-01   2.1772834968957446e+00   1.1246223456952991e+00   1.0108860179515395e+00
   3.8223900000000002e-03  -1.1889597131452931e+00   2.8966747822146921e-01   1.8042874018988477e+00   3.8528061434471667e-01  -8.6364377058226149e-01   1.0229948374217723e+00   9.6527498492153108e-01
   6.8765600000000003e-03  -4.5362235140601154e-01   9.9438915466478450e-01   5.8737295950945945e-01   4.8208968725146528e-01  -5.0141038291298923e-01   5.4497551265575372e-01   7.2225163020865413e-01
   3.9360799999999998e-03  -1.8663920784377559e+00  -4.2219461015156245e-01   9.1878797007125923e-01  -8.5263590127368316e-01  -7.1421892885515970e-01   1.0531099440186680e+00   9.7942158689203429e-01
   6.9798899999999999e-03   8.9069030956201800e-01   2.8118372295968058e-01  -2.0714092417992078e-01   1.2093354111268981e-01  -1.0744310178675898e+00   5.5463757372377220e-01   7.2833317573965695e-01
   3.4194600000000000e-03  -6.3766816625296618e-01   3.8376319074628551e-01  -2.0594202154989594e+00  -4.7245770653341895e-01   1.1720275489992651e+00   1.1678892793211380e+00   1.0302695375296282e+00
   4.7807900000000000e-03   1.2342522803791975e+00   9.8201404190815333e-01  -4.7758088734273835e-01  -1.1957195668315903e+00  -8.7061588069431328e-01   9.4041738090777316e-01   9.2791823450303301e-01
   4.1941200000000000e-03  -4.0796322462078505e-01  -1.8689136390131675e+00  -6.3673017815889832e-01   3.7982751553767824e-01  -1.0034528233112430e+00   9.6098005587314705e-01   9.3701942827767271e-01
   6.9989700000000002e-03   4.6201104832546874e-01   9.0528648938195377e-01  -2.6924024224125986e-01  -6.9058244774983824e-01   3.8469401057812724e-01   5.1443484747125401e-01   7.0201099759207253e-01
   3.3582299999999998e-03   8.6761576096824389e-02   3.4482237209180855e-01  -2.2834408682074683e+00   6.6416492481728018e-01  -5.7522132722902530e-01   1.0992327397739543e+00   9.9769109495815356e-01
   3.1551800000000001e-03  -7.2071320876565104e-01  -1.1133907417470825e+00  -2.0584880463601558e+00  -9.5227866413213458e-02  -7.6411363047632497e-01   1.1897474679621591e+00   1.0379277893479688e+00
   5.5303699999999997e-03  -3.5144737209007106e-02  -9.5275141887007686e-01  -1.2554751628339049e+00   7.0372181455142147e-01   7.1303205407294873e-02   6.2528687124158355e-01   7.6999407667780584e-01
   0.0000000000000000e+00   0.0000000000000000e+00   0.0000000000000000e+00   0.0000000000000000e+00   0.0000000000000000e+00   0.0000000000000000e+00   8.4356086402557595e-01   8.7260277020271737e-01
