   3.8030000000000000e-03   1.0957155635233771e+00   8.4001800537828908e-01   7.7520032750399626e-01  -7.4539751572191237e-01   1.6086915860337794e+00   1.0243925155174163e+00   9.6627240771751588e-01
   3.5561099999999999e-03  -8.3782324204879888e-01  -8.8682388062399711e-02  -1.0484096470172051e+00  -1.7764875855151578e+00  -8.3056001884036090e-01   1.0039969757321856e+00   9.5494586300509865e-01
   3.8943500000000000e-03   2.3234568348283200e+00   2.7793247535432997e-01   8.9007861491378112e-02  -3.9928010931544872e-01  -1.2814831949868052e-01   1.0284889426042989e+00   9.6859846972729124e-01
   3.5881900000000002e-03  -1.6969399677340764e+00   1.1884495542213995e+00  -5.3719908135532557e-01   1.1566545862161426e+00  -3.7016684802634020e-01   1.0922932097333873e+00   9.9678075042240533e-01
   3.1372700000000002e-03   1.7588300441751967e+00  -1.0577685545554032e+00   1.1018639872048792e+00   4.3472114898762737e-01  -8.7028024613148469e-01   1.1130150851026266e+00   1.0061182750464126e+00
   3.9485900000000001e-03   9.6084227283733714e-01  -9.3582275714156926e-01  -7.5492323032736730e-01   8.1292389644885554e-01   1.6700777322569555e+00   1.0676332946063904e+00   9.8581092637648093e-01
   3.6819000000000001e-03   5.1865129107036737e-02   1.3546125254236141e+00   6.2727090966598542e-01   8.8562615640157083e-01   1.6832916218717016e+00   1.0575357219233215e+00   9.8150056251395068e-01
   3.8403700000000001e-03  -1.7235589768199495e+00  -6.0325678843487518e-01  -1.3162964891483240e+00  -8.2881351360194222e-01   2.6802012331147484e-01   1.0645762592355967e+00   9.8514011911252852e-01
   4.3116600000000001e-03  -2.2675762770699577e+00  -2.0520218869716628e-01  -5.3683011256073401e-02   3.2309870809448354e-01   5.0654209635966507e-02   9.8262149772900986e-01   9.4733625723148163e-01
   7.1669500000000001e-03  -2.2825230169077218e-01   6.5319692888827907e-01  -2.5025700261844158e-01  -7.2946213372158508e-01  -8.8992326569506153e-01   5.3573482419289642e-01   7.1624156493091162e-01
   3.7107899999999998e-03   1.6576356486206167e+00   5.4292408576357210e-01   7.7087169502896669e-01  -1.8722362297287365e-01  -1.4718765968888425e+00   1.0650673416408232e+00   9.8369798033136668e-01
   6.7475399999999998e-03  -5.4861617471761537e-01  -6.6195356100922031e-01  -1.0456337508700313e+00  -1.6984505277561288e-01  -1.2804673326674867e-01   5.2383954663763244e-01   7.0813199587777842e-01
   3.7509499999999999e-03   2.6257764524372218e-01  -1.3487031665380662e+00  -3.7622936721444084e-01  -5.4627026729185657e-01  -1.8827152578986135e+00   1.0710689472743637e+00   9.8694525697552882e-01
   4.5155600000000001e-03   1.0108947529489474e+00  -1.3957310929973783e+00  -5.3970149408843771e-01   9.2988369383026714e-01  -1.0123463313835450e+00   9.7376021771232923e-01   9.4351377945570247e-01
   3.5979499999999999e-03  -1.0482912576487913e+00   1.4402096410396674e+00   6.8807173358462126e-01  -1.0582107735141282e+00   1.1033785205439159e+00   1.0746109582306824e+00   9.8864906805740005e-01
   4.0263499999999997e-03  -5.0219160513173411e-01  -1.6368540690695683e+00  -2.5110401305741359e-01   1.9465748490811763e-01   1.5668513875139298e+00   9.9474942732235960e-01   9.5303474592923498e-01
   4.1258099999999997e-03   1.3876977502826235e+00   3.5547281446699963e-01   4.2307683288807940e-01  -1.6849663900732368e+00   4.8843319981450667e-01   9.7478987050852006e-01   9.4336439011692685e-01
   3.9304700000000001e-03   5.8241507372754386e-01  -7.7094837189951360e-01  -1.7133158166883558e-01  -1.8604190094313766e+00   8.6229514730393353e-01   9.2793137986337282e-01   9.1991291744183490e-01
   6.7158799999999996e-03   1.2652099688923177e-01  -7.6593818651236034e-01   4.6779813962935635e-01   1.1013156114234614e-02  -9.6740551205615521e-01   5.0815926715511828e-01   6.9764833298515905e-01
   7.3288099999999998e-03   6.6102901904659206e-01  -7.1963174781718664e-01   1.5081719431585699e-01  -5.7659969302605951e-01   5.4674657180238451e-01   5.0693717369938551e-01   6.9723008794650321e-01
   4.4983100000000002e-03  -4.5574652800134385e-01   1.6897158277030880e-01   1.3503004125331772e+00   1.3000040341511367e+00   1.1840591359492372e+00   9.7017486068970860e-01   9.4233997386241319e-01
   4.2688300000000004e-03  -8.2731086319561409e-01   1.0031638958687348e+00  -9.0199668474362382e-01   7.2640942978672285e-01   1.5197921602564659e+00   9.9667028557130921e-01   9.5372837656188159e-01
   3.7338800000000002e-03   8.2866374530923903e-01   9.4583950491344992e-01   1.8598907265230453e+00   3.5083878634885807e-01   8.7667480874637471e-01   1.0797742129301819e+00   9.9129708592761800e-01
   4.7002399999999996e-03  -1.3302977339850017e+00  -4.0527064442976646e-01  -4.8153918805625057e-01   1.5578362220986397e+00  -4.0864242215659052e-01   9.0204625544480244e-01   9.0929836461708191e-01
   2.8060899999999998e-03  -8.5270221668741397e-01  -9.6593146303770328e-01  -7.9991879138275779e-01  -1.3906678401254802e+00   1.6347152741138613e+00   1.2016669601924965e+00   1.0444387062117073e+00
   3.9766000000000003e-03   1.6014773952138334e-01  -1.2080254705759228e+00   5.6832917771616775e-01   1.4537479674452072e+00   1.2441952679189314e+00   9.9059751815325436e-01   9.5054451371196436e-01
   3.7401900000000000e-03   6.2603318297005661e-01  -1.5610278362255392e+00   1.6850260580573286e+00  -4.1432312045973219e-01  -7.3397057536598916e-03   1.0595921478914823e+00   9.8198609000359749e-01
   3.5678500000000000e-03   9.4839566700456734e-01  -1.1495987454779905e-01   8.6083544113615940e-01   6.4277440396466057e-01   2.0069271091968863e+00   1.0973342251782254e+00   9.9933583891432920e-01
   3.6376199999999998e-03   2.6774794736192498e-01   8.9986453204296701e-01   1.7057728425803025e+00  -1.3895890984684822e+00   5.5480336784438666e-01   1.0910768145780700e+00   9.9589343086659310e-01
   7.0003299999999999e-03   1.0617872323997308e+00  -2.2049429288506425e-01   7.7917731943946383e-02   6.1959962683553615e-01   7.1007905101731938e-01   5.5188975560313813e-01   7.2646140185990049e-01
   6.8473400000000004e-03  -1.2058148063591240e-01   5.0129017335466586e-01  -1.4648186732048876e-01   1.2119984668457422e+00  -4.3164675314183371e-01   5.3257248945786528e-01   7.1398940808894951e-01
   6.8354300000000000e-03   3.3410302262247316e-01   7.3232011184490509e-01   5.9773201335947468e-01   8.6407061959880582e-01   4.4027249785439532e-01   5.3150554151236362e-01   7.1318035376478028e-01
   3.9144300000000000e-03   9.6965437634685059e-01   2.2008195866271232e-01  -6.7732531397426632e-01   1.3522314047913011e+00  -1.4436958505116020e+00   9.6945122063803291e-01   9.3979227691627842e-01
   4.4608800000000004e-03   1.8543012783980513e+00  -1.1276933779088942e+00  -6.1928319088997574e-01   1.6470674577600261e-01   2.7019810845911785e-01   9.7603811830543108e-01   9.4435937756073685e-01
   4.0734800000000000e-03  -9.6838712159426077e-01   6.5066353462021331e-01   6.1595632538690825e-01  -1.9403927951816329e+00  -3.1055269609542452e-01   1.0347999787396727e+00   9.7107062535708233e-01
   3.9671899999999998e-03   8.0980762759645764e-01   7.6819649836879844e-01  -1.6029094397308434e+00   1.2173905677710994e+00  -3.4355004692235103e-01   9.8764292440188284e-01   9.4848026418662101e-01
   6.5891800000000000e-03   2.3190610660764543e-01  -1.0864842419824083e+00   6.8790633677448398e-01   5.3202152152908255e-01  -2.3365109428640670e-02   5.3190026414099856e-01   7.1344434551436464e-01
   3.8124900000000000e-03   3.2527939626756242e-01   2.3133109454604658e-01  -2.8652548106524117e-01  -2.2931050476520900e+00  -2.1865712942025248e-01   1.0011780759224358e+00   9.5493316086705060e-01
   7.0505300000000002e-03  -3.7644057062957131e-01  -1.4609755978418168e-02   1.1576073237752911e+00   5.1749752473995014e-01   4.1970980311164571e-02   5.1768082725026987e-01   7.0419981982039492e-01
   3.9294400000000002e-03  -1.5509298244437653e+00  -1.1909707683404349e+00  -3.1960859073973374e-01  -7.2537122460563075e-01  -1.0660322633776891e+00   1.0214438067890821e+00   9.6449200395878465e-01
   7.2095199999999996e-03  -8.9533468178807296e-01  -3.2045361721159427e-01  -4.8633356381594328e-01   3.4051566028213420e-01   7.1675119192186876e-01   5.2398655146177342e-01   7.0858632557727097e-01
   3.8553400000000001e-03   1.6755891966496506e-01   1.7535736475144645e+00  -6.0773354221272147e-01   1.1189511602876019e+00  -9.7226637010851469e-01   1.0303146507418888e+00   9.6904354419864780e-01
   3.7583199999999999e-03   1.4451698699597906e+00   1.6297998579030533e+00   8.4457127734817616e-01  -6.7801571815650941e-01  -1.5495154512782847e-01   1.0875446509483151e+00   9.9421541374920108e-01
   3.9170400000000001e-03  -1.9357528769669066e+00   1.1576210279494230e+00   6.7941763273066857e-01  -7.2377246956608049e-02  -2.8199359789293882e-01   1.0272653796253901e+00   9.6721385273982563e-01
   4.2503699999999998e-03   7.6451334518424940e-01  -1.5496811072732841e+00  -8.6758176014481359e-01  -7.1672307250147160e-01   1.0306903965678151e+00   9.8634102639927757e-01   9.4914588922504017e-01
   4.0296899999999998e-03   4.4748001918761032e-01   9.2733800135423949e-01  -1.5334566654742583e+00  -1.4550690918063136e+00  -1.8122453455145012e-02   1.0247861063031123e+00   9.6566187286018990e-01
   3.6791300000000001e-03  -1.7043248297448890e+00   7.9898483435766898e-01   5.7143998107889094e-01   4.0082268281394251e-01   1.3898240682143208e+00   1.0778479297164449e+00   9.9109511034532649e-01
   6.6182300000000001e-03   2.1257487805763800e-01  -3.5639583967971350e-01   1.2190273466443708e+00  -5.3133234950962760e-01  -7.8326635546082254e-02   5.2452528547105604e-01   7.0861771767012238e-01
   4.5605200000000002e-03  -1.3519157302771023e+00  -9.9712624906102953e-01   5.6037027310517296e-01   1.0392848892651716e+00   8.3784203794681189e-01   9.2185184799280262e-01   9.1915614425011050e-01
   4.0971699999999998e-03  -3.7248543581544324e-01  -1.5456294957777010e+00  -1.4462833092181760e-02   1.6809539851811490e+00  -2.5956699027537894e-01   9.8990361989051479e-01   9.5069141799922541e-01
   4.0222699999999997e-03  -9.8182021592876367e-01  -9.1397542577770896e-01   6.2193447512159349e-03  -1.9389116562495121e+00   1.2884791064252110e-01   1.0211011010398385e+00   9.6498340142983707e-01
   3.7775999999999999e-03   1.7416983230442826e+00   1.1389277080274067e+00   4.3995204924564940e-01   6.9130280055084126e-01   9.3169884730950503e-01   1.0595092686025860e+00   9.8304180308834221e-01
   3.9371900000000001e-03  -1.1032752657506555e+00  -5.9162416206522572e-01   6.5675155915248651e-01  -5.8279140059518042e-01   1.7067076569501709e+00   9.4778230101983629e-01   9.3035265699292136e-01
   4.7236200000000004e-03  -4.0279135844223862e-01   3.9990737526059950e-01   1.4557664398218977e+00  -3.4850069448054705e-01   1.5001378692290119e+00   9.1967035456222213e-01   9.1831133241942520e-01
   3.1060500000000000e-03   1.2790014717066263e+00  -3.0356039439070120e-01  -1.8899868356417273e+00  -4.1277502833809188e-01   1.0399351918675614e+00   1.1659350393219168e+00   1.0282137773449049e+00
   7.0700299999999997e-03  -1.0630328945637506e+00   6.8523582748951470e-02   6.3683601257393352e-01  -1.3130587656477183e-01   4.7277876193939722e-01   5.2373311358377173e-01   7.0822680875010235e-01
   7.7279300000000000e-03  -3.6249934884507373e-01   5.3971546834408757e-01  -9.1536479576840268e-01  -2.8746870866467172e-01   4.2875636080267088e-01   5.0987050654918664e-01   6.9921077970431289e-01
   6.7681900000000003e-03  -1.8899897675880575e-01   1.3268326858492165e+00  -2.3638268813650029e-01   3.1118014092438234e-01  -1.0090123185746384e-01   5.3214639902510985e-01   7.1366115276283126e-01
   3.9233200000000001e-03   1.5417512668191533e+00  -4.4957671065533039e-01  -1.0238366310805842e+00  -1.4556393413752593e+00  -6.2806535204735269e-03   1.0527802611242090e+00   9.7995636172065781e-01
   6.7477600000000002e-03  -2.9467950348869232e-01   8.3049204179269842e-01   2.4826719547272030e-01  -1.0395688637038677e-02   9.6656104880270832e-01   5.1229642045491575e-01   7.0034187054051888e-01
   3.3167700000000001e-03  -5.9143551612488043e-01  -1.8594198634330481e+00   8.5863225891361539e-01  -1.0790440108732668e+00  -8.2446810016550187e-01   1.1389264977605089e+00   1.0174016934712959e+00
   6.8280700000000003e-03   1.1308359703449500e+00   1.8073929324902044e-01  -6.2992851874936362e-01  -4.5720449665547691e-01   9.7126193159722110e-02   5.3036436170278667e-01   7.1245825178475874e-01
   4.1911600000000002e-03   8.0877566194154582e-01  -5.4446142073926307e-01   1.4521639300296367e+00  -9.8755400641522018e-01   1.2002670966553741e+00   1.0184906993541012e+00   9.6403070635517041e-01
   4.1299900000000000e-03  -8.8526193999802316e-01  -6.8622509389580244e-01   1.5609484454146669e+00  -1.2421811983381941e+00   4.7372642734288922e-01   1.0094118295926138e+00   9.5933075278911362e-01
   3.6875400000000000e-03   2.7810291443526519e-01   1.2347880179261690e+00   1.9352202055577199e+00  -5.7629180543732346e-02  -8.3105923401331405e-01   1.1050857828296248e+00   1.0032149876003431e+00
   4.7161700000000004e-03   4.2698464796511293e-01   8.8460827698381017e-01   9.7447406393348990e-01  -1.4429164619731247e+00  -7.9951287625114897e-01   8.7841549806453245e-01   8.9825279488359056e-01
   4.2111099999999997e-03  -6.4762442064808678e-01   5.5121567818476058e-01  -1.3327410888618427e+00   9.8422653736860832e-01  -1.3639482295924941e+00   9.8478652885689755e-01   9.4813809501735447e-01
   3.7948000000000001e-03  -4.7170632316857009e-01   2.0784325022956698e+00   7.5550619078204440e-01  -7.5636902587128141e-01  -3.7565268421597275e-01   1.0565049481918549e+00   9.8101565921401090e-01
   6.5875200000000004e-03   1.0904590204865712e+00   3.9965656519044956e-01   6.3177961863915244e-01  -3.9689612286709408e-01   2.7278021804764130e-01   5.2986704308297916e-01   7.1198676397691818e-01
   4.0168000000000001e-03  -5.9115793822231510e-01  -1.9950197502659308e+00  -7.4955811368184377e-01  -7.8139322277097056e-01   1.9063306792688947e-01   1.0096944906387852e+00   9.5983615154110224e-01
   3.5385600000000001e-03  -2.8896376030428728e-01  -1.4213061536069840e-01   4.0108147740069522e-01   2.3749638506532649e+00   1.6144163687468674e-01   1.0608433517677256e+00   9.8252362938529281e-01
   3.6952399999999998e-03  -9.7566075695826948e-01   2.1361418659509757e+00  -6.2490886333671128e-02   3.6124549775656412e-01   5.7006239380609225e-01   1.0824788668224887e+00   9.9312429988756323e-01
   7.0228399999999998e-03   9.0597239203608529e-02   9.0836077158371742e-01   9.5389871368392343e-01  -3.0734230311432176e-01   1.0625570664597594e-01   5.2611947337860387e-01   7.0990359801381753e-01
   3.7479300000000000e-03   4.9714179571026473e-01   2.2220383520514693e+00  -6.8213795773953045e-01  -3.8622907336718665e-01  -2.3791164629761635e-01   1.0584214971548063e+00   9.8212435334793735e-01
   7.3899400000000002e-03  -6.6554297372490123e-01  -8.9058826394021462e-03   6.6041007702015653e-01  -5.2704771942867878e-01  -7.0256271983242191e-01   5.1471519489305029e-01   7.0238880357863809e-01
   3.0889799999999999e-03  -3.0160259147525376e-01   6.6168558699503954e-01   9.5742350973108203e-01   5.2102413220722554e-01  -2.1835685225379566e+00   1.1442362749498480e+00   1.0180284153131345e+00
   3.6816100000000001e-03  -9.2076986173055864e-01   1.7066735317012802e+00  -8.9806958767339617e-01  -1.1140622631148871e+00  -1.2161317697570517e-01   1.0535704998453956e+00   9.7855474942804876e-01
   3.6240299999999999e-03  -7.9227553835448783e-01   1.9016499919839797e-01  -7.5221729685298111e-01  -4.8916567648451964e-01  -2.1710499721972072e+00   1.1305402226388379e+00   1.0146612540769093e+00
   4.3302100000000001e-03   9.0681413874320238e-01  -5.8164827923705220e-01  -6.0252963086481726e-01   1.8474363700199350e+00   3.7016775641602390e-01   9.4911186756123600e-01   9.3102169581199323e-01
   4.4229200000000003e-03   3.7076674519357733e-01  -4.5992911978950329e-01  -1.5260722501585648e+00   3.4062798758694418e-01  -1.5427339581994062e+00   9.6601680210128982e-01   9.4009329560091903e-01
   6.6909900000000000e-03   4.6806293948454786e-01  -1.1190204716499082e-01   9.8624963390582943e-01   1.5425098398299189e-01   7.9866342530996670e-01   5.2398668952162686e-01   7.0801788781140229e-01
   3.7551400000000001e-03   1.7205741815654880e+00   1.4675600551436143e+00  -5.5491427426972972e-01   4.8200576799572309e-01  -5.4821089916897014e-01   1.0806835010373159e+00   9.9277002009753490e-01
   3.9784499999999997e-03   6.3722849372719137e-01   1.9929989013177940e+00   7.8159779455861911e-01   7.8878306740378001e-01  -9.8194909310980252e-02   1.0262922897078457e+00   9.6750174345008610e-01
   4.0420300000000003e-03  -2.0155457868668217e-01  -2.5536423470372815e-01  -1.1723121902386906e+00  -2.3632256692032828e-02   1.9382668825766747e+00   9.5437022630711721e-01   9.3383357009477763e-01
   4.6351999999999999e-03   4.7675572317547327e-01  -1.7589500915455339e-01  -1.8996973835431119e+00  -4.9696566366201972e-01  -2.7149989727272467e-01   7.8186081709950850e-01   8.5035867126043041e-01
   3.9988200000000002e-03  -1.4507878491984811e+00  -1.5545265181159282e+00  -7.3521643922374658e-01   5.6371911062998770e-01   2.2020309551592718e-01   9.9395666547834294e-01   9.5103168965553342e-01
   4.2946099999999999e-03   1.0159632231958964e+00   8.9721631782963251e-01  -8.3022698810839846e-02   1.8451329184003336e+00  -7.3194470094129938e-02   9.8297262394665330e-01   9.4712405203250016e-01
   4.2454900000000002e-03   4.2671700994247058e-01  -1.3984324200874929e+00  -4.2892278001697348e-01  -1.6434471397047037e+00  -6.2282170598399156e-01   1.0037844213563349e+00   9.5761073944914443e-01
   3.6232700000000000e-03   2.4288239475924761e-01   2.3525248665262175e-01  -1.8544357809010454e+00   1.0029761791251699e+00   1.1589210772120482e+00   1.0682935166415701e+00   9.8511383908004990e-01
   3.3062299999999998e-03  -1.3896825355118296e+00   1.8883037375014811e-01  -1.9454653327196814e-01   1.7118150452856273e+00   1.0747828631205116e+00   1.0697734467610840e+00   9.8524139945841549e-01
   4.4041699999999998e-03   4.2952114884144710e-01   1.6359559671791939e+00   3.4357669842763966e-01  -2.3485543103910328e-01  -1.3566751064930216e+00   9.0008624241930990e-01   9.0840075220128547e-01
   4.0588800000000000e-03  -1.8665356636859207e+00   9.8077803796629093e-01  -8.7715002996803959e-01  -2.3103315329978935e-01   5.1152894409719274e-01   1.0252304196670217e+00   9.6583062619319027e-01
   7.3733799999999997e-03  -2.0918346231847640e-01  -3.3451672400657428e-01   1.8156502802946486e-01   1.1548833302904735e+00   3.8813010889536603e-01   5.1567071765437467e-01   7.0314376036278936e-01
   7.0662900000000002e-03  -4.4753645145426324e-03  -1.6970878818756244e-01   6.7332045973481858e-02   3.1789323068124092e-01   1.2864303563510397e+00   5.2604369394099171e-01   7.0950752669284256e-01
   3.7351500000000000e-03  -4.9859611241285667e-01  -2.2187245527526547e+00   6.5910003722739108e-01   3.6616263150606326e-01   3.3290284678030252e-01   1.0554899714347736e+00   9.8041773533938348e-01
   3.3186800000000001e-03   1.5821078096759458e-01  -1.8401625239176027e+00   9.5520699094123751e-01   7.6405306463327471e-01  -1.2181209657189904e+00   1.1370443410348654e+00   1.0166073207006598e+00
   4.4388099999999996e-03  -1.6402524434795176e+00   2.2398759102849788e-01   2.1137490160966874e-01   4.8508573145714784e-01  -1.4445094210015135e+00   9.5327000346635860e-01   9.3406093410824920e-01
   3.6200600000000000e-03  -2.4726361791763821e-01  -1.5804087091405680e-01   1.8688515790432803e+00  -1.0882685278460467e+00  -1.1166253929239542e+00   1.0975090424026859e+00   9.9777775364375298e-01
   3.9399700000000001e-03   1.4054260389317346e+00   3.4600696842785425e-02   1.7682607147730742e+00  -7.5058824134332669e-01  -2.7673579264515602e-01   1.0613037161187018e+00   9.8372793560006022e-01
   6.5687699999999998e-03  -2.6604386065763014e-01  -1.2358967407805732e-01  -1.1235405956317408e+00   7.8709334929013874e-01  -3.1741690741471006e-02   5.3079980475809896e-01   7.1257965288817471e-01
   7.7587699999999999e-03   1.1387995494609224e-01  -1.1122938716300235e+00  -4.0092964253345936e-01   4.4190173536106925e-01   3.7433639518633882e-01   5.3724645958584183e-01   7.1768654250551067e-01
   3.4881800000000000e-03  -3.0438367488916823e-01   9.4140310002375355e-02   6.1509769965982797e-01  -1.9047507113425404e+00   1.4392204978152507e+00   1.1061481436022023e+00   1.0039405176010714e+00
   4.2902000000000001e-03  -6.1922403662493886e-01   1.4700928408406007e+00  -1.5829116419958695e+00   4.7412285427960221e-01   5.6406157861869630e-02   9.7917898404546211e-01   9.4576887913807084e-01
   3.1937699999999999e-03  -1.7156448715903907e+00  -1.3705795304972237e+00   6.6341688229253937e-01   8.1688046339046139e-01  -8.4070204896639300e-01   1.1926719692847871e+00   1.0398564526413527e+00
   6.8057200000000003e-03  -4.0279257695195764e-01  -8.3964979540338591e-01   6.5184725135621036e-01  -9.9089527612266831e-02   6.9331086722898583e-01   5.1473822067047181e-01   7.0207291640238101e-01
   3.4143699999999999e-03   7.6442198771608882e-01   8.8568725921535263e-01  -6.8452673103005990e-01   1.2391498096796061e-01  -2.0735347409039160e+00   1.1153608813587368e+00   1.0053519744212343e+00
   3.1379799999999998e-03  -8.4391799383782151e-01   1.7990703645970541e+00   8.0757932061790549e-01   9.0408481960793508e-01  -1.0024977100596058e+00   1.1090956644439363e+00   1.0053429286894970e+00
   3.6860199999999999e-03   5.6115760728632602e-01   1.8379583994294584e+00  -7.6396837732846756e-01   1.0401170432642994e+00   8.2151054766772214e-01   1.0964231067199255e+00   9.9900711387980623e-01
   6.8145400000000000e-03  -4.0394682089657652e-01  -6.5275865220935725e-01  -4.0481181695809615e-01  -7.0964428241850319e-01   8.2509013045524660e-01   5.3233697702932392e-01   7.1390279333978257e-01
   4.1494599999999998e-03   1.5381567506979659e+00   6.0571676536547214e-01   1.3351375893345367e+00   7.2639202916079160e-01  -3.2130192770642302e-01   9.4047684508697582e-01   9.2727026263359180e-01
   7.3978100000000003e-03  -9.9642011629308547e-01   3.9236408217196556e-01  -5.1655487952664225e-01   2.3450068683262418e-01  -4.5781973568781686e-01   5.1552563196839185e-01   7.0311265893801156e-01
   4.0791200000000003e-03  -3.9040911466827855e-01  -1.1655635381107960e+00  -1.8301416320008341e+00   8.1937657096512975e-02   8.4805247744597345e-01   1.0275101041596484e+00   9.6881482129640184e-01
   4.1292500000000001e-03  -9.6993106699399290e-01   1.5886882983670749e+00  -5.5717352561396871e-01  -1.1505310704479375e-02  -1.3032681020294983e+00   1.0127233209185487e+00   9.6091836155347343e-01
   4.2164999999999998e-03  -8.8149967405107266e-01   5.2907457770146737e-01  -7.9971448930577493e-01  -1.7672642534222824e+00   6.4871840901686240e-01   9.7041621368628828e-01   9.4092082549892486e-01
   6.5875200000000004e-03  -1.7503526027399283e-01   3.5777971588692470e-01  -6.8128902004389702e-02   4.2468131524380764e-01  -1.3540306997384857e+00   5.5165641411842914e-01   7.2612523938725881e-01
   4.4033400000000004e-03   8.3082670348688281e-01  -2.0612362752668436e+00   1.1582633720435634e-01  -3.1080045481916863e-01  -3.3950074348300180e-01   9.5858367374152820e-01   9.3663164382146724e-01
   3.5362700000000002e-03   1.6511932973994659e+00   1.2914386519487169e+00  -6.8831371482245574e-01  -8.2383220872526208e-01   7.9841643787551764e-01   1.1246887152042238e+00   1.0109468265223835e+00
   4.2388499999999997e-03   9.8564930230867154e-01  -1.6074280409543296e+00   5.9457557588180387e-01   1.0928540983326086e-01   1.1484360403276614e+00   9.6701867972466948e-01   9.3960402999999626e-01
   3.8694400000000000e-03  -1.0005191309377848e+00   9.6245610536690229e-01   8.2178977843721202e-01  -7.8861584763378090e-01  -1.5466244362438650e+00   1.0134061397979768e+00   9.6153730943484772e-01
   3.0553600000000000e-03  -1.8225198059716516e+00  -5.3359599955444492e-01  -7.1457629854531068e-01   1.8153853563883859e-01   1.5469599219725778e+00   1.1496950669314818e+00   1.0216790585991131e+00
   6.9150699999999997e-03   8.8363839109175879e-01  -1.0971651065377976e-01  -6.1806249409730407e-01   7.1452507853328018e-01  -1.9638762805668100e-01   5.0834084952691128e-01   6.9795625593429467e-01
   4.2552600000000003e-03   1.7116441185529507e+00  -2.9194674949534333e-01  -2.1553546481878935e-01  -5.5234768678649693e-01   1.3878263331306773e+00   9.8696445897897689e-01   9.4879387189730102e-01
   3.4263200000000001e-03  -6.6226760039870181e-01  -2.5030309312843696e-01   2.0393654462160773e-01   8.5315535810966514e-01   2.1907083370185618e+00   1.0774138992924738e+00   9.9039751109506435e-01
   2.9249800000000002e-03   1.4805183853003041e+00  -8.2372389914331101e-02   3.7632284613437850e-01  -1.7239204865243847e+00  -1.1307311272000735e+00   1.1433967235652751e+00   1.0175814606082441e+00
   3.3687000000000001e-03  -1.7420808004912718e+00  -2.7841700784396139e-01   1.6581858150127529e+00   2.4584124678878330e-01   6.2820418993698901e-01   1.1370904393781263e+00   1.0159173136209267e+00
   3.6510800000000001e-03   1.1283015215606356e+00   4.0886046841399036e-02   9.5683658940812288e-01   1.7702921132697047e+00   7.2291110836337602e-01   1.0633898501750854e+00   9.8225422173954990e-01
   7.3955799999999997e-03  -2.8226734649766860e-01  -1.0152027157712542e+00   2.0188362917028033e-01  -7.2831041895452275e-01  -2.1251720038058133e-01   5.2511612260909479e-01   7.0929417166777353e-01
   3.9754500000000002e-03   8.1209130725996670e-01  -1.0472204016529501e+00   1.0269718635095737e+00  -8.6683055567151002e-01  -1.3412637234145821e+00   9.6417764267469563e-01   9.3927128467382315e-01
   4.2093699999999996e-03  -1.2007983013252345e-01   1.6179894000895387e+00  -9.3707717762652443e-01  -5.7802581712885182e-01   1.2348964127325823e+00   1.0009669376307964e+00   9.5528590402131086e-01
   3.7569700000000001e-03   1.2810907863885537e+00  -1.4601970462414939e+00   4.4621785448473622e-01   1.2541493218828927e+00   1.8484704630164364e-01   1.0140355435851607e+00   9.5977006101864981e-01
   7.2023100000000000e-03   5.2252251585794843e-02  -8.7109767515050743e-02  -6.7634075290235141e-01  -1.0791876839171011e+00  -3.8218789003970390e-02   5.0753413367182154e-01   6.9755574776998364e-01
   4.7417199999999996e-03  -7.9828008627622060e-01  -1.1264248163226414e+00   1.5347837575828487e+00  -1.6021570694029583e-02  -4.0141483005535616e-01   8.3305319441960490e-01   8.7665313942973822e-01
   7.3308999999999996e-03   5.5825825264809226e-01  -8.6575125768385053e-01  -6.8449960440484658e-01  -2.9675507708153298e-01  -3.9731328916942177e-01   5.2659739040612996e-01   7.1039060307734858e-01
   3.3244400000000001e-03   7.7672593090754763e-02  -4.6629792770509521e-01  -1.1439764347714982e+00   2.0014959506758028e+00  -7.4646133503254619e-01   1.0843709450374062e+00   9.9125794605688378e-01
   4.3891399999999997e-03   8.0808321131605620e-01   1.0623779748501909e+00  -1.7183754755058898e+00  -5.1795083257002938e-02   4.4375255437197592e-01   9.1774660990281831e-01   9.1658012663340049e-01
   3.4917799999999999e-03  -2.9839985051630785e-01  -1.1687795312201457e+00   1.6605816963376288e+00   2.5708691881973056e-01   1.3988897166640690e+00   1.1233514614453068e+00   1.0108244619343854e+00
   3.8089100000000000e-03   8.4713545619333874e-01   9.8412879319550683e-01   7.1603397728824714e-01   1.2042931526244025e+00  -1.3822703943921901e+00   9.9820452689188877e-01   9.5366648894903538e-01
   4.2936800000000002e-03  -7.7316746556114446e-01   1.4050148649806602e+00   1.5237398121971011e+00   4.6991233349100975e-01   4.8487607510833525e-01   1.0012241875121179e+00   9.5565232366931174e-01
   3.6053000000000001e-03  -1.2289111624678951e-01  -5.3796410891669449e-02   2.4256977686479093e+00  -2.3583274149836825e-02   2.6161041818403541e-01   1.0780435042453400e+00   9.9004143707364756e-01
   7.2526999999999999e-03   4.5876586239255418e-01  -2.8752570565589347e-01  -9.7814933302301754e-01  -3.9231336037108135e-02   7.4130790686441050e-01   5.2680679931901886e-01   7.1050188467047437e-01
   4.2040200000000002e-03   8.6429557871819851e-01   7.1289646840624332e-01  -6.6397319321592574e-01   2.2071834102242568e-01   1.8931802241056981e+00   9.8444515643458708e-01   9.4832216122544033e-01
   3.8465999999999999e-03   4.0504018005934295e-01   3.7670481060920274e-01  -2.6079019798420500e-01   1.7634687331298924e+00   1.5009354416672080e+00   1.0402884977332705e+00   9.7432789352426541e-01
   3.9841299999999998e-03   3.8065587069939416e-01   2.0890802121895805e-01   4.3046155158172461e-01  -8.6587492215160788e-01  -2.0569330945299829e+00   9.7023234027837046e-01   9.4053979674554289e-01
   3.4765899999999999e-03   2.0556149371683987e+00  -4.1691161853927267e-01   1.0241401392886988e+00   1.8887054522866478e-01   7.8615507903206794e-01   1.0965647313145297e+00   9.9747343756830664e-01
   3.9354600000000000e-03   1.8476241730361618e+00   3.3648844981265186e-01  -9.4734316989143308e-01   8.6073605617126858e-01   7.9708596426318945e-01   1.0747680563495838e+00   9.8880247002469446e-01
   4.0513199999999997e-03   4.0440558434220519e-01  -7.1281890373352463e-01   1.6818502531397225e-01  -6.7063513849642586e-01   2.0649276440510960e+00   9.9026008483648298e-01   9.5021493109213750e-01
   6.6867100000000002e-03   4.0022074657040163e-01   3.2698737667570493e-01   9.4541602977430406e-01  -9.7642177876475222e-02  -9.1064954677583076e-01   5.3477209805672388e-01   7.1522038215604156e-01
   4.0440099999999998e-03   5.2405562974968645e-01   3.0110577625109780e-01  -1.0483498901380421e+00  -1.4159938304350195e+00   1.4453853252430493e+00   1.0356042156784853e+00   9.7178629197991540e-01
   4.3086899999999996e-03  -1.5293450022628294e+00   2.8693139178130911e-01   9.2530825398637906e-01   1.3835584621516701e+00  -1.6993168513509416e-01   9.7668025277924142e-01   9.4404710031700689e-01
   1.1269780000000000e-02   2.8677836974085116e-02   2.1492181528686469e-02   2.4552202832083356e-02   1.1640600157371946e-02  -5.5544133487943511e-04   4.1733237479544272e-01   6.3529169598835478e-01
   4.4201600000000002e-03   5.8730232509292979e-01  -1.0118814981957903e-01  -1.1584855968997509e+00  -1.2534379743607991e+00  -1.4068126094996194e+00   9.8186800496369342e-01   9.4741565881255474e-01
   7.0266699999999996e-03   8.4654652935797658e-01   8.2562346187169233e-01   1.0961391535817507e-01   3.0086928416159348e-01  -4.7867140181787748e-01   5.1476964334847153e-01   7.0227430863489104e-01
   7.6787499999999998e-03   2.6217061450698453e-01   5.5777074568177809e-01  -9.5781135544192386e-01   6.0142149194147787e-02  -5.6261852644539856e-01   5.2036530728583685e-01   7.0622610577153933e-01
   4.3261100000000002e-03  -4.9269152713253372e-01  -4.3525914725343351e-01   2.8424272720520799e-01  -1.6844024374224926e+00  -1.3824476780098667e+00   9.7555567010699462e-01   9.4453849751719754e-01
   3.7368200000000001e-03  -6.3460062381628837e-02  -7.7954947694293231e-01  -1.6212039270698158e+00  -1.5362560499302558e+00   3.5046656703684992e-01   1.0304051793669591e+00   9.6871903714245056e-01
   3.8833000000000001e-03   8.0785571074493268e-01  -4.9259540662785967e-01   3.8510324031463311e-01   6.4100464065826812e-01  -2.0263647666663034e+00   1.0068797402462086e+00   9.5836148654908726e-01
   5.3813699999999999e-03  -5.1489335333083519e-01  -3.7958044697282745e-01   8.2250921468659244e-01   1.1654264490208317e+00  -1.0956770973014507e+00   7.2639209295801754e-01   8.2308193951157482e-01
   7.0277899999999999e-03   6.3276618174471855e-01  -1.1238264445512024e-01   6.0193048605416311e-01   9.1331775374525814e-01  -4.4929607273199101e-01   5.2294505996796936e-01   7.0781253660942089e-01
   4.2750100000000001e-03  -4.8153804182772197e-01  -8.9972389883546089e-01  -1.0084500254615172e+00   1.5474511842288181e+00   1.0242753656541201e+00   1.0245021822411180e+00   9.6744398891217420e-01
   6.9307500000000003e-03  -4.1980151368642160e-01  -4.0595701948142321e-01  -5.0061717884394263e-01  -3.8000564322278213e-01  -1.0765835408409974e+00   5.2989708767462274e-01   7.1228157159438987e-01
   3.0637300000000002e-03   4.4788783887202749e-01  -2.1881630109911883e+00  -8.1036544831484791e-01   8.6069355490700938e-01   4.6156151289238967e-01   1.1581527625629566e+00   1.0256170055037541e+00
   8.0756500000000002e-03  -9.3754553962931242e-01  -6.5146811960354434e-01   2.0002706192640476e-01   3.5787402912603278e-01  -3.4005174962989915e-01   5.2398231689620323e-01   7.0900274753235093e-01
   3.9612800000000002e-03   2.0428134840949705e+00  -9.0426709015371073e-02  -3.8034207439577715e-02   1.0954229439630800e+00  -5.6900351340644972e-01   1.0512055316052522e+00   9.7834912444394584e-01
   3.8679800000000000e-03  -1.6600653793204634e+00  -4.7409229177722656e-01  -1.2039618814354260e+00   3.4780690392085556e-01  -1.0372937788138050e+00   1.0293442689609491e+00   9.6721701472476029e-01
   4.0191599999999999e-03  -8.0709448554329266e-01  -7.6029138108704020e-01   8.3006972059195216e-01  -1.8938945440279731e-01  -1.8835943823897197e+00   1.0068063603110431e+00   9.5839973505313014e-01
   4.0792199999999997e-03   9.2832740681968462e-01  -8.1412089272173904e-01  -1.7249919533800688e+00   8.8769780392541819e-01   6.9326043637095436e-02   9.7024516668187111e-01   9.4094267880718729e-01
   3.7602000000000000e-03   1.6634845188152878e+00  -1.2182161601870858e+00   5.1450607162858342e-01  -1.1501296155877199e+00   1.2407971208027917e-01   1.0630918293751721e+00   9.8371079475123513e-01
   7.6728500000000002e-03  -2.2505159006598296e-01   9.1638567176116639e-02   5.2091470130954953e-01  -1.1133526984262667e+00   4.0952525034674431e-01   5.3371395786571507e-01   7.1514723324279061e-01
   4.0418600000000004e-03   4.3714196572525754e-01  -4.0760506827246173e-01   1.8727766328755162e+00   5.1165137604243160e-01  -1.2168985363183977e+00   1.0362420936286851e+00   9.7193811807388386e-01
   3.4933500000000001e-03   7.4856162687008498e-01  -5.9536195195645103e-01   6.5002222883675365e-01   1.9744921845480572e+00  -9.7591284642367426e-01   1.1194154029133638e+00   1.0089474139745982e+00
   6.6964199999999998e-03   1.1641073239746944e+00  -5.7767673053466828e-01   4.2727401436668111e-01  -2.0883366272822536e-02  -2.9217845288816119e-01   5.3097773474266829e-01   7.1296413971294359e-01
   4.1418899999999996e-03  -1.0416311878865914e+00   7.3930826789815718e-01   1.6512498725189264e+00  -7.9934225776229373e-01  -2.7403955623145980e-02   9.0575289373344259e-01   9.1027448183043336e-01
   3.9207100000000000e-03  -7.6788268271528584e-02  -1.7640770731580320e+00   6.2148469776404336e-01  -1.1829310815421936e+00   9.0024475104960044e-01   1.0431058094311230e+00   9.7475702796037589e-01
   3.9711399999999997e-03  -1.4711879105412988e+00   5.3350381262086251e-02  -1.6070409220964681e+00   7.8529612669420035e-01   4.1738273333069797e-01   1.0155050098029996e+00   9.6203867730560544e-01
   3.5890100000000001e-03   1.7667980737953615e+00  -8.9688594516061171e-01  -4.1345913506599380e-01  -4.5013202031105326e-01  -1.3248997580584945e+00   1.0901479382640855e+00   9.9645774289139755e-01
   6.7393699999999997e-03  -1.0955363325783820e+00  -1.6908897343144949e-01  -2.4947328736260868e-01  -7.5858075142983772e-01  -6.9060335142661439e-02   5.2123563175184251e-01   7.0653746278619078e-01
   3.7085999999999998e-03  -6.1792592844107219e-01  -8.7333136873279427e-01  -4.2796291382827101e-01   1.0233279968603506e+00  -1.9428776216718615e+00   1.1293438649311682e+00   1.0135561780798448e+00
   4.6991600000000000e-03  -9.4353173559349801e-01   5.0069717001543967e-01  -1.6662101267478815e+00  -5.9918300019773996e-01  -6.6899464840103950e-01   8.9735494105842828e-01   9.0708657812136906e-01
   3.8522600000000001e-03   1.7364275559291418e+00   1.4114731693153373e-01  -1.5066788502125759e+00   8.1432606167769882e-03  -7.6628018371639017e-01   1.0959973148661841e+00   9.9765862769490754e-01
   3.5172599999999999e-03  -4.9971126552424655e-01  -1.0255309400051449e+00   1.6137788327051461e+00   1.4943637439850614e+00  -1.8844514234474551e-02   1.1035629470281174e+00   1.0012307053312131e+00
   3.1227700000000000e-03   8.3684547302352463e-01  -1.7032476165848456e+00  -1.5853133362097196e+00  -4.1048491559393074e-01  -4.8797896664230678e-01   1.1508745211298146e+00   1.0224864012029604e+00
   7.0451799999999998e-03  -2.5038152730614577e-02  -5.9448878333650501e-01  -3.7344357864859645e-01   8.0281844713635497e-01  -7.4262895703515408e-01   5.0998816573405914e-01   6.9909428113701610e-01
   3.6023700000000001e-03  -4.6011033409570429e-01   7.9805256203096198e-01  -1.1319649286251405e+00   1.9459609402038665e+00   2.1388561847446305e-01   1.0633290515182887e+00   9.8416747545778516e-01
   4.3669700000000004e-03  -1.6301124494117956e+00  -1.3781803442881144e+00   3.4541727686773427e-01  -5.2768033141172910e-01   4.8276893625750700e-01   9.6674433931142179e-01   9.3975548827958777e-01
   3.8800900000000001e-03   3.3363417405995544e-01  -6.5980641778676929e-01   1.1333449498055874e+00  -1.9610471536712677e+00  -1.4410500398996778e-01   1.0290744734602770e+00   9.6875925090129211e-01
   3.7799900000000000e-03  -1.8828877972458198e+00   5.2553763176950363e-01  -3.9324061796955506e-01  -9.7870306350524094e-01  -9.3673627316995045e-01   1.0629233024179832e+00   9.8293069067005878e-01
   3.6070500000000001e-03   2.6794776369423950e-01   1.5047911043919990e+00   7.0630421168845034e-02  -1.8168635004697853e+00   6.1646457322509018e-01   1.0865705147246922e+00   9.9489238237872502e-01
   3.0416200000000001e-03  -9.5032825974169094e-02   1.3494622202012836e+00  -4.1398476257058359e-01  -1.6883865874641641e+00  -1.3721824819695814e+00   1.1860499823139101e+00   1.0383396121872706e+00
   3.8654300000000000e-03   4.1644510546562846e-01   1.9718080309491273e+00   5.4691630343778508e-01  -3.5308456265007965e-01   9.9605808723088385e-01   9.8364872943293269e-01   9.4763795309553256e-01
   3.2894899999999999e-03  -5.9991204826354871e-01   6.1023203824637373e-01   9.8150626788408343e-02   1.9226325587201121e+00  -1.3966255598923905e+00   1.1543516968106053e+00   1.0234162331846628e+00
   7.3345499999999996e-03   5.8478835005080498e-01  -1.4760713518201363e-01   2.0587011592711499e-01  -9.9724362754829143e-01  -5.5198542701025810e-01   5.1968385304547871e-01   7.0570630666673095e-01
   6.8142799999999998e-03   1.3178897214762089e-01   4.8228370785489427e-01  -6.3463287603720808e-01   8.4476556776233092e-01   6.7293524070139932e-01   5.2076875998454708e-01   7.0598465011738243e-01
   4.1600500000000002e-03   4.2921167176508374e-02   6.7050776391541911e-01   1.6270112427141208e+00   1.5355079968397980e+00  -3.8254456949722204e-01   1.0431790415946149e+00   9.7572029782189229e-01
   3.5115699999999999e-03  -1.9846270969133708e+00   1.2291702681252220e-01   3.6271345022972556e-01  -1.2142704312798791e+00   7.3714380781890265e-01   1.0987766857534826e+00   9.9891749866069901e-01
   3.6929100000000002e-03  -4.7696209749651891e-01   1.4513170631057324e+00   4.0754045565490343e-01   1.8057782098205202e+00   3.8066957196484108e-01   1.0603226397471393e+00   9.8306356388548044e-01
   6.6657100000000000e-03  -9.2894206075276053e-01   6.1645346684011426e-01   7.5973405718987447e-02   7.4958656630516718e-01   4.1773879119583923e-01   5.3507116014547329e-01   7.1534068191202249e-01
   3.0216499999999999e-03  -2.7205046183549381e-01   8.3413672654295878e-01   1.0785714006776988e-01  -5.7561935935400466e-01   2.3282427516145741e+00   1.1517218671040337e+00   1.0206081221478558e+00
   3.7063000000000000e-03  -1.1744446901580863e+00   2.4812318800272590e-01   1.8000579429260053e+00   4.0484430979725339e-01  -9.6442901454905461e-01   1.0462408828699663e+00   9.7504254764929943e-01
   6.9899200000000002e-03  -5.4259298841572723e-01   7.8463069827402798e-01   6.4843199715116018e-01   3.9005829622288529e-01  -5.9333047875343903e-01   5.2773397390485199e-01   7.1086481820813574e-01
   3.8088800000000002e-03  -1.8487241167649757e+00  -4.2296577189270385e-01   9.6493842061674151e-01  -8.0738425525825741e-01  -7.0422369675452745e-01   1.0316501969226279e+00   9.6909801739543378e-01
   6.4008499999999996e-03   8.8439511561988082e-01  -2.9040094134665001e-03  -2.7992975631249645e-01  -8.0025554083765646e-02  -1.1088908279884790e+00   5.3609366663251112e-01   7.1594258969752833e-01
   3.8218100000000001e-03  -6.5607900852615908e-01   3.7973349021992547e-01  -2.0173048682496981e+00  -6.1090490594286229e-01   9.3729874517598555e-01   1.0887177271910082e+00   9.9508814797643863e-01
   4.3940899999999998e-03   1.3604670546205113e+00   1.0369225719931543e+00  -5.3060237350101258e-01  -1.0498106045428000e+00  -8.8655961194566146e-01   9.4659967544702206e-01   9.3123557122376877e-01
   4.6710099999999997e-03  -4.9835360637172049e-01  -1.8213040992441059e+00  -3.4370822629328784e-01   1.8049344208180473e-01  -8.8405861840926170e-01   8.4470136409021579e-01   8.8183043408921447e-01
   6.9165399999999997e-03   3.6426499349255043e-01   9.9890995496187529e-01  -1.4325150141789553e-01  -8.4429820490015128e-01  -1.2204404906270318e-02   5.2762159839809919e-01   7.1069197019389030e-01
   3.0644100000000001e-03  -3.3861607787008935e-01   1.9878957235606315e-02  -2.4424658872110636e+00   5.1468745122657733e-01  -3.8040210280339443e-01   1.1499562179513481e+00   1.0193053912613546e+00
   3.2450700000000001e-03  -6.0642928979514055e-01  -1.1416192209832061e+00  -1.6995654956057022e+00  -7.7797614437160623e-01  -1.0603160019203528e+00   1.1131388815544736e+00   1.0049159717878746e+00
   3.6020200000000000e-03  -4.7037191492683927e-01  -1.3812601616573799e+00  -1.5418834971734547e+00   9.1002418028458343e-01  -6.0074674313130438e-01   1.0146696003319395e+00   9.6044693350863908e-01
   3.3595500000000002e-03   2.6845560891094722e-01   1.2723248838777219e+00  -1.7326388438821081e+00  -3.4366282641560220e-01  -1.1763231833743963e+00   1.1119413188545262e+00   1.0043223578445213e+00
   3.9259100000000003e-03   8.6739512964703547e-01  -6.7286878209095635e-01   1.8284348050048471e+00   8.5072794197555812e-01   3.4818538072950739e-01   9.7509401202437285e-01   9.4370621191680337e-01
   4.9633899999999998e-03  -1.0209170965930541e+00   4.0338039135883297e-01  -4.2239153907223836e-01  -6.5708789166773907e-01   1.3592599729158119e+00   7.0695455768081827e-01   8.1235695976115285e-01
   6.5373699999999998e-03  -8.6815513121512400e-01   9.4782899096106243e-01   9.0115924516758358e-02  -6.3060777718947059e-01   4.9376390373732232e-02   5.3543525853998286e-01   7.1563613348577482e-01
   6.7917000000000003e-03   3.6335022544335110e-01   3.4140936953756235e-01  -8.2784558816099668e-02  -7.5966642009875707e-01   1.0376060295541449e+00   5.2945687402527197e-01   7.1183313061569864e-01
   6.3775300000000002e-03   7.9519531779256680e-01   9.4885279847154125e-01  -2.9718806185233582e-01   1.2996041626183316e-01   5.8832990980262678e-01   5.2526221269532170e-01   7.0868263174332857e-01
   0.0000000000000000e+00   0.0000000000000000e+00   0.0000000000000000e+00   0.0000000000000000e+00   0.0000000000000000e+00   0.0000000000000000e+00   8.3471834193318351e-01   8.6800471512680000e-01
