   3.8142300000000001e-03  -1.7221184922070998e-01   2.7959578681417480e-01   2.1789273191455391e-01  -1.4522854964419487e+00  -1.0083802534394442e+00   7.3052976165814587e-01  -1.6398462252643407e+00   2.3659788010038527e+00   1.4867987056185470e+00
   4.8682600000000001e-03  -9.3946703212210936e-01  -6.5478881877851600e-02   6.6432452521622398e-01   6.9523420875367614e-01   1.1305481807013382e+00   9.6803299580948010e-01   1.1218967846090986e+00   2.0565281516429308e+00   1.3849397186622943e+00
   4.1685799999999999e-03   4.1735677795941706e-01   4.5397840948672621e-02   1.1720185265817431e+00   4.3243830788224613e-01   1.5464338513379510e+00  -1.0928991695457171e+00   3.2242254995926484e-01   2.0333267181966064e+00   1.3759486948274791e+00
   4.1302700000000001e-03   2.9283355425184193e-01  -1.8685578085440286e+00  -4.7998944741542549e-01  -1.1289752485631268e+00   5.0168174094182427e-01   4.0374369521534853e-01   4.5692331612074133e-01   2.0975112697149978e+00   1.3974204226227505e+00
   4.3265999999999999e-03  -1.6669365887007208e+00   2.5793629217085418e-01   1.6222995320952799e-01  -1.3645223545483427e+00  -7.6624336664813986e-01   2.0639685264667443e-01   6.8837311643811364e-02   2.0215854572000107e+00   1.3722172041779104e+00
   4.1775600000000003e-03   1.1196655693540087e+00  -1.0612583364787864e-01   6.5156454377900219e-01  -1.0488677692951032e+00  -5.6418476598761003e-01   5.6388107506875929e-01   1.4648778859636602e+00   2.0739838883811164e+00   1.3889670184085059e+00
   4.8415000000000003e-03  -1.4849570925453504e-01   5.9109143991591617e-01  -3.6319926857075269e-01   6.2067624614849171e-01  -1.3040507397159313e+00  -2.3537049391503401e-01  -1.6478835498188265e+00   2.0611088604224754e+00   1.3870160272145939e+00
   4.9877799999999998e-03   1.6188223711955974e+00  -3.1500872429201299e-01  -3.4898943121756737e-01   1.4191872856969709e+00   5.2884592291875465e-01   2.9301095000805277e-01  -5.4076382993321903e-02   2.0407410774215009e+00   1.3801910410711840e+00
   5.1119599999999996e-03  -5.5228788595217237e-01  -7.9239228150115537e-01  -2.6642616113924306e-01   9.4375045768533505e-01  -9.8375710507530922e-01  -1.0773259720178836e+00   1.1388930152665109e+00   2.0846514002392551e+00   1.3950214017086933e+00
   4.8803800000000001e-03  -3.9941165565500647e-02   3.6539354147682357e-01  -1.3282729813088507e+00  -5.2584683744698346e-01   3.5868970471294265e-01   1.4459110911998113e-01  -1.7169634547683410e+00   2.0406569509705252e+00   1.3800820225947610e+00
   4.6228399999999996e-03   9.0382303966180383e-02  -8.0846040382994588e-01  -7.4658984970713671e-01  -8.1873973491403540e-01   2.3702280852627253e-01   1.6334560413311661e+00  -8.4309922938966864e-01   2.0260389887670556e+00   1.3751301648975953e+00
   4.2212200000000004e-03  -1.4199994746627911e+00  -3.1480775639454256e-02   5.3665836582815585e-01   1.2930303132998882e+00   1.3933091280761833e-01   1.0859633696806612e+00  -4.9506055997378395e-01   2.0220477991845587e+00   1.3726423745556275e+00
   4.4079599999999998e-03  -5.7262531664899508e-01   7.1721794780913095e-01  -1.2836534276083835e+00   7.8689886239690221e-01   1.0477602681290450e-01  -1.2421157514989176e+00   9.4852160489293247e-01   2.0922624935697631e+00   1.3959545531429545e+00
   4.7308999999999997e-03   1.1547372370998501e+00  -2.9359451196029662e-01  -1.0696453470910006e+00   5.2745314716839320e-01  -2.4289871710942576e-01  -1.4761384879364599e+00   4.8323882882167407e-01   2.0431407494714842e+00   1.3805368615331304e+00
   4.3043200000000004e-03  -5.6378854067376183e-01   4.2873920156978412e-01  -7.3777815691104787e-01  -1.7115204440478629e+00   2.9112975190350771e-01  -2.7472942581922910e-01   1.2082272034464114e+00   2.0954238864430512e+00   1.3967065200842248e+00
   4.7444799999999997e-03   4.5341630225550122e-01  -3.5643978531044063e-01  -1.2046752056232588e+00  -8.9343085818179013e-01  -1.9819599019722520e-01   1.0795398502299842e+00   1.2001182969638893e+00   2.0104155615080090e+00   1.3695814715859536e+00
   4.7908500000000001e-03   6.7337229438136281e-01   1.4220495181352408e+00   9.8393692259094656e-01   1.1372714808610671e-01  -8.8629036976223641e-01   3.0211361267881959e-01   1.0191615753551870e+00   2.0661372886970355e+00   1.3885694224485050e+00
   3.7277000000000000e-03  -1.1019071367633897e-01  -1.1127512908847279e+00   7.3501032765186392e-01  -7.6952338794766795e-01   1.8491284805766524e+00   8.2165509514382196e-01  -2.5164291706653413e-01   2.3588504893042024e+00   1.4843519434630152e+00
   4.9633799999999999e-03   6.1398215133602729e-01  -7.5540668013683887e-01   1.1488707502860984e+00  -2.9221984372562182e-01  -1.0138727650996309e+00  -5.1249589182811084e-01  -1.3020387037339447e+00   2.0815132728692221e+00   1.3936343353624143e+00
   4.1478000000000001e-03  -5.5822217834814292e-01  -7.9763887003346345e-01  -4.6246542513187144e-01   4.9009430584748581e-01  -7.4402008085435165e-02   6.1415594349552161e-01   1.9469613270857675e+00   2.0719583105506016e+00   1.3884427902469068e+00
   4.1055700000000002e-03  -1.9151918426860997e+00  -8.0926959832732248e-01   4.6974839128257240e-01  -2.0211567991383086e-01   7.7921355242448198e-01   2.8966755845543135e-01  -1.1192961031973479e-01   1.9747512554128028e+00   1.3558380165160799e+00
   4.5599200000000003e-03   1.7578395352915201e+00   1.2114857617108930e-01   7.7868326379322439e-01   1.3579535719673072e-01   5.2367198282365079e-01  -4.0056867695496357e-01   1.0850811188973666e+00   2.0325589462906470e+00   1.3765290498991896e+00
   4.8906000000000002e-03  -5.6728986640449686e-01   7.7317411199860664e-01  -1.1286075637960324e+00   1.5805006968684174e-01   1.0139846544764515e+00   5.4089310788308032e-01   1.3002945957809915e+00   2.0340043427478012e+00   1.3773215766963787e+00
   4.8685000000000004e-03   1.2493928271079908e+00  -4.3853495590095642e-01  -5.7488666197030047e-01  -1.4828735618893749e+00   4.4742210925006742e-02  -7.1534656526791274e-01   7.2386658760379474e-01   2.0527703999468105e+00   1.3840311191584711e+00
   3.9545500000000003e-03  -5.7518346587339242e-01  -1.9383004268663684e-01  -2.1753820434358735e+00  -2.7954112899238981e-01   2.8313928745272798e-01   7.2743277055453670e-01  -8.1459209528350979e-02   2.1060525537250716e+00   1.3998394489340971e+00
   4.6839300000000002e-03  -3.9717796951530671e-01   9.0150657049790384e-01   1.0186379026601169e+00  -6.4856690013924168e-01  -1.2470890508639667e+00  -9.1631212999787082e-01  -6.8812920635752384e-01   2.0365462596840707e+00   1.3782226432967830e+00
   4.8698999999999999e-03  -4.6782220083688053e-01  -7.1385706432488827e-01  -1.2838808243377708e+00  -1.5953980728878565e+00  -4.9965214766813204e-01  -1.4649964177479932e-01  -3.2053219204294331e-01   2.0477880820094150e+00   1.3824742643361201e+00
   4.1355000000000003e-03   1.0062974030543939e+00  -8.5563822329151973e-01  -6.0145687413336368e-01   5.4829907821031698e-01  -5.3356148338224341e-01   1.6744992866661359e+00   1.9648979051288418e-01   2.0556968910075679e+00   1.3830289532513795e+00
   4.1479799999999999e-03   1.7222022456493651e+00   1.1050499034637080e+00   4.9994000223883622e-01   3.2463446200691082e-01   3.0724735158048777e-01   9.5029177717103253e-01  -1.4501077340190585e-01   2.0622656205472167e+00   1.3855705403554646e+00
   4.3458799999999999e-03  -1.5855504717532563e+00   5.6394711981233346e-03   6.3810596676899523e-01   2.6398231735343819e-01   9.5920991680071432e-01  -7.3611115867240817e-01  -9.0299175514009800e-01   2.0079011912482643e+00   1.3672541729074814e+00
   4.7708999999999998e-03   6.9719048371957537e-01   6.0353115298175153e-01   2.7816902060667181e-01  -6.0769041048458683e-01  -7.1984527909213847e-01   1.8846508710371994e+00   6.6954262086372091e-02   2.0534244738856566e+00   1.3841071197837802e+00
   4.8710200000000002e-03  -9.1180744134800407e-01   1.1983054072315527e+00   3.6738238954798628e-02   9.5105631194500007e-01   1.3653757824214134e+00  -4.4274407854441900e-01   1.3733824944484768e-01   2.0524965170166225e+00   1.3834270239169295e+00
   4.1057400000000001e-03   1.3958984536249097e-01  -1.9825910503640709e-01   4.3081724505804186e-01   1.6415856469191061e+00   1.1767047808472366e+00  -6.7245840152780356e-01  -8.5324628034580274e-01   2.0513680865792621e+00   1.3815762607127904e+00
   7.4136799999999997e-03  -1.9692877359390789e-02  -4.6804077821811491e-01   3.5585415018955424e-01  -3.1276381477098908e-01   7.9887296322822343e-01   3.3468264011404808e-01  -1.1284044870913522e-01   1.1042325837574993e+00   1.0369218589605227e+00
   4.2337800000000004e-03  -6.4186920904015954e-01  -8.6806467017311739e-01   4.2259261169670914e-01  -3.0477726718424404e-03   5.1260022040476916e-01   9.4519816629215525e-01  -1.6754687186476882e+00   1.9900564049227865e+00   1.3616590064284109e+00
   4.9038399999999996e-03   9.9790893097632782e-01  -3.2432487022993506e-01   6.1738751126037106e-01  -3.7088454636272650e-01  -1.4648031630028810e+00  -9.5795131437433811e-01   7.5024512062618420e-01   2.0432184884904290e+00   1.3808494905484865e+00
   3.9365499999999996e-03  -1.0067451918371730e+00  -6.6309272589410251e-01   1.2231692886154801e+00  -1.2564122959639861e+00   2.2939785187189543e-01   4.1216171807464524e-01   1.0413340270503821e+00   2.1240977178187461e+00   1.4063897894905881e+00
   3.9279900000000001e-03   1.7601920365381070e+00   1.0685421582838703e+00  -2.3752257737047713e-01   5.0514552234599408e-01  -6.5988175735289589e-01  -6.4544238426901579e-01  -1.9306050609935080e-01   1.9880142156642679e+00   1.3605300180298388e+00
   4.8316000000000001e-03   9.4741713586357179e-01  -5.6285677953045793e-03  -8.2248488511962614e-01  -8.2599134009951292e-01  -1.1854548570392001e+00  -8.4383896770878131e-01  -9.6561902377483033e-01   2.0473238619017913e+00   1.3822009535828796e+00
   4.1192599999999996e-03  -8.8595725313385931e-01  -4.5579711380029232e-02   2.9641903065782732e-01   3.0736114282151189e-01   5.3679839770476934e-01  -2.0066505602291271e+00   3.2927852289775372e-01   2.0143588559873971e+00   1.3692938295054473e+00
   4.8207900000000001e-03  -7.1015701553738397e-01   7.0927562612362494e-01   3.6801838248085778e-01  -6.6334703839340214e-01  -2.2944700059027481e-01   1.0746528395923889e+00   1.5818870905305908e+00   2.0433237622665956e+00   1.3806250197614052e+00
   4.8857600000000003e-03   3.2617130232384561e-01  -1.7183260803696137e+00  -3.9818719566929234e-01  -4.8514132490067186e-01  -4.5987544527022883e-01  -1.2580613821991669e+00  -1.9563585602133299e-01   2.0496389305722884e+00   1.3829564286058920e+00
   4.8419400000000003e-03  -1.6597007744923917e+00  -3.1265343975653742e-01  -8.6999856863533642e-01  -2.1191786649896180e-01  -5.6760234003324184e-01   6.4444935990389618e-01  -9.4002380484794112e-01   2.0475260594927160e+00   1.3818335494275160e+00
   4.8697899999999997e-03   1.0598142077908486e+00  -1.2267438119348488e+00  -2.5944484855451988e-01   2.9947461869129423e-02   1.4229356940742988e+00  -7.4583814588058639e-01   1.2819228101900079e-01   2.0516271128354462e+00   1.3834576827890677e+00
   4.2864699999999997e-03  -9.0558112165020865e-01  -5.3197626154988531e-01  -3.5870180020177833e-01   1.2823445673959075e-01   1.9775606808239925e+00  -3.8788969047128946e-01   5.3842746295908805e-01   2.0954345511096908e+00   1.3969162000127786e+00
   4.1747700000000004e-03   4.7898886803647517e-01  -6.2523872287840376e-01  -1.3149165408018901e+00  -3.9937508093356816e-01  -1.5047376949470159e+00  -5.3578340021836468e-01   7.6473679350812829e-01   2.0839808986070545e+00   1.3930923688412287e+00
   7.3619999999999996e-03   5.3713796822732385e-01  -4.9028920035885459e-01  -8.0441547705870919e-01  -9.4598101266073042e-02   4.0467580691636085e-02   4.4564997749395360e-02  -1.7756645238492461e-01   1.1020001434704618e+00   1.0359451575622276e+00
   4.4409200000000001e-03  -2.4789479765028541e-01   1.5643309164351422e+00   9.3654900114290729e-01  -1.3282986272051331e+00  -2.6320981964885498e-01   5.2946817344194308e-01  -8.2172767561449006e-02   2.0826889327573479e+00   1.3928512302517004e+00
   4.8098400000000001e-03   3.7807432689446913e-01   4.8663055789980236e-01  -5.2904091557032629e-01  -1.4515380093121086e-01  -4.7625854382333815e-01  -4.5726888169175889e-01   2.0455588676516347e+00   2.0465167263929338e+00   1.3818737277097000e+00
   4.8836499999999998e-03  -2.0233544645994339e-01  -9.2459642023649835e-01  -1.4841292368869474e+00  -2.9740669556819277e-01   4.6898249645330875e-01  -7.1839104237917217e-01   1.1421617998778753e+00   2.0363798161794913e+00   1.3780270660957605e+00
   4.8076799999999999e-03  -1.4327630980763386e+00   9.5825478420544868e-02   7.6421112633507871e-02  -1.0655982241713025e-01   4.2153044583188359e-01  -6.9339480892909178e-01   1.6167709544045619e+00   2.0704743162793418e+00   1.3894090965369870e+00
   4.2996700000000002e-03  -1.1194524319921429e-02   2.0392503626520733e+00   3.8852943166877651e-01   6.6761203340031705e-01  -6.4136581249818947e-01  -4.2416964274773900e-01  -3.8329319706503345e-01   2.0635377077969470e+00   1.3861389418070784e+00
   4.2593500000000003e-03   1.2107573568827303e+00   5.5316447033813965e-01  -1.7924416167992430e-01   8.0943108468092329e-01   1.0934093698529443e+00  -1.3062717435356919e+00  -3.2816110347616917e-01   2.0587447240158800e+00   1.3844103000231793e+00
   4.2570600000000000e-03   6.2182762225547406e-01  -7.6884473051584157e-01   1.3181421504861035e+00  -7.7603650391847478e-01  -2.9758281205857433e-02   1.2483550743651970e+00  -8.7067577396577978e-01   2.0998707370837910e+00   1.3983791042748552e+00
   3.9463399999999996e-03  -8.3717968679668853e-01  -1.5559772670541412e+00  -1.3347982503404263e-01   3.7667188423932479e-01   3.2080380825001720e-01   1.5241721310615066e+00  -5.5737823102809232e-02   2.0779023599753410e+00   1.3906534883585517e+00
   4.8127700000000001e-03   3.1290168802927237e-01  -4.9168719465279009e-01   1.6269318256966836e-01  -7.1635509502227201e-01   1.1970522179950773e+00   2.1389949132080827e-01   1.7136426559926872e+00   2.0441806585580684e+00   1.3809521189878580e+00
   4.3992199999999997e-03   8.0236825720061800e-01  -1.0818145824740475e+00   1.1086216853875634e+00   7.9738335424650941e-01   1.0546391853160790e+00   4.8108530800540450e-01   7.4418766623918964e-01   2.1030647798391566e+00   1.3994234892238535e+00
   4.2524299999999998e-03   2.8857311254333140e-01  -1.5805793774671730e+00  -9.3261118568053925e-01   1.3846789168467355e+00   1.7602522931207090e-01  -4.2639807380596739e-01   6.0375148415141980e-02   2.0876843886055103e+00   1.3941649234726476e+00
   3.8261200000000001e-03   2.5617288219653689e-01  -3.0787214845284067e-01  -2.5487032120833553e-01   1.5156664478908566e+00   1.0891846057681120e+00  -6.9311334214146991e-01   1.5515630465372139e+00   2.3949741389233234e+00   1.4964701627210630e+00
   4.9709799999999998e-03   1.3636696203013212e+00  -2.4428666575394742e-01   1.1658092016958819e+00   2.1695513547362150e-01   9.3970864682732069e-01  -5.5513003532785951e-03  -9.9653554458909410e-01   2.0408686351841188e+00   1.3796393256282178e+00
   4.3966500000000002e-03  -1.4028516767657906e+00   1.1202561409306795e-02   8.5202054683072559e-01   2.0788707312479468e-01  -9.9861344664416130e-01   1.7208215321807896e-01  -1.2794175856150392e+00   2.0517608747589411e+00   1.3823712317997472e+00
   4.1592399999999998e-03   4.0252486699385948e-01   2.3735734803952196e-01   3.2227063159832217e-02   4.2784271073185309e-01  -1.0244621469958106e+00  -2.0145524501925123e+00  -5.0194701803381858e-01   2.1227397751838510e+00   1.4066231465758998e+00
   4.6168499999999996e-03   8.1508400621258259e-01   1.5978564707599616e+00  -6.9761320212474198e-01   1.0619893063896300e+00   4.1913502302344269e-01  -6.9078592300909902e-02   6.6915077424175751e-01   2.0672441287683010e+00   1.3885954383397139e+00
   4.0293300000000002e-03  -7.2012564445297034e-01  -5.9944469135803602e-01  -2.6862517616993414e-01  -1.0626912552949792e+00  -1.0816245187078353e+00   1.5289041464206790e+00   2.7984818334948752e-01   2.0819268019297388e+00   1.3918592445886186e+00
   4.8775399999999997e-03   5.0765393355918675e-01   7.7307124173484154e-01   2.9008436596359533e-01  -8.8275218826594637e-01   1.0478438920725868e+00   1.1109697779407754e+00  -1.1275658981324501e+00   2.0548944562203983e+00   1.3849037385730110e+00
   4.9652500000000000e-03  -1.1460058498924865e+00   1.4291141778375662e+00   2.3983036962576210e-01  -3.2926073971956937e-01   3.1720272181406206e-01   9.6714167914823415e-02  -1.3183511455940318e+00   2.0824477127724990e+00   1.3942083832557355e+00
   4.8063699999999999e-03   1.3788928493792382e-01   2.0441354684399976e-01  -1.4230387321562452e+00  -1.8612284302721371e-01  -1.3944040043438943e+00   9.7848736719257723e-01  -5.0231737066401838e-01   2.0366097132596597e+00   1.3784313473573375e+00
   4.7020500000000002e-03  -1.5835778769536333e+00   8.9943453309739185e-01  -1.2355197320745373e-01   5.1929457094505593e-01  -7.8521747586034429e-01  -1.0514963135249404e+00  -1.9548806607931660e-01   2.0563524239868176e+00   1.3849082903066985e+00
   4.8292200000000004e-03   8.4060327363682552e-01  -7.5610939941685618e-01  -5.2439595652591831e-01   5.9828827177967792e-01   1.7240367296413078e-01  -9.5742515026137198e-01  -1.5604872705674027e+00   2.0477955178102794e+00   1.3821551042218951e+00
   4.7805499999999997e-03   8.6199263708472751e-01   6.7811111968549687e-01  -1.2947849822133359e+00   2.4823233762804431e-01   5.8769645256394287e-01   1.4073644614417087e+00  -1.4934557354188999e-01   2.0328790991644996e+00   1.3770806574548837e+00
   3.6992900000000000e-03   1.3035885937673914e+00  -1.1648517200182384e+00  -1.7987421292889338e+00  -2.2924464910437214e-01   3.4663972444008928e-02   1.8092957753159442e-01  -3.7808122909314057e-01   2.3482418145016837e+00   1.4809806811696855e+00
   4.1307300000000000e-03   1.0487754809438861e+00   1.6529430714885923e-01   5.6174649914986885e-01  -1.2793817824586344e+00   1.5337432333290122e+00  -3.6664467562644532e-01   2.3374295444416437e-01   2.0804492125743028e+00   1.3916524597841786e+00
   4.7030400000000003e-03   1.7011632883725842e+00  -6.3001098820550894e-01   1.9450152326441369e-02  -6.0780436048952646e-01   7.5168551218358637e-01   1.0716201263050522e+00   2.0459121353557869e-01   2.0589058116873251e+00   1.3860161727433302e+00
   3.8583300000000001e-03  -1.6013076907080153e+00   5.4538917288998245e-01  -1.3576390137314513e+00  -5.6695842638455207e-01   8.5707164698942817e-01  -8.3359571479691741e-01  -2.6090492883318250e-01   2.3866274794424132e+00   1.4934330421301845e+00
   5.0005600000000002e-03  -8.1791656908252219e-01   1.3127628134928671e+00  -1.3743301940442072e+00   8.7363231803004959e-01  -1.5139503317502695e-01   3.1033717290455809e-01  -3.8809366106407317e-01   2.0693526193210254e+00   1.3897072499077912e+00
   4.8098100000000003e-03  -3.7118438010864807e-01   1.6024999983516511e-01  -6.6815486808629132e-01  -9.1679694109965604e-01  -5.6898321422710663e-01  -1.7628193160693137e+00   6.1710979766612495e-01   2.0465409637879750e+00   1.3814436932726908e+00
   4.2937699999999997e-03  -1.1304190581330289e+00  -1.8732649517244013e-01  -1.4795025353156530e-01  -1.5108647848311676e+00   8.4978258773036630e-01   3.5188451929852965e-01  -1.0783454770649215e+00   2.0976214948360545e+00   1.3977490439823024e+00
   4.3343300000000000e-03  -2.0475871161892112e+00   9.0018839534522688e-01  -1.9681732160400517e-01   1.0985175162866208e-01   2.5691870624854696e-01   5.6604563805510855e-01   3.3226254034654762e-01   2.0857312424269048e+00   1.3936050157431004e+00
   4.8799799999999999e-03   1.0236317473920133e+00  -1.1606899999915141e+00  -6.1816472033975722e-02  -1.0051279171097940e+00  -1.2075040879599708e+00   5.9814419630220161e-01  -1.2870391666591963e-01   2.0315230328255844e+00   1.3766751856764299e+00
   4.2845499999999998e-03  -4.1345449599206485e-01  -9.1061706498081396e-01   1.2747452339333845e+00  -4.6640221957126338e-01  -5.9865270707770823e-01  -1.4969119952756180e+00   1.3221503960731595e-01   2.0496716736271829e+00   1.3818759794962276e+00
   4.2247800000000000e-03  -8.7170141671685097e-01   5.5579012477338186e-01   4.9368941735693211e-01  -4.7623929735667175e-01  -1.5385311602063736e+00  -4.5632401371346393e-01   1.1936934380445265e+00   2.0735247519567754e+00   1.3893073707436303e+00
   4.7836700000000003e-03   1.1599285265029853e-01  -2.0929185792018568e-01   3.6515908507969319e-01  -2.0474628910264800e+00   2.8738996402419309e-01   8.5371740439819943e-01   2.1058890816347869e-01   2.0189183303470926e+00   1.3727329712504646e+00
   4.9285700000000002e-03  -3.0905424189141972e-01   1.6913677501411977e+00   2.9917070475622681e-01   4.5237498608569143e-01   5.3017782761404741e-01   1.3098694493867020e+00   1.6196749047010989e-01   2.0491461126793555e+00   1.3828040672105588e+00
   4.6562200000000000e-03   6.3469159988322588e-01   1.7647663673988929e+00  -5.3449934418834066e-01  -3.8662943678926520e-01  -5.4785111959580413e-01   5.6794085236678926e-01  -7.8914334630156158e-01   2.0027367642169343e+00   1.3667341899258378e+00
   4.3485099999999999e-03   4.4931693343948792e-01  -7.7554621462054474e-01   3.3880442181454234e-01  -2.3709232333966548e-01   3.4580818202352970e-01  -1.5318053903651725e+00   1.4518962920405647e+00   2.0850797873475355e+00   1.3936911360162156e+00
   5.0807999999999999e-03  -5.1159488956858168e-01  -4.0833802681358966e-01  -1.7093887152223091e+00   4.4947336082824685e-01  -6.6589975011727465e-01  -9.3161203912550217e-01  -5.6994941196414550e-01   2.0532074863104648e+00   1.3838916201958333e+00
   4.3758000000000000e-03  -2.4275971131795263e-02  -1.2133806774903588e+00  -7.1386562886722660e-01  -1.9878164076373472e-01  -9.0855174409564343e-01   1.2936647669577633e-01  -1.6466812218152180e+00   2.0889947174508663e+00   1.3949831897739273e+00
   4.9684600000000001e-03  -1.2564642895307885e+00   2.0929301544566276e-01  -1.3058266916905927e+00  -2.0574313712729145e-01  -9.5706093160915429e-01   5.7822365667403994e-02   9.7282724224007300e-01   2.0475085496984211e+00   1.3822424763665475e+00
   5.0542699999999996e-03  -3.1553394139783877e-02  -9.4513244144130837e-01   2.7964192145278571e-01   1.7875802996013419e+00  -4.3550432108782128e-01   6.7213533321498331e-01   6.3533989035418592e-01   2.0499329744499901e+00   1.3830840988815609e+00
   4.8214900000000003e-03  -4.2141590559112274e-01  -1.6294406672064767e+00  -1.0696888326490346e+00   1.2547795996318689e-01  -9.3935717342368830e-01   5.0051323955096616e-01   3.1823785448925007e-01   2.0264797071269958e+00   1.3749224746899169e+00
   3.6749600000000001e-03   5.8506532661668476e-01   1.2778189926347663e+00  -1.6924074063241554e-01   1.1765665939194980e+00   8.9639335459335534e-01   4.3804551567176142e-01  -1.4803743479413216e+00   2.3613424781375576e+00   1.4850577718494073e+00
   5.0947700000000002e-03  -8.0331768591890695e-01  -3.2676876715499287e-01  -9.5766147617723424e-02  -7.8738800336826464e-01  -1.4544473821886611e-01  -1.2579128592975803e+00  -1.4944244382009684e+00   2.0680566139328098e+00   1.3892624484219183e+00
   4.5388299999999998e-03   7.9210773851845565e-02   5.7934661216566208e-01  -5.9755267668577927e-01  -4.8414009589630091e-01   1.4804184643803766e+00  -1.2012682045651251e+00   8.4076414246896702e-01   2.0158788652352873e+00   1.3710335241040663e+00
   4.3574499999999997e-03   9.3825181308245020e-02  -3.7859586213090568e-01   5.0506596395331704e-01  -1.9371344858423363e+00  -8.7617189460426281e-01  -7.4949259599192231e-01  -2.8946144895983295e-01   2.0949624172491825e+00   1.3968408231948433e+00
   4.3482700000000004e-03  -4.0580807263849877e-01   7.2052260238800181e-01  -3.0690432133797751e-01   3.5346838790037510e-01  -2.7458186806128781e-01   1.6035671127873552e+00  -1.4179835333653394e+00   2.0834119187428226e+00   1.3931930820289991e+00
   4.2040300000000001e-03   3.5131832202001206e-01  -2.8223941288991738e-01  -1.3977798854291170e+00  -8.1044614537327175e-01   6.6904813035856781e-01  -1.4110643493038195e+00  -5.9979722896454601e-01   2.0865172912674752e+00   1.3937609362847965e+00
   4.9419399999999997e-03   1.2144139903713579e-01   8.0453554266804742e-02  -1.5795137339409551e+00   8.6802437499194141e-01   1.3042812522483651e+00  -4.1487365338004040e-01  -2.3897823225026224e-01   2.0361685201284159e+00   1.3783017300179472e+00
   4.8409100000000004e-03  -6.5835850690755660e-01  -1.4768704548825595e+00  -1.0107971669319171e+00  -2.5455115003539486e-01   9.1170324485560428e-01  -1.5977211306656292e-01  -8.5274792202906979e-01   2.0444051262970171e+00   1.3808860185357628e+00
   4.8123100000000002e-03  -8.0848064877827686e-01  -1.6294194754394429e+00   4.8026026118293857e-01  -1.0474930096164294e+00  -4.6753228349846826e-01   2.3893957283238038e-01  -5.8606414759155090e-01   2.0334245554624752e+00   1.3772576126430160e+00
   4.0638100000000002e-03   1.1887179036412077e+00  -5.5642986119369930e-01  -8.2658429081747209e-01   9.4382259302071192e-01  -1.3984098702220580e+00   1.6352333371091873e-01  -3.8132322244918543e-01   2.0105398000521015e+00   1.3683093126221528e+00
   4.8805699999999999e-03   6.3465060531413775e-01   8.9846138107370932e-01  -1.7539458289802620e-01   1.4315885303330838e+00  -9.3885627080977696e-01   1.0589938260956500e+00  -1.6886158725183034e-01   2.0581737947443490e+00   1.3858233282368475e+00
   4.3333599999999996e-03   8.7362924199953551e-01   1.0508597002222229e+00   2.6316264667615497e-01  -5.3295845811428100e-01  -7.4808983238189242e-02  -7.6730201678210719e-01  -1.6635003426013961e+00   2.0884108355765423e+00   1.3950845186510816e+00
   7.4621799999999997e-03  -2.5744217712874851e-01  -5.0292284756023564e-01   6.9871723920848283e-02  -5.5398256150807312e-01  -3.7373102036687500e-01  -1.2777341354841798e-01   6.5372092988256003e-01   1.1079077319294663e+00   1.0386047494682000e+00
   4.7494099999999999e-03  -1.1160684430452623e+00   2.3092369015721245e-01   8.4987441291296628e-01  -6.1753419241590768e-01   1.5864621538031715e-01   1.6587759185357271e+00  -3.6943819279510703e-01   2.0460004742797375e+00   1.3814266480840338e+00
   4.3950300000000003e-03   1.1006848205952613e+00   2.1430816332223535e-01   1.9311254366025724e-01   1.4194004161966645e+00  -8.6203654839883359e-01  -4.1088488185919553e-01   1.1778657085166215e+00   2.1059749823569600e+00   1.4006857967499720e+00
   3.9965100000000000e-03   1.0965766105422565e+00   2.9813144354593846e-01  -1.0189974381772411e+00  -1.5832664436014281e+00  -2.2337091073879178e-01   7.6766633259627681e-01  -5.1437167869058165e-01   2.0864289500957542e+00   1.3936360276318629e+00
   4.8990900000000000e-03   5.2473221970336348e-01   4.4490351893222091e-01   1.6253318381498822e+00  -4.9034549318882004e-01   7.5050200349801088e-01   9.9746000531048540e-01   6.0091887150644374e-01   2.0507687913809614e+00   1.3833416693989273e+00
   4.5001099999999999e-03   6.4462927023788796e-01   1.7128635168991060e+00   9.4530774015391017e-01  -1.1906299020610796e-01   9.7224386496217008e-01  -2.3248095837136021e-01  -2.6082263379798565e-01   2.0286448770269834e+00   1.3751377448651856e+00
   3.8529300000000001e-03   1.1302761530239391e+00   1.1381411825272381e+00  -1.2194531440726691e-01  -3.2564596177658922e-01   2.4901396589871047e-01  -1.3650315502464967e+00   1.0059003048834581e+00   2.0604153844875874e+00   1.3845566117721919e+00
   4.1315199999999996e-03   1.4048649347565564e-01   1.0197590929213189e+00   4.5021978756658843e-01   1.4690566438949102e+00   1.0424467368395621e-01  -1.3257281066392586e+00   3.8843181957769102e-01   1.9942765950185126e+00   1.3625227424080864e+00
   4.3470200000000001e-03   8.0056589851227355e-01  -6.3659034136508652e-01  -6.0664814124846267e-01   3.1214531957515901e-01   1.4260179609607437e+00   6.4953784517178226e-01  -1.2551816274287095e+00   2.0799162188068592e+00   1.3916894618749760e+00
   4.7960299999999997e-03   2.2718123354322198e-01  -2.0880371953211266e-01  -2.8963969829831591e-02   3.6926100280229113e-01  -1.7304091573132605e+00   8.4668877874645143e-01   1.1791000884232856e+00   2.0511370977903214e+00   1.3834744090795916e+00
   3.9412700000000002e-03  -9.6823932741660546e-01  -2.8625846453432291e-01   1.6980983288087055e+00  -9.2562140156789252e-01  -5.7868337228446823e-02   1.0327967769466914e-02  -8.8993657038567298e-01   2.0405323185016466e+00   1.3780163997373176e+00
   4.0163700000000000e-03   7.0234019005162998e-03   2.0581722082105205e-01  -1.0847355464455664e-01  -5.9398095931976980e-01   1.1325282985222898e+00   1.9011462138468802e+00   6.5208966427548876e-01   2.0852772276245273e+00   1.3933671941652708e+00
   4.3170900000000000e-03  -2.7541172411979598e-01   6.1046471933412039e-01   1.4984146759501822e+00   5.2179755459935984e-01   1.9360898197555021e-01  -1.1697082354214654e+00  -1.0010286702094171e+00   2.0200406095493659e+00   1.3719620993876074e+00
   4.9002700000000000e-03   1.4185954645184735e+00  -4.7017217760101197e-02  -1.7487959719939625e-01   4.7074304535247018e-02  -4.3653693626001527e-01   8.8882216587063700e-01  -1.5102961624469649e+00   2.0537883300816038e+00   1.3843787450346619e+00
   3.9139900000000000e-03  -1.2712384245799186e+00   1.2582691347711275e+00   1.7494517417586539e+00   2.0759111365267793e-01  -1.1499078376442933e-03   3.9273258279420624e-02   3.9054195996756297e-01   2.3844543544701509e+00   1.4924240308356767e+00
   4.9463900000000002e-03   8.1426898680126614e-01  -9.1663803538700883e-01  -3.4177510915660139e-02  -1.3473353445185308e+00   5.0231252342054444e-01  -1.6282489937313049e-01  -1.3154591012241168e+00   2.0674803911491044e+00   1.3890143832667718e+00
   3.9906500000000001e-03   1.8089464801976346e-01   1.4550701491351210e+00  -9.6727185189829079e-01   8.6438019551993178e-02  -8.1707966421608913e-01   9.8327639707544079e-01   1.0175421993887932e+00   2.0885853735092841e+00   1.3945612998392041e+00
   7.3773099999999998e-03   4.7584233895455724e-01   6.6033275830051597e-01  -1.0076574840634009e-01  -4.7875756380361834e-01   2.6285569883405596e-01   2.2325150395035945e-01   4.5730090608509799e-01   1.1060468540135329e+00   1.0377595463250004e+00
   4.7597500000000001e-03   4.3624655452461625e-01   8.4942745323861069e-01  -1.8964095037697641e+00  -6.6140848290485132e-01  -1.6502421799941372e-01  -3.2182591579517489e-01   4.3893798240309118e-01   2.0349396832057325e+00   1.3778554555590190e+00
   7.5305800000000003e-03  -4.5900901342233041e-01  -6.4308536434435415e-01   1.0490648644418779e-01   4.9642689116643157e-01  -2.4247805425849853e-01  -2.4890119365136124e-01  -4.3156271237000365e-01   1.1100836764599467e+00   1.0394700959273029e+00
   4.2222900000000001e-03  -4.0704952282256213e-01   8.7305475029610435e-01  -5.1405157102858801e-01   6.8831333420579588e-01   4.1353900032236429e-01  -1.3454476894193672e+00  -1.2954107706432436e+00   2.0048010659728535e+00   1.3662029603934631e+00
   4.2350199999999999e-03   1.3483413195256561e-02   1.6684337991434361e+00  -9.6922062795799480e-01  -3.2588272012187880e-01   1.2755240726597945e+00   4.3830785210005460e-03  -3.8327917097231773e-01   2.0824427475037055e+00   1.3926914706996258e+00
   3.8273199999999999e-03   1.2239968968384798e+00   8.6112690955284810e-01   1.4694153339325189e+00  -1.2802561088481998e-02  -4.2368973164757834e-01  -1.0500497406380414e+00  -7.5229973818316948e-02   2.0708710652325513e+00   1.3878992067750926e+00
   4.2909000000000003e-03  -3.0458167823912491e-01   3.4470357425387610e-01   1.2889215110697194e+00   8.5314515647388955e-01  -6.4537856602100618e-01   1.4757619055256153e+00   6.0806451578775578e-01   2.0848354162910971e+00   1.3931454676086132e+00
   4.8882400000000003e-03   7.1989608115029080e-01   4.8570407215489964e-01   7.0039415260745710e-02   4.6499952625484198e-01   1.9952623154756466e+00   5.1541173672076990e-01   3.0857907702816956e-01   2.0613558863443369e+00   1.3865791255766056e+00
   3.7588700000000001e-03   9.3364279232932590e-01  -2.1322318750722444e-01   5.7275263822776024e-01  -8.1180621306947465e-01   4.3137392475877573e-01  -2.0072874351708516e+00  -5.5252679776835434e-01   2.3351611492907867e+00   1.4767157285099304e+00
   4.2817799999999998e-03  -7.9282424998590062e-01  -3.7957841223134631e-01   1.2642753814472261e+00   1.5110584728689236e+00   3.5668463855707588e-01  -5.6250310382946522e-01   6.1128356790206484e-01   2.0605861640309397e+00   1.3851627153149728e+00
   4.7572400000000003e-03  -7.5775446758397613e-01   1.0609000096434116e+00  -9.4003318563724858e-01  -1.1551430416334934e+00   9.4711363009809896e-02   1.1830024351236392e+00  -1.1418145672204702e-01   2.0453037386257731e+00   1.3811986762705000e+00
   4.9121399999999997e-03  -9.4664607922319410e-01   2.7229221080784277e-01  -6.5018195187102479e-01   2.2183984018524816e-01   1.4882530783738617e+00   1.0874922640764200e+00  -6.5200931822316832e-01   2.0460318295087139e+00   1.3816519641767298e+00
   4.1262199999999999e-03   3.9894966556332356e-01  -8.1644650885163969e-02   2.2498686921460043e+00   8.0865066823561718e-02  -1.5329865874269016e-01  -3.3619861727988321e-01   2.7588554101403401e-01   2.0384639000091775e+00   1.3774358684003913e+00
   4.1180000000000001e-03  -1.4178463097696716e+00   4.6709455795498245e-01   6.0841745554561277e-01  -1.2494892666380104e+00   1.0099012579897827e-01  -1.0785213722673126e+00   7.7552737097495078e-02   2.0032002486911686e+00   1.3653851810328088e+00
   4.2196899999999999e-03   1.1506269215607341e+00   4.0387000987841060e-01   7.4957598994578378e-01   1.3006392057377143e+00  -5.8026411367255515e-01  -5.1999734983802848e-01  -1.0447526035187213e+00   2.0270080094397493e+00   1.3740733459503587e+00
   4.7763299999999996e-03   1.5262723582105314e-01   5.7105922918994401e-01   1.1405179851456080e+00  -1.3676073817285277e+00   5.4993959695948523e-02  -7.4757856920223986e-01   1.0939900908100504e+00   2.0421613792460018e+00   1.3799628608143759e+00
   4.7049099999999996e-03   2.5490575617301070e-01  -1.3467826611951572e-01  -1.1989698647803597e+00  -1.1821005518314571e+00   1.5287545565128193e+00   3.5591299608834065e-01   2.6903767766533894e-02   2.0481186270162013e+00   1.3824031447276248e+00
   3.7430599999999999e-03   9.8381848622711421e-01   1.4937507845263678e+00  -2.4451130307214655e-01  -1.1662297854758150e+00   6.7421025583501404e-01   6.3829559901773902e-01   1.0209210289720265e+00   2.3571159753628210e+00   1.4838834447970601e+00
   4.4400300000000002e-03  -8.2152342439369808e-01   1.0478101395121868e+00  -1.0203696125741908e+00  -8.9630514603562395e-01  -1.0344317171945181e+00  -4.9320669354262830e-01  -8.0328774675162162e-01   2.0993008317071196e+00   1.3986326558218780e+00
   4.5324700000000002e-03  -9.8619861926294028e-01  -1.3769514275411654e-01  -6.6799958931352965e-01   1.3452727093513908e+00  -1.4549891463254283e+00   3.4908461799589374e-01  -1.6344486375874853e-01   2.0931739796861484e+00   1.3965112486328426e+00
   4.8719599999999998e-03  -5.3405435000000789e-01  -9.0093745924855451e-01   6.0335497112035390e-02  -1.4536119198795827e+00   9.9872734779479821e-01  -1.0332374217002727e+00   1.7586812873999888e-01   2.0586804418783613e+00   1.3858861832996581e+00
   7.5099499999999996e-03   6.3872902067550044e-02   4.5920975832979899e-01  -3.5361513740029776e-01   2.6560228522970702e-01  -8.0996080664592540e-01  -3.4728614609853176e-01   1.6233372162355439e-01   1.1114634810949222e+00   1.0402131856677854e+00
   4.8542300000000002e-03  -9.6159442789644201e-01   1.2092599541842146e+00   1.9510279411060796e-01   5.4327439838236694e-02  -1.4506177195772898e+00   8.9649917239324706e-01  -1.2295894031076608e-01   2.0637629886178268e+00   1.3876046502602817e+00
   4.7571100000000002e-03   5.9503323748970338e-01   7.4452342115807968e-01   1.2682819257700748e+00   1.5476062307231484e+00   4.8470110908424036e-01   3.0745327419298318e-01   3.2624546003153532e-01   2.0600945158283368e+00   1.3860506760895817e+00
   4.3906099999999997e-03  -4.8046925761380421e-01  -1.0983338483559819e+00   2.0546835365839644e-01   1.2438337509275137e+00   1.4017283340264441e+00   3.0683012187114594e-01  -3.8399210304823467e-01   1.9913832807843876e+00   1.3621680102942482e+00
   4.1807700000000003e-03  -1.6357367319331931e-03  -1.6890100958072449e+00   1.0279472214400094e+00   1.9648686076549438e-01  -1.2049219531019235e+00   4.9674713772359658e-02   4.9449734214247099e-01   2.0923002196990161e+00   1.3958884073484537e+00
   4.5371700000000001e-03  -5.2834398558797835e-01   4.7979578464414935e-01   1.3786648305179878e+00   4.5551987974596331e-01   1.4243282820355794e+00   5.6410858158310706e-01  -7.6120347751900985e-01   2.1041366543636837e+00   1.4001721269084559e+00
   4.0444799999999996e-03  -1.0110567598405942e+00  -6.0096563276709891e-01  -2.5956225506657432e-01  -3.1322786500375993e-01  -1.5546811906319062e+00  -1.1627195300891824e+00  -3.7528504634769300e-01   2.0292431518904643e+00   1.3740522762558687e+00
   4.2764500000000002e-03   2.0716742342987886e+00  -8.0656246350144722e-01   1.2332203793593019e-01  -1.1770476556528309e-01  -3.1643078885623527e-01  -6.2807725601848152e-01  -3.9235985747188440e-01   2.0941326605496466e+00   1.3964948312854850e+00
   4.9858899999999998e-03  -9.0497367306016308e-01   8.8918967829933770e-01   4.3683664712470521e-01  -1.0055483767242726e+00   1.4873833920159110e+00   2.8061163672790479e-01   3.9115220209552726e-01   2.0491577375017607e+00   1.3827792086292172e+00
   4.5738300000000001e-03   1.3986940089735933e-01   1.7239527682162206e-01  -7.1645041839930845e-01   2.0018566109591549e+00  -3.6101879220851091e-01  -7.2051513583012028e-01  -2.4580958677499865e-01   2.0215849791720917e+00   1.3726133482420575e+00
   4.9750799999999998e-03   2.8403004297017115e-01   9.7363536094323078e-01   1.4756425466395413e+00   2.1604182559137652e-01  -4.9145873536037066e-01   8.1024265962457165e-01  -1.0753757705766758e+00   2.0665180822986677e+00   1.3887396600103887e+00
   3.5237699999999999e-03  -1.2096783046191739e+00  -1.8100893733099195e+00   1.5938157584815110e-01   9.2851520953000166e-01  -4.8410492506100633e-01  -1.2815484080014677e-01  -7.6341366332858118e-01   2.2982175053247329e+00   1.4636116294978214e+00
   7.4787100000000004e-03   3.9029184935848038e-01  -6.6471806232347372e-03   2.9266227460356531e-01  -2.9369438540814641e-01   1.1467277747495883e-01  -9.0377003540022927e-01  -2.2100920129204490e-01   1.1101988353590873e+00   1.0395558788470201e+00
   4.8214699999999996e-03  -1.4741066418071691e-01  -6.0701320269275182e-02   1.5284316047748066e+00  -8.7108492484887001e-01  -1.3086893422732677e+00   6.0728579645210112e-01   2.6684554155893214e-01   2.0437786661445725e+00   1.3806121123966724e+00
   4.0694900000000003e-03  -6.9371563204755704e-01  -1.1127648102698178e+00   1.6831543186803106e+00   2.5932403974200968e-01   2.1908646166412121e-01   8.1422097502891222e-01   8.8523681074948263e-02   1.9770400143079452e+00   1.3567180931942380e+00
   4.8350299999999997e-03   8.7494131218629245e-01   3.3316184425525558e-01   5.1081239640266556e-02   7.4517546696630022e-01   2.6088735877805408e-01   1.2380922034824962e+00   1.5130294673178795e+00   2.0494365976894056e+00   1.3830656846069627e+00
   4.4188400000000003e-03  -7.1166530581129470e-02  -6.3183125952488994e-01  -1.3208311327424742e+00   1.1452691883010873e+00  -2.5771493058119082e-02   9.7705317640029998e-01  -9.3598658463309281e-01   2.0071641654373935e+00   1.3680253573251901e+00
   4.9172900000000004e-03   8.2804102739197583e-01  -1.9080493617962089e+00   2.7496659041399185e-01   4.0116923703698948e-01   9.7025746752457231e-02   4.7880582716088477e-01  -6.9029898380402910e-01   2.0492891099021211e+00   1.3828101554662489e+00
   4.6333199999999998e-03   3.1902482768893425e-01  -1.0714263542111504e+00  -9.2707690300871504e-01   5.2055307365496795e-01   1.2065870271875661e+00   1.0166983179834665e+00   6.7961883016778468e-01   2.0311252852963682e+00   1.3764051442391230e+00
   4.6831399999999997e-03  -1.9160003476527593e-01  -1.4455073996125281e+00   1.0060480433235197e+00  -4.2143984024806791e-02   8.3382497412888879e-01  -8.4773940304461903e-01  -9.5369103188767890e-01   2.1003574247282710e+00   1.3992331614988118e+00
   4.2941200000000002e-03   9.5757757637632612e-01   6.3774328720736395e-01   4.5964145143423824e-01  -9.9077567320301305e-02  -1.9137228007978455e+00   3.2812339660090079e-01  -5.4553565644098823e-01   2.0902369734048123e+00   1.3954778388868077e+00
   4.9541500000000000e-03  -6.3619366146761747e-01  -1.8296367835335330e+00   3.5700215153117854e-01   2.8086748987857346e-01   5.7115211872809435e-01  -3.8567777589661195e-01   8.8209996358828946e-01   2.0412948753227145e+00   1.3800290193609479e+00
   4.9848200000000000e-03   8.3670735838598886e-01  -1.0344214768487348e+00   8.9993513068424646e-01   1.1189848099174673e+00  -3.0043414145671084e-02  -1.1878743488306907e+00   1.7023616576911527e-01   2.0575672452629195e+00   1.3857292290813206e+00
   4.8149500000000001e-03   3.5694578348896322e-01  -7.7713888184559279e-02  -1.6291015366583412e+00   1.1506183926499833e+00  -4.4917980593403961e-01   3.5708897684036317e-01   9.5822508563066011e-01   2.0556733219453509e+00   1.3850801701433366e+00
   5.0282000000000000e-03  -2.3185210063339629e-01   2.1724340250773957e-01   1.1643075499143964e+00   1.1304713522627425e+00  -1.5532070902485309e+00  -3.0420885402627013e-01   7.5446851842767157e-02   2.0586472768398063e+00   1.3861284099555116e+00
   7.4408800000000004e-03   6.8771875795001691e-01  -2.3387869007643552e-01   5.7383529674647860e-01   2.8575467106694047e-01  -3.9006217994631265e-01   3.2884655665149654e-01   7.9263608785237152e-02   1.1044556954764906e+00   1.0370409177525484e+00
   4.4120200000000000e-03   3.9352015480364211e-02   1.1847697248062243e+00   7.6554096221387624e-01   2.6455000744087409e-01   9.5318264743559733e-01  -2.3237318092411774e-01   1.5842159271450895e+00   2.0894471826844798e+00   1.3952863435033029e+00
   7.5006200000000004e-03  -5.6312573393175103e-01   4.9897487558431508e-01   7.8644444199481212e-01   1.0316619773325882e-01  -2.5248671431566758e-03  -1.1155503467480154e-02   1.9531285468386952e-01   1.1136770072257074e+00   1.0412517079022074e+00
   4.8980100000000004e-03  -1.4204835382325648e-01  -7.2833693629331153e-01   4.8209711966768864e-01   4.5595375146871281e-01  -1.3078291453128295e+00   1.3635439025958658e+00  -7.8311153008671219e-01   2.0263559973969998e+00   1.3745214082853010e+00
   4.9097200000000002e-03   1.1729009757513655e+00  -1.4262340543437944e+00  -2.6307521799334355e-01   3.2127050819598807e-01  -3.1841776506962377e-01  -1.7667169855500348e-03   1.2665801933969025e+00   2.0466690362458033e+00   1.3820240503779295e+00
   3.6443800000000000e-03  -8.1725274743151621e-01   1.6301220007281500e-01  -8.5167664811606836e-01   6.7611108359277194e-01  -3.4950342760947056e-01   2.0401151414669978e+00   5.7493553912028117e-01   2.3334103507919282e+00   1.4758926643375117e+00
   4.2514099999999997e-03  -1.1762835148039130e+00  -1.4045100445360306e-01  -8.1296473013826620e-01   9.6865729247062926e-01   4.7296681659005724e-01  -1.4583354732197537e-01  -1.5246916115445632e+00   2.0876573233356233e+00   1.3940657012666331e+00
   3.9877599999999999e-03   3.4622468639905063e-01  -5.7493900998625103e-01   1.5283284722734830e-01   1.6867940457076491e+00  -3.1366317976077729e-01   5.8046487545140091e-01  -1.3704433111450736e+00   2.0725261267650348e+00   1.3886843408458924e+00
   7.4549799999999999e-03  -7.7487517225862154e-02   1.3351173145531933e-01   1.0408368268686150e-01  -6.5102081915442556e-01  -4.2843252378851499e-01   2.9445431021317925e-01  -7.0813047809877638e-01   1.1079256912892170e+00   1.0386574496333751e+00
   4.6256099999999996e-03   6.8198921918791233e-02   9.1970592524997286e-01  -4.0661726212063942e-01  -1.8653937359596435e+00   4.3664430145910749e-01  -6.0922217762200837e-01  -5.6354901276297054e-01   2.0473741219093586e+00   1.3819116966427865e+00
   3.7286799999999998e-03  -4.8121139879471797e-01  -1.2339172227276036e+00   1.3690706745633413e-02  -1.2294244792585749e+00  -9.4859256599963315e-01  -3.3546864263731790e-01   1.5099844090050787e+00   2.3640382179253234e+00   1.4860737551700389e+00
   4.5149700000000001e-03   2.0269307584215748e-01  -1.1679732557324338e+00   6.4833062992112056e-01  -3.2321686917651454e-01  -1.0121877854639692e-01   1.5222628148754596e+00   9.9558481406189059e-01   2.0016914704926290e+00   1.3658555502937746e+00
   4.1400800000000000e-03   1.3783325178087305e+00   8.7454511908426943e-02  -1.2269496920424336e+00   7.3357436272977875e-02   9.4977717907546144e-01  -4.6678967153593175e-02   1.1654398817344325e+00   2.0926208765891170e+00   1.3959758155614892e+00
   4.8860900000000001e-03   4.8756299775642159e-01  -1.6445173988596765e-01   6.1009344986774294e-01   8.5702733963443278e-01   6.8049629889187835e-01   1.7928110434575530e+00  -4.8517288655684432e-01   2.0477157486871698e+00   1.3822177386424888e+00
   4.9335700000000000e-03   8.7143419257787602e-01  -1.2740581919068972e+00   1.2765041236485242e+00  -9.5207764203671785e-01   2.1278218006204525e-01  -3.0600122653585177e-01   3.5762436278334209e-01   2.0339635384165446e+00   1.3773314391940865e+00
   4.6052400000000000e-03  -1.5915404274763485e+00  -6.4976184295179762e-01   3.8689804717899223e-01   3.5634877495955669e-01  -9.5761756777869511e-01   7.0354097352305556e-01   8.2382532914963724e-01   2.0386855315866055e+00   1.3788148788364849e+00
   3.9729099999999996e-03  -1.5837791571580873e+00  -1.5961695229669010e-01  -2.9256360716459490e-01   1.5428559500806605e+00   2.5119376315880981e-01  -6.5954513434047191e-01   2.5577062901640302e-01   2.0511169853475484e+00   1.3815121857162576e+00
   4.0393299999999998e-03   8.0103668039668940e-01   1.3409456865957843e+00  -1.5799114997511583e-02  -1.1218146093643129e+00  -9.8303718330585410e-01  -8.6036633714515964e-01   2.7490254794773844e-01   2.0365876398331024e+00   1.3765361526011473e+00
   4.6921999999999997e-03  -1.5320032921769444e-03  -3.7109684765770701e-01   1.3188753786511382e+00   4.0492409847204414e-01  -3.5911748237784685e-01  -3.5379758538367133e-02   1.7982230572372639e+00   2.0721108073742633e+00   1.3899889777740346e+00
   4.5681500000000000e-03  -1.3061303611952175e+00  -7.2112830147442553e-01  -6.8799012126963011e-01  -9.5389442643344791e-01   6.7519846904457248e-01   8.3197812416482608e-01   7.8169979640526499e-01   2.0350091474562357e+00   1.3777208810213502e+00
   4.1222200000000002e-03   9.9622613735265475e-01   6.5240374714393035e-01  -1.6289939284811346e+00   8.0110474849289726e-01  -2.6925555897255360e-01  -1.6144885946795104e-01  -9.2668475792443228e-01   2.0950075029745623e+00   1.3963785707389784e+00
   4.3372599999999999e-03  -1.7751075342257833e-01   3.9450751479936913e-01  -5.3422631271640941e-01   1.9021714264275575e+00   8.3745180196964408e-01   8.7469181052000866e-01   2.4380268204284705e-01   2.1000456137005497e+00   1.3985550414012546e+00
   5.0769800000000000e-03  -8.0172199085605422e-01   9.4241747926220809e-01   4.2759376096588350e-02   1.3446319442501540e+00  -5.1134119054308003e-01   2.0652800451839498e-01   1.2877327649386987e+00   2.0761695894941870e+00   1.3921131094914501e+00
   7.4501599999999999e-03   2.1854385827979889e-01   5.2488057445797731e-01  -5.3113422272947540e-02   5.4620626815019424e-01   3.7671215526008117e-01   1.3464655093174613e-01  -6.4530549685250460e-01   1.1053895403318819e+00   1.0373632196992415e+00
   3.8597800000000002e-03   1.5982147868099592e+00  -5.2526204876315474e-01   1.2935985559524417e+00   6.4687204564322809e-01  -8.8560305175106713e-01   8.0921480343064989e-01   1.7924890122693721e-01   2.3421957983284787e+00   1.4790419934850576e+00
   4.1478399999999999e-03  -7.2696618608785768e-01  -3.2085186056930548e-01   1.5224120145555580e+00  -3.5462533809168084e-01   1.2062760377104966e+00  -6.8236884398524267e-01   6.6407725076271107e-01   2.0321229642395839e+00   1.3755357156189305e+00
   4.0080899999999997e-03  -4.2068930739198379e-01   1.4463137287826839e+00   5.3566637184584109e-01  -5.4957949352541502e-01   6.7845757647994065e-01  -1.5071681756102919e+00  -1.8636158449441548e-01   2.0768181745774843e+00   1.3897580456994638e+00
   4.6884400000000003e-03   1.5153486775622138e+00   4.9227352056408114e-01   9.0027372301534803e-01  -1.2789378192293230e+00  -3.7593544088637543e-01   1.6716454248306387e-01  -3.7482305652568831e-01   2.0313058847848233e+00   1.3763312160601464e+00
   4.8358600000000000e-03  -7.6416393624310242e-01   1.8824543626878811e+00  -3.1215105868348197e-01  -4.5492597775598476e-01  -1.4136807841988763e-01  -4.1093878834058983e-01   8.0856413751901313e-01   2.0425845853590596e+00   1.3803949569904266e+00
   4.9801600000000000e-03  -6.2709334330415215e-02   1.8665304360750284e-01  -2.7693860426039239e-02  -3.4622539149573589e-01   1.7900649003871554e+00  -7.3878043317752806e-01  -1.1578350034198257e+00   2.0550074622155892e+00   1.3844913518395057e+00
   4.5457300000000004e-03   1.8275712185016699e+00   3.8768561135881541e-01  -7.2760663233651690e-01  -2.0890235414247835e-01  -8.7047708790286671e-01   4.7444524845764896e-01   6.4111805651374831e-01   2.0605339661504303e+00   1.3863655361060070e+00
   4.0586299999999997e-03  -9.9990231742403419e-03   9.0145606197968332e-03   6.6004677655510291e-01   1.5076614974018601e-01   3.2102882665856436e-01  -8.9595712535206776e-02  -2.2339757722185816e+00   2.0543330276767264e+00   1.3829055633970100e+00
   3.6864300000000001e-03  -6.8815343258454742e-01  -5.7945079835760827e-01   4.7986389574454108e-01   1.2273021447474191e+00  -5.9052306253135078e-01  -1.3942081950354466e+00  -1.0715316278013585e+00   2.1481133239372734e+00   1.4140893239254915e+00
   4.0414300000000004e-03  -3.4902411618265392e-02  -6.9888997088802651e-01   1.6833550298528657e+00   1.1329797446242573e+00  -1.5452792742360608e-01   2.3229711818813328e-01  -9.0584450945026784e-01   2.0371117064048994e+00   1.3768039782047792e+00
   4.2481000000000003e-03  -3.8494693710013861e-01  -9.4234737461485074e-01  -6.3569217968734548e-01   6.4835026876522783e-01   8.0332442266163873e-01  -1.7014211312140031e+00  -2.3416421611175406e-01   2.0510396831425952e+00   1.3819049386626312e+00
   4.0952400000000000e-03  -4.7713629205973485e-01  -5.0980570153674720e-01   5.5230249999355923e-03  -4.6371222972739728e-01  -2.1486661779808127e+00   1.5856784099786433e-01  -3.1834189828854115e-01   2.0205933035584844e+00   1.3715011265139609e+00
   7.4059499999999997e-03  -6.9969526873752730e-01   2.3510289368229217e-01  -5.8316115675766378e-01  -2.6203750652585295e-01   3.8090526013310061e-01  -3.5449167381505753e-01  -9.5861294191990423e-02   1.1071874631880416e+00   1.0382756023760669e+00
   7.4410600000000002e-03   8.8221043946700883e-02  -1.2284848270314763e-01  -8.6823683107919478e-02   6.4171006675547804e-01   4.6100177756317529e-01  -3.0236340996556488e-01   7.0415983106385516e-01   1.1115360438093980e+00   1.0402464030616851e+00
   4.6495199999999999e-03   1.7155893178073605e+00   5.9554123515440305e-01  -7.2414743666301418e-01  -5.0882731071078702e-01   8.5433356065611932e-01  -2.7750588880296684e-01  -6.3657107686956060e-01   2.0299010722915742e+00   1.3758176264971536e+00
   4.2957799999999999e-03  -1.3684946838764376e+00  -6.8942298745790165e-01  -1.2505266553440548e+00   9.6435820751605938e-01   4.4217777047130780e-01   2.8166711159739954e-01   5.1904690208162696e-01   2.0229704645233397e+00   1.3727368368162076e+00
   3.9668200000000002e-03   3.0131907931980717e-01   1.4203040685227470e+00  -1.0282829003929770e+00  -9.9123672807068852e-02  -1.0201425422247062e-01  -1.4073799815528873e+00  -4.4189075393686289e-01   1.9804727646127775e+00   1.3578090635845514e+00
   4.1389499999999997e-03  -8.3911715049936764e-01   1.0101976533016233e+00   5.7123393163331626e-01   1.6642735826322588e+00  -2.4823872502498340e-01   1.0783647063438939e-01  -7.9215911587449184e-01   2.0480879994664640e+00   1.3811557164676014e+00
   3.8307200000000001e-03   1.0759494684108654e-01   1.0625300956975008e+00  -8.5865685835164085e-01   6.0531751242974208e-01  -1.8628335058545458e+00  -7.2250993739056946e-01   4.5902573527136503e-01   2.3633025793055848e+00   1.4855008523316346e+00
   4.1722000000000000e-03  -2.2128870531990572e-01   7.5048845291408750e-01   9.3938054062867482e-01   3.0342365808796895e-01  -6.0429503830698050e-01  -1.5014537069912541e+00   1.1176849676512948e+00   2.0340545815906768e+00   1.3762513730943542e+00
   4.4502200000000004e-03   1.4100708414776109e-01   6.5012254311524964e-01  -3.9766977320655406e-01  -1.5090303760616961e+00  -1.4078551849738346e+00   3.8124059760648260e-01   6.0490119084474148e-01   2.0248792835883798e+00   1.3742051240359989e+00
   4.2636200000000001e-03  -1.7080461157657103e+00  -1.1060442666647050e+00  -5.7459996043163508e-01  -3.6134242159433527e-01  -1.4535276307473000e-01  -9.3292845408662095e-01   2.3307784601800746e-01   2.0830698581428502e+00   1.3927053843833617e+00
   3.9663299999999997e-03   4.5120129859883984e-01  -1.1617945560738363e+00   3.9265357056613638e-02   9.3369646299740705e-01  -1.5855087905435501e+00  -6.8774149134664297e-01  -3.8796492473992250e-01   2.0532730208375405e+00   1.3821242497812993e+00
   4.3295100000000000e-03   1.0158528955527457e-01   3.5317916997488907e-01   1.4553028662752723e+00  -1.2581423606353503e+00   7.6859519631274109e-01  -3.8039342006560284e-01  -9.0492828593002961e-01   2.0332835751260694e+00   1.3762674039599276e+00
   3.8995800000000001e-03  -1.6371918120245335e+00  -4.5206669026703028e-01   1.2532524516189405e+00   2.5124353667716925e-01  -7.1319043795951831e-01  -6.6321933882649575e-01   3.3314796039181033e-01   2.0487359800454632e+00   1.3807744197761818e+00
   7.3839099999999996e-03  -3.6271183358908710e-01   2.5514927535019365e-02  -3.3951111195324052e-01   2.7296124947708827e-01  -1.4428199565063363e-01   8.9380998971731529e-01   2.1369824251625236e-01   1.0999928350547765e+00   1.0349288545870741e+00
   0.0000000000000000e+00   0.0000000000000000e+00   0.0000000000000000e+00   0.0000000000000000e+00   0.0000000000000000e+00   0.0000000000000000e+00   0.0000000000000000e+00   0.0000000000000000e+00   1.9713146823498053e+00   1.3529095584269948e+00
