   3.7389599999999999e-03  -1.4706597782291564e-01   2.1298853831866787e-01   1.6722613530634736e-01  -1.4821035577062760e+00  -1.0098178434177651e+00   7.2261761027963234e-01  -1.6469965638528514e+00   2.3637596565775953e+00   1.4863171102922177e+00
   4.8476300000000003e-03  -9.5554166076090541e-01  -3.6682425498902424e-02   7.9033613097743860e-01   7.1866110478670231e-01   1.0910266554343069e+00   8.6173633588352794e-01   1.1436178020618537e+00   2.0502585632304351e+00   1.3829745115832863e+00
   4.0147500000000001e-03   4.1227031573609030e-01  -1.4751020534270129e-01   1.0495407788513311e+00   5.3233463171702500e-01   1.6769159708995891e+00  -9.4272904710647676e-01   3.8077324610162239e-01   1.9988895799271029e+00   1.3642523366207762e+00
   3.7882699999999998e-03   3.6349428792862426e-01  -1.8361183517694206e+00  -4.8191394421098421e-01  -1.1131144802915323e+00   6.0946084171235992e-01   3.6925854001904007e-01   5.8310008261018409e-01   2.0782594358830195e+00   1.3906747789914291e+00
   3.9794699999999997e-03  -1.5513123042171215e+00   4.9307925607801631e-02   2.2265077189483862e-01  -1.3906920420548947e+00  -9.6117966157929435e-01   3.0495694908717064e-01  -9.4484658303621155e-02   1.9905682532608855e+00   1.3614783808004229e+00
   3.9166200000000000e-03   1.1674931898418117e+00  -9.0209712976660472e-02   5.8195829906708552e-01  -1.0321857300978483e+00  -5.5461488899720457e-01   5.5237754919515936e-01   1.5196175302098134e+00   2.0649024836400298e+00   1.3860204458069443e+00
   4.4519099999999999e-03  -2.6060584689047515e-02   7.9902911576310909e-01  -2.9282201773030914e-01   3.1779472073794235e-01  -1.3554337453169021e+00  -3.1880468540799134e-01  -1.5706528781250531e+00   1.9971112699444720e+00   1.3644349746103099e+00
   4.8066400000000000e-03   1.6472199646839076e+00  -3.1375205438368847e-01  -3.3288578630693128e-01   1.4205659682465210e+00   5.2656171111709738e-01   2.5416047980542750e-01  -4.6682097584487443e-02   2.0367558853965857e+00   1.3786312688569731e+00
   5.0091700000000003e-03  -5.7847529448690549e-01  -7.6748642174919623e-01  -2.1545513810083070e-01   8.3891453206253441e-01  -9.6142410818566448e-01  -1.2205489210531020e+00   1.1077656146113879e+00   2.0755325553540640e+00   1.3918025861666004e+00
   4.9618300000000004e-03  -6.5888681861551923e-03   3.4540845411816573e-01  -1.3339780571635080e+00  -4.5906117062220919e-01   3.2928194829037877e-01   2.4016087216753229e-01  -1.7358722578289498e+00   2.0553446160858915e+00   1.3852572983166540e+00
   4.4182400000000004e-03   9.2643570951679022e-02  -8.5223148473321964e-01  -7.0405877724895061e-01  -8.2304589359629909e-01   2.5537786636252058e-01   1.6851792442219373e+00  -7.5340122624595895e-01   2.0141529334226473e+00   1.3706367626995173e+00
   4.0317900000000004e-03  -1.3368480696838538e+00  -3.2347057279296920e-01   3.9484254043377520e-01   1.4449549749825286e+00   1.7457680198998002e-02   1.0600272156282995e+00  -5.0651158827685072e-01   2.0226342638379422e+00   1.3725244220783663e+00
   4.2984700000000004e-03  -6.0802439141366427e-01   7.0194508977261738e-01  -1.4116763708042477e+00   7.0015471150371977e-01   1.4731879608326034e-01  -1.2717157586502108e+00   7.5286357466190190e-01   2.0803510074725371e+00   1.3920320938770094e+00
   4.6416799999999996e-03   1.2168568595176235e+00  -2.2964320033015920e-01  -1.0774715938498070e+00   5.8185584273030078e-01  -1.6337128187163058e-01  -1.4272308762009529e+00   4.1381859026395346e-01   2.0181768357218082e+00   1.3718517615646835e+00
   4.1741800000000004e-03  -6.3677411917263715e-01   3.8705891563257766e-01  -7.5497288003855001e-01  -1.6950179192757608e+00   3.6756850197184082e-01  -2.9115797000233090e-01   1.1680688103057542e+00   2.0743642805062508e+00   1.3898186985773633e+00
   4.4258700000000002e-03   3.6180535117351870e-01  -3.3135595116809230e-01  -1.2467924600728479e+00  -9.0448739306569059e-01  -1.2483887085928710e-01   1.1014907950206945e+00   1.2564421138017885e+00   2.0173697596212734e+00   1.3720447070801522e+00
   4.6805299999999996e-03   7.6200895566982629e-01   1.4016258702425117e+00   8.6970365279775774e-01  -1.9899619333766761e-02  -9.6952906572529218e-01   2.8846308282380134e-01   9.8950016346059000e-01   2.0264880393668716e+00   1.3747699584234194e+00
   3.6166400000000000e-03  -1.4050161499874919e-01  -1.1644508863735306e+00   8.5411906659166070e-01  -7.6062193865731342e-01   1.8088164546341687e+00   7.4476997204743067e-01  -2.6331388285490948e-01   2.3473931978651179e+00   1.4807802667395313e+00
   4.7898000000000003e-03   7.5414950724241614e-01  -8.2233715298529297e-01   1.0741750873692639e+00  -3.0443655968754307e-01  -1.0113973167950483e+00  -5.2705813554502812e-01  -1.2429206027258974e+00   2.0557327887147618e+00   1.3849205739365440e+00
   3.8864600000000000e-03  -4.4836312098368175e-01  -8.7448390111188823e-01  -4.4344667166447921e-01   3.5309364016249573e-01  -8.0843381974310038e-03   5.7454820792020411e-01   2.0041221176870048e+00   2.0502596147790069e+00   1.3809956807227948e+00
   4.1613500000000003e-03  -1.9381631416178065e+00  -8.4342221626206948e-01   4.3948612108989243e-01  -9.6416133086454664e-02   7.8798257611439482e-01   1.0364479335599858e-01  -1.5306707096779854e-01   1.9768777912345503e+00   1.3571240609786765e+00
   4.4333999999999997e-03   1.7587596269883914e+00   2.0830808862507211e-01   6.5779234594501945e-01   9.5458039402187264e-02   5.7046932305434417e-01  -4.8150030250106313e-01   1.0957950259324247e+00   2.0075291732164859e+00   1.3681264639235799e+00
   4.7696199999999996e-03  -6.2029201418484692e-01   8.2045755109676788e-01  -1.0891286662481219e+00   1.3954061040935570e-01   1.0450861810284617e+00   5.2245185481511980e-01   1.2972796014079295e+00   2.0344594600147605e+00   1.3777545882339424e+00
   4.6360899999999998e-03   1.1684651766707730e+00  -4.9955736403986417e-01  -6.3020573429145166e-01  -1.5032185178512383e+00   1.5108618770456331e-01  -6.6440531367433786e-01   6.7629121412599036e-01   1.9853907623844562e+00   1.3609906558399425e+00
   3.8852800000000001e-03  -5.9780644044980591e-01  -4.1013332913118367e-01  -2.0611361780801571e+00  -2.2132378371044401e-01   5.1943021821460744e-01   7.4853670973702724e-01  -3.6223383423484405e-02   2.0549742636191772e+00   1.3828438783452826e+00
   3.9828099999999998e-03  -4.6913678161344141e-01   8.1549044559967010e-01   1.4046064301254484e+00  -2.7112007866565452e-01  -9.2363504159738330e-01  -6.3717973992126264e-01  -1.1264414545993489e+00   2.0136060631195813e+00   1.3687406230871124e+00
   4.6954900000000001e-03  -4.2864169871742969e-01  -7.2569128570962949e-01  -1.3038504676317861e+00  -1.6187049421133317e+00  -4.3090722871823367e-01  -1.0223622049742062e-01  -3.0466036845362987e-01   2.0352240476612624e+00   1.3781185989220064e+00
   3.8521499999999999e-03   1.1062635331841646e+00  -8.6216818396546469e-01  -6.4327628908119028e-01   5.4512571516235653e-01  -3.6692225447412652e-01   1.6197444798548113e+00   5.1168083740176795e-01   2.0511705559018831e+00   1.3814680865218463e+00
   4.0242300000000002e-03   1.7715484949860374e+00   1.1297698268774496e+00   4.1723128500680534e-01   3.5766868974787591e-01   3.6343347523079600e-01   8.7370435617736908e-01  -1.1087399908110762e-01   2.0581748964293549e+00   1.3842211919486567e+00
   4.1358200000000001e-03  -1.4904348792021131e+00   4.0785231842560610e-01   8.1951641229996508e-01   2.4937586844977813e-01   1.1328188578876883e+00  -5.2296861371264203e-01  -8.4076338070824108e-01   2.0111487535321193e+00   1.3682803775710037e+00
   4.5300100000000001e-03   7.3067561369464107e-01   5.6453925578827768e-01   2.6205171474276978e-01  -5.7747877869243769e-01  -6.6285280416593628e-01   1.9012742839923078e+00   1.1460962821910592e-01   2.0133987177040691e+00   1.3701128614396281e+00
   4.7016899999999997e-03  -7.8699275870682261e-01   1.2484885229100542e+00   4.1156588074048463e-02   1.0400314086329923e+00   1.3075518143869787e+00  -5.0500605808201549e-01   2.5467095334505407e-01   2.0486726182668176e+00   1.3818757549328684e+00
   3.9750899999999997e-03   1.7771554352895405e-01  -1.2399735207889082e-01   3.7442618709809883e-01   1.7813273800757843e+00   1.1264268775440596e+00  -4.2071250838788221e-01  -8.8584267537493711e-01   2.0516893955146922e+00   1.3821651552359446e+00
   7.3464100000000003e-03  -6.7604846296382443e-02  -4.9755493691763847e-01   3.7419209172402623e-01  -2.8222624137094637e-01   7.9092100148642064e-01   3.2140444435529653e-01  -1.4504749771443734e-01   1.1040995415890595e+00   1.0368581905199521e+00
   3.9936800000000003e-03  -5.8603021813943634e-01  -1.0354845684351681e+00   3.1255631548482371e-01   6.8488235362786212e-02   4.2449226003067092e-01   1.0355703602791522e+00  -1.6547117395621913e+00   2.0140409203750771e+00   1.3695254280434428e+00
   4.7137400000000001e-03   9.9572202609716975e-01  -3.0657922629424827e-01   5.2863321036460997e-01  -3.9320935516729805e-01  -1.4783249792729982e+00  -1.0151910051843420e+00   7.5039207566534805e-01   2.0284922866984934e+00   1.3755221406179476e+00
   4.0488800000000004e-03  -1.0929839854904309e+00  -5.2888624008245722e-01   1.3287379852006769e+00  -1.1366216520652750e+00   2.7327751602447509e-01   3.9073015953953155e-01   9.6501425057518342e-01   2.0920670525358926e+00   1.3955556000808780e+00
   4.0410400000000001e-03   1.7547304522881717e+00   8.3879072283595690e-01   1.6169175584576392e-01   4.6385652766775071e-01  -8.7204727908913260e-01  -7.0639001225030162e-01  -3.3353505892387181e-01   1.9839793261757894e+00   1.3593847390596545e+00
   4.6505299999999999e-03   1.0632263505525383e+00   1.6834789449741913e-02  -8.1033994743392812e-01  -9.1947735250172968e-01  -1.1406671770763972e+00  -8.0300992161054208e-01  -8.5453417772951434e-01   2.0294761824773468e+00   1.3759477681961851e+00
   4.0433400000000003e-03  -1.2834464748425609e+00  -5.6662345101908518e-01   2.8971296295388788e-01   1.0143994937759954e-01   4.5824230349379053e-01  -1.8036819853682442e+00  -3.9173329384184628e-02   2.0339976802647692e+00   1.3762786012056789e+00
   4.6456800000000001e-03  -7.1818332449380484e-01   7.1521081707462075e-01   3.9401432698204697e-01  -6.1657673096751564e-01  -2.1194805193419222e-01   1.0254335937417201e+00   1.6411932922021046e+00   2.0295886703501509e+00   1.3761474662758499e+00
   4.9641399999999997e-03   2.7265106018711299e-01  -1.7129137901693978e+00  -3.8358052350351657e-01  -4.3701290090673500e-01  -4.7264689173314012e-01  -1.3188601685294601e+00  -1.6900363945762731e-01   2.0665595738026918e+00   1.3891758628285298e+00
   4.5287799999999996e-03  -1.5302764366674668e+00  -6.1596933795934683e-01  -9.3411773169025958e-01  -1.9654772730138206e-01  -5.5098251698590039e-01   8.6557588019848231e-01  -7.6630868023004040e-01   2.0162847443024243e+00   1.3706128212267714e+00
   4.6294800000000001e-03   1.0522834246288921e+00  -1.1987741735262316e+00  -3.1281773468550544e-01  -5.5951403003321855e-03   1.4479816786218982e+00  -7.6059999288597346e-01   1.1272522637508860e-01   2.0279089456821180e+00   1.3752195945627863e+00
   4.1731499999999996e-03  -9.1751047415647669e-01  -4.0864462822337488e-01  -3.5109840106668050e-01   6.6818226528313110e-02   2.0169552077721744e+00  -4.7973078785226697e-01   4.9902502005394322e-01   2.0899298543991383e+00   1.3951739721325318e+00
   4.0414600000000002e-03   5.7887310183073659e-01  -6.7158031427749421e-01  -1.3764468400900900e+00  -3.2377023234623281e-01  -1.2949729653088604e+00  -5.1325440468558670e-01   9.5823758363581091e-01   2.0717929770308143e+00   1.3886552299537223e+00
   7.2707800000000001e-03   5.2176550421252088e-01  -4.9795176037223682e-01  -7.8281872895274673e-01  -9.5804581567669023e-02   2.0486124726338414e-02   4.9082667454279624e-02  -1.8670434906393613e-01   1.0935084410365248e+00   1.0318940627168565e+00
   4.0327499999999999e-03  -2.1072716383154855e-01   1.3505152281285593e+00   8.0555375500625914e-01  -1.5692870231109812e+00  -2.3237093625492400e-01   7.2760518640163396e-01  -1.0248031516491281e-02   2.0414737917903363e+00   1.3784237755022954e+00
   4.6534599999999999e-03   3.3651294006775145e-01   4.9383833322393450e-01  -5.5598872591912363e-01  -1.5575333641020975e-01  -3.7390534762906336e-01  -5.4094169945258397e-01   2.0348851858984496e+00   2.0139349011508516e+00   1.3706077027786021e+00
   4.7144099999999996e-03  -2.9538435728328577e-01  -9.4253854326478737e-01  -1.4486053400289540e+00  -2.5678931846062197e-01   5.4188858736298595e-01  -8.4742549456508920e-01   1.1011974614140401e+00   2.0473382812187837e+00   1.3818501058203867e+00
   4.8920200000000004e-03  -1.3544411001177550e+00   1.5895443190984970e-01   1.3407276691604270e-01  -3.3818565456170825e-02   4.7167688858211670e-01  -8.5913652829091580e-01   1.5559321305098262e+00   2.0466337048811210e+00   1.3819185559579998e+00
   4.2222300000000004e-03   2.4637930287391308e-01   1.9061023557146013e+00   5.8541976884151636e-01   7.7849520276931639e-01  -4.6830517095403396e-01  -6.1818983686792162e-01  -3.6891772876890339e-01   2.0155013787826399e+00   1.3698580389097805e+00
   4.1241600000000000e-03   1.2812647364315721e+00   7.5818356614110127e-01  -2.7312613439007916e-02   8.3178248548384548e-01   1.0151242083210958e+00  -1.2375831082552844e+00  -3.8661799075724768e-01   2.0683115744986464e+00   1.3880408662014794e+00
   4.2358900000000000e-03   5.5093610980286589e-01  -7.3911937564115737e-01   1.3418346777759573e+00  -7.4635746688830384e-01  -1.0251735138290750e-01   1.2900707403102238e+00  -8.4720001523368094e-01   2.0761781623967437e+00   1.3905172289619756e+00
   3.7786000000000000e-03  -8.1216457167425338e-01  -1.5191092499952614e+00  -2.0719093070103351e-02   3.3126628410973397e-01   4.9745006350317611e-01   1.5418206787409205e+00   1.6621185861539003e-01   2.0505771673030280e+00   1.3815855699959652e+00
   4.5874499999999999e-03   2.4117188279101573e-01  -4.9409514826490353e-01   2.2695747935239002e-01  -6.7396612869786177e-01   1.2577383950461916e+00   1.5542161965782736e-01   1.7330701721529762e+00   2.0369526549043351e+00   1.3787982107576799e+00
   4.1858399999999997e-03   8.6502916693480192e-01  -1.0823163197393348e+00   1.0699091581910762e+00   8.0412599797350259e-01   1.0319426010159600e+00   5.2124525607744865e-01   7.7486339706588647e-01   2.0850555568390829e+00   1.3938455901208742e+00
   4.0592800000000002e-03   4.0048180510551840e-01  -1.6899591394687377e+00  -4.1271211269160696e-01   1.4326845960885044e+00   9.9602642301256247e-02  -4.6798731964306356e-01   2.4451576740237863e-01   2.0561576758048816e+00   1.3830811519405877e+00
   3.6699100000000002e-03   2.5419305873611697e-01  -2.4907219822185805e-01  -3.1543049998948119e-01   1.5141827237091554e+00   1.0934447747325440e+00  -6.0333517580388629e-01   1.5550948607867787e+00   2.3414521904367218e+00   1.4785467757118018e+00
   4.6166699999999998e-03   1.4346334409013599e+00  -3.2215483529119593e-01   1.1771221561435676e+00   1.9425471372798991e-01   9.3338991942721539e-01   2.9192098174737845e-02  -9.5259269690605741e-01   2.0334959001991408e+00   1.3773285479106328e+00
   4.1964000000000003e-03  -7.2780435220975126e-01  -3.7931624697636018e-01   1.0648878077975834e+00   2.6650058217531081e-01  -1.3937025513776342e+00   6.6430806148110322e-01  -1.0849083025033808e+00   2.0317596866873560e+00   1.3756148078221460e+00
   4.0611400000000004e-03   2.9351119008359972e-01   2.7383557685443222e-01   5.0411872035933218e-02   3.7257445552239132e-01  -8.2852406360114550e-01  -2.0890215219671613e+00  -5.9239188033076828e-01   2.0940683337692083e+00   1.3966770433878206e+00
   4.7174100000000000e-03   9.0486199281813040e-01   1.5484834270873022e+00  -7.0022045619615958e-01   9.4943631216889490e-01   3.6822841474007728e-01  -1.1343444072899342e-01   6.9889633086565051e-01   2.0205687741577791e+00   1.3725313712248417e+00
   3.9522699999999999e-03  -6.3711631489552534e-01  -4.1600030259993642e-01  -1.5263294619047135e-01  -1.1135404574035515e+00  -1.0878945081919122e+00   1.5614632354603095e+00   4.1452563009470234e-01   2.0633060935910903e+00   1.3853019238898967e+00
   4.7523299999999999e-03   5.2184878367247456e-01   7.0797594165547240e-01   2.8451435604981429e-01  -9.0111515082844351e-01   1.0272179194450273e+00   1.1660135670632399e+00  -1.0981797750821243e+00   2.0301215067259966e+00   1.3762781055048889e+00
   4.5854600000000004e-03  -8.2108833482358567e-01   1.5855158967991883e+00   2.8447094241811466e-01  -5.4693140925329631e-01   3.4282805872802657e-01   8.1342562361826437e-02  -1.2527857811656011e+00   2.0219016941785766e+00   1.3725206120828608e+00
   4.7377799999999996e-03   1.8980601987142429e-01   1.9029528543100074e-01  -1.4186239758287704e+00  -1.4275540643103496e-01  -1.3075606093532834e+00   1.0912562211512959e+00  -4.7865489697506852e-01   2.0219051826319823e+00   1.3731972386269231e+00
   4.3555199999999999e-03  -1.3852419076767775e+00   1.1045131582795205e+00   3.1081941347046692e-02   4.3906333202493497e-01  -6.8238020143925604e-01  -1.2658043956383478e+00  -7.8660617771030672e-02   2.0348574548195510e+00   1.3771618942882702e+00
   4.8481399999999999e-03   9.0680879455328500e-01  -6.9608167536116516e-01  -4.4886909783350742e-01   6.3020348916078717e-01   1.9136787891292059e-01  -9.4042700262667644e-01  -1.5670117990735617e+00   2.0439126235196574e+00   1.3810299660418333e+00
   4.6623799999999998e-03   7.7513778436149217e-01   7.0210462677310814e-01  -1.2800644220412076e+00   2.5771156840781873e-01   6.0773338823981893e-01   1.4561392738500101e+00  -1.5322149716416650e-01   2.0228186848485463e+00   1.3735413673205583e+00
   3.6215300000000000e-03   1.2989065439726661e+00  -1.1561958358844406e+00  -1.7729662978059204e+00  -2.1284669610443890e-01   1.3712782827331185e-01   2.2396344613204786e-01  -4.2173432039379782e-01   2.3162800152123482e+00   1.4700943217937841e+00
   4.0408400000000004e-03   1.0539616232980349e+00   1.6650926348217399e-01   6.2902996029870528e-01  -1.2728807324548712e+00   1.5261752616962263e+00  -3.3928144475092326e-01   1.8742925387350950e-01   2.0606782614568502e+00   1.3851365042668657e+00
   4.5979200000000001e-03   1.6351974240735876e+00  -5.9524173381769496e-01   2.2334662315404173e-02  -6.3503138169109796e-01   7.9176096231436410e-01   1.0713797508926468e+00   2.1182161671072039e-01   1.9964067407512587e+00   1.3646972261493604e+00
   3.7655000000000002e-03  -1.5875229380957769e+00   4.6307661383905407e-01  -1.3600109414957613e+00  -5.8318380588401320e-01   9.3582342220172787e-01  -7.9766236600258911e-01  -3.5064276689152929e-01   2.3779386599779815e+00   1.4905779840957747e+00
   4.2710700000000001e-03  -8.8653470203956597e-01   6.5907732926292373e-01  -1.6792698896233245e+00   8.9102431086746470e-01  -4.7397006289224664e-02   3.6810525406951183e-01  -4.8938114539891925e-01   1.9826937369993527e+00   1.3588715415824870e+00
   4.7644400000000000e-03  -3.9716815011592105e-01   1.5132012553268676e-01  -7.2277077468262152e-01  -9.7149502380406683e-01  -6.3003603552168019e-01  -1.7368375703417822e+00   5.5113269921213215e-01   2.0535832361943043e+00   1.3843977746906668e+00
   4.3931300000000003e-03  -1.1003979952058935e+00  -1.6468466636240969e-01  -1.5110631911347980e-01  -1.4581928537245792e+00   8.3130220228056673e-01   3.8834017463723369e-01  -1.1391940988170188e+00   2.0833471520811488e+00   1.3934261288564553e+00
   4.0628200000000000e-03  -1.9743102236463690e+00   8.2779514152089739e-01  -2.1506797184290441e-01   4.4220508487074806e-01   2.3266870246264901e-01   7.7434108395135082e-01   3.7501207249903701e-01   2.0749974928654447e+00   1.3900765366440484e+00
   4.6291400000000003e-03   1.0537522703115225e+00  -1.1507873464678342e+00  -9.4031267799819643e-02  -1.0557642694961353e+00  -1.1564541109628472e+00   6.3578714017134741e-01  -5.5412696382114567e-02   2.0172218694529627e+00   1.3714854280791042e+00
   4.2939299999999996e-03  -4.8185868274653215e-01  -1.0299972550743959e+00   1.3929639784187762e+00  -2.9381009551094101e-01  -6.2763833623893672e-01  -1.2535132318491600e+00   2.5550692807912406e-01   2.0078747828624546e+00   1.3679825161947372e+00
   4.1908300000000004e-03  -8.8898098581310669e-01   5.4546373024112826e-01   3.7359628958206115e-01  -4.0558024918521651e-01  -1.5575199814753877e+00  -3.9720084910089870e-01   1.2409747390229144e+00   2.0572695682039512e+00   1.3840926811551557e+00
   4.5289400000000004e-03   1.0285007695714439e-01  -3.4639697367921185e-01   3.7942030808620553e-01  -2.0601352820119017e+00   2.9260456749412567e-01   8.2325490664722911e-01   2.5425726286940414e-01   2.0182243945048426e+00   1.3719709551086137e+00
   4.7053800000000003e-03  -2.0273760624702461e-01   1.6734371997879245e+00   4.0740292095785213e-01   3.3988875419988790e-01   5.7418466492279496e-01   1.3569481437578079e+00   2.1413966088229644e-01   2.0367560951374690e+00   1.3784317694853947e+00
   4.5429700000000003e-03   7.9688581447560192e-01   1.7450688976492348e+00  -5.4402845999660154e-01  -4.7994868674962232e-01  -6.0720287102796888e-01   5.4761262673072231e-01  -6.7818896352302549e-01   2.0225690479183216e+00   1.3731547016248564e+00
   4.2351600000000000e-03   4.0518250727538391e-01  -6.6367963182871081e-01   2.9035042672331990e-01  -2.4357143579144419e-01   3.7014095863056523e-01  -1.6978876770299132e+00   1.3747204643039814e+00   2.0924961778981097e+00   1.3962484497720231e+00
   4.0302699999999999e-03  -1.1734796652449915e+00  -4.7941952892651402e-01  -1.1509775771526780e+00   3.8006992169465198e-01  -7.2693172275531603e-01  -1.2036836881649793e+00  -6.0147581972546360e-01   2.0045577065282827e+00   1.3663112750501718e+00
   4.3796800000000004e-03   7.9337767342719002e-03  -1.2458513182940960e+00  -6.8400847656657315e-01  -2.5020950572106077e-01  -9.1176085002673879e-01   6.7401030507782178e-02  -1.6326263015904217e+00   2.0885837930377753e+00   1.3953128598421862e+00
   4.7528600000000002e-03  -1.2319482257438383e+00   1.9878622581610803e-01  -1.3709973800089010e+00  -2.9477136979803370e-01  -8.7413412570454685e-01   1.3208468520594410e-01   9.6903213719720038e-01   2.0272054161995561e+00   1.3749109816533727e+00
   4.5250100000000003e-03  -9.2905945250801002e-03  -8.1233216161328270e-01   3.8032254690204126e-01   1.7792985317124668e+00  -3.5754316880411458e-01   7.3869518141683488e-01   7.9937193483599733e-01   2.0147098777836989e+00   1.3705323418301376e+00
   4.4832900000000000e-03  -3.1975651665220189e-01  -1.7199533530080813e+00  -1.1168066694673562e+00   2.8121260041885636e-02  -6.9141777512696689e-01   5.3720506644335209e-01   4.0302520033441669e-01   1.9921224693968471e+00   1.3628819139356489e+00
   3.4941299999999998e-03   5.7418523652550635e-01   1.2288601365167984e+00  -2.5673011050459738e-01   1.1768251014881244e+00   8.2004925174027343e-01   6.0975138807502083e-01  -1.5153085845803200e+00   2.3473943188405881e+00   1.4799634538367699e+00
   4.7584599999999999e-03  -6.2207412327897371e-01  -3.2430921050920986e-01  -1.8206484776293025e-01  -8.2754577774129301e-01  -1.1194540282065249e-01  -1.2620732233242624e+00  -1.5849913247620933e+00   2.0548146497707527e+00   1.3844792858535586e+00
   4.4734299999999996e-03   2.9964696317754325e-01   6.4515578722002109e-01  -6.8008705159839811e-01  -4.6067710949593110e-01   1.3964597662830243e+00  -1.2247673610076317e+00   8.4377897155735637e-01   2.0158938948344476e+00   1.3709758207325111e+00
   3.9961299999999996e-03   1.5895847804174262e-01  -5.4587527820095472e-01   5.0727862363287812e-01  -1.9297970340163435e+00  -8.6611717493117080e-01  -8.0858781181938566e-01  -3.1426472433230074e-01   2.1007189857437223e+00   1.3991457886731016e+00
   4.3581599999999998e-03  -4.6935406684347258e-01   7.4941924973794161e-01  -2.4875567355160916e-01   2.9330016967366496e-01  -3.2359206591844936e-01   1.6467151607367527e+00  -1.3368898051724323e+00   2.0757690930563735e+00   1.3906977332801596e+00
   4.1886099999999997e-03   2.9279525205612733e-01  -3.4919782051287268e-01  -1.3939586908476900e+00  -7.1089538530571206e-01   6.6522677313755907e-01  -1.4409312962018832e+00  -6.6719088606250054e-01   2.0775662126582217e+00   1.3910737863707718e+00
   4.6539199999999998e-03   2.5340432465903806e-01   2.2904864226962218e-01  -1.4919901750267583e+00   8.1479832490951776e-01   1.4248915860371090e+00  -3.6569486625453951e-01  -2.6517064635433674e-01   2.0147837262605757e+00   1.3708263883934060e+00
   4.6610499999999999e-03  -6.2622916175002608e-01  -1.5894837303148563e+00  -9.2295877328537679e-01  -3.0818143900149608e-01   8.8780777836173708e-01  -2.4287630838717728e-01  -7.1725234450155129e-01   2.0111877110422141e+00   1.3695065346891862e+00
   4.5188299999999997e-03  -7.0636929497954437e-01  -1.7158435743149381e+00   4.6367507213409398e-01  -1.0786829416325243e+00  -5.0258611708410605e-01   3.6729537380968336e-01  -4.2935008243923495e-01   2.0378817919272603e+00   1.3786239237748796e+00
   4.1041799999999998e-03   1.2653850800374025e+00  -8.0351773314469244e-01  -6.1491208210905202e-01   9.3293690686331487e-01  -1.3195155679674280e+00   2.6199016551297988e-01  -3.2257800140940879e-01   2.0071168342217272e+00   1.3671956302122386e+00
   5.0662499999999996e-03   5.9291910136286763e-01   8.4305356266099574e-01  -9.5654185620474827e-02   1.4152081186606138e+00  -9.7920022091694214e-01   1.0662640544566326e+00  -1.7660963150919787e-01   2.0472300743226111e+00   1.3821867063439326e+00
   4.1557000000000000e-03   9.7507098227983158e-01   9.2342933435373553e-01   3.2696311607816825e-01  -5.5172565057625333e-01   6.2850222689408791e-02  -6.9727933601374847e-01  -1.7285021349079941e+00   2.0914448001165158e+00   1.3960269005380572e+00
   7.3409299999999999e-03  -2.4727850745093505e-01  -4.9784607839512290e-01   5.2576460981046520e-02  -5.4333342750457625e-01  -3.5245355663518724e-01  -1.3273340435347558e-01   6.6966310206968804e-01   1.0993177601309694e+00   1.0345945760504676e+00
   4.8389200000000000e-03  -1.2037115923710215e+00   2.0752926022520934e-01   9.8442510893313628e-01  -5.6109474057543485e-01   1.3254234985026261e-01   1.5318013020174499e+00  -4.4272396967845945e-01   2.0615177904537672e+00   1.3868505631193258e+00
   4.1312900000000001e-03   1.1219595469038119e+00   1.5542869599766185e-01   9.1790984016379501e-02   1.3473153123525821e+00  -9.1949656790598988e-01  -3.7934919111623150e-01   1.2597847901146981e+00   2.0956054116565310e+00   1.3966802374584895e+00
   3.8373700000000001e-03   1.0432768559291428e+00   2.9398269008947220e-01  -1.0552083619679029e+00  -1.5410259510973536e+00  -1.4451805273351917e-01   8.5472789248539260e-01  -5.3970346953791493e-01   2.0591817079892696e+00   1.3841128735187684e+00
   4.7889200000000003e-03   5.9125203108456625e-01   3.9784043107968120e-01   1.6491369368323858e+00  -4.7767568669947136e-01   6.8936089539735967e-01   9.4196527420366860e-01   6.4499751782990500e-01   2.0145097662952849e+00   1.3711722244484130e+00
   3.7648700000000000e-03   8.7445992092554337e-01   1.8511868583321434e+00   6.3669533383157362e-01  -6.8311201284980194e-01   5.8312755738820476e-01  -4.0173731927377515e-01   3.3858615529547775e-02   2.0082327613986175e+00   1.3672888055179213e+00
   3.9602700000000001e-03   1.3098328289268664e+00   1.0852510390046659e+00  -3.3679469566942349e-01  -7.3772927512593023e-01  -3.2749649748298770e-01  -1.2257800425636660e+00   7.4632500240158517e-01   2.0825557208762451e+00   1.3923031811685040e+00
   4.1675799999999997e-03   2.5683034324354043e-01   9.0606151744294439e-01   3.3164423908580837e-01   1.0014709816081224e+00   8.8739379260589141e-02  -1.6226657167709149e+00   8.7638059769130428e-01   2.0113209585025560e+00   1.3688370851542331e+00
   4.1828300000000002e-03   7.9769654646620225e-01  -6.8007032501737441e-01  -4.8308881392040814e-01   2.8506560345780141e-01   1.4794457621673689e+00   6.5592678891999201e-01  -1.2556889499227981e+00   2.0720851082048841e+00   1.3892880417776481e+00
   4.5697400000000001e-03   2.2658220622659103e-01  -1.5995333610489604e-01  -8.6787698940632124e-02   2.9886532310766484e-01  -1.6993705157248553e+00   8.3319673637285419e-01   1.2333927623607426e+00   2.0081124861075628e+00   1.3684346666278819e+00
   3.9423300000000000e-03  -1.0911031778280040e+00  -7.3517341999666252e-01   1.3783342101199294e+00  -6.8593579321807685e-01  -4.4179482228609575e-02  -1.9265802518366826e-01  -1.1257862055754244e+00   1.9926616401571235e+00   1.3614164465082130e+00
   3.9568700000000004e-03  -1.1653955129998085e-01   6.3574567948912877e-02   2.4022849527172055e-02  -5.9388495497276872e-01   1.1466941261378094e+00   1.9141970903155858e+00   6.3279736500731865e-01   2.0746366294948073e+00   1.3899453865717162e+00
   3.9670000000000000e-03  -1.1694638632984092e-01   4.3519442880460596e-01   1.3446765436314234e+00   6.4132565193478142e-01   4.2854622533962261e-01  -1.4761013433761823e+00  -8.3030400119274383e-01   1.9950905735949116e+00   1.3634383214203334e+00
   4.8791700000000004e-03   1.3915741573270510e+00  -1.0996822606727676e-01  -1.6066016512257214e-01   6.0378385558434715e-02  -4.4960205816606752e-01   9.7188601755702797e-01  -1.4805488131644720e+00   2.0524087580727159e+00   1.3842275023846200e+00
   3.5519900000000001e-03  -8.9687672047782629e-01   1.4143786063542065e+00   1.8647272393281580e+00  -1.5777529591616737e-01   1.3416385999318231e-01   5.5751332702012844e-02   3.4615043413692137e-01   2.3036674895183165e+00   1.4655629563390722e+00
   4.7854200000000003e-03   7.8616554755890422e-01  -9.5903743905888728e-01  -1.7128039083027468e-02  -1.3436310917114069e+00   5.2526575389090546e-01  -1.2558707466299235e-01  -1.3047814170548899e+00   2.0438922015953032e+00   1.3812378155869345e+00
   3.9438499999999996e-03   1.0851883477128613e-01   1.3877520215642944e+00  -1.0126750188661366e+00   1.1948930917333446e-01  -8.1385801311020145e-01   1.0189165591855311e+00   1.0187321204689850e+00   2.0733313026413818e+00   1.3892887513171219e+00
   7.2532700000000000e-03   4.4278665695860719e-01   6.0239261413497946e-01  -1.3511984720508888e-01  -5.0011122982155909e-01   3.0649481897544539e-01   2.6545996116118364e-01   4.2769764230662055e-01   1.0914607736388380e+00   1.0309954868000331e+00
   3.6401200000000002e-03  -1.5203623117138724e-02  -1.5654993418556767e-01  -1.9413622892882656e+00   5.5743086700829246e-02  -9.9809933162412756e-01  -6.4330367902089791e-01  -6.6351036092868676e-01   2.0303785394927156e+00   1.3741445378516495e+00
   7.5105199999999997e-03  -4.3801178613965064e-01  -6.5191952828622857e-01   1.6785776661271673e-01   5.0796831441011137e-01  -2.4821377530974986e-01  -2.5744439895160998e-01  -4.1793731941496998e-01   1.1139331026188888e+00   1.0411397170604899e+00
   4.1856200000000001e-03  -4.9437647743836438e-01   9.1223386129479767e-01  -5.2627054933352480e-01   8.0768104118655304e-01   3.9114586292656922e-01  -1.1660625740676649e+00  -1.3886619838413790e+00   2.0322052758116418e+00   1.3759177108636265e+00
   4.1535499999999998e-03  -3.0218719861300536e-02   1.6435084423160280e+00  -9.3025472947931109e-01  -3.8318587711748930e-01   1.3054622766587931e+00   8.2928462216004667e-02  -3.6623464739626299e-01   2.0665339599732251e+00   1.3867654726324143e+00
   4.1987300000000003e-03   1.0602016003456756e+00   5.8905205540938077e-01   1.7907903167416719e+00  -1.2686250885593961e-01  -2.6848564730916058e-01  -8.5997069158408979e-01   1.6653149280924939e-01   2.0624225295865708e+00   1.3860279374150415e+00
   4.3144600000000000e-03  -3.7523614433557834e-01   3.0914518415026232e-01   1.3437920888853434e+00   7.2995478859220020e-01  -7.1798505826928671e-01   1.4749713369372794e+00   5.7069561435016924e-01   2.0853153943346485e+00   1.3937953895497346e+00
   4.6309799999999998e-03   7.0921026118773123e-01   5.1044534673950581e-01   7.3531720575032766e-02   4.6612411156976025e-01   1.9705119146695016e+00   6.0355696701078465e-01   3.6117657192990549e-01   2.0421460815701891e+00   1.3798981336051745e+00
   3.6478000000000001e-03   9.4728062571458327e-01  -2.4321291412037038e-01   6.4334976253932230e-01  -9.0650017807501848e-01   4.4920026088445175e-01  -1.9652194471620734e+00  -4.9014112902765516e-01   2.3277853826793558e+00   1.4743491589381417e+00
   4.3925400000000003e-03  -8.1024391046499988e-01  -3.8538635780667396e-01   1.1703237484668847e+00   1.5350897842302904e+00   3.3328778420829791e-01  -7.0123504464471620e-01   6.0842487434062675e-01   2.0775660027824219e+00   1.3913467100619545e+00
   4.7314499999999999e-03  -8.0401275148304963e-01   1.0023594199105383e+00  -9.4775711127205242e-01  -1.0876350492797933e+00   1.2129987190980140e-01   1.2459939038892156e+00  -1.2822868736355358e-01   2.0352561484791583e+00   1.3781460719922749e+00
   4.9104999999999999e-03  -9.9845714010394671e-01   3.1295669457434483e-01  -5.4009180454425476e-01   2.9856862070124585e-01   1.4644789206865998e+00   1.0920064495083905e+00  -6.5659502078931264e-01   2.0425101554699738e+00   1.3805738825148597e+00
   4.0018199999999997e-03   1.2004681151548574e-01  -2.7207856167231936e-01   2.2115927020189474e+00   5.7508653951994149e-01  -5.9095695514601428e-02  -2.3135402107950228e-02  -3.7929955725474607e-01   2.0121993109543954e+00   1.3686145204037636e+00
   3.9778799999999996e-03  -1.2512847467071344e+00   3.3299254754591229e-01   7.6086258026160392e-01  -1.3793173958409213e+00  -6.5961052211455470e-02  -1.0928208028032684e+00  -1.7496461529602161e-01   1.9848147279321200e+00   1.3593562482036459e+00
   3.8409899999999999e-03   1.0558860388826785e+00   4.0935477115947710e-01   8.3993606189246783e-01   1.2730754009017808e+00  -5.9968604204722509e-01  -3.5459326375848566e-01  -1.2444834727085163e+00   2.0411406781829489e+00   1.3781051884476976e+00
   4.5553800000000004e-03   1.4699713707345868e-01   5.5236174469312072e-01   9.7251578436930353e-01  -1.4612980727484803e+00   3.4354576148490960e-02  -7.2845339807611376e-01   1.1458611134233352e+00   2.0003578585836879e+00   1.3658689599403537e+00
   4.5824699999999999e-03   2.1380884102376266e-01  -1.4205757653825818e-01  -1.1407653046758699e+00  -1.1689239273696073e+00   1.5804692858406746e+00   3.7283826719265095e-01  -1.5426677564953532e-02   2.0256292458465359e+00   1.3748267932171820e+00
   3.5384399999999999e-03   9.3590646496193741e-01   1.3229485824369325e+00  -3.1144343782138567e-01  -1.1761559432525199e+00   6.8115727849532426e-01   8.0274248322682429e-01   1.1116672034034161e+00   2.2967694441888860e+00   1.4637360248042974e+00
   4.2749199999999998e-03  -9.1833917110415164e-01   1.0330795879213446e+00  -1.1054733867631155e+00  -9.3705003455819302e-01  -1.0075755687398700e+00  -3.5941073617929320e-01  -6.8818179576414074e-01   2.0938806723264722e+00   1.3966562472140442e+00
   4.0990799999999997e-03  -1.2993432465929351e+00   4.3414666092458076e-01  -3.1631943679712432e-01   9.3068111499936257e-01  -1.5880304839880943e+00   2.7464727158186886e-01  -2.1668381062875924e-01   2.0469734955565735e+00   1.3799911756754011e+00
   4.7811599999999996e-03  -5.3268959096992097e-01  -9.0952795952391630e-01   9.6954687649678573e-02  -1.4567057977876787e+00   9.8858437926472020e-01  -9.9560467514318285e-01   1.6956883836404829e-01   2.0235336470636431e+00   1.3740773078486190e+00
   7.3806200000000001e-03   6.9720867054161528e-02   4.6956295726852176e-01  -3.8431507468307108e-01   2.8581400847825700e-01  -7.9237972208750929e-01  -3.6651264470767747e-01   1.7024119878491653e-01   1.1076574071152840e+00   1.0385741397740824e+00
   4.6120299999999996e-03  -8.0648401821874649e-01   1.3371453214600491e+00   3.3974016640629617e-01  -1.7718716804672166e-01  -1.4028637199054577e+00   8.4669608929804752e-01  -9.6970828992372540e-02   2.0281540751370848e+00   1.3749171541373866e+00
   4.6641399999999998e-03   6.7288275235249706e-01   7.0731290110249656e-01   1.2563951218138438e+00   1.5576263050020716e+00   4.0332033556433228e-01   1.8652082882264417e-01   3.7949080363016907e-01   2.0280894708333776e+00   1.3752495830590949e+00
   3.9708800000000004e-03  -4.9815010426274364e-01  -1.1823561793278450e+00   1.5943380594622242e-01   1.2776657862807848e+00   1.4649284226598942e+00   2.2243839184353939e-01  -2.4052619876096276e-01   2.0280297876330988e+00   1.3744074478716213e+00
   4.2666600000000002e-03   2.2214601216143076e-01  -1.6299233619412714e+00   7.8246365195459200e-01   3.6704241259182663e-01  -1.3817680635247498e+00   2.6615846294300613e-03   4.5976863478004509e-01   2.0819212008020704e+00   1.3923793592959564e+00
   4.2149199999999996e-03  -4.8693807723025279e-01   1.1050310747719558e-01   1.4048235799499726e+00   6.0946692418459014e-01   1.3040040558703907e+00   8.2827106051262767e-01  -6.4468683077640898e-01   2.0319659877079896e+00   1.3753971523522979e+00
   4.0855400000000004e-03  -8.6913386976993157e-01  -3.0250999172801901e-01   3.5065876402720891e-01  -4.0554070177342622e-01  -1.6658939786717422e+00  -1.0731370844968617e+00  -5.4392982157949743e-01   1.9838837458043954e+00   1.3592719278982381e+00
   3.9980099999999998e-03   2.0832322409346897e+00  -8.8180683108012547e-01   6.8780878036246773e-02  -1.6858890476377830e-01  -2.4634450726266940e-01  -6.1596291214866405e-01  -2.8913295446258502e-01   2.0747163608712351e+00   1.3893045762602920e+00
   4.7211800000000002e-03  -7.7561749563289584e-01   8.5579487669834786e-01   4.8951871426342886e-01  -9.8215686275875047e-01   1.5874217594825279e+00   2.9926416779311027e-01   3.4820323424427696e-01   2.0204451183046870e+00   1.3730622664768406e+00
   4.7894399999999998e-03   1.3784777799217585e-01   4.0496057678144204e-01  -3.9644323252711916e-01   2.0285688641549489e+00  -4.2443844673597791e-01  -7.8075749114335624e-01  -1.5894675851311962e-01   2.0447751084966073e+00   1.3808661786152077e+00
   4.5671000000000002e-03   5.1915054774570846e-01   1.0534442479973600e+00   1.3649727162194492e+00   5.0763389791645519e-02  -4.4881207976246912e-01   9.1542016296411155e-01  -9.7222519723756473e-01   1.9996559391382516e+00   1.3650327181076922e+00
   3.5780500000000002e-03  -1.2330489748198801e+00  -1.8485529287074480e+00   5.4266023948650426e-02   8.3982993928067640e-01  -6.0991585036728679e-01  -2.5379259662954728e-01  -5.8071397133615343e-01   2.2809669213097985e+00   1.4585175777661417e+00
   7.4796400000000001e-03   4.0888858384373317e-01   1.3105946617514363e-02   2.9223924064060663e-01  -3.0410769117336633e-01   1.4024637356891295e-01  -8.8921984202200177e-01  -2.2907580799917573e-01   1.1100719631105640e+00   1.0394955693640087e+00
   4.9844199999999998e-03  -8.5604046382176502e-02  -1.1550402494551151e-01   1.5749239636406054e+00  -8.9547281961836023e-01  -1.2681521652506669e+00   4.0941995127822983e-01   2.9892126750811304e-01   2.0300477908764751e+00   1.3761261438635863e+00
   4.0245400000000001e-03  -6.3638087074504146e-01  -1.3322475955572559e+00   1.6110698528837410e+00   4.6515141204277699e-01   6.1827330936431821e-02   6.5465105978002192e-01   9.7621313945442642e-02   1.9939022462830316e+00   1.3627274570063297e+00
   4.6175399999999998e-03   8.2486202667792885e-01   4.0701653848494956e-01   9.9835522040736591e-02   7.1660895513197997e-01   2.5872459306027185e-01   1.2223950383060225e+00   1.5601679686092620e+00   2.0303269707310232e+00   1.3764806171733339e+00
   4.3148900000000000e-03   9.7403554492399139e-02  -8.1396112339185267e-01  -1.1064911967184139e+00   1.2078608555847166e+00   2.1503472458325146e-01   1.1456619245858570e+00  -8.2704586704539851e-01   2.0160169338235225e+00   1.3707595966260591e+00
   4.5511500000000003e-03   8.6368505233160497e-01  -1.9577812208878871e+00   2.3244585503674889e-01   2.2243570171885393e-01   1.1328878853417751e-01   5.0812780226585730e-01  -6.0620969180102535e-01   2.0142868991119598e+00   1.3708065701907051e+00
   4.3972200000000003e-03   2.8946671388679318e-01  -1.0079019670479090e+00  -9.1703355018895194e-01   5.4601562256701897e-01   1.3026862128506758e+00   9.2380474489551911e-01   7.2485281576618610e-01   1.9945466589499512e+00   1.3637531441097392e+00
   4.4900100000000000e-03  -6.4193601877238923e-02  -1.4639015455400253e+00   9.2737913666774119e-01   1.3784501861097070e-01   8.5669975787485075e-01  -8.9534396384737402e-01  -1.0027279363031258e+00   2.1014379779117083e+00   1.3996211373264358e+00
   4.1912000000000000e-03   8.2357037604119943e-01   4.0964578904369703e-01   3.8380920951129127e-01  -1.7324892130447603e-01  -2.0367269587387002e+00   4.6735297363241635e-01  -4.8121362028154779e-01   2.0848594874677819e+00   1.3932915674133071e+00
   4.6589400000000003e-03  -5.8620544668998587e-01  -1.7950694188556795e+00   4.1297018666393159e-01   1.7925281341721669e-01   5.7968660516665882e-01  -4.8986657140935547e-01   9.6787051408130831e-01   2.0212253900016206e+00   1.3733145789417958e+00
   4.7664500000000002e-03   9.6023995515447413e-01  -8.7639113385161715e-01   9.5931163533649288e-01   1.0924955670242147e+00  -1.1598490151731766e-01  -1.1878168472455473e+00   1.5739546886961139e-01   2.0329176647440064e+00   1.3771049056940494e+00
   4.4924099999999996e-03   4.7844941114398981e-01  -4.5582027307827504e-02  -1.6614258255978696e+00   1.0876220606852132e+00  -2.6552547977968954e-01   3.3968860421607849e-01   9.5261325913746986e-01   2.0020662165331480e+00   1.3661496422690447e+00
   4.9896200000000002e-03  -9.2885914072319692e-02   1.8133710116534857e-01   1.0972053323366626e+00   1.1539740118304667e+00  -1.5514216635845355e+00  -3.5700223997675684e-01   1.5440835682465828e-01   2.0261657213584656e+00   1.3747378292493737e+00
   7.2958500000000004e-03   7.0482758985956107e-01  -2.1917907570247078e-01   5.7126349502048879e-01   2.7303968264946760e-01  -3.8465848232710892e-01   3.1295298414041722e-01   1.0552762546739722e-01   1.0960769719964096e+00   1.0331475087497870e+00
   4.1621599999999998e-03   1.1752617255137053e-01   1.2180107637910971e+00   7.9091606157961392e-01   1.7688811940078461e-01   9.6600612206127556e-01  -2.5622278225264683e-01   1.5539255776500898e+00   2.0526391853911732e+00   1.3828208895689100e+00
   7.4519499999999997e-03  -5.3074390935480320e-01   5.2143185458528851e-01   7.7279211598863884e-01   6.8020979523495881e-02  -5.1410516677824732e-03  -4.7652331793606464e-02   1.7884951753765096e-01   1.1068013431534687e+00   1.0379286098512914e+00
   4.2307600000000001e-03  -3.5844693624974847e-02  -8.9201062932041275e-01   1.5668567057862789e-01   4.2229628348175308e-01  -1.2477890675720318e+00   1.6012124796457192e+00  -5.4830078101545088e-01   2.0179281858238847e+00   1.3713566711315048e+00
   4.4812300000000001e-03   1.2136020585423373e+00  -1.3420012656564662e+00  -2.2163015570383851e-01   2.4872563524345326e-01  -2.0625175346423630e-01  -1.0126635903802270e-01   1.3565507618022197e+00   1.9934247403109897e+00   1.3637746790707672e+00
   3.4919899999999999e-03  -8.3305610457209878e-01   1.1131005219871064e-01  -7.7119170510618995e-01   6.9351144837577372e-01  -3.1986651652164433e-01   2.0616567297511104e+00   6.7187171505040655e-01   2.3273196955085349e+00   1.4738202283471340e+00
   3.9158300000000004e-03  -1.0671430261907173e+00  -4.8048200751953268e-01  -7.1228904522558245e-01   7.3460500007395269e-01   8.9613501796141570e-01  -2.3289288671034072e-01  -1.5209669590878474e+00   2.0427374214854885e+00   1.3785100819372957e+00
   3.9205200000000003e-03  -2.8965865074507730e-01  -1.3137911128027033e-01  -5.6689124536373670e-01   1.4085414553077908e+00  -7.4954110711225586e-01   3.0683587240676663e-01  -1.5764844279297952e+00   2.0242764108078397e+00   1.3727168232698617e+00
   7.3479799999999996e-03  -8.4263701459667856e-02   8.5375468511509248e-02   9.7987777372945811e-02  -6.3914088273792824e-01  -4.7266048910819880e-01   3.0136239652112068e-01  -6.9768715256278557e-01   1.1034624078489856e+00   1.0366178353917357e+00
   4.6334300000000000e-03   1.2370256415671120e-01   8.5072294110070168e-01  -4.1276650270008641e-01  -1.8827829039982893e+00   4.1069698158714435e-01  -6.0680519896840612e-01  -5.6413662432640710e-01   2.0268717097124545e+00   1.3749365770062125e+00
   3.5618099999999999e-03  -3.8034953371076985e-01  -1.1720354194681601e+00   9.6872174000270997e-02  -1.2939623187902725e+00  -8.8476896565399488e-01  -3.4915850309923130e-01   1.5771103832750404e+00   2.3418515152844650e+00   1.4787222231923096e+00
   4.2909999999999997e-03   1.9002137509109254e-01  -1.1433257135166628e+00   7.6888989502958904e-01  -3.7634018000161951e-01  -1.6583219706968000e-01   1.4360439058353953e+00   1.0656929369819375e+00   1.9758892982645435e+00   1.3575250020476666e+00
   3.8868300000000000e-03   1.3852100201027318e+00   4.0738208615633154e-02  -1.1653929360763269e+00   2.2156431784304913e-02   9.7675757835195842e-01   3.3441558689261625e-03   1.1864392997553637e+00   2.0540966159482221e+00   1.3820705748012179e+00
   4.6549100000000000e-03   5.5392078492992480e-01  -1.3781266168991577e-01   5.8433224839254871e-01   8.6370672291815898e-01   6.0295525613306233e-01   1.8186614035168418e+00  -4.2162236769368405e-01   2.0148460764087122e+00   1.3709142232742977e+00
   4.8306900000000003e-03   8.8595370884679103e-01  -1.2704590946715306e+00   1.3386647106056353e+00  -8.8823644776978028e-01   1.7928987309941485e-01  -3.2647699863306540e-01   4.0643904831851330e-01   2.0334195023230905e+00   1.3774704539739420e+00
   4.4528399999999996e-03  -1.4855364000610918e+00  -8.2802562862889417e-01   3.8538158585524990e-01   3.0615515839892216e-01  -9.4843983635017137e-01   6.3092998070692141e-01   9.4768483987127772e-01   2.0164686629454973e+00   1.3711444640271224e+00
   4.0404899999999999e-03  -1.5686181922002926e+00   5.1270534182207748e-02  -3.1002959366040644e-01   1.5315983526757329e+00   2.2182883669352524e-01  -6.2438894005645063e-01  -4.5094393789749027e-02   1.9860032333047222e+00   1.3595029591224859e+00
   4.2366799999999996e-03   1.7095463712628350e-01   1.2968729923102327e+00   4.6004066238844460e-01  -1.0383147800942003e+00  -1.1993808344827248e+00  -9.1859437729937221e-01  -2.9327189731054953e-01   2.0058067075807684e+00   1.3669528569575500e+00
   4.8836100000000000e-03   4.9149709812740944e-02  -3.1872535743893771e-01   1.3785771718639512e+00   3.9220307497435014e-01  -3.6124272049511130e-01  -1.4063474627905073e-01   1.7289632532132382e+00   2.0527983777386707e+00   1.3838832362859725e+00
   4.4943900000000000e-03  -1.3610062077193470e+00  -6.8102227224793366e-01  -5.5453942259697175e-01  -9.5240008831607204e-01   6.8622653596730732e-01   7.9997955147585320e-01   7.9508301314610774e-01   2.0013281479238287e+00   1.3660557837420446e+00
   4.1957699999999997e-03   1.1033360133096060e+00   7.2682316652300705e-01  -1.4447278109670159e+00   9.0651393193072793e-01  -3.8653616403843716e-01  -8.1434708462011202e-02  -8.4140577392091032e-01   2.0541390500977412e+00   1.3830339904318167e+00
   4.3513900000000001e-03  -2.0769574572404509e-01   5.3741016527640384e-01  -5.0257819906506740e-01   1.8844104485755913e+00   7.5345857372473235e-01   8.8747763639093935e-01   2.6742012796831927e-01   2.0840957535018947e+00   1.3936523020574263e+00
   3.9269700000000001e-03  -8.6358203504093911e-01   4.7865411420026271e-01  -5.0422599095899867e-01   1.2821983055112274e+00  -5.5798832807319421e-01   1.8173417240511906e-02   1.4944897505679386e+00   1.9974233063478219e+00   1.3635464546263223e+00
   7.3801200000000004e-03   2.2076751807212622e-01   4.9852197464679443e-01  -6.4981974238719209e-02   5.3829695053036752e-01   3.5667384538423863e-01   1.6197817918994514e-01  -6.6577537425765243e-01   1.1003236979185902e+00   1.0349783828671100e+00
   3.6794900000000001e-03   1.6550018425928654e+00  -4.3576637412428543e-01   1.3094606959869537e+00   5.4841349598338018e-01  -8.8470942619804238e-01   8.2500672849771750e-01   2.9399219272682037e-01   2.3306948048874307e+00   1.4753604991839153e+00
   4.0689400000000001e-03  -5.9668932915476813e-01  -2.6974354908805187e-01   1.6715814652764800e+00  -3.4143444501059395e-01   1.1047006996812734e+00  -7.5484731235981939e-01   6.0765671798751353e-01   2.0327177446228504e+00   1.3758269359894655e+00
   4.2186899999999998e-03  -4.6007578418502587e-01   1.1842218884657107e+00   3.8041719274347641e-01  -5.1930132310412802e-01   8.7232926639705577e-01  -1.6468437894575529e+00  -5.6901198942359031e-02   2.0552854479169924e+00   1.3836935821148013e+00
   4.5605999999999997e-03   1.5561542465700464e+00   4.2896302071203207e-01   7.9901212410428391e-01  -1.3180012271266728e+00  -4.2855580122231574e-01   1.8813625984989249e-01  -3.5652229818298697e-01   2.0190797058904586e+00   1.3720594824052446e+00
   4.4790699999999999e-03  -4.6661613712459082e-01   1.9132038652698762e+00  -3.6961380175892705e-01  -4.6732140329595917e-01  -1.4326885583236160e-01  -4.7806367996493343e-01   9.0720123443831180e-01   2.0142918347025027e+00   1.3703287887148503e+00
   4.7225399999999999e-03  -3.1241474065873277e-02   1.6489201574175361e-01  -1.4053267203375315e-03  -3.9753817006576053e-01   1.7788467463243207e+00  -7.4418540071176786e-01  -1.1991154809713747e+00   2.0491476913668412e+00   1.3823810889772756e+00
   4.4951000000000001e-03   1.7871494413299898e+00   4.1647830248720058e-01  -7.9865175982052050e-01  -1.5554426667281873e-01  -8.4290043479255883e-01   4.6655863872101910e-01   5.8165867044256614e-01   2.0014736393530561e+00   1.3660656735837444e+00
   4.2773899999999998e-03  -7.7916984865023603e-02   7.0867165441638624e-02   7.9246085996391780e-01   1.7720331053287083e-01   3.6290789957045300e-01   8.1977007093013032e-02  -2.1465156550953863e+00   2.0219754428668821e+00   1.3727488068800635e+00
   3.5956600000000001e-03  -7.9935092667325913e-01  -5.2166613382203098e-01   7.7873102244921999e-01   1.2111160402880541e+00  -5.7215762712526563e-01  -1.1249620503040869e+00  -1.2638878855473603e+00   2.1859510094061054e+00   1.4271209004533150e+00
   4.1605300000000000e-03   4.5355338853818056e-01  -9.2752569635966353e-01   8.6457733386755253e-01   1.5389177325902670e+00  -2.6087659627457421e-01   5.4922441793239174e-01  -9.9461053567319191e-01   2.0660859367158979e+00   1.3869802895613801e+00
   4.2774199999999997e-03  -1.7431290951772091e-01  -5.7443502413537262e-01  -4.3017793022866868e-01   8.7888216515390283e-01   9.1077910224259850e-01  -1.7837101617543361e+00  -1.5073868228038625e-01   2.0125070142392354e+00   1.3694610720508389e+00
   4.1500799999999996e-03  -4.7627820128444331e-01  -6.6733859952471053e-01  -5.2002176255840160e-01  -4.9038309361140447e-01  -2.0545710437844629e+00   4.0889816236793969e-02  -8.7970345907902800e-02   2.0104884721128573e+00   1.3684209215111054e+00
   7.4425799999999999e-03  -7.1641713418179154e-01   2.0701984137517870e-01  -5.8598531376663809e-01  -2.5924145346176680e-01   3.6139900409886599e-01  -3.4578507828645011e-01  -1.2512272656908957e-01   1.1101095389301654e+00   1.0395502430630910e+00
   7.2878900000000000e-03   9.4304451649281237e-02  -1.1780497495765342e-01  -1.1177397670969896e-01   6.5617396085786306e-01   4.6686900785712304e-01  -2.9022016836166070e-01   6.6054735893673511e-01   1.0998632892183577e+00   1.0348183817539029e+00
   4.5802799999999999e-03   1.6979735955207516e+00   5.4369773390730802e-01  -7.5984672796622466e-01  -4.5843277041206199e-01   8.8400637797909976e-01  -2.4665975528660539e-01  -6.6351581213665656e-01   2.0024084623793126e+00   1.3666462268253090e+00
   4.2581099999999998e-03  -1.3982303565071452e+00  -8.2441359400116054e-01  -1.0523243908469493e+00   9.4582081008174190e-01   5.1940597173300007e-01   1.3266905743363142e-01   6.8780482604363868e-01   2.0197532638468489e+00   1.3716672098221958e+00
   4.0515700000000000e-03   3.5338773626125236e-01   1.4348910009071858e+00  -1.0364200922097626e+00  -1.3067073813595226e-01  -6.7554156208488023e-02  -1.3159183952237123e+00  -6.4073930576119709e-01   1.9957473613089041e+00   1.3633235195734488e+00
   4.2644199999999997e-03  -8.3361550040997612e-01   1.0068839641239038e+00   9.3934317460975858e-01   1.3959155386998969e+00  -1.6611248981963625e-01   3.3504608372682532e-01  -8.9124236901457154e-01   2.0463805400637529e+00   1.3808201695593079e+00
   3.8001900000000002e-03   2.4148086042797914e-01   1.1114172809167222e+00  -8.9321170549088458e-01   5.3516968202060400e-01  -1.8271610626107651e+00  -7.4472706386749177e-01   4.3683863051331562e-01   2.3555013681668688e+00   1.4835446059624373e+00
   3.7705099999999999e-03  -3.9134571038613536e-01   6.7104185674005801e-01   1.1797498245302089e+00   1.7215223501549175e-02  -6.8152731568927882e-01  -1.5209768700035113e+00   9.3220446362654108e-01   2.0448264507202980e+00   1.3791150925701934e+00
   4.6626500000000000e-03   2.6861509103911679e-01   6.6832554838786806e-01  -5.1088890553513044e-01  -1.5203208349092598e+00  -1.2902405705201587e+00   1.7326305800556477e-01   6.4287660015000214e-01   1.9943186615366006e+00   1.3638477820011232e+00
   3.9892699999999996e-03  -1.7562149450657145e+00  -9.6679169664746978e-01  -4.8376037321537479e-01  -6.5195212144005976e-01  -4.6601266044808753e-01  -7.7578403626824377e-01   3.8069828961834240e-01   2.0724019574980872e+00   1.3890075649248235e+00
   3.8535700000000002e-03   4.4032157493049739e-01  -7.9635486227185948e-01  -2.3864335455009217e-01   8.8457890375020898e-01  -1.5794233119343390e+00  -1.0286399706362377e+00  -5.7893221806297279e-01   2.0254614675029288e+00   1.3728727793064983e+00
   4.5155300000000002e-03   4.1167677464150412e-02   2.5703927505565566e-01   1.5541067984082446e+00  -1.2807133495668661e+00   6.2364269131949157e-01  -2.4925314253533196e-01  -8.4723463132045373e-01   2.0117252185387331e+00   1.3695911929663855e+00
   3.8670499999999999e-03  -1.8640161147404823e+00   1.3854158151073218e-02   1.2766073002176690e+00   4.0375198683108016e-01  -6.5724587166901638e-01  -2.9493219426729061e-01   2.3114607018745525e-01   2.1104017448995767e+00   1.4021918068210038e+00
   7.3284800000000001e-03  -4.0527228799470494e-01   2.9496179365837493e-02  -2.8160584616312828e-01   2.8725344023441229e-01  -1.5311391884876854e-01   8.7981160188509233e-01   2.4195732154181587e-01   1.0962795403878245e+00   1.0330985251855733e+00
   4.5631800000000000e-03   4.2377785744089730e-01   8.4684113252978599e-01  -1.9498930807464763e+00  -6.6346032604809202e-01  -2.3648695043830482e-02  -2.3596501507082709e-01   3.8710897287043683e-01   2.0255677912318011e+00   1.3743365100799381e+00
   4.2045399999999997e-03  -1.7570099208286898e+00   3.4992484018472825e-01  -3.5253272808480826e-02   1.0692710804225144e-02  -3.9879921786113326e-01   4.4317301893622195e-03  -1.3954486480070305e+00   1.9927486345249368e+00   1.3621191954249119e+00
   3.9190900000000001e-03  -5.0810781419304374e-01  -6.9353758129692378e-01  -9.7983886003694387e-01   1.4113574974225660e+00  -1.2778854437279739e+00   3.1302839298243956e-01   2.4318510442860078e-01   2.0134655219664195e+00   1.3685012100107938e+00
   3.7598699999999998e-03   3.5645994511196677e-01   1.3129099868996561e+00   1.1557299131172190e+00   2.5780731712758798e-01   1.3598388623243078e+00  -1.3779665281121034e-01  -6.6772131396972478e-01   2.0059728584789882e+00   1.3662451592618181e+00
   4.0854300000000001e-03  -6.8756349350429780e-01   1.8512265144235427e+00  -7.7794615950798252e-01   7.8694476877334030e-01  -2.5379993874841722e-01   2.1952368163454036e-01  -3.4222137133073838e-01   2.0088505892682624e+00   1.3668723129350620e+00
   3.8835900000000001e-03  -6.5839406056628647e-01   1.3690344388740525e+00   6.3952901049789579e-01   1.2700886000685108e+00  -4.2017900394081936e-01   1.8250055531600221e-01   1.0769901281509029e+00   2.0804550098384977e+00   1.3913233939072063e+00
   3.7078100000000002e-03  -5.2978722561279203e-02  -8.9394961618013147e-01  -1.6396355800562401e+00   1.1990826334514344e+00   1.7322644657585481e-01  -6.5557757906146852e-01  -4.3075957818077015e-01   2.0226697814779531e+00   1.3710041482350110e+00
   3.5239600000000000e-03  -1.8463725507938638e+00   1.1674766742713254e+00   1.0138683786826694e-01  -8.8256270069915044e-01   1.7801507287053622e-01  -1.1697702676880131e-01   4.4473953019366819e-01   2.0629256866253445e+00   1.3850855635323904e+00
   0.0000000000000000e+00   0.0000000000000000e+00   0.0000000000000000e+00   0.0000000000000000e+00   0.0000000000000000e+00   0.0000000000000000e+00   0.0000000000000000e+00   0.0000000000000000e+00   1.9548641618699178e+00   1.3472241200377484e+00
