   3.6679600000000001e-03   7.4223751682037475e-01   9.7729284595131793e-01   5.0068017211434757e-01  -1.0058575453604166e+00   1.7256720295221777e+00   1.0212553812307879e+00   9.6524074059442222e-01
   3.6719399999999998e-03  -7.5779664446130468e-01  -6.7150887658018099e-01  -9.9387024061084928e-01  -1.6125278635818832e+00  -8.1145974416743216e-01   9.2274443983264820e-01   9.1757280502858163e-01
   3.4254500000000000e-03   2.4299314529231668e+00   2.0948250329655477e-01   1.5000370769199767e-01  -3.4907643149341949e-01  -1.9662288193848829e-01   1.0870238851911018e+00   9.9454586521778543e-01
   3.1880400000000001e-03  -1.8524823234738785e+00   1.1599754121600434e+00  -5.3792852024200510e-01   1.1193616735777066e+00  -1.7155489140661498e-01   1.1175339667162196e+00   1.0083659630515835e+00
   3.3566400000000001e-03   1.7681202032931098e+00  -1.1810213930656561e+00   7.9001987172192889e-01   4.7791191017658102e-01  -8.8524589601563231e-01   1.0789166386785867e+00   9.9174519986677911e-01
   3.5986099999999999e-03   1.1287189924016197e+00  -7.1674761313773683e-01  -3.7853632098253726e-01   9.3113485257736095e-01   1.8100170483942315e+00   1.0987247426861158e+00   1.0003841213919140e+00
   3.6299900000000000e-03  -2.5004821384454162e-01   1.5232657176718236e+00   5.2751021300906087e-01   5.6484391315052696e-01   1.7025357314147893e+00   1.0421576417695648e+00   9.7477897952218007e-01
   3.7074600000000001e-03  -1.6678621393582020e+00  -6.5176571406432526e-01  -1.2866258241458333e+00  -8.5402882704658145e-01   3.5230111276435438e-01   1.0180346124618451e+00   9.6362303038058661e-01
   3.6098500000000000e-03  -2.4200261359470479e+00  -2.5838706440387049e-01  -4.1213564365002148e-02   2.2125317229211522e-01   1.5878416152568031e-01   1.0679544869789208e+00   9.8643448504855114e-01
   6.3832999999999997e-03  -7.4608723527529097e-01   1.9474401817804754e-01   8.3148388690850505e-02  -6.0834374721449791e-01  -9.8952627685962968e-01   5.1890212940592206e-01   7.0478726313662310e-01
   4.0456800000000003e-03   1.5752273033287152e+00   4.6531376082135772e-01   6.2748553657569994e-01  -1.9029793916826995e-01  -1.4760671819331879e+00   9.6789062893597677e-01   9.3998668744646663e-01
   6.7811499999999997e-03  -4.2439770742493249e-01  -8.3293856674231237e-01  -8.2139611382597488e-01  -2.1714879134898410e-01  -3.5389491403190609e-01   5.0672482385551065e-01   6.9663213261864465e-01
   3.1220900000000001e-03   1.5556663747578625e-01  -1.5490572392286457e+00  -6.1328663493439728e-01  -7.5703992673648646e-01  -1.7753883779995236e+00   1.1476862272604587e+00   1.0218182879238940e+00
   3.9383200000000004e-03   8.3775640717641509e-01  -1.5413644761367320e+00  -5.7303649015797753e-01   9.7046038604418117e-01  -1.0692607753504424e+00   9.8582209909960428e-01   9.4939395177084607e-01
   4.4985499999999996e-03  -9.1012683138624884e-01   1.3212013252370762e+00   4.8643617493359931e-01  -1.0178666518333781e+00   9.0694054969440907e-01   8.7183021755734591e-01   8.9508646040575734e-01
   4.0812200000000000e-03  -5.1367052783630529e-01  -1.5734781817041064e+00  -2.7351001431871186e-01   2.2119534995796056e-01   1.5617892547518872e+00   9.6125001442451330e-01   9.3772193663116232e-01
   3.7362200000000002e-03   1.4810585047154829e+00   3.5706460683409214e-01   5.0577979977275389e-01  -1.7059469562809915e+00   3.9821305949366831e-01   1.0027733513875541e+00   9.5685995178610661e-01
   3.5122299999999999e-03   6.8292583724129974e-01  -8.3488876143762958e-01  -2.2623262850393830e-01  -1.8606809109739200e+00   9.9624300409586408e-01   9.8612697981606146e-01   9.4766560678737388e-01
   6.3932099999999999e-03  -2.2902155978429747e-01  -4.4068081840778434e-01   9.0247216957631549e-01   6.8559598999228408e-02  -8.4381822957413688e-01   4.9837228588736215e-01   6.9093110616280951e-01
   6.5161400000000001e-03   6.4332829861965168e-01  -9.1915145064209347e-01   1.3998146131851627e-01  -6.3627765178017448e-01   3.6152833843528720e-01   5.0984944745228911e-01   6.9853725158624203e-01
   3.8310000000000002e-03  -6.1521099735752482e-01   1.9996910902324971e-01   1.4358323195213971e+00   1.3461202396327467e+00   1.2453901664078528e+00   1.0548578818858769e+00   9.8126967175039792e-01
   3.3751200000000001e-03  -8.3605038337811521e-01   1.0242106717818611e+00  -1.0343287058424384e+00   7.3033086157589555e-01   1.6563621464899581e+00   1.0782809919754448e+00   9.9079726725611239e-01
   3.1844500000000001e-03   6.3302040523219838e-01   1.2801144485175611e+00   1.5930369747647555e+00   9.0990840540304951e-01   8.9861814843269627e-01   1.0800260466962730e+00   9.9054740091298110e-01
   3.3200299999999999e-03  -9.5707513934376931e-01  -2.9600449038428395e-01  -1.0050999653877783e+00   1.8648054765845248e+00  -4.3420903394677735e-01   9.8128807251706418e-01   9.4357064436855587e-01
   3.0234400000000001e-03  -8.0304404971617005e-01  -8.8332776835716820e-01  -8.0316833673810628e-01  -1.3546360985247408e+00   1.6069448168688460e+00   1.1171448121923893e+00   1.0080569574622920e+00
   5.3156599999999998e-03   5.4661060035208674e-02  -7.4660358810400684e-01   5.9586534769042609e-01   9.5675074236568713e-01   9.0340003404236635e-01   5.6429795987128528e-01   7.3350848310770289e-01
   3.3842500000000001e-03   7.6743548643253290e-01  -1.5434651717771362e+00   1.7117669848981236e+00  -4.8720898117798039e-01   1.7048133036365602e-02   1.0753423802028492e+00   9.9020045608280116e-01
   3.7608799999999999e-03   8.4295827931740541e-01   1.0914024070519275e-01   9.3812496777354815e-01   4.6351152754219505e-01   1.9764469011978367e+00   1.0354175193206125e+00   9.7093664955762893e-01
   3.9610000000000001e-03   3.0219949762487136e-01   7.1441750862070064e-01   1.5777029888859515e+00  -1.4492598862044996e+00   3.4516813491072762e-01   9.5708050599527583e-01   9.3551481921105584e-01
   6.6910700000000004e-03   9.3266013708028206e-01  -3.6042869923682380e-01   6.0207721078613607e-02   5.5621715180892473e-01   6.2936929466129943e-01   5.0025715734938481e-01   6.9232398995952771e-01
   6.4362200000000003e-03   2.7008886881326571e-01   6.0309276875236351e-01  -2.1274993276516962e-01   1.1345478091708745e+00  -3.8828718012741731e-01   5.1667621053385993e-01   7.0326681244006439e-01
   6.8675699999999999e-03   3.3029946953985728e-01   5.9509764515964680e-01   5.2157501055966660e-01   8.6785197715433182e-01   6.1049971734066399e-01   5.2189843972678551e-01   7.0702660023551789e-01
   3.4072799999999999e-03   1.7958442723989876e+00   1.4883826177487500e-01  -3.2205741198467680e-01   1.0834246000953471e+00  -1.1408707843517154e+00   1.0199807440105788e+00   9.6404715969997401e-01
   4.2835499999999997e-03   1.7436947088896206e+00  -1.2578742830589218e+00  -5.7840356923978298e-01   8.8918396295496901e-02   2.4435375221784744e-01   9.2155189056131370e-01   9.1836531750038108e-01
   4.6740799999999997e-03  -6.0472129863555524e-01   4.6780679167665212e-01   6.1597003443863285e-01  -1.8550678777490950e+00  -2.2860283161676540e-01   8.3673380664299868e-01   8.7716986989477330e-01
   3.7347399999999998e-03   6.5569077200762926e-01   7.7146141590292772e-01  -1.5907908685708769e+00   1.2671021585642235e+00  -6.3802971089348648e-01   9.9454559700189327e-01   9.5222420135153996e-01
   6.4482100000000002e-03   3.3157393860324214e-01  -1.1480974878777772e+00   6.9160053073727157e-01   2.7715703649051288e-01  -9.8032980223576094e-02   5.2563429315830545e-01   7.0915975866534475e-01
   3.3790900000000000e-03   4.2085873974696614e-01   2.0442402964946133e-01  -5.1367572004378081e-01  -2.3792790806448583e+00  -1.9247655594817595e-01   1.1046488970847574e+00   1.0006898718530137e+00
   6.3835000000000003e-03  -3.7908662009695010e-01  -1.2357598613653095e-01   1.2304742075890709e+00   4.1755944489744995e-01   2.6307848173796222e-01   5.1117625566262359e-01   6.9969646868423019e-01
   3.7292499999999999e-03  -1.6551991518835356e+00  -1.1136618760944264e+00  -3.2464401102500551e-01  -7.1542887474431505e-01  -1.0520009353935902e+00   1.0234413710354868e+00   9.6534007256510368e-01
   6.3994000000000004e-03  -1.0687763057361432e+00  -3.0181200767321409e-01  -5.6967025178712394e-01   4.0683004988879551e-01   3.5863524720792800e-01   5.0878275742844992e-01   6.9794351242401098e-01
   3.7943000000000000e-03  -8.7283837207078080e-02   1.8389611442950202e+00  -5.4430339359673841e-01   1.0645024758993631e+00  -9.1363785025612398e-01   1.0194235270016883e+00   9.6401394257739903e-01
   3.4457600000000000e-03   1.5735054424849830e+00   1.5286176601010721e+00   8.4902026466583946e-01  -5.1634654204326902e-01  -2.6538165289299814e-01   1.0260761277400476e+00   9.6704609935990116e-01
   4.5196300000000002e-03  -1.8149141519884278e+00   1.0644748545108476e+00   5.4015252207201192e-01  -2.9832614833574905e-01  -2.4960675880286554e-01   9.0679695237437519e-01   9.1201769096971774e-01
   3.6447599999999999e-03   7.5840870304368102e-01  -1.6179375551594983e+00  -9.5483204562162149e-01  -6.5971830271144472e-01   1.1722587027980040e+00   1.0577764435318457e+00   9.8166237180906335e-01
   4.3974000000000001e-03   4.8040737897337715e-01   9.0347495196337479e-01  -1.5072229563563988e+00  -1.2619268893029716e+00  -5.6320627876163488e-04   9.0655384141913897e-01   9.1184335367097469e-01
   3.0546200000000001e-03  -1.8329383640526307e+00   9.1580472247642197e-01   5.7486323379932003e-01   3.0259423171983668e-01   1.4021659059207314e+00   1.1486109849704846e+00   1.0225467521175873e+00
   6.3029499999999999e-03   2.6180996191778300e-01  -3.7248315190708897e-01   1.1700356156433798e+00  -5.9104625955624235e-01   1.2627699226796826e-01   5.1406288325376548e-01   7.0158163955298891e-01
   3.8914100000000001e-03  -1.5029303928188651e+00  -9.5223227632389307e-01   5.5661362120001134e-01   9.9333310702146926e-01   9.7576649294750351e-01   9.7843496878830660e-01   9.4495108785287329e-01
   3.6993199999999999e-03  -4.3973740972315956e-01  -1.5524931889838307e+00   2.4311099988057080e-02   1.7280751205479041e+00  -3.1156744006902909e-01   1.0193162747583084e+00   9.6444898840773452e-01
   3.8419399999999999e-03  -9.3258685054632651e-01  -9.0087647531491633e-01   3.0842297936582327e-02  -1.9730371375984688e+00   1.9544491724195551e-01   1.0082504211251315e+00   9.5832284747300545e-01
   3.8523799999999999e-03   1.7658398057680122e+00   8.2527110940610138e-01   3.1963240978487656e-01   7.8690803560182943e-01   1.0018542515250730e+00   1.0037785945216475e+00   9.5643280174899237e-01
   3.8413900000000001e-03  -1.1741072027472059e+00  -6.4022873328072183e-01   6.5912635704317957e-01  -5.0181205375186833e-01   1.6503194624679769e+00   9.1727390176241652e-01   9.1605646550993092e-01
   3.9607399999999999e-03  -4.4178024813617550e-01   4.5769664300494350e-01   1.5417210039593381e+00  -3.8476848362560556e-01   1.6486703608201188e+00   1.0340375178629828e+00   9.7227501249240600e-01
   3.2601100000000001e-03   1.0678479613303757e+00  -1.2491779976893519e-01  -1.9681941859753158e+00  -3.7055628278645764e-01   9.9452512583044428e-01   1.0835010616306902e+00   9.9162680606504938e-01
   7.2689599999999997e-03  -9.4692649911817073e-01   3.9686939845378594e-01   4.2290957811948077e-01   2.9394239718254123e-01   6.9806794402051653e-01   5.3081917085406138e-01   7.1300316722010038e-01
   6.8407499999999996e-03  -3.1479146331417190e-01   2.3500123092376271e-01  -1.1730353338466009e+00  -2.9765198261748849e-01   5.2724749592639153e-01   5.2737478418643646e-01   7.1067635416053487e-01
   6.5713999999999998e-03  -1.1469680589570266e-01   1.3083264343003917e+00   2.5613721353088931e-01   2.0575443884391004e-01   8.1068999736859604e-02   5.0969008432303020e-01   6.9884028126384945e-01
   3.2956900000000000e-03   1.6454246502880407e+00  -4.7161383826716841e-01  -1.1992756877792503e+00  -1.3763896892122094e+00   1.3007777745016419e-01   1.1135682236308260e+00   1.0065354374780575e+00
   5.8829099999999999e-03   1.9349908263307566e-01   5.4585699680548017e-01  -3.1726749830038259e-02   6.6656170296667511e-02   1.3323646128206386e+00   5.2253452234769748e-01   7.0675113530708733e-01
   3.1515499999999999e-03  -5.0200864489925268e-01  -1.9550807038364286e+00   7.8608761268617144e-01  -1.0767868402399472e+00  -7.7791441837450170e-01   1.1319505954256630e+00   1.0154176558334764e+00
   6.0976299999999997e-03   1.1626800317636996e+00  -3.4583692460786630e-02  -3.1794481159123206e-01  -7.8312259182547106e-01  -5.3287089324985056e-02   5.2300676093178566e-01   7.0739046952781548e-01
   3.7832299999999998e-03   8.7886362488131553e-01  -5.7775813366965501e-01   1.3782682186953348e+00  -1.0460157819119404e+00   1.2699304551200137e+00   1.0241851548779179e+00   9.6663281642882348e-01
   3.2452399999999999e-03  -7.3821277040419209e-01  -8.0810628034181975e-01   1.6989980242258163e+00  -1.3194512723699532e+00   5.9691393092661327e-01   1.0739865958329737e+00   9.8830668734517613e-01
   3.5056300000000000e-03   3.0337242069539078e-01   1.3030452233686096e+00   1.9130081791543896e+00  -2.1518343334352935e-01  -7.6426934767316546e-01   1.0884551936925515e+00   9.9656526721258876e-01
   3.2777700000000002e-03   6.5126180161759029e-01   8.8389249096776246e-01   9.6931089104041745e-01  -1.6788168846424583e+00  -1.1361029028027718e+00   1.1057277676607289e+00   1.0023108356517716e+00
   3.5321800000000002e-03  -8.3480309591172830e-01   6.0077784194796868e-01  -1.5722347255545004e+00   9.0721730149166724e-01  -1.3187918174533881e+00   1.0892305521512045e+00   9.9578681810564362e-01
   3.6429700000000001e-03  -5.6440112753233973e-01   1.8799965748390333e+00   6.7555293159343532e-01  -9.8739545029121800e-01  -5.5978770481397910e-01   9.8715709269247465e-01   9.4836165168452591e-01
   6.3041800000000004e-03   1.0959686398570387e+00   2.8049444590085182e-01   4.9917453023382835e-01  -3.1043729961519928e-01   6.4925089393147362e-01   5.2495100787467330e-01   7.0887448690085775e-01
   3.6425400000000001e-03  -6.3098712428095571e-01  -2.0172479455114627e+00  -8.1013391502796761e-01  -8.4652441002886258e-01   1.7502057967430151e-01   1.0492539513890251e+00   9.7780094799119566e-01
   3.4402700000000000e-03  -3.3082094697723724e-01  -3.9947187298807814e-02   5.4064582083244284e-01   2.3627654624483552e+00   2.2341610178010333e-02   1.0581515075682075e+00   9.8161028843568088e-01
   3.5979699999999998e-03  -1.0333739534457234e+00   2.1670540385884425e+00  -2.9720616550131154e-02   2.7919511241480310e-01   3.6247366080931304e-01   1.0750300911820792e+00   9.8904926545349836e-01
   6.2589000000000004e-03   4.6386152177104775e-02   7.4260452674684585e-01   9.0534452444058999e-01  -3.0036168084888104e-01   6.8822000814966588e-01   5.1181343655463341e-01   6.9991839477790596e-01
   3.8816800000000002e-03   4.3801816567129903e-01   2.1875513179192687e+00  -5.3975241223093495e-01  -4.5547001747619320e-01  -2.6522498398005823e-01   9.9687777695438995e-01   9.5405204228926954e-01
   6.5457099999999997e-03  -5.5719934701302831e-01   5.9989382040889461e-01   9.6698043834376834e-01  -4.0360681398818571e-01  -3.7829336876147057e-01   5.1801608140517674e-01   7.0454383405280596e-01
   3.3233600000000000e-03  -4.6502513282254060e-01   6.7329927212274487e-01   6.3849241438950516e-02   5.2071392148179285e-01  -2.2528007774548362e+00   1.0447318235030947e+00   9.7571186763396234e-01
   2.8389000000000001e-03  -9.5812923689132157e-01   1.8278227826313660e+00  -9.3919018575191604e-01  -1.2168794560452014e+00  -2.7651084978712180e-02   1.1335476872866783e+00   1.0124724312189162e+00
   3.3825200000000000e-03  -9.1114328146336754e-01   5.7982214313815394e-02  -9.3222834046474212e-01  -6.2530203621138192e-01  -2.0254497986206630e+00   1.0895816981592825e+00   9.9652861243309498e-01
   4.8246399999999998e-03   5.3649525099737461e-01  -5.1512641305797624e-01  -6.4896143843441012e-01   1.8949265041109007e+00   1.9912362725333227e-01   8.7775981843057360e-01   8.9784802132568853e-01
   4.4542200000000001e-03   3.8474018128997639e-01  -4.0925147043640503e-01  -1.4346712398317412e+00   3.0830326777479117e-01  -1.5884271595166284e+00   9.2464693051749869e-01   9.2070942118040944e-01
   6.7482999999999996e-03   5.2930571381544216e-02  -4.3345225335099269e-01   5.8022204929723098e-01  -1.4140491622531579e-01   1.0590437869473148e+00   4.9700096399850130e-01   6.9012923480414912e-01
   3.3822100000000001e-03   1.6588452140723440e+00   1.6192378976341042e+00  -5.4633710937308222e-01   6.2323857565400897e-01  -4.3229548119503880e-01   1.1146344561039612e+00   1.0072533297183262e+00
   3.8514299999999999e-03   5.9781509067452288e-01   1.9014622019846554e+00   8.0140438515263701e-01   8.2097101042946563e-01  -3.3006137454462386e-01   9.7025630500160853e-01   9.4119923933485472e-01
   3.4964499999999999e-03  -5.3014224274247589e-02  -3.6272696591881093e-01  -1.2364350431566575e+00   7.4136459457935164e-02   2.0309937015974295e+00   1.0149066346438689e+00   9.6174782716680141e-01
   6.6132900000000000e-03   5.9195823819215676e-01  -3.5008119341815935e-01  -1.1746532416648536e+00  -2.3592545749618363e-01  -3.9885845919799746e-02   5.2172282266969461e-01   7.0684424991439365e-01
   3.8114199999999998e-03  -1.4636645245390261e+00  -1.5591020229110224e+00  -8.1411806590161329e-01   6.8876061465254090e-01   1.9559382564736982e-01   1.0445903744472254e+00   9.7493519287237207e-01
   3.6009100000000001e-03   9.5439729237422088e-01   9.8286328030388581e-01   1.8584524621005774e-01   2.0092290750797752e+00  -1.3596414397836029e-01   1.0706663051372165e+00   9.8832974276952368e-01
   4.0934700000000001e-03   5.2109800098200421e-01  -1.4243795311712064e+00  -4.7812532845269101e-01  -1.5766161361453102e+00  -4.0071343656112979e-01   9.3815619616226253e-01   9.2614561541058726e-01
   3.6773100000000000e-03   7.4399572411288611e-02   3.2821877385102888e-01  -1.9094398933679932e+00   9.9653061184820690e-01   8.9184385989678849e-01   9.8734444122695275e-01   9.4819638089700675e-01
   3.6010100000000000e-03  -1.4353887028809253e+00   3.0224203739598543e-01  -2.2087389619290906e-01   1.5592030095438456e+00   1.0115111655481734e+00   9.9761581219002626e-01   9.5366821464764262e-01
   6.4501000000000003e-03   4.6159640868402574e-02   8.8385009563989758e-01   2.2104213369699108e-01  -2.4853956057626556e-02  -1.0239166064517751e+00   5.1278946219795574e-01   7.0073526207609316e-01
   4.3074000000000003e-03  -1.6690561038539176e+00   9.3204710362343646e-01  -7.9393643292248306e-01  -3.4502106173946717e-01   7.2500977470893746e-01   8.9679628302007175e-01   9.0759186982611217e-01
   6.6697199999999996e-03  -4.8152824908019648e-01  -1.1368941441264671e-01   6.8888441140798354e-02   1.2052388429790470e+00   2.7516869361927038e-01   5.0884500477967265e-01   6.9818220133346209e-01
   6.4425699999999999e-03  -1.6126707670705503e-01  -2.9569337251398364e-01  -4.8960497193887098e-01   6.1133292249771232e-01   1.0502484757160671e+00   5.0791268855151772e-01   6.9729495105568695e-01
   3.4549099999999998e-03  -4.6776544742740955e-01  -2.2485336275937446e+00   6.7573105469654304e-01   4.4682637482173432e-01   4.0808271202083540e-01   1.0709444077165049e+00   9.8814986093938095e-01
   3.7434600000000001e-03   1.0585052108257649e-01  -1.6932119218508590e+00   8.9616291625330569e-01   6.2388759695863449e-01  -1.2475767226742913e+00   1.0052464086242807e+00   9.5770790034973630e-01
   3.7547200000000000e-03  -1.8087360188289412e+00   2.5474983554389363e-01   3.0727760031709200e-01   3.6308805754598622e-01  -1.5024445317124591e+00   1.0499314458158862e+00   9.7826633606483060e-01
   3.8308800000000000e-03   2.2168390826157189e-01   3.6825189575297518e-01   1.3101274883495020e+00  -1.1100775698460667e-01  -1.8253860095052914e+00   9.2880120212217077e-01   9.2133300743311564e-01
   3.7611400000000001e-03   1.4540104291976541e+00  -4.2343690082123256e-02   1.6717584245176909e+00  -8.0780236711539266e-01  -4.7393993679471907e-01   1.0360247253946300e+00   9.7239296198470870e-01
   6.7506900000000002e-03  -1.7662065695817927e-01  -7.8533983641526625e-02  -1.0954046076204886e+00   7.3886830811143078e-01  -1.3387044443159082e-01   5.0996948527352592e-01   6.9910543838803296e-01
   7.0813999999999998e-03   1.5070081553033438e-01  -1.1488628800535166e+00  -4.5991834638151574e-01   4.2130389605548602e-01   2.9755162370195148e-01   5.2756107344639225e-01   7.1073446589412281e-01
   3.3564900000000002e-03  -3.8498139838486839e-01   5.4393410729296432e-02   6.4553321962805421e-01  -1.9070957914867341e+00   1.3917939663176575e+00   1.0876759277830557e+00   9.9457669981797536e-01
   4.0014200000000003e-03  -6.9253179521655517e-01   1.5153314929147299e+00  -1.6285739106258175e+00   3.0663785247858788e-01  -2.5447350610085730e-03   9.9628480051749424e-01   9.5487310408615766e-01
   3.5016800000000001e-03  -1.5705449635970887e+00  -1.4274666905907845e+00   7.3349408109330150e-01   4.7201063092568973e-01  -8.0633237528098167e-01   1.0472780609343326e+00   9.7604974772786823e-01
   6.8023099999999998e-03  -7.1987855075736829e-01  -9.7971773821033359e-01   3.4864215728282666e-01   1.5803682229321447e-01   3.4875618668382063e-01   5.1112340794454914e-01   6.9950290127703518e-01
   3.7232099999999998e-03   8.7483843576810394e-01   8.4798396513680308e-01  -6.8625021171244271e-01   5.5084728911874536e-01  -1.7719986929856317e+00   9.5297805357652854e-01   9.3228398917819644e-01
   3.6575100000000001e-03  -8.5860752107477722e-01   1.6200649059349324e+00   9.4917732880975059e-01   6.4164064207223814e-01  -1.0815402702360064e+00   1.0517957226418517e+00   9.7829032596898380e-01
   3.6977500000000001e-03   3.9793987103642936e-01   1.8731665289826225e+00  -5.8368805986966621e-01   1.0904997942600361e+00   6.9214637004287249e-01   1.0192058331913365e+00   9.6269608343772239e-01
   6.6037099999999996e-03  -3.8678720756528945e-01  -8.0872322765875304e-01  -4.3332006471442353e-01  -6.6823953727158591e-01   6.7144703974854958e-01   5.1808587039406473e-01   7.0440872603891291e-01
   3.7157599999999998e-03   1.7235483284449307e+00   4.9576830996291604e-01   1.3097321842043650e+00   9.2119884554506681e-01  -3.6412127985475784e-01   1.0617394172383710e+00   9.8425302707852347e-01
   6.8218000000000003e-03  -9.7377974527620337e-01   6.6707076886807204e-01  -2.7107413364818012e-01   4.8167935518463190e-01  -3.6767210712741449e-01   5.2082203022630658e-01   7.0629038753417828e-01
   4.2172399999999997e-03  -4.8007746617540709e-01  -1.0477923643751628e+00  -1.8024720443927413e+00   2.5238062899162673e-02   7.4653781324502322e-01   9.3235505468300839e-01   9.2409299934354794e-01
   4.0346799999999997e-03  -1.0175905221564676e+00   1.5530255342863846e+00  -4.9656930499533214e-01  -1.5723753015982833e-01  -1.2480249980456650e+00   9.4828679029713703e-01   9.3161728274553979e-01
   4.2959299999999999e-03  -7.7701546987162007e-01   4.7369741001064192e-01  -7.6265999392885886e-01  -1.7620878672965723e+00   6.6445647353660464e-01   9.0831665221101232e-01   9.1254397469220827e-01
   6.1026600000000002e-03  -3.2253499315194545e-01   1.7466656394673577e-01  -4.2580116676621460e-01   5.8542539866272802e-01  -1.1476111029108742e+00   5.1439743099948343e-01   7.0134780139930586e-01
   3.5487100000000001e-03   8.4076820800734164e-01  -2.2571815853050317e+00   9.0013960307145882e-02  -3.0098009652791924e-01  -2.7125296080586203e-01   1.0587754188969547e+00   9.8229030727644595e-01
   3.2780999999999999e-03   1.7296190307885473e+00   1.2208750626341183e+00  -6.2389510176143170e-01  -9.0577863565927519e-01   7.1123757459990966e-01   1.0914523298366199e+00   9.9572471983139321e-01
   3.9160200000000001e-03   9.0378359228534766e-01  -1.6260908781251320e+00   5.5079601539907641e-01   1.1511200223007755e-01   1.3126060386239069e+00   9.9055185398166845e-01   9.5101026166338976e-01
   3.2922200000000002e-03  -9.4451714558500977e-01   8.6924835358738750e-01   8.7795533356833078e-01  -9.4556839517367441e-01  -1.6905277628448598e+00   1.0814459443479914e+00   9.9212253435474207e-01
   3.6544500000000001e-03  -1.6384287804369426e+00  -4.5934461625819556e-01  -7.5836990357049772e-01   1.1936249544646646e-01   1.4965108597559351e+00   1.0156342391014217e+00   9.6249901006816907e-01
   6.9020699999999997e-03   8.3471150162080610e-01  -3.4002429005039342e-01  -5.6690823629460252e-01   6.3179279329482274e-01  -4.3636049422737511e-01   5.0955035760740341e-01   6.9869446389356316e-01
   3.6218399999999999e-03   1.7869691753405499e+00  -3.1436022485344328e-01  -1.0199472142313368e-01  -6.4254737832874942e-01   1.4896503122705100e+00   1.0665862139310986e+00   9.8547915299624811e-01
   3.8350799999999998e-03  -5.8496447923008121e-01  -1.3696933579058912e-01   2.5514623082588644e-01   7.1908654366864422e-01   2.1382712036128058e+00   9.8660463935777121e-01   9.4914431697678614e-01
   3.5619400000000000e-03   1.3393551586797154e+00  -3.3161202209275686e-01   4.5139892045115121e-02  -1.5710948258489355e+00  -1.1018178547101900e+00   9.8057623739918165e-01   9.4514941317510259e-01
   3.7434299999999998e-03  -1.6943516811302135e+00  -2.7164908785550101e-01   1.5682738057638999e+00   5.1970730704120893e-02   5.3032131782589198e-01   1.0122455151667191e+00   9.6115609283718084e-01
   3.2235300000000001e-03   1.0290806027057595e+00  -1.4834462864136519e-01   9.4552326494212835e-01   1.8473122614551207e+00   9.3446416623465312e-01   1.0845575293293590e+00   9.9380524367623058e-01
   6.9235800000000004e-03  -4.0155581201882828e-01  -9.4570246127354807e-01   3.3702519696019229e-01  -7.6387383672704257e-01  -3.7201744162743655e-01   5.2904131885869654e-01   7.1181002282688322e-01
   4.1444799999999999e-03   7.8334888908292222e-01  -1.0858959763428300e+00   9.4004137486874140e-01  -7.7130459816209651e-01  -1.4342831307924777e+00   9.7049584107065490e-01   9.4252533332385169e-01
   4.1711900000000000e-03  -1.1643691321930967e-01   1.6855139157489514e+00  -7.5348233422645094e-01  -5.4845601674921962e-01   1.1846996572110933e+00   9.3033013504863460e-01   9.2321225980741450e-01
   3.7141800000000001e-03   1.0516889206407380e+00  -1.5936713312056006e+00   1.8306969538377452e-01   1.2764389405094663e+00   2.6769387484944185e-01   9.4349039514074817e-01   9.2853867807896195e-01
   7.2149299999999996e-03   9.8121652285990905e-03  -1.0837137356378433e-01  -4.8654344670092575e-01  -1.1328624427258254e+00  -2.1416901652058962e-01   5.0065041494398765e-01   6.9298603843079243e-01
   3.8314000000000000e-03  -7.1581059258851909e-01  -1.2495136147478776e+00   1.7631195428434365e+00  -9.7016732376682527e-02  -3.0262057811608839e-01   9.3016008568131026e-01   9.2279622792970861e-01
   6.4316900000000003e-03   5.9976146102261418e-01  -9.7575695229324111e-01  -2.2411989736398810e-01  -2.9465060407405319e-01  -6.9327711994717656e-01   5.1965901072109966e-01   7.0519374784882016e-01
   3.6948599999999999e-03   3.3597568005400602e-01  -1.2652724824174125e-01  -6.4643137963493458e-01   1.8289810161686559e+00  -1.3686507513275583e+00   1.0324671902598364e+00   9.6956613268918102e-01
   3.5223600000000000e-03   8.1660951937523307e-01   1.3882583846681407e+00  -1.7100762725246801e+00   7.8690076459048644e-02   5.2047769264680110e-01   1.0233379189314302e+00   9.6491825473549875e-01
   3.5348799999999998e-03  -3.3494147939372038e-01  -1.1641258456035275e+00   1.6421450729879818e+00   2.2294945009764791e-01   1.3747080179583846e+00   1.0947592905613939e+00   9.9791269873100696e-01
   3.7692899999999998e-03   6.7329616235800849e-01   9.0140477877787073e-01   7.8217176278514922e-01   1.2601158178923364e+00  -1.4983158507985150e+00   1.0229770253157051e+00   9.6580705935383249e-01
   4.0610799999999999e-03  -8.2840046256710764e-01   1.3428196552234997e+00   1.5421264595426158e+00   3.7815393952793047e-01   3.7228931193320647e-01   9.2483967523238209e-01   9.2035684965384434e-01
   3.4707100000000001e-03  -7.0138937999237524e-02   9.8201136262289906e-02   2.4585426225238809e+00  -6.0127046955870136e-02   3.2615230558991548e-01   1.1131844810582943e+00   1.0061506163907674e+00
   6.2785300000000000e-03   6.2367776352518411e-01  -3.3262327678914022e-01  -6.2839525246498751e-01  -3.4872747887693356e-01   9.9050999922450433e-01   5.2090371151152615e-01   7.0596287674527824e-01
   3.5395499999999998e-03   9.4785189305401329e-01   8.6017440771249232e-01  -8.2963389930521825e-01   2.3820756134329105e-01   1.9348877510498059e+00   1.0997473954517343e+00   1.0011673683861415e+00
   4.1471600000000004e-03   2.0198173657612947e-01   5.0791933505493403e-01  -2.0821588104611619e-01   1.7143044811958084e+00   1.4549415925065012e+00   9.8958819670358766e-01   9.5128437726870962e-01
   3.6706999999999998e-03   4.6799789809894160e-01   2.1391648342519098e-01  -1.4813041577162409e-01  -8.5328886250101565e-01  -2.1721393136872473e+00   1.0189660908831804e+00   9.6373600138235194e-01
   3.2699800000000000e-03   1.9692019408935848e+00  -7.4100315255319515e-01   1.0150320336316623e+00   3.2085894931151654e-01   7.1950578571413260e-01   1.0551569187579852e+00   9.7970603416980140e-01
   2.8433899999999999e-03   1.3889128005392823e+00   5.8130384475805452e-01  -1.1231992906954567e+00   1.5796501695162388e+00   7.2658212639982001e-01   1.1189938514385696e+00   1.0069263993200590e+00
   3.7351400000000001e-03   3.1783528045670478e-01  -5.9154951538228895e-01   1.5739509143298541e-01  -7.1089288786396421e-01   2.1348183094412057e+00   9.8617896624399115e-01   9.4834626699365276e-01
   6.5954700000000000e-03   5.6906572933342736e-01   5.5615275282894527e-01   1.1005869542090736e+00   1.5134245056601700e-01  -3.1160835814838506e-01   5.2496024880880343e-01   7.0894501827692713e-01
   3.9269900000000000e-03   5.5309086572984956e-01   3.9173195946073197e-01  -9.5957602905585915e-01  -1.4184364564793950e+00   1.4432540396446705e+00   9.8467035499633604e-01   9.4862518308446464e-01
   3.6032600000000001e-03  -1.6574535321050725e+00   5.3471012608824575e-01   1.0643800131132910e+00   1.2206232933133914e+00  -8.2278793488675284e-02   9.9896427672868948e-01   9.5351673664953307e-01
   1.1613739999999999e-02   5.5844583664491900e-03   3.6601681696905824e-03   1.5330991553219441e-02   1.5254061581779468e-02   4.1215808133464050e-04   4.2198527738589786e-01   6.3891190961026478e-01
   3.9969000000000003e-03   5.2629453512866153e-01  -2.4507183025968507e-01  -1.4816582043434525e+00  -1.2368243397553400e+00  -1.1710826369854337e+00   9.9529089050714437e-01   9.5228939900710929e-01
   6.9469900000000001e-03   1.0991917519787855e+00   7.0878028941586446e-01   2.5327530010449108e-02   3.0228488190642194e-01  -2.8167316218932181e-01   5.2848968818932174e-01   7.1132209045596306e-01
   6.5294899999999998e-03   2.6047819909619668e-01   9.8128659154804587e-01  -8.5815119846478749e-01   1.4192889503069150e-01  -3.9231200711150443e-01   5.2116993992331084e-01   7.0639035893178692e-01
   3.7400500000000000e-03  -3.4960304393423036e-01  -4.8338338649780282e-01   2.9588626823413555e-01  -1.7868878420426124e+00  -1.4268871171321480e+00   1.0165629310246083e+00   9.6219962319332275e-01
   4.0357199999999996e-03   1.2064177900661565e-02  -6.7135999205985208e-01  -1.6536394665753216e+00  -1.4100763366401523e+00   4.0185212849079854e-01   9.6434167201011023e-01   9.3827336285903595e-01
   3.1311600000000000e-03   7.1900062141909171e-01  -6.8231087800682488e-01   1.6373397296236877e-01   5.4959629866349113e-01  -2.2427047088670751e+00   1.1041677033421893e+00   1.0026542766963313e+00
   3.8729300000000001e-03  -5.5857314797560276e-01  -3.5667115428408336e-01   9.7943616907051823e-01   1.3061402131889168e+00  -1.5571248315484316e+00   9.9126668360729642e-01   9.5162236668499622e-01
   6.0588600000000001e-03   6.1251447897489963e-01  -1.5657682426921313e-01   3.3800428392122001e-01   4.9900609429164827e-01  -1.1500542776060496e+00   5.2099121053790165e-01   7.0615366680035996e-01
   3.5166199999999998e-03  -6.7767646907220458e-01  -7.7169298524511210e-01  -1.1777019003135973e+00   1.4920281327508071e+00   1.0682407819632818e+00   1.0323441854698672e+00   9.6892554127260055e-01
   5.7107299999999998e-03  -2.7000978930624869e-01  -6.4365923745485254e-01  -1.7700587832081224e-01  -1.8091727731743107e-01  -1.3338954754290031e+00   5.4443971391989410e-01   7.2109033989975635e-01
   2.6849700000000001e-03   2.3660629032186353e-01  -2.2026130120305765e+00  -9.8398580903376220e-01   8.3042834797787246e-01   5.2209284422216795e-01   1.1640048694457741e+00   1.0273611049004114e+00
   6.5022800000000000e-03  -1.1577809138395216e+00  -2.7383181937532247e-01   4.5855735482039367e-01   2.2203692702717734e-01  -4.3155844428014606e-01   5.1204236699654226e-01   7.0025920649475804e-01
   3.4191000000000000e-03   1.9172304019053634e+00  -3.8417845532878886e-01  -7.7387051814554991e-02   1.3446222474314997e+00   8.5389513261424105e-02   9.7798559651247696e-01   9.4332020959079510e-01
   4.5189499999999999e-03  -1.4306670934472148e+00  -5.1604174546943304e-01  -8.2943689364428075e-01   4.8357294125837702e-01  -8.6202051951929304e-01   7.3464158935119706e-01   8.2586794999937552e-01
   3.3708700000000002e-03  -8.1740698765898712e-01  -8.0536692446520031e-01   8.5949715213919220e-01  -3.2576950168702123e-01  -1.9871900190441105e+00   1.0701028147167664e+00   9.8779728406473222e-01
   2.9840399999999999e-03   1.4201294048192090e+00  -5.9108475550782813e-01  -1.7589331773216699e+00   9.2515866456498197e-01  -4.0626789105627970e-01   1.1269836534171283e+00   1.0099284384547065e+00
   3.3433500000000001e-03   1.7664042890461222e+00  -1.2152773706484057e+00   4.9848336980555213e-01  -1.0968421059240885e+00   1.0309990845779175e-01   1.0595862463890764e+00   9.8200757862713961e-01
   6.5263300000000003e-03  -7.7438042136941387e-01  -1.3795994402317535e-01   7.1714176327728441e-01  -7.6241545094825303e-01   3.9433023720501142e-01   5.1480593745262071e-01   7.0207890437830189e-01
   3.9866499999999996e-03   6.3061091533385449e-01  -4.4585235924861061e-01   1.9098953432074708e+00   5.0868882442943431e-01  -9.9812908305215486e-01   1.0018782871928849e+00   9.5642469948459807e-01
   3.1866600000000000e-03   8.3560338366000475e-01  -6.7261702790673872e-01   7.3422672913359543e-01   1.8929562726509246e+00  -1.0017076221729944e+00   1.0901354075174350e+00   9.9657447656221321e-01
   6.2033200000000000e-03   1.1959076425142781e+00  -3.7722619236517724e-01   5.5600744102256783e-01  -4.0697482609512198e-02  -3.2106678758270585e-01   5.1597238214273156e-01   7.0272648569062246e-01
   2.9463599999999999e-03  -1.2269647847735405e+00   8.3758010541360783e-01   1.7678359824201693e+00  -1.0757127315027979e+00   1.4952954369235219e-01   1.1327354304684309e+00   1.0122325802168872e+00
   4.1833599999999997e-03  -1.2040422921839844e-01  -1.7074315079928484e+00   5.9387832547517894e-01  -1.0523620861078946e+00   9.2267948946219669e-01   9.5895315565130212e-01   9.3664838364506664e-01
   3.7861399999999999e-03  -1.4201558005179979e+00   9.1976878253833730e-02  -1.8018733670366798e+00   6.5744092194972525e-01   2.5002903234386636e-01   1.0440401568340094e+00   9.7539065064207919e-01
   3.8328899999999998e-03   1.7215118362311683e+00  -7.5372551941975641e-01  -6.7406094946385819e-01  -3.1634146996533635e-01  -1.2886221641869076e+00   1.0486683986917700e+00   9.7751540547621396e-01
   6.4300700000000004e-03  -1.1728593239107528e+00  -1.1139844206815494e-01  -2.7527766650765090e-01  -6.6176940329227207e-01  -1.2889156851484640e-02   5.1488678104149133e-01   7.0219582507292011e-01
   3.1599100000000001e-03  -8.0843817166816845e-01  -1.0074871850036984e+00  -5.4171226231792502e-01   1.0008522161976194e+00  -1.8824378642103561e+00   1.1488194279198105e+00   1.0216157300003341e+00
   6.2948800000000001e-03  -5.0654862662829181e-01   2.7266191482075874e-01  -1.0772931007063229e+00  -3.3177442316378836e-01  -6.7459193416802843e-01   5.2717963286954450e-01   7.1041612937372078e-01
   3.9296499999999998e-03   1.5494637504054181e+00   5.0516823179867754e-01  -1.4821821825403754e+00  -1.4197066752293042e-01  -6.5736659785975460e-01   9.5307090641723280e-01   9.3294918159278251e-01
   3.9879399999999997e-03  -7.6227139282709333e-01  -8.6492659996262355e-01   1.4139957852544545e+00   1.3507490153671466e+00  -1.2671593532416325e-01   9.2764366462479708e-01   9.2103744404820731e-01
   3.6773999999999999e-03   6.9280099596310563e-01  -1.5718813603485484e+00  -1.6155101216677468e+00  -3.4786494103303850e-01  -4.0447627084004822e-01   1.0376493894272063e+00   9.7305117777031536e-01
   7.0264699999999999e-03  -2.8076133389668895e-01  -7.3600567415241325e-01  -5.5936586226843520e-02   8.5722201846702484e-01  -5.9789113242741498e-01   5.1330413736021563e-01   7.0129465112250688e-01
   3.6344599999999999e-03  -4.0248695535144596e-01   8.9174060145134348e-01  -1.0279630507178439e+00   1.8919282977016110e+00   1.9370962160246269e-01   9.9968676408704094e-01   9.5363157696131262e-01
   3.7894600000000001e-03  -1.6658164000882862e+00  -1.4756994754902901e+00   3.1229542568088792e-01  -6.1053058765521695e-01   4.8342001660218503e-01   1.0159974940755812e+00   9.6277584938858363e-01
   3.9727299999999998e-03   4.3610562011053999e-01  -7.5713458130928168e-01   9.4825026943678892e-01  -1.9261328997948235e+00  -1.2219840391499841e-01   9.7401385125679052e-01   9.4253666625178900e-01
   3.2712800000000001e-03  -1.9682535285713620e+00   5.2879712242186516e-01  -1.0382746847344240e+00  -2.9165281834797524e-01  -7.5409292783918924e-01   1.0131009271260754e+00   9.5931595791702362e-01
   3.5955800000000001e-03   3.5092331593628084e-01   1.5227339943423961e+00  -6.7434816794598590e-03  -1.8127411245581049e+00   4.5442704482158275e-01   1.0636716087383584e+00   9.8340855046601006e-01
   4.5201599999999996e-03  -1.4545541916379753e-01   9.9392729190784312e-01  -5.0355657912542862e-01  -1.4812212801912050e+00  -1.1460126720148722e+00   8.8631184549677544e-01   9.0203620856131417e-01
   3.0414399999999999e-03   2.0144160499308100e-01   2.0902383813886325e+00   1.0923354255889872e+00  -5.5922875060592647e-01   6.2978870562983447e-01   1.1034545469640795e+00   9.9922258583446300e-01
   3.5152400000000002e-03  -7.9769775373862861e-01   7.5960991506462816e-01   3.3122720077784204e-02   1.7967072371968964e+00  -1.1362319021498393e+00   1.0136606530317962e+00   9.6052098465889268e-01
   6.8431600000000000e-03   3.7654787950784119e-01  -1.0227224026824707e-02   5.3379388330154920e-01  -8.6566709700007849e-01  -7.4725868413121410e-01   5.0801584150903323e-01   6.9778250888055093e-01
   6.5668999999999996e-03   6.5695960112473106e-01   4.5371392922804965e-01  -7.1233184363418622e-01   6.1797710114842541e-01   5.3776414397514682e-01   5.1181964555856252e-01   6.9986893049682053e-01
   3.6513900000000000e-03   6.1060151136387950e-02   5.6936372200280794e-01   1.8011223178295286e+00   1.5132447731575038e+00  -3.4037863818934627e-01   1.0712099414851350e+00   9.8830896572636262e-01
   3.2933400000000001e-03  -1.9651075304847070e+00   1.1952392471845716e-01   3.1343268998344609e-01  -1.2606275027273548e+00   8.1808696790871149e-01   1.0932678838476666e+00   9.9703743520802168e-01
   4.0325600000000001e-03  -5.8188206779150919e-01   1.4183798592322383e+00   5.0058991607154135e-01   1.6060638557453457e+00   3.7769406869606059e-01   9.6518917302685181e-01   9.3856774645220364e-01
   6.3420300000000002e-03  -4.9374869809916716e-01   8.4895774343329888e-01  -5.4687865602520502e-01   5.8483402612188384e-01   5.9733846540648994e-01   5.1893218341323311e-01   7.0477164485750898e-01
   2.8406299999999998e-03  -7.5068977054859976e-01   7.4681016737943051e-01  -2.1952107297382081e-01  -7.7851240265747212e-01   2.2253707209493134e+00   1.1526102550752815e+00   1.0237126798074792e+00
   3.6224800000000000e-03  -1.1265350292278502e+00   2.0442844411244571e-01   1.8838228563217492e+00   3.0536274355514587e-01  -9.8976228488395157e-01   1.0568842830401282e+00   9.8140815769140310e-01
   6.4220600000000003e-03  -4.0456504264842458e-01   4.8380811412017599e-01   7.2066908364445015e-01   8.3329521150862351e-01  -5.6565626738193220e-01   5.1687296360159940e-01   7.0342373134425706e-01
   3.9299799999999996e-03  -1.6764458079868858e+00  -4.1995043940798310e-01   1.0171785700016605e+00  -1.0045059290365415e+00  -6.8151430398435808e-01   9.8773513102487698e-01   9.4969719521102547e-01
   6.6171600000000004e-03   5.7902217001006318e-01   2.2739361364499203e-01  -5.1198716067836114e-01  -3.8218943124941857e-01  -9.5902395633641790e-01   4.9818569275845936e-01   6.9089564359009392e-01
   2.9788200000000001e-03  -6.2700409496496312e-01   5.7506860184135700e-01  -1.9562913256601462e+00  -6.5380142360133164e-01   1.2619268483808783e+00   1.1460640289019519e+00   1.0209599588735223e+00
   3.7167799999999998e-03   1.4093488915375130e+00   1.1216771167054274e+00  -5.4386787616555776e-01  -1.1573816818194498e+00  -9.2412747861685751e-01   1.0280266803094096e+00   9.6758339824932382e-01
   4.1098100000000002e-03  -5.3823219578808901e-01  -1.9182321969946465e+00  -3.9911211462242369e-01   2.2851436299981928e-01  -8.2384886498442378e-01   8.6969251187795826e-01   8.9395344329006909e-01
   6.4080500000000002e-03   5.2210518459135635e-01   9.5256015770195568e-01   3.2353088183351297e-01  -8.3227691606324838e-01  -2.3157219179173999e-01   5.2902832974575853e-01   7.1157495335149168e-01
   3.7006000000000001e-03   1.1923828468177318e-01   9.2364021386706407e-02  -2.3882888572608874e+00   9.4149177157306883e-03  -3.2447731911585470e-01   1.0366426036778442e+00   9.7247559808216755e-01
   3.1314500000000000e-03  -8.5130343113169915e-01  -1.0028923938203804e+00  -1.9178188774990430e+00  -2.8732118299346576e-01  -9.6838362372613129e-01   1.1245683789288599e+00   1.0107655061456753e+00
   3.8617299999999999e-03  -1.8212587151713974e-01  -1.1166017182451573e+00  -1.6548646102106508e+00   1.1002501226753167e+00  -4.9292715714657953e-01   9.9144445158517103e-01   9.5063352214025920e-01
   3.2520299999999999e-03   1.9325510807505192e-01   1.2907463625765243e+00  -1.5850612097309140e+00  -4.0478633552838605e-01  -1.4007765722539203e+00   1.1207161926161522e+00   1.0084973084656543e+00
   4.6857499999999998e-03   8.1696793387530797e-01  -2.2875884941290459e-01   1.5892064338571239e+00   4.4309413819051890e-01   6.5324076399807041e-01   7.2431007711613915e-01   8.2139368808423341e-01
   6.1670500000000003e-03  -6.5667243511408047e-01   2.1010252846338248e-01  -2.4509712286189136e-01  -5.1727865447908883e-01   1.1092393255034871e+00   5.2376662719037037e-01   7.0783252026625654e-01
   7.3102699999999998e-03  -5.4947831814798342e-01   8.9647438735329232e-01  -2.5552611352027077e-01  -6.5633311034316055e-01  -8.3076349636686756e-03   5.0490073311320138e-01   6.9589377988537993e-01
   6.7376700000000003e-03   1.8429707183874658e-01   1.3159738813459712e-01   2.1319879968030675e-01  -1.1491419310753652e+00   6.2486669048017529e-01   5.1335621396376774e-01   7.0128054309386223e-01
   6.5911299999999997e-03   5.5878117756376910e-01   7.5536307948818104e-01  -5.3915522558772644e-01  -5.1018830407815741e-01   4.6459225594541792e-01   4.9259047988671811e-01   6.8686454118783680e-01
   3.1593400000000001e-03  -1.6698205674989379e+00   5.6274701885040002e-01  -2.4199624009441728e-01  -1.6272919581435765e+00  -7.4060572171538996e-01   1.1153450229095334e+00   1.0056342176877822e+00
   4.1052500000000004e-03   9.9344340444113988e-01   1.6599634257808593e+00   1.4652336460197299e-01   4.6662054977936060e-02   8.6001115106920278e-01   8.0576187919124287e-01   8.6090553315303953e-01
   3.9530499999999996e-03   8.1546794152573276e-01  -8.7444009346195484e-01  -1.4136676595482680e+00   8.3187375495496718e-01   8.6380588368083833e-01   8.6186662889215082e-01   8.8893422915556741e-01
   4.0846700000000003e-03   1.8768921475819875e+00   1.3621155688370881e-01  -8.9287805594910619e-01   2.0752418582003918e-01   5.6759776431217857e-01   8.4241758084485430e-01   8.7951616718954240e-01
   3.1865999999999999e-03   5.7252707212726817e-01   1.8068459764502474e+00   3.2044325063436979e-01  -3.0837462686633837e-01  -1.5732549932955995e+00   1.0948463614229895e+00   9.9811003243075391e-01
   3.8122500000000001e-03  -2.3663515794104589e-01  -2.6752270835137287e-01   1.8256575067850633e+00  -1.1099737896323114e+00  -9.3699311039623523e-01   9.9796318565062170e-01   9.5372412120394889e-01
   6.3793599999999997e-03   5.4103712992647024e-01  -2.5661855576021841e-01   6.5539986493072111e-01   1.0877215055227567e+00  -1.9793794318128169e-01   5.2612432534492615e-01   7.0953739343409528e-01
   2.8651800000000002e-03   5.7278502365601580e-01  -1.3218186024177769e+00   1.7246122130298267e+00   1.2499817241063622e+00   2.0739965436680594e-01   1.1479303495939459e+00   1.0201424445473457e+00
   3.4010899999999998e-03  -1.6397010304734847e+00  -5.1244983975320502e-01   1.4358809769400208e-01   1.5330202383654910e+00  -4.8315199497180195e-01   9.6231913351264275e-01   9.3502804649350901e-01
   2.9375999999999998e-03   1.4770788226874849e+00   7.9719146772184735e-01   1.6287695717843198e+00  -3.7067915459675949e-01   8.9624796803997631e-01   1.1033146436670878e+00   1.0002032043365183e+00
   3.1659399999999999e-03  -9.2025369868471196e-01   5.1015202916950553e-01  -1.8748568173528737e+00  -1.1353077317582316e+00  -4.1097075919180598e-01   1.0503411589652654e+00   9.7730197799726815e-01
   2.7832299999999998e-03  -1.9523165436621964e-01  -1.2284631755379880e+00   1.7845620399583495e-01   1.8533433342442591e+00   1.3311077555103921e+00   1.1843463861435299e+00   1.0366252321039930e+00
   0.0000000000000000e+00   0.0000000000000000e+00   0.0000000000000000e+00   0.0000000000000000e+00   0.0000000000000000e+00   0.0000000000000000e+00   8.1853238195471067e-01   8.5946353847076584e-01
