   3.1280700000000002e-03   1.2413998775912252e+00   9.5884840200564869e-01  -8.7594873065668177e-01   1.6854946738383714e+00   6.1210231894285805e-01   7.3932451176356184e-01
   3.0661700000000000e-03   1.4294648660924660e+00  -3.6593772682577708e-01   5.3309928568472631e-01  -1.9397806985752093e+00   6.3866818446422469e-01   7.5366969967666941e-01
   3.4127300000000001e-03  -1.0603959275087171e+00   9.9904457553802550e-01   1.3553336588259297e+00  -1.0717217382336297e+00   4.9306082084417618e-01   6.6783298263793589e-01
   2.9998500000000001e-03   1.0390775413922354e-02   1.4377598960350322e+00  -1.7822784797931268e-01   2.0358624088822048e+00   6.2874413677450214e-01   7.4854768045186337e-01
   3.0697799999999998e-03   1.5862365986635121e+00   7.2323163232558574e-01  -1.6750908806290159e+00  -5.7446837112820215e-01   6.2543617802160600e-01   7.4773234700397861e-01
   2.9848299999999999e-03  -7.1214099498650052e-01   1.6776120513637240e+00  -1.2864968673020423e+00  -1.1389033822830714e+00   6.3235363213805229e-01   7.5129394725075627e-01
   5.8091100000000001e-03   4.0217904706411223e-01  -1.4422295841086494e+00   8.5124525134545014e-03   3.7498084723445541e-01   2.9169767014175657e-01   5.2466455819831526e-01
   2.7954700000000000e-03   2.1350872418030742e-01   8.2762688861054590e-01  -2.3016515681551231e+00  -7.2640704530782052e-01   6.6115963560100011e-01   7.6818015761398628e-01
   2.5292700000000001e-03   1.2340075351059487e+00  -1.7789501198212354e+00   1.3834752289703700e-01   1.4336099750356908e+00   6.6568164294155308e-01   7.6965896787550769e-01
   3.0241399999999998e-03  -1.0576182386770523e+00  -6.0373736294105074e-01  -4.6288050633107858e-01  -2.1525955035082314e+00   6.5072929876276298e-01   7.6253910129888569e-01
   6.1340700000000001e-03   1.2977938660351973e-01   8.8857782673621943e-01  -1.1785344172685108e+00   4.4613507222254661e-01   2.9702675730689809e-01   5.2979410399933236e-01
   6.1428000000000003e-03  -1.0050898716811951e+00  -4.1066662017070338e-01  -1.6592034155926147e-01  -1.0925370955876501e+00   2.9717237704251270e-01   5.2996405650062917e-01
   2.7461000000000000e-03   1.8692023233689345e+00   9.9848738966549458e-02  -7.6864625954089283e-01  -1.5409836069472282e+00   6.5632084670840130e-01   7.6364469079440922e-01
   2.9998899999999998e-03  -1.5402264160121462e+00  -6.1014539917935162e-01   1.7132451363896539e+00   6.9623085012140162e-01   6.1736676147758929e-01   7.4208196224572354e-01
   2.9849899999999999e-03  -4.7906885079229616e-01   3.3050379845141659e-01  -1.6673850060567488e+00  -1.7493721259194044e+00   6.2031312086198231e-01   7.4409131348362112e-01
   2.8762000000000002e-03   3.4912179010354627e-01  -7.9581465197034906e-01   8.8009062216917844e-02  -2.2728537148213519e+00   5.7374899333628326e-01   7.1454105363852238e-01
   3.1722800000000000e-03   1.6624072502560433e-01   2.0969716321524405e+00  -1.8613475543733102e-01  -1.2907672639079806e+00   6.2962463201857388e-01   7.5021613959555677e-01
   8.0441400000000000e-03   2.8134428675001249e-03   2.5761369143696927e-01   1.0190146454189679e-01   7.2215684676761127e-01   2.1538644533310319e-01   4.5202679499159504e-01
   2.8320300000000001e-03  -2.3889379970130187e+00  -4.8988524365961006e-01   4.6864138871403721e-01   4.9304360373942530e-01   6.3813000932141339e-01   7.5413712486300177e-01
   2.8633399999999998e-03   1.1612014147329006e+00  -1.5183219003611976e+00  -7.5640959768116156e-01  -1.5609505008125484e+00   6.9773582000996592e-01   7.8794615413986757e-01
   6.1655700000000004e-03  -9.8495110135157993e-01  -7.5663665179257900e-01   8.1745947687601339e-01   2.7836865874630889e-01   2.9122854427212747e-01   5.2444824809726676e-01
   5.1050799999999997e-03  -1.0219095237624316e+00  -1.0351915360902897e+00  -8.2070999551067492e-01  -4.2708202933907730e-01   3.1783444406360917e-01   5.4727985995703721e-01
   2.9021099999999998e-03   1.9486400176190002e+00   1.4348319924856816e+00   6.4056975025638840e-01   3.5617093436965515e-02   6.2956668954645578e-01   7.4877613005742183e-01
   2.5314900000000000e-03  -1.0697594827795114e-01  -1.8275220076640371e+00   1.8791701682352580e-01  -1.8090500707192967e+00   6.5976938739888080e-01   7.6446239928638349e-01
   5.8241400000000002e-03  -1.4078237535698174e-01  -4.4946133986153228e-02  -4.0072528574657440e-01  -1.5267618772098595e+00   2.9848295301042899e-01   5.3114279560762856e-01
   2.9878900000000000e-03  -1.4953245794764787e+00  -1.5435914551192451e+00   5.4055670000909994e-01   1.1422328558107733e+00   6.2952963383413529e-01   7.4848946865384636e-01
   2.9277100000000000e-03  -7.5383335541059238e-01  -3.7124122097873857e-01  -1.6486614523575389e+00   1.7015120790261162e+00   6.3472168244591720e-01   7.5306000806197393e-01
   5.8814100000000001e-03  -3.9634169577748224e-01  -3.3514860102705624e-01  -6.2766261417028424e-01   1.3307821390167958e+00   2.9541342534147214e-01   5.2812386744541717e-01
   2.7705799999999999e-03   3.1990886488931253e-01  -2.2831989545067075e+00  -7.7023183162800446e-01   7.1512875473827386e-01   6.4027195615834342e-01   7.5453355304685232e-01
   5.9100400000000001e-03   4.2657695146340152e-01   5.2508264417673006e-02   1.4825993964101045e+00  -6.3575484878841834e-02   2.9200700128383900e-01   5.2520055552101697e-01
   5.9318499999999998e-03   1.5203603696421610e+00  -2.3601334693006382e-01  -2.2770224695250754e-01   2.9273535999794020e-01   3.0357062510856192e-01   5.3517583042944206e-01
   5.2253500000000001e-03  -3.7829352820594891e-01   3.4948692981963780e-01   5.5677484965950735e-02   1.5807849467381492e+00   3.0558087061158651e-01   5.3681096499783565e-01
   2.9623100000000001e-03   3.5815802583232859e-01  -2.0706728740148705e-01   2.3442201756317251e+00  -7.8205844049594953e-01   6.3279370339875884e-01   7.5094190261708726e-01
   5.6885299999999998e-03  -6.2755678910288926e-01   1.4225219643013273e-01  -1.4516340944141959e+00   3.9773444919677915e-02   2.9770407993545717e-01   5.3003578855207900e-01
   2.9613399999999998e-03   2.3657459876661846e-01   1.3119675420698931e+00   1.3870070318794745e+00   1.6086294057818280e+00   6.3602001732946645e-01   7.5334183707719060e-01
   6.4227299999999998e-03  -3.0365023203157077e-01  -8.2304612716692915e-01   2.4430397348414903e-01   1.1365042566726493e+00   2.8558265268073246e-01   5.1947812121175352e-01
   6.3224500000000003e-03  -2.4971870683998271e-01  -7.7738114748569687e-01   1.2313963463141580e+00  -3.8417418730091313e-01   2.9597301491412059e-01   5.2906283774919571e-01
   3.0942800000000000e-03   2.1321308007710025e+00  -9.2704744681919315e-01   6.0093293462343558e-02  -8.4825676363312641e-01   6.1966121461918788e-01   7.4458876665316398e-01
   2.5503200000000000e-03  -1.9082031988422739e+00   3.9622361024025349e-01  -8.7638486349183986e-01  -1.4900699137587232e+00   6.7562454483120993e-01   7.7545155869357407e-01
   3.1592600000000001e-03   1.8861504866473708e+00  -8.5984585282195825e-01  -1.2611533213709274e+00  -4.0602793693135059e-01   6.0993757051304276e-01   7.3908374112847630e-01
   3.1665500000000002e-03  -8.3493382589951759e-01  -7.5864752195175478e-01  -6.3310333473423172e-02   2.1795718683782743e+00   6.0952304389965628e-01   7.3815058732415251e-01
   7.7400100000000003e-03   3.9143065059414145e-01  -2.4907556415884485e-01   5.9083630821796007e-01  -3.6241203908911662e-01   2.1385347857270517e-01   4.5090450788548203e-01
   2.9675299999999999e-03   5.6160123878974899e-01  -2.2840642148612553e+00   7.7654929832563335e-01   2.4404956553305379e-01   6.1987036272764751e-01   7.4351508691390045e-01
   2.8411299999999999e-03   1.7184741252971814e+00  -6.1394609559391877e-01   1.5313046595921440e+00  -8.9182318065348776e-01   6.6142946693523563e-01   7.6757885169075601e-01
   3.0033700000000000e-03  -1.2474324409868596e+00  -1.1272370952278263e+00   8.5819421770184590e-01  -1.6155371716830969e+00   6.2485992639070653e-01   7.4564320496818215e-01
   3.1054400000000001e-03  -1.8808849586519678e+00  -1.4710455791054400e+00  -5.5174372878071920e-01   2.5409709706206535e-01   6.1950377684425706e-01   7.4260216136494694e-01
   3.1384700000000000e-03  -8.0645132893696680e-01  -2.3222403711432165e+00   9.1303208705684480e-02   1.6368430779375776e-01   6.2283692674315327e-01   7.4442000941041653e-01
   3.0420400000000002e-03   1.3256025535686169e+00  -4.4987060119490846e-01   1.9961050325938627e+00   4.1072781448443541e-01   6.1356679732285102e-01   7.3961898460208231e-01
   5.3122500000000001e-03   7.2483178004252372e-03   6.3478665566104431e-01   1.2886073186394789e+00   6.8537061228292784e-01   2.9058182951079137e-01   5.2361968997023045e-01
   6.2565900000000002e-03  -7.9686074505751714e-01   8.0795629216960640e-01   9.0531493004959651e-01  -2.6125953981272437e-01   2.8519420624013869e-01   5.1916277777805897e-01
   3.0451100000000002e-03  -1.0014373245349808e+00  -1.5785324203274795e+00  -8.9896503042333853e-01   1.3756997693342496e+00   6.2681604631779209e-01   7.4722591880299427e-01
   5.3839100000000004e-03   1.1833143715126471e-01  -2.3985246035169095e-02   7.9068548310602038e-01   1.3751701922898718e+00   2.9231805744770661e-01   5.2497348253891696e-01
   7.4871699999999996e-03   7.0915879698675341e-02   7.4330189292949911e-01  -3.0634282811528901e-01  -2.0561163364245565e-02   2.0925798986894648e-01   4.4586233145471948e-01
   6.1699600000000004e-03  -6.1056820742139639e-01   4.2176808102364949e-01   3.8891950641446243e-01  -1.3006780082945331e+00   2.9844768031801000e-01   5.3107377492732066e-01
   6.0294800000000003e-03  -5.7565326020826291e-01   1.2661393355882076e+00   1.2497713803146732e-02  -6.2364712250113497e-01   2.8958633688860119e-01   5.2313800256872978e-01
   2.9755400000000000e-03   2.2052667395265138e-01   1.0613551632419389e-01  -6.5996702487190928e-01   2.3999362645995110e+00   6.2621817321229056e-01   7.4772797094082755e-01
   5.6013000000000000e-03  -8.2783659797349307e-01  -5.7726356170245748e-02   8.3799479221748840e-01   1.0680914866580160e+00   2.9566997393010164e-01   5.2831712240620698e-01
   2.9585499999999999e-03   1.0213141632198997e+00  -4.1038463088566518e-01  -2.2405564105602989e+00   2.3634177040067672e-01   6.3364543929023287e-01   7.5259414137452618e-01
   2.5946599999999999e-03  -3.9948579816849977e-01   3.3348472878108187e-01   8.4181838752224158e-01   2.3874321408940098e+00   6.6456141511583533e-01   7.6893595073907894e-01
   5.9819199999999999e-03  -1.4101173037512473e+00   1.9735517285306961e-01   6.0437075270047258e-01   2.4435312317160762e-01   2.9749943000757806e-01   5.3022636078509466e-01
   5.6445899999999997e-03   6.3351267482492912e-01  -8.7192973891985537e-01   1.1186829346989464e+00   1.9606327588361708e-01   2.9240264082824680e-01   5.2523575893270813e-01
   6.2539199999999996e-03   1.3670601392677977e+00   6.8230860773370750e-01  -3.1487231371314844e-02  -6.5995763465641510e-02   2.9452970922637434e-01   5.2786683916114419e-01
   3.4424500000000001e-03   2.2901280990569237e-01  -2.2494142959559729e+00  -3.2625092724156241e-01  -6.5307768221081164e-01   5.7225972182566653e-01   7.1599819460425373e-01
   7.5261800000000004e-03  -4.2402060516441509e-01   2.8843279508273595e-01  -3.8217877629271080e-01  -5.6975849214456209e-01   2.1391393278073439e-01   4.5086264641520829e-01
   6.7366199999999996e-03  -5.9580833161497773e-02   1.3319425319271159e+00   4.7584883921525567e-01   1.8221104918102898e-01   2.8446708139619764e-01   5.1860213712103265e-01
   5.1666200000000002e-03  -1.1814378015295479e+00   1.2486045863450046e+00   9.1931210772411828e-02   2.1171725047154491e-01   3.2419815678338437e-01   5.5263176660815505e-01
   5.4755100000000003e-03   7.1589742706786849e-02  -1.1695018831646580e+00  -8.0739563640560996e-01   8.6753821958258770e-01   3.1529454048465344e-01   5.4538606758829566e-01
   7.4269300000000000e-03   6.3101053524977913e-01  -3.2364173919406658e-01   3.6141443773998128e-01   5.4474262573228649e-01   2.2341185003005751e-01   4.6063679703229088e-01
   2.6688599999999999e-03   6.3435430755115652e-01   1.9839285461027447e+00   1.4727341431365935e+00   3.9200325593395752e-01   6.6770689638081449e-01   7.7003633289492812e-01
   6.1246199999999999e-03   6.4296014744735663e-01   1.2992726329413129e+00   1.5378280636926384e-01  -4.8849891964439851e-01   2.9423166403133166e-01   5.2740826492541348e-01
   3.2209199999999999e-03   1.4283027670826953e+00   7.3200577154128266e-01   1.8093989790906089e+00  -3.7157074371954180e-01   6.0740041383319821e-01   7.3691076134228473e-01
   7.4871299999999998e-03  -6.2707525462602876e-01   5.0146479869238647e-01   7.3826707753613316e-02   1.1203218276799555e-01   2.0955568847034733e-01   4.4621216622356930e-01
   2.7649500000000000e-03  -7.7673378967324813e-01   2.3993649504601589e+00  -4.8618115361533748e-01  -1.2826019241987999e-01   6.7647018510255064e-01   7.7577416803453003e-01
   2.9899100000000001e-03  -1.3629601537819676e+00  -7.8797301488016069e-01  -1.9446051945204488e+00   3.0716971170892576e-01   6.4833673959799043e-01   7.6133072659547374e-01
   2.7172500000000000e-03  -2.8168991510789965e-01  -1.7314514475456435e+00  -1.4550519351073077e+00  -1.0548691943915789e+00   6.1951772861281917e-01   7.4098230021841305e-01
   2.7911899999999998e-03   7.4520343878596307e-01  -1.1505324204388216e-01  -1.8045082266345045e+00   1.6147957665807389e+00   6.4275695344939221e-01   7.5722188289994674e-01
   2.8071099999999998e-03  -1.6690948323219004e-02  -1.2353182975666499e+00  -2.0369649428008416e+00   9.2013855401278999e-01   6.5655815348154389e-01   7.6466551154140450e-01
   2.9500400000000001e-03  -4.0757232151066208e-01  -9.1864131787193617e-02   7.9231408103680767e-01  -2.2749497744366418e+00   5.8873773259027906e-01   7.2397083930756156e-01
   5.0613899999999998e-03   8.7360204828533217e-01  -2.4996873849771500e-01  -8.1557084055084794e-01   1.1111241491187585e+00   2.9915285037441836e-01   5.3084696864815850e-01
   2.7782800000000002e-03  -2.0576159444328694e+00  -5.6148390517791268e-02   1.4277102134357660e+00  -5.4897822344939351e-01   6.7263639421725829e-01   7.7364618012603137e-01
   2.9021199999999998e-03   9.7665976128066112e-01   1.8044343527181921e+00   1.0876918661262818e+00  -9.0033579593476121e-01   6.1571932321499701e-01   7.4087388389667874e-01
   6.2393099999999996e-03   7.2436350572468999e-01   1.2182431433701524e+00  -2.6240230787683488e-01   5.4367993071183141e-01   2.9722017359801772e-01   5.3007482301657050e-01
   4.8944799999999997e-03  -8.9429417875646600e-01   6.4215326948939688e-01  -6.8439048219505216e-01  -1.1617827132226879e+00   3.1766289772140316e-01   5.4704085087108645e-01
   2.6764900000000001e-03  -1.8887050308681352e+00   1.3513312128062205e+00   8.9465175164530009e-01  -4.3209068072141688e-01   6.3505929168177699e-01   7.4950990275540630e-01
   2.7786000000000000e-03   1.0188661838672424e+00  -4.3728096061805127e-01  -1.9461068249704814e+00  -1.2560221946118009e+00   6.6729051455213340e-01   7.7104111984656998e-01
   5.0530499999999999e-03   1.0925074382697162e+00   6.2252496637240162e-01  -2.1177055730481800e-01  -1.1807963569570850e+00   3.1914442461801035e-01   5.4864469993810661e-01
   2.9520000000000002e-03   1.7094676891123164e+00   1.5569705641790412e+00  -8.5903194767803825e-01   4.3822614795374043e-01   6.3005343584868401e-01   7.4935519035817433e-01
   2.9789700000000001e-03   2.0495469020959436e+00   6.1119229900783112e-01   6.8661004089667266e-01  -1.0694758376813056e+00   6.1617654345156714e-01   7.4133591510428087e-01
   3.0651400000000001e-03   2.3587045696228039e+00   4.0820590402383045e-01  -5.0692538070217885e-01  -3.0077423591397889e-01   6.0908067055326420e-01   7.3766879710590705e-01
   2.7817800000000002e-03   2.0050233991525706e+00   1.5960582128142019e-02  -1.3677216137494594e+00   7.8110064072491570e-01   6.5303166697341064e-01   7.6289491823010080e-01
   5.5479600000000002e-03  -1.1891239634525985e+00  -2.8295922764030401e-01   9.0616217636286889e-01  -7.5456933299430307e-01   3.2286521968658444e-01   5.5225234434273129e-01
   6.6589900000000000e-03  -2.8120316018371738e-02  -1.2591525263900056e+00  -5.4460727546147059e-01  -1.8689183601615189e-01   2.7548635804989802e-01   5.1021555126818974e-01
   5.4077099999999996e-03  -1.1174958254290532e+00   4.9237357814848798e-01  -8.1563119533879694e-02   1.0333347910992152e+00   2.9561547907969626e-01   5.2792860826482058e-01
   5.3908300000000001e-03   9.4824011459643509e-01   1.0548212768858118e+00   8.5766378286796885e-01   3.4044525419988414e-01   3.1695067318433262e-01   5.4694287873358138e-01
   3.0560900000000000e-03  -1.3520908604621757e+00   1.6180250487773715e+00   5.6881540727179276e-02  -1.2982378835599702e+00   6.2155232283392714e-01   7.4525167939701642e-01
   2.8266500000000000e-03   1.4984718736742473e+00  -2.0061650977637018e+00  -3.3697566237750065e-01  -1.4874225275930053e-02   6.3461692041474416e-01   7.5241490827970670e-01
   5.6893899999999999e-03  -1.4521330469616645e+00   2.4516555442389176e-01  -4.9543884841081526e-01   3.2538977841175476e-01   2.9858537072772340e-01   5.3072473516620811e-01
   6.1459599999999998e-03  -1.3037796129648656e+00   4.8097242993171074e-01   8.4396577650086888e-02  -6.0757882290641096e-01   2.9181125856407258e-01   5.2504412782727372e-01
   7.7928800000000003e-03   8.2542116329727844e-03  -4.3823381618882662e-01  -1.3347275342120854e-01  -6.9512830419408778e-01   2.1660803152058897e-01   4.5355207621658539e-01
   2.5145200000000001e-03  -7.1665248734129761e-01  -1.7957441095881339e+00   1.6784724017480437e+00   4.9515233209856369e-01   6.7761520789401275e-01   7.7563550160417871e-01
   7.6370300000000004e-03  -5.5572320446143242e-01  -4.2658972388243283e-01  -4.2609376157924622e-01  -1.3649582084259004e-01   2.1372867614192156e-01   4.5057338538614794e-01
   2.8222899999999999e-03  -1.6654167007318854e-01   1.0456843462379524e+00  -1.5952682912590486e+00   1.6668297761267075e+00   6.4470059061237917e-01   7.5844912539367637e-01
   3.1260599999999999e-03  -6.0399448698395297e-01   1.5793816713340956e+00  -1.8055807041513470e+00   2.6409366597978029e-01   6.2490137250015465e-01   7.4800120312692941e-01
   6.1715499999999996e-03  -2.9352159943789341e-01  -6.5541111366170335e-01   6.0778684326182342e-01  -1.2236069300221659e+00   2.9759882738700716e-01   5.3038142796938459e-01
   3.1487700000000000e-03  -1.1727043083123507e+00   1.7137894971085039e+00  -7.5681620718659903e-01   1.1038281826200789e+00   6.2170462355864486e-01   7.4575473248667601e-01
   3.1843499999999999e-03  -6.2950457636761636e-01  -9.6265760000743972e-01   1.3173495525899077e+00   1.7095146103408969e+00   5.9982680957484125e-01   7.3275620351190907e-01
   2.6996099999999999e-03  -7.6424693565257906e-01  -4.6470591324896523e-03   1.8020236144404440e+00  -1.5975392949013871e+00   6.3323307383469662e-01   7.4982756453478117e-01
   7.5572399999999998e-03  -5.0137610072657317e-02   4.9677942137830949e-01   3.9697113944820406e-01  -5.0896540492255327e-01   2.1057841711573796e-01   4.4730711907963616e-01
   2.7757599999999999e-03   6.0859454044024297e-01   2.0126685082366684e+00  -1.4112507745942839e+00  -3.6643607627900004e-01   6.5500934211260531e-01   7.6444303445107453e-01
   2.7460200000000001e-03  -1.9596395397533868e+00  -4.1720313907452150e-01  -8.2310056499176776e-01   1.3641550020262494e+00   6.5408241672981038e-01   7.6392647293141169e-01
   7.8200400000000003e-03  -1.8213789638031655e-01   1.0086217384975146e-01   7.3937079698464803e-01   2.2962072497357203e-01   2.1481981736714711e-01   4.5159305440363212e-01
   2.7546200000000002e-03  -1.4654994319788675e+00  -8.6076460058961834e-01  -1.5370658016042502e+00  -1.1824114455805048e+00   6.7907973011353417e-01   7.7779336186261860e-01
   3.1894599999999999e-03  -2.0883747942341732e-01  -1.9449511908136010e+00   2.8546842673340739e-01   1.4342059312798345e+00   6.0353618151942745e-01   7.3425793585461407e-01
   7.0925399999999996e-03  -6.6610196946148992e-01  -2.3816814208785086e-01   7.7325201326158347e-02   5.2938328968775084e-01   2.1061714974332632e-01   4.4730083353513028e-01
   2.7199600000000000e-03  -6.1274077360432233e-01   9.3221347676270994e-01  -4.6857245113579860e-01  -2.2818692119212742e+00   6.7336967170618445e-01   7.7469573717256324e-01
   3.0111399999999998e-03   5.4244152514302268e-01  -1.5070791748049364e+00   1.8580403644707864e+00  -3.6967404518584912e-01   6.1546468985775182e-01   7.4152493226729954e-01
   5.8585299999999998e-03  -1.2376227713233455e-01  -5.4334466440851070e-01   1.2437544004982872e+00   7.0111892968002676e-01   2.8832937148567089e-01   5.2184881945108630e-01
   6.2790399999999996e-03  -1.6839064345028293e-01   1.6130808029395258e-01   1.2571596049365676e+00  -8.6520170479580538e-01   2.9917547617172680e-01   5.3178521079663044e-01
   5.4080999999999999e-03  -1.2785132810240218e+00   1.3340369171107669e-02  -8.9047637991660000e-01  -4.6059944836904010e-01   3.0196233092564889e-01   5.3336148970827801e-01
   5.3943400000000001e-03   9.8420052130061486e-01  -1.1701697189583935e+00  -4.3691577634014556e-01  -4.6393598504029732e-01   3.0929172171972391e-01   5.4024420446948218e-01
   5.9812900000000002e-03  -1.4290795556087510e+00  -5.5059434846784083e-01  -3.0345368582188246e-03  -1.0968371130515134e-01   2.9009686253761091e-01   5.2375708467183035e-01
   7.2947999999999997e-03  -3.7749800316279147e-01   2.1481569485779564e-01  -6.2480622235969219e-01   4.3185540666282107e-01   2.1242813761076515e-01   4.4926014769419487e-01
   6.1574100000000003e-03   3.0622257173776241e-01   5.5455036419992376e-01  -6.4188164551595095e-01   1.2394466920858129e+00   2.9448569780192607e-01   5.2753659253317187e-01
   6.3416300000000000e-03  -3.4632970717658712e-01   1.1659484749855105e+00  -3.0445448738540332e-01   8.2462858499848890e-01   2.9039103808540301e-01   5.2405541973718850e-01
   6.1105200000000004e-03  -8.7318002981056464e-01   9.6563018325244088e-01  -8.1375597124475718e-01  -5.7368162777775957e-03   2.9427457022975212e-01   5.2734459131683886e-01
   6.1828200000000003e-03   9.1482961989622313e-01   5.6592502943043632e-01   8.2499297901558122e-01  -7.1976265039487608e-01   2.9552131052539082e-01   5.2838523167488793e-01
   6.1196999999999996e-03   7.6829811676209003e-01   9.6692141621605754e-01  -8.5794108499898680e-01  -3.6778615418553789e-01   2.9719623004630824e-01   5.2986836580136809e-01
   5.3552299999999999e-03   7.8283383503429982e-01   1.1566728732453740e-01   1.1105276011346592e+00   8.1885942817688184e-01   2.9189644607757609e-01   5.2456934153474311e-01
   3.0493999999999999e-03  -7.3321026851647730e-01   3.8655123161793359e-01   1.9113902384006667e+00   1.3413086637091158e+00   6.2055294017984530e-01   7.4385915259429458e-01
   2.9719099999999999e-03  -1.0819512242275489e+00   1.3378647364609018e+00   6.5608109861360608e-01   1.6658115096514809e+00   6.1336090566924184e-01   7.4049585139419427e-01
   5.7346500000000000e-03   4.8510083150406491e-01  -3.3868488299730781e-01  -6.1284978664914044e-02   1.4371693369944634e+00   2.9155256231816135e-01   5.2461902828371876e-01
   3.1616299999999999e-03  -1.8656410117343385e+00   1.3701108891554985e+00  -8.4783714450126346e-01  -3.0897993315663147e-01   6.3652353333433764e-01   7.5393899376835249e-01
   2.9850499999999999e-03  -3.2617837921219178e-01   2.5751930443400056e-01  -2.3986554392204860e+00   6.2250037572142825e-01   6.3765273311043624e-01   7.5509664440569146e-01
   3.1204800000000001e-03   3.3038518858079319e-01  -1.2245261861408916e+00  -8.3902087537735226e-01   1.9497403439920020e+00   6.1661562712437357e-01   7.4283225401015085e-01
   3.2167300000000001e-03   7.3300641396006305e-01  -1.6822197283861264e+00  -1.5928309551517550e+00  -2.3345575113724915e-01   6.0429158584263243e-01   7.3473005908467637e-01
   2.5567200000000002e-03   2.3246309976022932e+00  -9.4571102898630521e-01  -2.2456108402480512e-01   6.2989419754874976e-01   6.6317542119211736e-01   7.6858864951918382e-01
   7.8439300000000007e-03  -5.8916715598223046e-01  -1.6704567403640574e-01   4.2244534896925590e-01  -3.9582988872712505e-01   2.1619426146804793e-01   4.5340928517374901e-01
   3.2477100000000000e-03  -6.8258232817716824e-01   1.5567661688580428e+00   1.6695323768084236e+00   4.0552727672951211e-01   5.8716926382537682e-01   7.2458824732710059e-01
   5.1621400000000000e-03  -3.0908791250830726e-02   1.6129487399298488e+00  -5.5546104971762100e-01  -1.0677124076029729e-01   3.1563926557564603e-01   5.4556363637448035e-01
   2.8470200000000000e-03   1.3366191497838438e+00  -1.3492875687890482e+00  -1.3351251451011841e+00   9.8440574115055313e-01   6.2805680930295404e-01   7.4902853977836603e-01
   2.8701199999999999e-03  -1.2364591074158993e+00  -1.8947036752736151e+00  -3.3836793563509993e-01  -1.1102919383530188e+00   6.5648855771789771e-01   7.6434961774613752e-01
   2.7393999999999999e-03   5.2537960381547677e-01  -8.5289852752718132e-01   5.7684388904608841e-01   2.2711800208084294e+00   6.4877547368936883e-01   7.5947698520177043e-01
   2.7764700000000001e-03   1.6161078818593129e+00  -4.2019079282764854e-01  -4.2628809267747642e-01   1.8795266198271374e+00   6.5105250623051392e-01   7.6114736994266108e-01
   5.4716799999999996e-03  -1.8860388686474874e-01  -1.1107107057950607e+00  -4.1302936892348557e-01  -1.1761208678834039e+00   3.1630282153199896e-01   5.4641908417767071e-01
   4.9949499999999997e-03  -7.5942423065516140e-01   5.2036782344197652e-01  -1.0561098559145521e+00   1.0308725025931698e+00   3.1948749249105679e-01   5.4879177825234593e-01
   7.6505100000000001e-03   6.0360080657416926e-01   1.9822381459007946e-01  -4.4658163586859589e-01   3.4195250280302364e-01   2.1516266402936648e-01   4.5212888590974420e-01
   5.9628800000000003e-03   1.3401192680742962e+00  -1.7150567270547235e-01   2.0723117323682830e-01  -6.7503140990284782e-01   2.8861198357431522e-01   5.2219519083272425e-01
   6.1366900000000002e-03   8.1163359672393121e-01  -6.7791474931111628e-01  -1.0640737432666987e+00   2.2951634452705993e-01   2.9123553886316444e-01   5.2449214099470320e-01
   2.7127200000000001e-03  -1.7734082334158812e+00  -2.6218204734783777e-02   6.9356308492126628e-01   1.7145270442435712e+00   6.5684535680021028e-01   7.6474207375379599e-01
   5.5622099999999997e-03   1.4291054863840705e-01   9.5306754293942009e-01   1.2593852209655478e+00  -2.4077809071845291e-01   2.9865255616976416e-01   5.3088359754393866e-01
   3.1190599999999999e-03  -2.4524948300982810e-01  -6.1766082423043744e-01  -2.3323971227277993e+00  -6.1180089132895932e-01   6.4188133684983228e-01   7.5749592349745165e-01
   3.1903200000000000e-03  -4.2862652636818283e-01  -1.9852597219710542e+00   1.0537807746748153e+00  -7.9627323245382775e-01   5.9115560835749126e-01   7.2653572601809768e-01
   6.0327499999999999e-03   1.2147384256377631e+00  -3.8046105544444125e-02  -8.2826701026360194e-01  -4.4274077187315641e-01   2.9177603084532922e-01   5.2521975332222626e-01
   3.5659699999999999e-03  -4.2113312598417368e-01   2.1007373659112796e+00   8.7689356393939333e-01  -5.5404885560416572e-01   5.8907117996895153e-01   7.2618222626760576e-01
   3.0255299999999998e-03  -1.2607961061378781e+00   5.4884259567897009e-01  -1.9907391876639244e+00  -6.2269388532861070e-01   6.3240774898584873e-01   7.5164026445355026e-01
   2.6808000000000001e-03  -1.2157929272598613e+00   5.8773169309340167e-01  -6.2940405873910088e-01   2.0991105383523094e+00   6.6256848726873552e-01   7.6802421517068364e-01
   6.2969999999999996e-03   1.1021573441627139e+00   3.9080674738432247e-01   1.0833853634014495e-01   9.6605151766675190e-01   2.9465299206963580e-01   5.2800435679503410e-01
   3.1786300000000000e-03  -1.4401028147866959e-01  -6.0470983816360668e-01   2.2999710170572145e+00   4.9654111947848351e-01   5.9573583111702821e-01   7.3021607955409551e-01
   2.9270300000000002e-03   1.2346744196019277e+00   1.7377863554783419e+00   3.1055456045755592e-01   1.2812342788353970e+00   6.3193748006502637e-01   7.4987988762501046e-01
   2.9038599999999999e-03   1.1847492610088475e+00  -1.8315056383575763e+00   7.3738586638680037e-01  -1.0712762095470756e+00   6.6002001604973659e-01   7.6688458621437794e-01
   3.0840199999999998e-03   2.1377380072743053e+00   5.9289197126671067e-01   7.7240339462167299e-03   1.0460209827355151e+00   6.0489409332386757e-01   7.3480251870288316e-01
   4.9345400000000003e-03   5.5734372199881033e-01  -1.0191248152125314e+00   6.3984864297798127e-01   1.0507877190596677e+00   3.0615798378591147e-01   5.3700388804448562e-01
   6.2977800000000002e-03   4.0503376482573827e-01   5.7277886556018162e-02   4.5970731373116941e-01  -1.3018294599184106e+00   2.7597350981820945e-01   5.1104900514197338e-01
   3.1367200000000000e-03   3.5431019313778223e-01   2.0178261472511876e+00  -9.5651593073842711e-01   9.9983800820029556e-01   6.1855964333523883e-01   7.4330170355187375e-01
   2.8946699999999998e-03  -2.3543409588437489e+00   4.2325953975211333e-01   9.2721154104756162e-02  -4.5283149922204080e-01   5.7089190768781639e-01   7.1463134687862184e-01
   2.3465900000000000e-03   1.1970449516056316e+00   1.3033583415117231e+00   3.7502344316921393e-01  -1.8976082977448834e+00   6.7969739071198754e-01   7.7459015096176587e-01
   3.3714900000000000e-03  -1.4181471319853359e-01   2.1499642929835883e+00   3.7781284603748738e-01   9.4436903140027062e-01   5.7018189286538246e-01   7.1511895524129010e-01
   3.3369400000000000e-03   1.0284534697809840e+00   5.1100416858096698e-01   4.7670101448254026e-01   2.0778878324452439e+00   5.9535212454605213e-01   7.2997113637319999e-01
   4.9085400000000003e-03  -1.3161749261518432e+00  -5.6309913805632039e-01  -6.8012725869997298e-03   9.9638413414858273e-01   3.1744456633941137e-01   5.4703641258438362e-01
   5.2911700000000004e-03   1.1491184638627996e+00   4.9457905981451034e-01  -1.0256126264904801e+00   4.9928396552348897e-01   3.1537821963785950e-01   5.4551481464821738e-01
   2.6100199999999998e-03   7.7269400128242405e-02   1.2353707152858640e+00   2.0656751312086032e+00  -9.2590153009743414e-01   6.6354364206919836e-01   7.6783451851481854e-01
   5.8732400000000001e-03  -6.5049100919036462e-01   8.6779789469109481e-01   7.1947939785585202e-01   7.8530085393477000e-01   2.8760349106121230e-01   5.2098424982685987e-01
   3.3098899999999998e-03   7.6253208470923806e-01   4.0629607108201449e-01   1.5048524648373900e+00  -1.7274187982680067e+00   6.1648519378806088e-01   7.4256115680520496e-01
   7.8668499999999999e-03   5.1579799404223092e-01   4.6909434762550078e-01   3.9774987645762605e-01   1.3998603750878330e-01   2.1559640720374543e-01   4.5254265981465697e-01
   3.0484200000000000e-03  -2.1104768185198628e+00  -7.7807294200963384e-01  -3.9664393925840508e-02  -1.0110116638864826e+00   6.0997412958638630e-01   7.3796948428045417e-01
   2.8558600000000000e-03   4.5791320142283470e-01   7.3790784514763730e-01   2.3197375684174926e+00   5.0941833479344745e-01   6.4011318001262774e-01   7.5568065010952779e-01
   6.0010699999999998e-03   1.3121660372177231e+00   4.0321095702904389e-02   8.1721485095184887e-01   8.3153392566513773e-02   2.9748653462548569e-01   5.2975627865197816e-01
   6.1302600000000002e-03  -7.2093230845521306e-01  -1.2552639112211339e+00  -2.0283497406630327e-01   4.5167319917307541e-01   2.9190139777487217e-01   5.2560660468917830e-01
   6.0781699999999999e-03   9.4097452671399170e-02   9.4285971582276451e-01  -3.4461613425113835e-01  -1.1682881569976920e+00   2.9624868591156128e-01   5.2884612852045165e-01
   2.6862000000000001e-03  -9.4699862781195254e-01   5.2231165925593104e-01   2.3412981966309934e+00  -2.1935044757196753e-01   6.7940398171478689e-01   7.7778032369752514e-01
   2.7028099999999999e-03  -2.3165028687213232e+00  -2.5592647091637766e-01  -1.0615746426330250e+00  -6.0862190403221383e-02   6.5334215161483367e-01   7.6284427481658368e-01
   3.1582300000000002e-03   8.0273758633189374e-01   2.3265437880689892e+00   6.0920201713668604e-02   1.7487778955157105e-02   6.2084042325325661e-01   7.4401172259361603e-01
   2.9673199999999999e-03  -1.6954387464575766e+00   3.0485290544287935e-01   5.4009342194091425e-01  -1.7605044911598080e+00   6.3895686976100863e-01   7.5557230507854678e-01
   2.9079000000000002e-03   1.6400791742250023e+00   1.6184237059168012e+00  -4.4853448814023400e-01  -8.7390198297705846e-01   6.2440919746770018e-01   7.4617871485910825e-01
   5.9895900000000004e-03  -4.6934897423466893e-01  -3.0257758975119575e-01  -1.1678762398094245e+00  -8.8954995306433815e-01   2.9962653912342219e-01   5.3187096038926296e-01
   3.0396400000000001e-03  -1.7733926183639157e+00   7.8294426431625874e-01   1.3339962135397736e+00   6.9909903852340827e-01   5.9433468279508517e-01   7.2945460497207182e-01
   5.9800399999999998e-03   1.0182391159050662e-01  -1.2893792457638645e-01  -1.3378778889801060e+00   7.8076620758454429e-01   2.9824832903755111e-01   5.3058139764443746e-01
   2.9961100000000002e-03  -7.5002762533691592e-01  -1.9420548122885193e+00  -1.3147505113764653e+00   1.1809409105755699e-01   6.0797270706310946e-01   7.3549484434618329e-01
   6.1801699999999996e-03   2.6062110047496384e-01  -1.3040809654375547e+00   4.8229847433887879e-01  -5.0436110739320528e-01   2.8943799831458306e-01   5.2291694808747458e-01
   5.3376300000000003e-03   4.6126264115725102e-01   1.4981506182818088e-01  -1.5929820772828411e+00  -1.5887025690610371e-01   3.0944742746483378e-01   5.4054919545083213e-01
   5.7718300000000004e-03   3.2508887303686596e-01   9.4545764826212431e-01   4.2870908806290969e-01   1.1324906521179103e+00   2.9553889716157572e-01   5.2830486176383451e-01
   4.1357599999999996e-03   1.5840300516845691e+00  -5.1351784443116832e-01   7.9659071429539530e-01   1.2435606493072944e+00   5.1520715032800135e-01   6.8227828967599857e-01
   8.0528900000000000e-03  -9.0489147822769109e-02  -6.7023015781527917e-01   3.1707970432574267e-01   1.3200956928436772e-01   2.1255345084937918e-01   4.4936171315807105e-01
   5.2746499999999997e-03   8.3197974572524525e-01  -4.0543002064473127e-01  -4.8479216359100363e-01  -1.2748036390192548e+00   3.0246971236224601e-01   5.3387285400300766e-01
   7.5257600000000003e-03   1.4822510384702678e-01  -6.3113679285387220e-02  -8.0025191479944402e-01  -2.0164882013448027e-01   2.1294519284427263e-01   4.4974569066007064e-01
   5.7689899999999999e-03  -7.2261772740840435e-01   6.0991496085083724e-02   1.4656167965816029e+00   8.5990162510454021e-02   3.1323361721355253e-01   5.4369790085106151e-01
   2.9835899999999999e-03  -9.5687994917502506e-01  -9.7514157905594179e-01   1.9667819809627847e+00  -6.7603167869611425e-01   6.2388666594504172e-01   7.4629080480001264e-01
   5.2263600000000002e-03   7.5630010703686368e-01  -5.0951654263177681e-01   1.1545812330418008e+00  -8.3876422080912261e-01   3.1421940602732618e-01   5.4441486461623323e-01
   5.4255700000000002e-03   4.3479499300477575e-01   2.6188883411157160e-01  -1.1041004384218751e+00  -1.0965577591298208e+00   3.0262979149312963e-01   5.3424587044146388e-01
   2.8541800000000000e-03   8.8491380094931815e-01   1.0700202482522452e+00  -2.0182136897310032e+00   6.6066685540244152e-01   6.4567307962223863e-01   7.5952749123168850e-01
   5.0524300000000001e-03   6.3001946601080591e-02   1.0757284380939649e+00   7.2890069594710372e-01  -1.1423879091661489e+00   3.1827546674923141e-01   5.4780938994763617e-01
   6.4775900000000001e-03  -7.4018885612095831e-01  -1.1835865437041895e+00   2.5516184464137898e-01  -5.0209089284595576e-01   2.9496104538116330e-01   5.2804470099436385e-01
   2.9661000000000002e-03   6.9168223800035766e-01   1.2699008139711585e+00  -1.2319388361851922e+00  -1.6346771549857766e+00   6.3425364848063925e-01   7.5267294985347877e-01
   5.5026900000000002e-03   4.2291420408311248e-01  -7.4613863597755081e-01  -1.1302645760552201e+00  -7.3562894051342553e-01   2.9528317652902342e-01   5.2784374927617994e-01
   5.7059299999999997e-03  -2.1544652156010979e-01  -8.0183773624231136e-01  -1.3645643189625454e+00   5.6312275803597989e-02   3.0028298688123256e-01   5.3226751166958519e-01
   5.0634800000000004e-03  -2.8258067099109796e-01  -1.4390987499621697e+00   7.7735833663380771e-01   3.9382475118917093e-01   3.1120545108972447e-01   5.4178754355939418e-01
   2.7763699999999998e-03  -2.2358127212845633e+00   9.0878162379394845e-01  -1.1260544885555358e-01   8.9492890886083665e-01   6.6972657102212518e-01   7.7310134666680419e-01
   5.7645500000000002e-03  -1.8536587820899714e-01   8.1071500850923173e-01  -1.1879030940650293e+00  -5.7622597523281238e-01   2.9244237198825329e-01   5.2547494919427729e-01
   2.5894099999999999e-03   1.7684849715431237e+00  -1.4961559220371252e+00   1.0857951117631630e+00   3.3563210647003933e-01   6.5785974000180125e-01   7.6552175974575964e-01
   2.8390799999999999e-03   2.3695650728201740e+00  -8.6765967325022703e-02   8.3795105019833516e-01   1.2629671998833888e-01   6.3429521718517112e-01   7.5139940504182368e-01
   2.9027699999999998e-03  -1.6588173054213937e+00   6.2581064613891968e-01  -1.6426568933663117e+00   7.5388836697580597e-01   6.5046985349642938e-01   7.6160673100007681e-01
   7.6573099999999996e-03   5.3448596894067957e-01   2.6287159329515969e-01  -1.7084669812842451e-01  -5.6867854479869728e-01   2.1390490354851321e-01   4.5091002802414387e-01
   5.3953500000000001e-03   1.0582591929672036e+00  -9.4959883549541557e-01  -2.3804459725415095e-01   7.6176919422309053e-01   3.0351879674729371e-01   5.3468248522645279e-01
   2.3267200000000000e-03   7.3969552685554851e-01   1.1045497504553728e-01  -9.6092473135400114e-01  -2.3226510620984091e+00   6.7340031721047933e-01   7.7088926369962230e-01
   2.7847499999999999e-03  -2.5547165585072713e-02  -8.7393332774767918e-01  -1.3039084609389884e+00  -1.9011719456632081e+00   5.8672901291642721e-01   7.2275221897456854e-01
   5.0660999999999996e-03   7.0637843164803749e-01  -9.1942016650808012e-01   2.6956279370505137e-01  -1.1451603487584174e+00   2.9900639716305288e-01   5.3070762851024178e-01
   2.7951999999999999e-03   5.9144076960932246e-01  -1.4452861030338474e-01   1.7958081440847558e+00   1.6845035487227007e+00   6.4883417098346119e-01   7.5992850347782814e-01
   5.6108199999999999e-03   1.2353783035024020e+00  -9.4874711635451436e-01   4.6433742591264326e-01  -7.5881114138206515e-02   3.0861415558250394e-01   5.3933089827279779e-01
   2.8219899999999999e-03   1.6732795601879324e+00   7.6613223035663214e-01   1.3976007670429362e+00   1.0960359984613322e+00   6.7002178658426015e-01   7.7137951544722239e-01
   6.0882300000000000e-03  -9.6626407288545357e-01  -5.5904455544072995e-01  -9.4402367274929666e-01   5.8383039788116275e-01   3.0490509575294061e-01   5.3650102810442335e-01
   7.7879200000000003e-03   8.6435890311592545e-02  -4.9775565490226581e-01  -4.0469875509503372e-01   5.1907699757122827e-01   2.1499364472083091e-01   4.5201072626432776e-01
   2.5223400000000001e-03   6.1651854940663076e-01  -1.5068038286897583e+00   1.6388607280533138e+00   1.2157498986775768e+00   6.7275530199408318e-01   7.7413879721587109e-01
   7.5768900000000002e-03   6.3066620795070183e-01  -4.9656843318044552e-01  -1.5974525607485660e-01  -1.4408195819908620e-01   2.1374384603233471e-01   4.5047832275972677e-01
   3.1018000000000000e-03   2.4977523284399430e-01  -1.0581846915204904e+00   1.4824192987119351e+00  -1.7027436254407164e+00   6.4847359581567454e-01   7.6034116027067233e-01
   3.1883200000000001e-03  -1.7266306010863868e+00  -1.4923654836924365e+00   8.5845456947250187e-01  -2.6652813396581426e-01   6.0839848341885716e-01   7.3721737852193092e-01
   2.1903800000000000e-03  -1.3797752607547327e+00   2.0979306593377531e+00   6.2739142619971167e-01   5.2890233547045973e-01   6.8019658345587586e-01   7.7438726737957375e-01
   2.2553199999999999e-03  -3.9967862812324162e-01   1.4052260489401576e+00   9.6879421458425452e-01  -2.0479184620336102e+00   7.3203655846686777e-01   8.0559031756405475e-01
   3.0848300000000002e-03   4.1512627628606474e-01   5.7139088045778197e-01   1.4278565170673801e-01  -2.1632955688481346e+00   4.7510344570363788e-01   6.5546490302858507e-01
   0.0000000000000000e+00   0.0000000000000000e+00   0.0000000000000000e+00   0.0000000000000000e+00   0.0000000000000000e+00   4.0590488637195138e-01   5.9795336401847810e-01
