   3.9332799999999999e-03  -8.0671163627542408e-01   8.1869393310113392e-01  -3.3783875178562983e-01   5.5795393612689981e-01   3.5277002773606320e-01   1.5689241451237272e+00   7.2376108833761471e-02  -1.1638514964970308e+00   2.6317887442252865e+00   1.5710775258844680e+00
   4.3322899999999999e-03  -7.5297832955896415e-01  -5.0759524839889339e-02  -6.8362745252741586e-01   1.4215546712150839e+00  -9.5130844939692494e-01  -1.0014605850077398e+00   6.4548286962013512e-01  -2.0169375241325940e-01   2.5902641848062773e+00   1.5586294302177932e+00
   4.2959399999999998e-03  -3.6587230752684452e-01   1.3276110034302674e-01  -4.3285176425575317e-01  -7.3171482318845205e-01  -9.4716904401164637e-01  -2.7957515987473813e-01  -1.8295574177459855e+00  -6.2193341870575070e-01   2.7147924699495558e+00   1.5950984845815770e+00
   4.3398899999999999e-03  -1.5439777981519101e+00   2.3249855892169366e-01  -5.2432239344732323e-01   6.6855953437310389e-01   9.3157194155714795e-01  -1.0998524245945582e+00   7.7988354711087976e-02   4.3683237276093206e-01   2.5892665830486741e+00   1.5588437723590489e+00
   4.3667200000000002e-03  -6.9207961131661488e-01   5.3917724406235334e-01   1.9276940205325397e+00  -6.4711874287522342e-02  -3.8549318642782915e-01   2.1857087295302044e-02   9.1982414462999962e-01   1.8620473915421526e-01   2.6193583577236659e+00   1.5677386003010338e+00
   4.0651600000000000e-03  -1.3289082168650121e+00  -8.1049452065579464e-01  -1.4158690570249313e+00   3.0777517855627229e-01  -5.1127633765695746e-01  -2.9725621205995451e-01  -8.4591853636869452e-01   8.8011749822296023e-02   2.6220007139056047e+00   1.5678453940038053e+00
   4.3108599999999997e-03   1.1593698854917502e+00  -7.1459424839278873e-01  -8.3693684140474546e-03   1.8162632198732126e-01   2.1570539417471540e-01   9.8241741267356020e-01  -1.6317289687575849e+00   1.7084398478935829e-02   2.6349290879295708e+00   1.5724341946301286e+00
   4.1259599999999997e-03  -1.0760033733432888e+00   9.6749382896713865e-01   3.5111644446035373e-01   4.8109206788205605e-01  -1.3712215590463257e+00   2.1286732531909350e-01   4.0732308860179051e-01  -1.0250682501612807e+00   2.6211281135451197e+00   1.5680949117599374e+00
   3.9797499999999998e-03   2.8774069236161826e-01   1.1553777507841485e+00   4.4648265344323784e-02  -4.6412139508185590e-01  -9.6293960647356902e-01  -9.9698526214603522e-01  -1.0988512575584293e+00   9.5727964752072614e-01   2.6256133053745407e+00   1.5691015761827702e+00
   4.1676899999999999e-03  -3.1356730511302749e-01   1.6691855390373342e-01   7.2555741880703395e-01  -1.0502760769407815e-01  -1.7547747695940110e+00  -1.2986137974555425e+00   3.8377654388083671e-01   1.7073854610692138e-01   2.6417790087973381e+00   1.5741003978676220e+00
   4.0924400000000001e-03  -5.9527990314594248e-01   1.5790329931270346e+00  -6.6406772583002671e-01   8.7880756252207659e-01   3.7332449004819668e-01  -5.8678099232407777e-01   3.4688028815892763e-01  -9.9722338102241681e-01   2.6379364960553260e+00   1.5731849209723110e+00
   4.3212700000000003e-03   4.5778683204881582e-01   6.3532529397132964e-01  -1.1077028531508797e+00   2.9760397002128602e-01   1.7264483776428592e+00  -8.0937048950194312e-01  -1.1561444947188539e-01   1.2607815737549854e-02   2.6332502400113769e+00   1.5721561441284118e+00
   4.3915400000000002e-03  -1.1945555583402589e+00   3.2464368748164152e-01   4.3204499536687241e-01   1.4200830251975329e+00   4.4107519776967752e-01   3.3753838721478141e-01   1.2129056591659317e+00  -1.3881358367056926e-01   2.6334576268875347e+00   1.5721365445560331e+00
   4.0225800000000004e-03  -1.4067152922845807e+00   4.4589889615698070e-01  -1.0888192072466570e-01   1.4730678473279828e+00  -1.5357040288332566e-01   4.0872579887292752e-02  -1.0796526856369346e+00  -4.9982646821993321e-01   2.6793530142075879e+00   1.5855719234151753e+00
   4.4294299999999998e-03  -2.7629611028056433e-01  -2.8637807049366287e-01   1.2379844675358369e+00   1.6624359003408871e+00  -1.0154458663147365e+00  -4.9216166381389648e-02   1.5401923950074912e-02   5.4094249949070722e-02   2.6244467054599969e+00   1.5693746143248537e+00
   4.3689999999999996e-03   1.7871366132068025e+00  -1.1565346956073068e+00  -6.9269472208341787e-01   1.9506860336261020e-01  -6.0027890551408591e-01  -1.2298344946241897e-01   9.0122780532207961e-03   2.3982231071004462e-01   2.6140214896662659e+00   1.5662787591602361e+00
   4.3208500000000002e-03   1.6770325188594766e+00  -2.9367778620713721e-02   1.8842209960725295e-01   4.7181266724933735e-01   8.9221650719716439e-01  -8.9694240172408624e-01   9.3502538727346074e-01   6.0269206358296157e-01   2.7559738663580546e+00   1.6091599590502497e+00
   4.3086000000000001e-03   1.1247898440670017e+00   1.8870569510693926e+00  -5.5737162846552876e-02   6.2361391321146320e-01   2.6049270266188140e-01  -3.5234336577217873e-01  -9.1226449577884769e-02   3.8872440642363243e-01   2.6362253350682909e+00   1.5728713847093818e+00
   4.4217500000000003e-03   1.0157120996780558e+00   6.4946993467082792e-01   5.0769113191013349e-01   3.7631325132324694e-01   8.3194973466121769e-01  -1.0667701829671756e+00  -7.9487007230193152e-04  -1.3322046768523532e+00   2.6102896348837983e+00   1.5655098769060365e+00
   4.0507299999999998e-03  -1.1671589490227272e+00  -1.8238223713714627e+00  -1.1356684682492140e-02  -7.0373170188399636e-01  -2.9967486597967069e-01   3.6585076041407916e-01   3.5878440209873519e-02  -4.1915934794758958e-01   2.6203145090176760e+00   1.5672723639199826e+00
   4.4660300000000002e-03   7.1137138761588203e-01   9.1459773571841918e-01  -2.3208626023731987e-01  -5.4262764691859722e-01   1.3013675826289082e+00   5.7971302853545292e-01   6.6601588692924052e-01   1.1286111844914628e+00   2.6099578413998810e+00   1.5649400116141141e+00
   4.2682500000000003e-03  -1.0268619231519578e+00  -7.8986175268444236e-01  -4.3949829994247930e-01   1.0853439675511947e+00  -9.4525367934923521e-01   1.1478514006631475e+00   3.0780939370436045e-01  -4.3035659666646880e-01   2.6184723949864370e+00   1.5673068356114885e+00
   4.1455099999999998e-03   2.6311729559969871e-01   1.6740206445351147e-01  -1.1899569087615849e+00  -1.7677585170997037e-01   8.2695795376770964e-01   1.1050846038429384e-01   1.8611359007271444e-01  -1.8189173846206030e+00   2.6268135031036044e+00   1.5694050991647504e+00
   3.8665499999999998e-03   6.0641372182493380e-01   8.7036028984689129e-01  -6.6569740172917558e-01   1.1421912135046117e+00   6.4488164879983367e-01   3.7945934624034550e-01  -1.2742300774148623e+00  -9.5789895255097923e-01   2.7359727461865155e+00   1.6027451017281122e+00
   4.3765399999999999e-03   1.7836011370121080e-01  -6.8362352724754702e-02   4.7025942501229351e-01  -1.4430417128619302e-01   5.4633981544438270e-01   2.9896379238335957e-01   2.2273479459677916e+00   3.2471191287593831e-01   2.7049693809724387e+00   1.5939383868793184e+00
   4.3169000000000003e-03  -1.6770087294333719e-01   1.5060731302207713e+00   1.1598405730612131e+00  -5.1787838414101206e-01   3.3921292923503488e-01   2.8487809933764147e-01  -5.9213893610709512e-01   9.5542209941756506e-01   2.5828778798207690e+00   1.5562311595828671e+00
   4.3339299999999997e-03  -1.7775847112724710e+00  -5.1173340884892637e-01  -2.6048392652862423e-01   2.8644402474127606e-01   8.7030656040613641e-01   9.8439466139830023e-01  -2.8737949989535799e-01   2.1941594768238049e-01   2.6009542521866749e+00   1.5617872007262119e+00
   4.4063599999999998e-03   6.0720437230499502e-01  -2.7067843103442329e-01   3.2360970562984764e-01  -7.9778366905652554e-01   1.8786971812558046e+00  -6.0546659973569616e-02   6.8497232015394560e-01  -6.3977337743547358e-01   2.6564978980272151e+00   1.5792185290324403e+00
   4.2789200000000003e-03   6.0071627766132119e-01   1.2672978783258899e+00   9.8917140380075430e-01   2.5975421203627147e-01  -1.4933058476787144e+00   4.1107704719630972e-01  -1.6133006130160672e-02   3.2953313640511217e-01   2.6178916670210501e+00   1.5668540052961759e+00
   4.1000500000000000e-03   1.1958625563016065e+00  -4.1828456485739801e-01  -3.6342466708885912e-01   1.0021951285051933e-01  -6.1426770138297315e-01  -2.8120012890937868e-01  -9.1593722618936946e-01  -1.6111018381964601e+00   2.6398130630227246e+00   1.5736552275797138e+00
   4.3897900000000002e-03  -1.1090839697490813e-01  -1.1610253130735335e+00   4.9545890119339925e-01  -2.6498565972008864e-01   5.3711308540570102e-01  -6.8643032152280570e-01   2.9432141797406965e-02  -1.7200513050330852e+00   2.5853056883568803e+00   1.5575482701095491e+00
   4.3485399999999997e-03  -6.0670287897823361e-01  -3.9809513803977686e-01   2.4105675037549820e-01   8.9848505759732300e-01  -5.3228310703373949e-01  -1.4694923171589334e+00  -1.0846635008496581e+00   6.7069119624079720e-01   2.6032566070516108e+00   1.5628240883317248e+00
   4.0648999999999998e-03  -6.6111033561843657e-01   5.1174186773216868e-01   5.4212587887436203e-01  -5.4877103843147958e-02   6.8142877522850565e-01   1.0457209254556730e+00  -1.7498961334772936e+00  -3.3548339708996133e-01   2.6636442002061314e+00   1.5806903127328926e+00
   4.4667200000000004e-03   8.1340722671872112e-01  -1.2182304736973493e+00   7.9872286352346300e-01   1.1104468451021297e+00   3.0450644920406317e-01  -2.3814444237647145e-01  -5.1047661314878356e-01   1.1027072934503923e+00   2.6890005414612186e+00   1.5890131357490287e+00
   4.4429700000000001e-03   4.4192730261874126e-02  -6.5999005723997484e-01   6.0266571973559757e-01   1.8694869416953921e-01   1.3945474776703601e+00  -1.6049739311975302e+00  -3.6078683794360350e-01   1.0567760208304659e-01   2.6331778554123035e+00   1.5718719715786245e+00
   4.2849100000000003e-03  -6.5776869627499546e-01   1.3141795457584953e+00  -2.8820056541286038e-01   9.6250229530099107e-01   1.1940360886257080e+00   6.5514488716155628e-01  -3.6700902998362556e-01   6.4822516643308103e-01   2.6398789086310042e+00   1.5738533970255544e+00
   4.3990899999999996e-03   1.6985575808089461e+00   5.7278985139353822e-01   1.8011362227699260e-01  -4.4822895904034055e-01  -9.6940815693695226e-01  -9.8630328262460298e-01   2.0808700565386634e-01  -2.6291182424882409e-01   2.6060859191540322e+00   1.5637979690071360e+00
   4.0644399999999999e-03  -4.2099878526901197e-01   5.2591104910139597e-01  -4.3935988577550350e-01  -1.9223874822773472e+00  -7.9005923622951102e-01  -9.1304708507846477e-01  -7.4175926217222174e-02   1.0795451907987116e-01   2.7758280399154036e+00   1.6135606078921174e+00
   4.3806699999999997e-03   3.5525074657687933e-01  -5.9087559135278356e-01  -8.2141558132970371e-01   9.2574249404168432e-02  -5.9911082270168103e-01  -9.9432400748608721e-02  -1.2580415918293419e+00   1.5232086466597947e+00   2.6005314891922704e+00   1.5618455061341436e+00
   3.6335000000000000e-03  -1.2640888795497727e+00  -1.3078057141248356e-01   8.8609154935951784e-01  -1.2758580835511817e+00  -6.8865933877501340e-01  -5.9806619525531046e-01   1.5679405996535822e-01  -1.0417148844297288e+00   2.6890140529267379e+00   1.5877709579868577e+00
   4.3775100000000003e-03  -2.3469636459468865e-01  -1.4284879770670931e+00   8.8721279173051359e-01  -1.5304471927315819e-01   1.3319900011833985e+00   5.4877297874789277e-01  -7.1447161179698115e-01  -1.2856444873733644e-01   2.6236826800655906e+00   1.5689993096175878e+00
   4.0247700000000004e-03  -4.6410417901191804e-02   4.1509249137347642e-01   2.1973102197748134e-01  -8.8378176851898660e-01  -1.0612114610360330e+00   1.0565639834199112e+00  -1.3423144498736255e+00   6.9997833430815137e-01   2.6153816716650797e+00   1.5655753325646753e+00
   4.4038999999999997e-03   7.2946230458759242e-01   5.6728901305574975e-01   1.6588580803726549e+00   5.4820345220444378e-01  -6.6533995020678083e-02  -1.1695846913449339e+00  -3.0133201400148651e-01   4.6378589554699767e-01   2.6439830807030820e+00   1.5754491826252202e+00
   4.0726199999999999e-03  -1.3359712301874094e+00  -3.1169663098843176e-01   1.1128281940086777e+00  -1.2346909166742772e+00  -4.6151649387184926e-02   6.2448158750462612e-01  -4.7572947750709943e-01   5.8874994285029114e-01   2.6609360842443803e+00   1.5791463116590367e+00
   4.3254299999999999e-03   7.8396038710925031e-01  -7.7650151990967697e-01   3.1858336901728063e-01  -6.0701190128128357e-01  -3.7118936114625239e-01  -1.5332203249331313e+00  -7.9927306269951245e-02   1.2010452504713722e+00   2.6516826676927265e+00   1.5776072037480509e+00
   4.3825100000000001e-03   4.5725661813743496e-01   1.0882026948091894e+00   5.3010420815201220e-01  -5.4935577517015333e-01  -4.1627091116849280e-01  -7.2799777017971523e-01   1.0722262983314943e+00   1.3018775351083405e+00   2.6304677123042204e+00   1.5713066158928928e+00
   4.4078399999999997e-03   4.2087428539570709e-01   6.9858718934377328e-01   1.0282893755403926e+00   1.1941419273909419e+00   2.8893620630565453e-01   4.8936277701460590e-01   6.8027266065105885e-01   1.2714794974798000e+00   2.6538778773367264e+00   1.5784024726865318e+00
   4.1655299999999998e-03  -4.3490833486890040e-01   1.2465423931703623e+00   3.0667564962112709e-01   3.3110591065107037e-01   8.0063162322644588e-01  -1.0473418980085676e+00  -1.4036185638121794e+00  -1.2080728901028542e-01   2.6520410867471429e+00   1.5772917132348172e+00
   4.4151199999999998e-03   1.3867776927688398e+00   4.7180736510802450e-02  -3.0032467922315498e-01   5.4700510712208261e-01   2.7372010118399653e-01  -1.1529343930302500e+00  -1.2995404956722940e+00   2.2280685700994790e-01   2.6120185584992530e+00   1.5654886606281135e+00
   4.4561799999999997e-03  -1.0375093168968716e+00  -5.8018089043641264e-03   1.4178040123783340e+00   8.7559620448937592e-01   8.4609144649692236e-01  -1.3954460828045293e-01  -5.6945948819882097e-01   7.4541236099209007e-01   2.6200957468391488e+00   1.5682074919373425e+00
   4.2929400000000003e-03   3.4161584212698368e-02  -1.3935293666389448e-01   8.6947729734272283e-02   1.5628628947007013e+00  -1.0226598742510026e-01   5.0627541309503581e-02   2.8244476842443450e-01  -1.7357099914240175e+00   2.6381379275913686e+00   1.5734531635719531e+00
   4.4367900000000004e-03   2.0284526480121623e-01   7.6915071461586926e-01  -3.2359902920890021e-01   2.7447587019516917e-01  -1.3742850211279216e-02  -2.1036101867687251e+00   3.3262255636947458e-01   2.0880654912253829e-01   2.5875616605045213e+00   1.5583087859262372e+00
   4.3660499999999998e-03   1.0742726323159875e+00  -1.0979289538751875e+00  -3.9606798623830336e-01   9.7897025536119553e-01   1.2121255364785535e+00  -1.5703085510286657e-01  -2.2610608423302098e-01  -7.7872267353302838e-01   2.6585141797230980e+00   1.5800952922195419e+00
   4.3673300000000000e-03   7.7809492714449702e-01  -6.4258610829403373e-02   7.5509935104210213e-01   3.5232763407569215e-02   7.6824245427012028e-01   1.0822815964077872e+00  -3.7811512886893595e-01  -1.5551466166759604e+00   2.6177860982236552e+00   1.5672852566307667e+00
   4.0848300000000002e-03  -6.6207877469513843e-01  -7.9256531114905648e-01   6.0426453340098718e-01  -1.2116670556100797e+00  -6.9210750046153657e-01  -3.4065537604678986e-01   1.1393293469513572e+00   9.2437439582272951e-01   2.6549445938805523e+00   1.5781561618341513e+00
   4.3895699999999998e-03  -7.2600753715440347e-01  -1.1687555207980245e+00  -1.0816044477439710e+00  -3.7069089735517236e-01   1.3504416230705001e+00  -4.1649297227313525e-01  -9.7177865496503563e-02  -3.7292073337763870e-01   2.5809864637847180e+00   1.5556795448696412e+00
   4.0847100000000001e-03  -2.1435468574851499e-01  -1.0057772631258730e+00   4.1160828969768359e-01  -1.8297072914933583e+00   5.9495354026042335e-01  -7.2559403254317500e-01  -3.2856919916545091e-01  -7.6349973965512009e-04   2.6256116948548733e+00   1.5690613377761329e+00
   4.3399600000000003e-03  -2.7148318287955364e-01   3.2023315178356010e-01   1.7142164464135652e+00  -7.1522927414805126e-01   9.3397520919122545e-01  -3.7158777475899174e-01  -5.6102544818202971e-01  -7.2439520444477601e-01   2.5999439035169383e+00   1.5619543791462873e+00
   4.4269299999999999e-03  -5.1743761734133231e-01   4.3550533069925212e-01   1.1453443892620749e+00  -1.2255537013534112e-01   1.3065241610048799e+00   1.3326969654427268e+00   4.3511945490237991e-01   6.3778330943944908e-03   2.6116339884925623e+00   1.5656284184749474e+00
   4.4692400000000002e-03   9.5121370470097566e-01   4.2518955735171460e-01   8.6835725196872671e-01   4.7260738424315174e-01   1.6431222722001100e+00   1.7701300451488933e-01  -7.7488586354035605e-01   2.7970315057291051e-01   2.6287188962281682e+00   1.5705235076433619e+00
   4.4462800000000004e-03  -6.5038087369427633e-01  -1.2261265924052800e+00   1.0941584844879955e+00   5.2820612919544563e-01   5.8738021122053632e-02   9.3206229565579990e-01   7.7934796963927078e-01   8.2109230473379702e-01   2.6572711174903154e+00   1.5795139170380270e+00
   4.4140600000000000e-03   3.0918678075386902e-01  -1.1753388411172472e+00  -4.0338988742572385e-01  -4.5602490965381337e-01  -8.7060434817563104e-01   1.0560365044956528e+00   1.2721661445458980e+00   5.6673958956394285e-03   2.5813982800830111e+00   1.5562007136299103e+00
   4.3158700000000003e-03  -5.4529102899313647e-02   1.3678175326969944e+00   1.2993708984980126e+00   1.0853215132246079e+00   3.1629569332813362e-01   3.7750227586927249e-01  -2.4619668246349080e-01  -7.1660944720514408e-01   2.6349473958803808e+00   1.5722777607318768e+00
   4.0943799999999999e-03  -9.1123587996381117e-01   6.5113658693732790e-01   1.3430322796899736e+00  -5.2615789885074316e-02  -9.4275722221513736e-01  -3.0551601112952764e-01  -1.2260259497028645e+00  -1.0453881750203473e-01   2.6107834059578572e+00   1.5646126134597267e+00
   4.1776399999999998e-03  -7.9054860893364221e-01   5.3083890552606938e-01  -2.2973434046192628e-01  -9.5197112665059180e-01   9.8999039774926001e-01  -1.3046065163701666e+00   5.6277110627886567e-02  -9.7101063525646558e-01   2.6022079632205752e+00   1.5618614374881297e+00
   4.2216900000000002e-03  -3.3837537256799138e-01  -2.6544059304268552e-01  -9.1172487086943110e-01   7.6493096668437066e-01   3.4529605477492675e-01  -1.3716845752419842e+00  -8.2308787406101058e-01  -1.1245174605708017e+00   2.6244421794470258e+00   1.5686336071114644e+00
   4.0612799999999996e-03   1.2474601256205065e+00   7.6146579025427996e-01  -9.4657085623488801e-01   2.8116992187130241e-01  -1.1773727201144328e+00   4.5793685981165005e-01  -1.0116890958809877e+00   3.9937519785492717e-02   2.6651456241543272e+00   1.5814789348043041e+00
   4.3724200000000001e-03   1.1768626277203793e+00   3.6796948759276155e-01  -1.3059247921563539e+00   1.0594087120222386e+00  -2.0063579443231497e-01  -7.0724996418628794e-01   4.5767583323430083e-01  -6.3467927380428724e-01   2.6254118838621374e+00   1.5695200109557765e+00
   4.2032600000000003e-03   3.9196268854744065e-01  -1.9000401758753815e-01  -2.3067203092368757e-01  -7.0182954466831737e-01   1.2533148100999003e+00  -3.6238637767581622e-01  -1.4924465195992391e+00  -9.3867316564791237e-01   2.6189208845252452e+00   1.5673657053760288e+00
   4.2593700000000002e-03   3.8459380424106687e-01  -1.9436131100283074e+00   2.0809885778263076e-01  -2.1212678460409198e-01   4.9973938986946526e-01  -6.2409641747456357e-01   1.0061944302419670e+00   1.6004388011610945e-01   2.6822777816445917e+00   1.5870924185592001e+00
   4.0944800000000002e-03  -3.1265748984538766e-01   5.2584593632680743e-01  -1.0937639473288892e+00  -1.1216869012373807e+00  -3.4029948224137102e-01   4.3336839576084046e-01   1.3575753302098910e+00   8.1443223119954022e-01   2.6371576991275214e+00   1.5726198810729954e+00
   4.4271299999999996e-03  -9.2171278870066808e-01  -1.5158851165972018e+00   1.7768232774335302e-01   1.3433544174575855e+00   4.5941946860308241e-01  -4.5967252475495879e-01  -1.5151811762442900e-02  -3.0000418306418486e-01   2.6237945893693149e+00   1.5692519403225897e+00
   4.3315000000000003e-03  -1.3920681135768096e+00  -6.9247870524632693e-01   8.7269633899810217e-01  -3.9295364578359182e-01   1.0808465104264160e+00  -4.5235234320798562e-01   9.1280419664876788e-01  -1.5671776013664096e-01   2.6368689762722028e+00   1.5730976689759910e+00
   4.0653499999999997e-03   5.2734922102254345e-01  -3.7013294527048490e-02  -3.1344775982837858e-01  -9.3600180132553590e-01  -1.8534748024590229e+00   4.4373979368191534e-02   1.2965640948327292e-01   9.4432394963862343e-01   2.6316818564040658e+00   1.5709708404907454e+00
   4.1600099999999996e-03   2.1826482029183555e-01   5.8898934747442511e-01   4.3374010076604669e-01  -1.0833174674389265e+00  -1.2813994464322762e+00   1.9199001478958316e-01   1.3877962432013085e+00  -5.2981013601145910e-01   2.6481710003440040e+00   1.5759899748419659e+00
   4.3421199999999997e-03   9.1062481306628273e-01  -1.8425188058949182e-01  -1.0790031003645681e+00  -8.4229180132215553e-01  -9.2033382128996935e-02   1.4128290767041285e+00  -2.3986899952048082e-01   7.6129119065265327e-01   2.5769776416698318e+00   1.5549016209411595e+00
   4.4620199999999997e-03   5.3984652345097017e-01  -4.2044344342909368e-01  -6.8757002703956371e-01  -1.4127577697344440e-01  -8.5101589216213647e-01  -1.0457767987286970e+00   1.5958253010712675e+00   2.7180758526671822e-01   2.6113338046309411e+00   1.5651672748035999e+00
   4.1265099999999999e-03   1.2402748066925207e-01   1.6199210942722995e+00  -4.7345865191489936e-03  -6.3463920141158059e-01   1.2445246266565346e+00   4.2680835432677450e-01  -3.5334172848811446e-01  -8.1792782298357347e-01   2.6228506612774214e+00   1.5681454911572419e+00
   4.3645500000000000e-03   7.6555790132032242e-01   7.7945274783961205e-01  -1.3567115903706412e-01   1.0265112872019386e+00   1.2403446326069414e+00   6.4897005010589048e-01   9.8103837330690213e-01  -6.1208888677287110e-01   2.6422395428585230e+00   1.5747813565693218e+00
   4.2523099999999996e-03  -5.1541542385057282e-01  -1.6962962641757709e-01  -1.5104808296502019e+00   1.4633573396904269e+00   7.9025339356944913e-01   2.9682893535780680e-01   1.9271839171638425e-01  -3.9008919747907594e-01   2.6446143852559691e+00   1.5753506540766946e+00
   4.4304899999999996e-03  -2.3145321780962028e-01   1.1573188355360005e+00   8.5073783370333700e-01   2.7214514876208895e-01   1.4030752716590731e+00  -8.1400890292329098e-01   8.0485423136127765e-01   2.2477063288189364e-01   2.6352626122988037e+00   1.5726185835441266e+00
   4.4315099999999996e-03  -5.1141146286552308e-01   2.2173923438264390e-01   1.5059615256895889e-01   5.9238453896657428e-01  -1.3354245894447609e+00   3.8659062450681109e-01   1.4052534211821393e+00   9.1009898789909127e-01   2.6073721331798536e+00   1.5638834512596622e+00
   4.1653200000000001e-03  -2.6572899539323663e-01  -3.5108603966950319e-01  -1.9503427773469223e-01  -5.2408841322680755e-01  -9.0196329781442375e-01   8.8640265110965644e-01   2.2282457753126247e-01  -1.8268448071379915e+00   2.6036302443451578e+00   1.5623832220881422e+00
   4.0971999999999996e-03   3.4688639069346378e-01   9.8205464861553182e-01   1.3104568667484107e-01   1.0964942108461708e+00  -1.0860146380103184e+00  -9.5410733180706309e-01  -8.3493017825920857e-01  -7.8508556619058112e-01   2.6615763059717712e+00   1.5802410663320781e+00
   4.0613300000000001e-03  -1.9875787153459923e-01   9.4615031225284729e-01  -1.4604872509988720e+00   1.0267736585877232e+00  -2.1580708228550774e-01  -6.8368797327688235e-01  -8.8684660591794329e-01   5.6370569898894263e-01   2.6703629026332067e+00   1.5826981046030943e+00
   4.0736799999999997e-03  -6.8471972102526668e-01   1.7330952986905193e+00  -7.4688851955594482e-01  -7.2450331733596562e-01   4.0879594079493881e-01  -6.1337021318056506e-01  -2.7427662757854199e-03   6.6960661996320170e-01   2.6098760558504113e+00   1.5643523116646285e+00
   4.1077500000000003e-03  -4.2117072403960382e-01  -8.0463593491681695e-02  -9.8389971678084009e-01  -8.1404342183912370e-01   4.3180649607708110e-01  -1.3852847923456919e+00  -1.1390340660819951e+00   5.4592810876326991e-01   2.6071254434989446e+00   1.5632550933250891e+00
   4.3823700000000000e-03   5.0584637306789715e-01   4.4991205022576791e-01  -3.2970323444205779e-01  -1.0453088518338320e+00   4.2622253720669817e-01   1.4330548027907977e+00   9.7017901520747241e-01  -7.1464746398691825e-01   2.5750766456825183e+00   1.5541583984581948e+00
   4.4775500000000003e-03   4.4191751389132428e-01  -1.7634356213546312e-01   1.9194266970838898e+00   1.6916560784460868e-01  -9.5174718548253850e-02   9.7791547007385093e-01  -6.7700122710629651e-01   2.5864979568067270e-01   2.6089625304734936e+00   1.5648420572542880e+00
   4.0972800000000000e-03  -7.2529507092783774e-01   3.7646234797983996e-01  -3.9861130520622606e-01   5.7146155809253596e-01  -1.8829422975334378e+00   1.1518582720039112e-01  -7.5818105815163694e-01   4.6072092032348383e-01   2.6047417946386267e+00   1.5624369108491283e+00
   3.9751400000000003e-03   7.4930671759284084e-01   1.5530741052340575e+00  -2.9738497439320549e-01  -1.4248319115292229e+00  -5.3159164078896115e-01   4.7636605156533840e-01  -1.6067990083138212e-01   2.2876503170960666e-01   2.6355238670680543e+00   1.5718683865565966e+00
   4.3783099999999998e-03   8.4388253950929237e-01  -9.2052727378169130e-01   4.3375028682633066e-01   9.6951345834231029e-01  -5.1223415581066412e-01  -1.4884428640592144e+00   2.6447889742778297e-01  -5.6022672652666028e-01   2.6354182458500182e+00   1.5729193761930691e+00
   4.3640900000000002e-03  -2.2046715205854653e-01   3.6188545783009929e-01  -1.0266790581425056e+00   4.2448325368393397e-01  -4.7918514320067984e-01   4.8951181067743749e-01   1.6427314545902190e+00  -9.1921671637931479e-01   2.5996968034131074e+00   1.5615946927105981e+00
   4.2902000000000001e-03   7.3022447912291677e-01  -1.3438116958301769e+00  -5.8730904704585163e-01  -1.0870382914500929e+00   3.8392839598313822e-01   6.6037345983243112e-01  -2.1406274168261624e-01  -9.0873331813322467e-01   2.5606270476188318e+00   1.5494236359933209e+00
   4.3971399999999999e-03   1.6810058259763836e+00   3.6908327969549831e-01   5.6006018113426381e-01  -2.6284374370456692e-01  -1.2580168837897565e-01   2.2814594872874536e-01  -5.5029750679938638e-01   1.3355900134579164e+00   2.6176740611805327e+00   1.5673861396412367e+00
   4.1030700000000003e-03   4.9487973672860586e-01   1.0054161014879388e+00  -7.8575708275563150e-01  -4.7651723058021189e-01   6.5370065648049058e-01   3.0536488619735258e-01  -1.5827503992500231e+00   7.2489332834380582e-01   2.6444040782848983e+00   1.5747234710445008e+00
   3.4465600000000000e-03   1.0641724458260975e+00  -6.6045450626389912e-01  -2.8450375624747137e-01  -1.3056300371084475e-01  -4.8091020239033827e-01   5.0944917323327754e-01   8.6733204424889965e-01   1.7219370573822232e+00   2.6352679548730600e+00   1.5716595752650311e+00
   4.2666800000000001e-03   4.0689715820326194e-01  -7.6164598357961555e-01  -7.1616927192737345e-01   1.6957163424291475e+00  -6.8519689711787224e-01  -2.0414822780867658e-02  -9.5859455861193454e-01  -2.0111128358918590e-01   2.6346033326919773e+00   1.5723470745936836e+00
   4.2630699999999999e-03   2.7845614006419867e-01   7.1910034597140582e-01   4.9067220215972157e-01   1.2085011405519401e+00  -3.0234761165903989e-01   2.7072257367580738e-01  -1.5551204153631089e+00   8.6102106291532110e-01   2.6523929727068709e+00   1.5775470739711757e+00
   4.1159899999999999e-03   3.1995430688131343e-01  -3.3734359307273687e-01  -1.1689036294963295e+00  -7.7604601925718192e-02  -1.4193850483910941e+00  -1.2780583904330018e+00  -5.4283950642772016e-01  -8.5908908499817360e-02   2.6041665713290003e+00   1.5625538756622264e+00
   4.3761800000000003e-03  -1.2325581071615650e-01  -3.5630952186542592e-01  -4.3815319082371978e-01   6.9479999161670503e-01   9.2739189319448467e-01  -1.1394133914625428e+00   1.4187590117811311e+00  -7.9483924049000898e-01   2.6615026232384986e+00   1.5805223027194846e+00
   4.2455899999999996e-03   4.8386217881034527e-01  -1.5440724811730762e+00   6.1092558031367106e-01  -9.5390442772075801e-01  -4.8757902120228375e-01   6.0561765468255291e-01  -4.2798998245976622e-01   9.2492222219830844e-01   2.6219659425110677e+00   1.5683044409309286e+00
   9.2680799999999997e-03  -3.7988461161383852e-01  -2.3988949673458666e-02  -2.8005638000078593e-02  -5.4588501716278026e-01  -3.1569416759373159e-01  -8.6145169812325104e-02  -5.3353894089806274e-03   1.0629170663264854e-01   1.4613082212020481e+00   1.1960181303712081e+00
   4.3230800000000000e-03  -1.0566840723449602e+00  -1.2986762990920542e+00   8.0607537050328457e-02  -2.5908924876882211e-01   4.8984956300589827e-01  -5.4393356855016750e-01  -4.1108414292505202e-01   1.3575057700743032e+00   2.6079169462360383e+00   1.5637256826875945e+00
   4.3427900000000000e-03  -8.6949162152838033e-01   1.4310935624572361e+00   5.0745787554690336e-01   9.8546348916115456e-01  -5.3804830853584451e-01  -6.6499277141032775e-01   1.0054261545041819e-01   7.8426450016605642e-01   2.5829450305738861e+00   1.5564750490567116e+00
   4.1276000000000004e-03  -1.8425548520855781e+00   1.2106750533927022e+00   5.0321312081944669e-01  -3.2018341203813128e-01   4.1875512404347787e-01   7.5118608648497981e-02  -1.5094802721591022e-01  -3.6448551012974634e-01   2.6225559490067627e+00   1.5679158822069073e+00
   4.3241499999999997e-03   3.9864899304002682e-01  -5.6672849403119097e-01   1.6148499102713902e+00   9.6120733218139587e-01   9.0560501969984497e-01  -1.3323345037388090e-01   8.2427252559163167e-01  -5.2937173166227935e-01   2.7264201877315779e+00   1.6002889928607495e+00
   4.2853800000000001e-03   1.5390925349928652e-01  -2.7733373172587639e-01  -1.7830962246577002e+00   6.4342734837701898e-01  -1.0414405562965003e+00   3.8152418810249894e-01   4.6464971996575105e-01   6.6823171497286160e-01   2.6353540714648127e+00   1.5725232492666541e+00
   4.4213100000000003e-03  -3.9464902351060059e-02   8.7564114331837606e-01  -9.1385179622224444e-01   9.5397285753449523e-01   3.9443571176272657e-01  -4.2592891934850485e-01   1.3303520323053912e+00   9.1716773763329518e-01   2.6120416446957768e+00   1.5655590812801488e+00
   4.3362799999999996e-03   1.5943596603314123e+00  -8.9106200797355184e-01   1.1418485908561857e+00  -5.2104856554453072e-01   4.5296589424022243e-01  -4.4201413094926273e-01  -4.3086620995917707e-01  -3.8059393799211755e-01   2.6557404030013125e+00   1.5790840921064104e+00
   4.2398899999999996e-03   4.5494840909855441e-03   1.4531752711499846e+00  -9.2675010776294409e-01  -5.5591914929271076e-02  -1.4064527705008920e+00  -4.5848417640269173e-01   5.0380514618674888e-01   1.2382731312145784e-02   2.6052358676396263e+00   1.5622645321118023e+00
   4.7518899999999999e-03  -7.4875159955981563e-01   1.0630991002476693e+00  -1.2286341371102589e+00  -4.0156155572638524e-01  -3.3034262706871531e-01   4.8361410341094674e-01  -9.3830339078413927e-01  -8.9662131892082597e-01   2.7302567421530188e+00   1.6001579655234648e+00
   4.4175300000000002e-03  -9.5311653515680439e-01   2.2045650014220805e-01   1.0491608690298597e+00   8.1329907908778154e-01   6.5582925659894598e-02  -1.3658595569305518e+00   1.8509932755275815e-01  -8.8144618730676516e-01   2.5828516828362811e+00   1.5568612350323561e+00
   3.3911400000000000e-03   1.3762060023523419e+00  -6.1400976832861484e-02   7.6201113860493386e-01   3.0230904782935131e-01   7.0468918209774312e-01   1.4808294906150119e+00   6.8530997064047372e-01   4.2966500601942881e-01   2.6517113428503456e+00   1.5760645786231984e+00
   4.3748199999999998e-03   1.1337277082068371e+00  -6.7332047889412583e-01   1.3208201527654180e+00   1.1026841455215056e-01  -9.2053429879809845e-01  -7.9607237267655964e-02   1.0378727932325036e+00   4.8828277151650262e-01   2.6809835302433909e+00   1.5865793935898136e+00
   4.4147199999999996e-03  -1.8739746671720799e-02  -4.2855677279596349e-01   4.5852784350432618e-01   1.6746518303781286e+00   7.0683733720796771e-01   1.3206539795744605e+00  -3.9078618044909635e-01  -8.1218008436379774e-02   2.6526752517305763e+00   1.5783953122403109e+00
   3.8752600000000002e-03   1.1883737090146229e+00  -3.4241033207790378e-01  -4.4257496795356144e-01  -1.5003029422651151e+00  -4.6275862962197151e-01  -2.7479319079626036e-01  -1.2024896161459195e+00   1.5483374217074516e-01   2.6289505674681566e+00   1.5700765798452310e+00
   4.4470000000000004e-03   2.7988646233124809e-01  -9.7834888443908086e-01  -1.1878520625764395e+00   8.7901370476767038e-01   3.7569569081690440e-01  -1.2336818706384387e+00   1.4637105052270910e-01   7.5585942540423223e-01   2.6248080096295534e+00   1.5692340871054951e+00
   4.0437099999999998e-03   9.2909428243896738e-02   2.6050865848960220e-01   3.6741048444493890e-01   7.4394692986067856e-01  -1.1255888829870828e+00   1.1490317350582491e+00  -1.1543182700541710e+00  -1.0020987655784153e+00   2.6564498597287707e+00   1.5785358031269794e+00
   3.9507400000000003e-03  -1.0325214299674379e+00  -6.4457835763684479e-01  -5.2524105876547422e-01  -4.2793990419500194e-01  -8.3525361956062116e-01   1.0770484527728885e+00   1.0152853232295984e-02   1.3607235181811432e+00   2.6257139865290986e+00   1.5690380722310167e+00
   4.1850600000000000e-03  -6.2773471391650137e-01   2.4876374209218247e-01  -1.9268843987910007e+00  -3.5813009635561160e-01   1.3571188765439736e-02  -9.0075309749201182e-01   5.1468592703703386e-01  -3.1426756835310588e-01   2.6037099933308494e+00   1.5624109591649116e+00
   4.0724100000000003e-03  -6.6410284128370267e-01  -7.7306119883986368e-01  -7.5840781116991463e-01  -1.1882836701729260e+00   2.6107876528739232e-01   6.3465475133813765e-01  -1.4137415143954484e+00   2.9255077346606917e-01   2.6408885817527401e+00   1.5733460364587364e+00
   4.5714800000000002e-03  -6.3676498811988738e-02  -2.3969997931411999e-01   3.2712550132878465e-01   6.6904029201378154e-02   7.8634385975625642e-01   1.2084071356918979e+00  -7.4639510983521451e-01   1.5950393371966125e+00   2.5986525649484324e+00   1.5614625850936839e+00
   4.3231800000000003e-03   5.8417739666633606e-02   1.1860472651606841e+00  -5.8785743407875390e-01   2.2282635396037326e-01  -5.6927369638843006e-01   6.7330397230510086e-01  -1.0952022378794518e-01   1.6783448935752503e+00   2.5904129838518095e+00   1.5588638119702503e+00
   4.4184599999999999e-03   3.7188579872076027e-01  -4.0955240285723454e-01   1.4997901347578710e+00  -6.4190912353866125e-01   9.7832394042200421e-01  -1.7474352615052971e-01   4.0642452688178571e-01   1.2195412041680123e+00   2.6704948882915440e+00   1.5836160114275151e+00
   4.4300299999999997e-03   5.4812658471435571e-01   9.2655131044518757e-01   6.2411418881008995e-01   1.0245809800915755e+00  -5.1848360032577445e-01  -6.8300873208760315e-01   1.4274120545369036e+00  -4.3185261770751954e-01   2.6464244457064727e+00   1.5759909524591691e+00
   4.4449099999999998e-03   8.4763447925044832e-01  -5.7658666439027750e-01  -1.4715421947889737e+00  -1.1571266632447839e-01   8.7061637456472030e-01   2.6526378268938888e-01   1.2074347973739945e+00   1.0364603107144087e-01   2.6386316608851068e+00   1.5738486296963341e+00
   4.0923100000000000e-03  -8.0160069548604251e-01  -8.8399184651730500e-01   1.6001646130795855e-01   4.4863511002244916e-01  -1.3454898924433554e+00  -5.7463387131701249e-01  -6.5033249663821424e-01  -1.1498361652596716e+00   2.5976673192904722e+00   1.5606875184579392e+00
   4.4547800000000002e-03   1.1165484242508927e+00   5.1984476645495714e-01  -1.3758666966519926e+00  -5.0462917661479145e-01  -6.8406416615734725e-02  -7.2002342182999857e-01   1.4846565125928141e-01   1.0653537203355399e+00   2.5793357250970703e+00   1.5556902684838392e+00
   4.4417900000000001e-03   1.7542808357948056e+00   1.7531525592466435e-01   6.6444123945691647e-01   1.3073008350774675e+00  -2.5724034061132522e-01   2.5669566405746896e-01  -1.8185288380033296e-01  -3.7040644625515157e-01   2.6467838870355598e+00   1.5766007328800142e+00
   4.2907700000000002e-03  -1.3044773470742452e+00   5.1322258276096155e-01   3.3891821153438512e-01  -1.6015569215039985e-01   5.4456115470744915e-01   2.5715384408531683e-01   8.2369447338414425e-01   1.5217318873574810e+00   2.6058376764227309e+00   1.5633221471204513e+00
   4.3476599999999997e-03  -3.8938215639747115e-01  -4.8209876334386020e-01  -5.5336489842536296e-01   9.0584479471892121e-01   1.1572198686184232e+00  -1.6087225295694346e-01  -1.5516361171539197e+00   5.0402553611783318e-01   2.6336720128980238e+00   1.5720111868771025e+00
   4.3959100000000003e-03   2.7510157417257186e-01   1.7437671783290429e-01   9.5270323823749892e-01   6.7385680679890814e-01  -5.5234111636124628e-01   1.4509957810616108e+00   1.0838856717365930e+00  -6.6609915239611817e-01   2.6185468287489644e+00   1.5675772051738746e+00
   4.2601799999999997e-03  -2.3487110626668026e-01  -1.2294656823591889e-01  -5.0798119039121292e-01  -9.0593148868215101e-01   1.0681440356361915e+00  -1.1950497611771775e+00   1.0360937117696816e+00   8.9622787896004541e-01   2.6413713931682081e+00   1.5743243056025880e+00
   4.2787099999999998e-03   1.9325576691647747e-01   3.4812903466022421e-01   8.4536781882793743e-01  -9.0334221304918538e-01  -4.7643363418288975e-01   1.3854810605688452e+00   7.2270020627620879e-01   1.0711781927164536e+00   2.6148947294220335e+00   1.5660734588017944e+00
   4.3181900000000004e-03  -1.1787243985001836e+00  -9.9643608675489537e-01  -8.9258568650603121e-01   2.8496161106379603e-01   7.5929927048986323e-02  -4.6614167963166621e-02   1.4063227504535496e+00   4.8204551445145272e-01   2.6142230821398811e+00   1.5661062266557098e+00
   4.4218199999999999e-03  -3.8209324894360780e-01  -1.1006665521695274e+00  -8.9098928123099788e-02   3.4453780008666585e-01   9.1176639207800692e-01   1.0260711299206069e+00   1.0507358340394550e+00  -1.0130671462090794e+00   2.6279311912604792e+00   1.5706116862510120e+00
   4.3071200000000002e-03  -7.5311018567678467e-01   1.1544269450390474e-01   2.6115911397671743e-01   7.4354068240227167e-01   1.7704614255317495e+00  -4.4318032861976678e-02  -3.1559648202059781e-01  -1.0653059514221470e+00   2.6323079894777699e+00   1.5718335774592209e+00
   3.9791799999999997e-03  -5.2085487143466003e-01   8.7581849311086379e-01   6.6844381291609722e-01  -1.7898275446403742e+00   6.1382892212327611e-01   4.9053828887184049e-02   8.5005554258451566e-01   1.2045952343299186e-01   2.6752027867645167e+00   1.5839514526453464e+00
   4.4567499999999998e-03   2.0230060834979785e-01   3.4256081297836782e-01   1.8253187635030807e-01   2.0103113843497735e+00   7.2158750821828843e-01  -8.6594089402149010e-01  -7.3532542707616888e-02   8.2338763879879220e-02   2.6395201226162102e+00   1.5740601948946331e+00
   9.7125500000000003e-03   2.4303477901650404e-02   2.8907012070210453e-01  -2.1368510837289745e-01   2.6765096923068449e-01  -7.0680393475035087e-05   1.5160339148090116e-01  -3.8761579857576073e-01  -2.6527297262072552e-01   1.4530260835578852e+00   1.1931419099620875e+00
   4.4559500000000002e-03   1.5442962693146542e-01   5.5755760375374630e-01   5.0357475540245340e-02   4.5322012685068641e-01   8.3317602784183220e-01  -8.9554719117514936e-01  -4.4439904491503296e-01   1.7852111982905301e+00   2.6060978324032908e+00   1.5638733286387370e+00
   4.2903200000000002e-03  -1.1414479921458007e+00   6.9617131130464693e-01   7.7954286877632184e-01   6.1011905903294372e-01  -5.4901092314034028e-01   1.3997537578538775e+00  -2.4581392471239008e-01   5.9062877953470683e-01   2.5939562325587127e+00   1.5596660472742712e+00
   4.1408299999999999e-03   7.7819875672203220e-01   1.2447123157684283e+00   1.8065576817174533e-01   2.6252329901448268e-01   1.5616656456124131e-01   1.7411392723038963e+00  -5.4457854213025303e-01   1.3327882279473416e-01   2.6431365573211063e+00   1.5747808634825478e+00
   4.3480400000000001e-03  -5.9544635591303385e-01  -9.6218981220620703e-01   6.5969331352471849e-01   3.7949167972864456e-01  -8.0293385814415408e-01  -3.0718741909832054e-01   1.4938423498590818e+00  -8.3565215127342851e-01   2.6235951084103410e+00   1.5692705927423365e+00
   4.3136900000000002e-03  -1.3481953879187707e+00  -1.4665676660563254e-01  -7.8120384553297306e-01  -1.1349704979633957e+00  -1.3997213559053605e+00   1.4352511820141015e-01   8.1837763885836121e-02  -2.5050244479383793e-01   2.8169701876030717e+00   1.6255557129912590e+00
   4.3682800000000004e-03   1.3081941298879194e+00  -3.3039493630414463e-01   3.1999317498246009e-03  -1.6126983198333760e+00   9.6060769162408854e-02  -3.3128967066210234e-02   9.4181161433287319e-01   4.2534008257908534e-01   2.6255152868114315e+00   1.5697379544531707e+00
   4.1258600000000003e-03  -5.6273174060106868e-01  -9.4263344097752599e-01  -6.3573209263863206e-01   4.2198358680257114e-01   2.9100333136409257e-01   7.4994971393599497e-01  -1.1796400861697198e+00  -1.3409587577659841e+00   2.6404467719874161e+00   1.5736126519107336e+00
   4.3037600000000002e-03  -8.3497623793759490e-01   2.8910529571258226e-01   1.2638307444361283e-01  -8.1940567281758825e-01   1.7859036446115018e+00  -1.2074413786665078e-01  -6.2071281544001289e-01   6.4827680473297156e-01   2.6035172461341443e+00   1.5627014819682399e+00
   4.4015399999999998e-03   1.4312043964036338e+00  -1.4527520576286282e-01   4.5948504074471341e-01  -7.3913030714713257e-01  -9.8161410097296886e-01   1.1474202633060075e+00  -1.4973429130969629e-01  -4.8165356281930832e-01   2.5842243369612103e+00   1.5568459004448054e+00
   4.3141799999999999e-03  -8.3027721778269503e-01  -1.1070035807982483e+00   5.2815002345143325e-01   5.3924661263706997e-01  -5.9416162399913020e-01   6.2589026272826742e-01  -1.4202562462370716e+00   4.5851016149775126e-01   2.6016931060017279e+00   1.5620704464050055e+00
   4.2986700000000001e-03   1.0103716520884221e+00  -3.8071599088643965e-01  -9.7940273776396991e-01   7.3493380222613758e-01  -1.7217970544519054e-01   1.4859165209930638e+00   1.2180735923814849e-01  -8.4102895502661179e-01   2.6481425170693575e+00   1.5766045270701490e+00
   4.3949899999999997e-03   1.9502179103541890e+00   4.4137579900374529e-01  -5.7624817115623872e-01  -4.0443226676958971e-01   7.4322202775175850e-01   3.4790749793509135e-01  -2.2715043464255236e-01  -4.7580967060208246e-01   2.6094187474601531e+00   1.5646420118363324e+00
   4.2122499999999998e-03  -1.0486135188187551e+00  -1.1200598521035963e-01  -8.7874561916013200e-02  -1.3548880266808008e+00   7.7861270462403809e-01   7.2170807684161076e-01  -3.4260949582180483e-01  -1.1587004942846419e+00   2.6369651603246376e+00   1.5724218869590707e+00
   4.1111600000000000e-03  -2.0096402690586341e+00  -4.3732694492458357e-01   5.1132684796988681e-01   3.0386154982790609e-01  -8.1038976025853715e-01  -3.2858885964042661e-01   1.5818051799420288e-01   4.3829810705911632e-01   2.6222728629852718e+00   1.5681738934509057e+00
   4.3426999999999997e-03   1.8769516669197492e-01  -1.1650325366214019e-01  -7.9826728773337219e-01  -1.0372239413443611e-01   1.6641686503086122e+00   1.3237012412987770e+00  -5.0708777809703809e-01  -1.9780235689225148e-01   2.6240033975722574e+00   1.5689827258894709e+00
   4.4128500000000003e-03   6.2961213882256817e-01  -9.1215061578757006e-01  -2.3389887933916140e-01   1.6353601289865842e+00  -9.2956232477055728e-02   2.6728141912754944e-01   1.2908928824201051e+00   1.6993687589525042e-01   2.7125227035111923e+00   1.5960727376624408e+00
   4.5652899999999996e-03   1.1813398488618356e+00   9.3693886582603123e-02  -9.0446945611232887e-01   1.1658104672747098e+00   6.6865017756030609e-01   5.5161630284863317e-01  -2.6985616461791606e-01   9.8888135847311076e-01   2.6158000818982794e+00   1.5668319968972417e+00
   4.3659399999999996e-03  -4.3249916073241224e-01  -9.2972215620171816e-01  -1.8191333921157057e-01  -1.2199139389957026e+00   9.8048807308749242e-01   9.4652759734022751e-01   7.2714659501852397e-01   7.2263705115703281e-01   2.6226066398394603e+00   1.5685980877200016e+00
   3.9073399999999996e-03   3.9480414695518057e-01   1.3343363961102404e+00  -1.7371975700017199e+00   7.8563822746628445e-02   3.3674950422692301e-01   7.7156139874437835e-01   2.4708886537069452e-01  -8.3924249630444925e-02   2.6400105160833194e+00   1.5733630265225316e+00
   4.1634999999999997e-03   5.1699360784348769e-01  -1.2432839759525194e+00   1.8354152307558372e-01  -1.1358671820615980e+00  -1.2591345315228686e+00  -5.9757837399111957e-01   2.3300208420744742e-01  -6.8337681422608798e-01   2.6399713016805277e+00   1.5732183094622798e+00
   4.5275500000000000e-03  -8.0363628463632075e-01  -3.2101031704545657e-01  -3.3527903584788837e-01   1.5678942520626868e+00  -1.3816201319858526e-01   1.9992034547321957e-01  -9.1758348742187454e-02   1.3631074436194039e+00   2.5646511604049356e+00   1.5510038920802847e+00
   4.3150699999999998e-03  -3.3187037861405300e-01   1.8538713509756699e+00   2.0377283607444327e-01   2.4958428484599310e-02  -4.4705844916083953e-02   7.7866046555695290e-01   1.1094040751079826e+00   1.0336435429076310e-01   2.5972371363634985e+00   1.5606064698621414e+00
   4.3599399999999996e-03   1.2417422033979750e+00   1.0275518049343184e+00   1.3427577398076624e+00  -5.0807556183845382e-01   3.5688835592053780e-01   2.8971314104937429e-01   7.3368968108630317e-01  -2.7663140082793980e-01   2.6122293552485747e+00   1.5656222954017707e+00
   4.1090399999999996e-03   3.5240886492934502e-04  -1.3043492332842508e+00  -1.3348251750009608e+00  -1.1863869260943636e+00  -3.7230357135121045e-01  -3.5431246917102932e-01   1.5968645550793376e-01   6.8034983973759910e-01   2.6469940212671657e+00   1.5756294724651885e+00
   4.3121000000000001e-03  -2.1080566336621143e-01  -5.9748781111567983e-01  -8.3663909112962273e-03   8.4277169038700661e-01   1.8833221977430163e+00   1.0543328361073509e-01   6.6682493745821370e-01   7.6299198648206257e-01   2.6937290571798762e+00   1.5902007129226194e+00
   3.9365900000000002e-03  -1.6092263356438288e+00   8.7550534951346204e-01  -1.1426083932322393e+00   4.5850591201929192e-01  -4.6638937929566859e-01   4.6255069133462606e-01   4.2238841721944198e-01   3.6054215874572643e-01   2.6072662019266564e+00   1.5633297488793219e+00
   4.3481900000000000e-03   4.1741517908460576e-02  -1.4024890623894004e+00  -1.2523355192526058e+00   3.9962285154992139e-01  -5.2005803659197125e-01  -2.9537563340375356e-01   4.8927946256710858e-01  -1.0601277519213455e+00   2.5981288464443537e+00   1.5608753473978154e+00
   4.4672799999999997e-03  -2.4183062088938673e-01   8.6022950162843267e-02  -6.2579029831992672e-01   6.0771587972533381e-01   3.9675302256038647e-01   1.6937295233742355e+00   1.0081513492336598e+00   7.7329085084593974e-01   2.6161058444257455e+00   1.5670614329710943e+00
   3.9001100000000000e-03  -4.2903088944741080e-01   1.7984512218706661e-01  -1.1429184170082110e+00   6.8314660638433111e-01  -2.3348016552292092e-01   1.4594107040645299e+00  -1.2182129815028382e+00   3.8842912326090129e-01   2.6627313935427281e+00   1.5806245120002400e+00
   4.3315899999999997e-03  -2.7460098391235510e-01  -6.9754667335998277e-01   2.7398120166547141e-01  -4.1051238439751614e-01  -6.9040179390276846e-02   2.1001706894407310e+00  -3.7268520405454902e-01  -2.4074804786070661e-01   2.5903841746664513e+00   1.5588402954029343e+00
   4.3801999999999999e-03   1.4891132148865405e+00   7.3444246863146712e-01  -4.5452522745608875e-01   2.0576453724240415e-01  -6.0141117523374354e-01   6.8895498129479582e-01   1.2213553651302542e+00   3.7235178989603146e-01   2.6081915382191205e+00   1.5645194385393435e+00
   4.1025000000000002e-03  -1.4617025110184232e+00   6.5713474339411893e-01  -2.5254437640919203e-01  -2.9668710497854450e-01  -2.0414512593083267e-01  -3.7047980299588487e-02  -1.3111201788244946e+00   1.0869574398012887e+00   2.6722204931668645e+00   1.5827071507555508e+00
   4.3389300000000004e-03   1.1542662175355846e-01  -3.2605776625656818e-01   9.3365785563354398e-01  -5.6234027699309541e-01   3.6671189954095301e-01  -4.7187608095927663e-01  -1.7540635752334779e+00   8.3776473727917622e-01   2.6003854529196726e+00   1.5616717378961686e+00
   4.3081400000000002e-03  -4.2403247107397196e-01  -1.3254707215455601e+00   1.6610226057813697e+00  -1.0593849136087817e-01  -3.6029864715679805e-01  -7.9624049059750279e-01  -2.2036713042790329e-01   7.9666654740244702e-02   2.6191629009803621e+00   1.5676293749153025e+00
   4.2602100000000004e-03   7.6423246031404379e-01   1.1342917267886324e-01  -1.4404306434792891e+00  -1.0436786095630288e+00  -9.6704589684074804e-01   2.1999876882463118e-01   2.7779090975045606e-01  -7.9508396027910055e-01   2.6211031622134597e+00   1.5672857285854822e+00
   4.4164800000000004e-03   6.8679531077917111e-01  -4.8773679933412301e-01   2.1283335161369707e-01   9.0346834726615632e-01  -1.0982753039917657e+00   1.3729904925915579e+00  -1.8670989706943819e-01   8.8692143176381844e-01   2.6117799596396338e+00   1.5659289987866565e+00
   4.1855800000000004e-03   5.9506977118572557e-01  -4.3439399362807052e-01  -1.9565247148924578e+00  -4.7273741285376793e-02   2.5361632019783403e-01   1.3468740760313203e-02  -1.0017663393018703e+00  -3.1055011584393416e-01   2.6242268008909915e+00   1.5686955816873362e+00
   4.4440199999999999e-03   1.3857149871733798e+00  -5.3384751773686223e-01   1.1036021735324428e-01  -4.2737692922279275e-02  -5.1932633484213966e-02   2.6909346353730258e-02   1.2938880068596574e+00  -1.3026626970505644e+00   2.6619076682095124e+00   1.5808058280219237e+00
   4.3634900000000003e-03   2.6376273624375779e-01  -1.7808994491313885e+00  -2.6034176801877473e-01  -9.6638206386794434e-02  -6.9087910254570409e-02  -7.9834430213830765e-01  -1.1844898681412255e+00  -1.6075973951142403e-01   2.5839513221082715e+00   1.5568381660915687e+00
   4.1193200000000001e-03  -9.4199080698470694e-01  -1.0745081556564928e+00  -3.2316896415196150e-01  -4.2677773325552343e-01  -3.2852681308941883e-01  -1.7443982789393855e+00   3.6562194043423324e-01  -1.9225100441618190e-01   2.6443034321585470e+00   1.5749017713854943e+00
   4.0438499999999999e-03   4.6866643395200369e-01   2.1977120817939597e-01   1.4481082051928595e+00  -1.5234237098704151e+00  -8.2100803316689552e-01  -2.8792471472631281e-01  -2.8717525389904536e-01   3.3964348361120866e-01   2.6331483239344338e+00   1.5713727291676001e+00
   4.1144800000000002e-03  -1.7067451012441202e+00  -2.4382772566466607e-01  -6.7347402415617341e-01   1.8210009973100219e-01   7.2185823034351976e-02  -2.0505832653512984e-01   4.1118977530927325e-01  -1.3874719282369599e+00   2.6203762903602543e+00   1.5675658985662280e+00
   4.3252000000000004e-03  -2.1455887887673925e-01  -1.5860163169526209e+00  -9.3415473647134331e-02   5.3064820762919829e-01  -1.3611767821760725e+00  -4.0296409282906109e-01   2.6414011692260420e-01   7.7785560667209708e-01   2.6301366992513446e+00   1.5708166483507764e+00
   4.0557299999999996e-03  -1.0389254700374562e+00   4.1079589602579508e-01   9.5286999485676616e-01  -8.1084268612340848e-01   1.3919842269013233e-01  -1.4395077744476363e+00  -1.5660569075813799e-01   8.6024748419644970e-01   2.6421264791790402e+00   1.5741577915752003e+00
   4.4143200000000002e-03   6.6353969193236007e-01  -2.0773837072334653e-01  -2.1650715601689005e-01   6.5982762736108991e-01  -1.8961571710845821e+00   1.2344988804769447e-01   5.4128441229480284e-01  -6.7759791153137594e-01   2.5759953565279252e+00   1.5542172904864919e+00
   4.4431899999999996e-03   9.4695041035126437e-01   2.4920726765588683e-01  -1.4026200820387727e-01   1.2070786810554770e+00  -1.0733469093924499e+00  -7.6449576698952171e-01   1.7164238892330025e-01   1.1597956607254223e+00   2.6413063012288367e+00   1.5746344617629964e+00
   4.0205400000000004e-03  -1.4727452066052880e+00   1.3791963699750253e-03   2.6502399267343207e-01  -6.1136901824341960e-01  -3.2357356327226450e-01   1.1714508614186978e+00   1.2260989780525269e+00  -2.6094215022796252e-01   2.6307809964045163e+00   1.5708091815272491e+00
   4.3918899999999999e-03   5.2778357786079322e-01   6.3117727090987216e-02   1.5404277390783985e+00   5.9097348196913299e-02  -9.1086259676697867e-01  -2.5445922432515722e-01   5.2378461890579889e-02  -1.3730581435069140e+00   2.5919055750382243e+00   1.5597214165159849e+00
   4.2522599999999999e-03   1.3259695138637631e-01   1.0501990844098905e+00  -4.5320320768258610e-01   1.7762068252861039e+00  -6.7397757412659642e-01   7.5389812564773173e-01   2.3243757816317570e-01  -2.6427259468263575e-02   2.6389516851793493e+00   1.5735541611995356e+00
   4.3275600000000003e-03   6.8406349226489471e-01   9.0233452650823054e-02   6.3096842280614418e-01  -1.5119658930321001e+00   8.3018848649285193e-01   1.0410511877008837e+00  -6.9349651857717087e-01   1.3503443551149502e-01   2.5995125264410048e+00   1.5611377817240468e+00
   4.0378000000000002e-03   8.4737959197498525e-01   1.4286454531250146e+00  -1.9785860928992299e-01   1.3299941119651498e-01  -6.2415396869965933e-01   5.2844928260364521e-01   1.8590613627503780e-01  -1.4814118275973585e+00   2.6591614413182190e+00   1.5791370012818813e+00
   3.9475600000000001e-03  -1.7045393751628023e-02  -8.4596609910970666e-01   8.9246305800271275e-01  -1.0090523470523516e+00  -4.6464118061175902e-01   4.5368557737468646e-01  -1.3137459848342288e+00  -9.6515582393929289e-01   2.6061532943809569e+00   1.5628253706262800e+00
   4.1663400000000001e-03  -4.2733594646978368e-01  -6.5259493912213096e-01  -5.6218347598289231e-01  -1.3829180714698590e+00   1.5601125686533651e-01  -2.5722937217845815e-01   1.3715793767839444e+00  -8.7609075276551729e-01   2.6318240604671441e+00   1.5709435635864566e+00
   4.1745500000000000e-03  -1.2211918864276078e-01   1.7816593283957032e+00   7.5656487292633623e-01  -6.1798722853004306e-01  -4.6199892082866223e-01  -8.6548951488906734e-01   6.4422476115091262e-02  -6.0921158314608492e-01   2.5975933252347012e+00   1.5606632690643292e+00
   4.3128899999999998e-03  -6.2748040474341193e-01   1.9878185362667451e-03  -1.6291963720873854e+00  -1.5594239350528610e-01   8.5403356279096809e-01   2.4759979800675136e-01  -1.5275490900550295e-01   1.2496442269812893e+00   2.6005975526104801e+00   1.5616718137640704e+00
   4.4049400000000004e-03  -1.2192667921660933e+00  -4.7469429356092813e-01   1.3064529797734106e+00   4.1448393304322734e-01   1.2701556322286872e-02   7.5934199568073335e-01  -1.9424621734702319e-01  -1.0853432231524320e+00   2.5789907040934734e+00   1.5558174986211846e+00
   4.1675999999999996e-03  -1.2530301577417824e+00   7.5118311232359103e-01  -5.5562844805241832e-02  -3.6174888959727786e-01  -3.2261789037262939e-01  -9.2713319690371998e-01   1.5531201506902479e+00  -7.3799363400577078e-02   2.6493048081133175e+00   1.5764308456920220e+00
   4.3507800000000003e-03   1.0221907153968803e+00  -6.4479447065181139e-01  -8.5553883400438691e-01  -7.9074875513215759e-01   4.6960486128621565e-01  -1.4213918676712012e+00   1.6054615800330610e-01  -6.6159178725492673e-01   2.6201038558263692e+00   1.5680863141742221e+00
   4.1206799999999998e-03  -1.5557012278937161e+00  -5.8763945564683628e-01   2.8579186715552263e-01  -3.6326786592629579e-01   4.7016413788871997e-01  -7.0069857538792912e-01  -1.2506972447504099e+00  -5.1515298363387030e-01   2.6094951810485738e+00   1.5641141030233039e+00
   4.2534799999999996e-03  -4.5318110920563959e-01  -4.7015297984871995e-01   7.9607162751721894e-01   8.5210602966865368e-01   5.4406859185852356e-02  -1.2787875489465184e+00   1.1507696382609738e+00   9.9547817820428930e-01   2.6846189116889323e+00   1.5876576994580363e+00
   1.0111240000000001e-02   2.5159901803222701e-01  -2.4569972877302054e-01   2.0362926944846718e-01   1.7494166226593075e-01   2.2599234167001170e-01  -6.5878381774385722e-02   3.3975124870284462e-01   1.5477621766971911e-01   1.4530278591344488e+00   1.1934693230156672e+00
   4.3474300000000002e-03  -9.8301410629710839e-01   6.5550429534064558e-01  -8.2406756630619260e-01  -3.2002708174481759e-01   1.3744932385636794e+00   3.4912133329064721e-01   1.0593354679865978e+00  -2.7731705813014085e-01   2.5826607735066194e+00   1.5565566808517566e+00
   4.3813400000000001e-03   7.2670113907387968e-01   1.1711040168320943e+00  -6.2340678909871861e-01  -7.0414142725362716e-01   4.5934148432554495e-01  -6.4406504529727515e-01   1.3259204601800108e+00  -5.2007511373885207e-01   2.6004860607735112e+00   1.5619225685273175e+00
   4.2983500000000003e-03  -6.3953130029641606e-02   2.9176296690846537e-01  -4.6297250726900485e-01  -2.6074281914155117e-01  -8.8846458831194974e-01  -1.1529234445060617e+00   5.8450647620654250e-01  -1.6112913242461075e+00   2.6012910278275685e+00   1.5617069640963854e+00
   4.4090099999999997e-03  -6.5419492043403190e-03  -1.7570714635169511e+00  -8.8999111238765416e-01   5.5210835822558479e-01   3.5895611713127495e-01   8.7028719045899328e-01  -2.0345197728332415e-01   6.2849943487854976e-01   2.6233167962976247e+00   1.5690955430047155e+00
   4.1428899999999998e-03  -8.7197822309055484e-01   1.2624800597652014e-01  -8.1451632665466256e-01  -1.6191852377354701e-01  -8.4158481657057427e-01  -1.0189430164086590e+00   3.2151564671295330e-01   1.4914238342208068e+00   2.6236429900174576e+00   1.5683360866967748e+00
   4.3722800000000001e-03   9.3136100069799477e-01   8.3348630035020543e-01   3.7748239529611011e-01  -1.1662687585885168e+00   9.0284484080555583e-01  -1.1124211365257868e+00  -3.7944962702003826e-01   3.6645515852321858e-01   2.5841439546196043e+00   1.5568378874178177e+00
   4.3985900000000000e-03  -4.3287653550436800e-01   6.7536968875025527e-01   7.4321751420280935e-01  -1.9964531622315390e-01   4.8963857294823410e-01   9.7522760917517673e-02   1.2016818245010472e+00  -1.5799458507574085e+00   2.5962230903334436e+00   1.5607506702765448e+00
   4.0588000000000004e-03   8.1315578221190662e-02   3.3775052926134574e-01  -1.3005538188249588e+00  -1.7445489814839128e+00   8.1880979067820503e-01   6.7314340788162202e-02  -1.8070451214383207e-01  -1.4320684705569720e-01   2.6219635174694349e+00   1.5678916677160706e+00
   4.3237600000000003e-03   8.6877591344798222e-01  -5.9653725405488522e-01   7.4228095264891858e-01   1.8093550293951510e-01  -1.4794133839218282e+00  -4.0460257196294186e-01  -1.1760278344949140e+00   1.9345332698717971e-01   2.6031776729138718e+00   1.5628014825801246e+00
   4.3192100000000004e-03   1.3124888151018108e-01  -8.7558656927038969e-01   1.3831359474455611e+00  -1.1358450810102452e+00   1.2156322147067800e-01   7.3639546170196191e-01   7.9856403252444519e-01  -6.6075406766604150e-01   2.6476724968778544e+00   1.5764764085212131e+00
   3.8141400000000002e-03  -7.6432039887437109e-01  -5.1348597165491539e-01  -1.6950233205189620e+00  -5.6300124229385284e-01   3.2160048525230196e-02   1.1867034844826858e+00   2.9452963915411401e-01  -4.8345796790664608e-01   2.6287632282964317e+00   1.5697728908103328e+00
   4.0464500000000000e-03  -5.3102983744232979e-01  -5.7063255008145652e-01   1.0407062799764959e+00  -4.0645030448229380e-01  -1.7738162808635269e+00   7.9059448935519894e-01   7.8009948828512893e-02  -7.0117103918794013e-02   2.6370467985931976e+00   1.5724109925449941e+00
   4.3399900000000002e-03  -3.2242433339965709e-01  -1.2184838994392830e-01   1.1021460274183752e+00   6.8123194673508816e-02  -9.2999116145018967e-01  -1.0127661421556866e-01  -3.0301394780423757e-01   1.7875936222265318e+00   2.6218004710711993e+00   1.5682154801791475e+00
   4.3556000000000003e-03   3.6896249795674269e-01  -9.1868554200326691e-02   1.0776341430080669e+00  -7.9679612295067348e-01   1.6603809504167441e-01  -1.4486451479748423e+00   1.1565949901435342e+00  -4.2516315907495977e-01   2.6383651092332281e+00   1.5739163211667406e+00
   4.1943500000000003e-03   6.5241561144918847e-01   3.6865443332228448e-01   2.2792834383556290e-01  -1.6602312685847533e+00  -2.9919597715666355e-02  -1.7767211843080324e-01  -1.1602398101902076e-01  -1.4439136546920193e+00   2.6148383240026574e+00   1.5659699868615091e+00
   4.3941500000000003e-03   5.6653256622541837e-01  -1.7087977535846079e+00   6.9715301783977857e-01   6.4009299011715237e-01  -5.5207376090753468e-01   6.7270120405232370e-01  -9.7573597039397150e-02  -7.7174054086832600e-01   2.6181843526183624e+00   1.5677004662448597e+00
   4.1470300000000003e-03   1.0703608249157262e+00   1.0413661162338408e+00   8.2038663904431230e-01  -4.1582810161973927e-01  -1.8746958891788429e-01   6.3644086145250758e-02  -1.4504065894801410e+00  -5.7167705218112241e-01   2.6158934177425515e+00   1.5662856950310495e+00
   3.9248900000000003e-03  -9.9568497177360116e-01   9.5432890932913916e-01  -5.3423134977029274e-01  -1.1429256979239160e+00   2.5674485285967552e-01   1.3682049801665357e+00  -2.5052333367421409e-01   5.0074348897555065e-01   2.6591454572718405e+00   1.5788395028254960e+00
   4.2814300000000001e-03  -4.5934957323413972e-01   1.0607713940923584e+00   8.3849097949851803e-01  -1.0619771028804086e+00  -6.2075459491378959e-01   1.0753235447864391e+00  -3.3711650627137113e-01  -7.9177210850890778e-01   2.6316771286801224e+00   1.5705847190905422e+00
   4.3479699999999996e-03   2.1818829604656101e-01  -5.1809608770321436e-01   1.0695135666421753e+00   1.0334225334465725e+00   3.0827303390797073e-01  -4.2862778815910135e-01  -1.4550187982492238e+00  -8.0693099241441568e-01   2.6406528109708534e+00   1.5743628041815279e+00
   3.8689100000000001e-03  -1.7675146906061875e-01   7.2517954024353737e-01  -6.5014496663344379e-01  -2.8466299753697899e-01  -1.4198877500948843e+00   1.6022084768423543e+00   2.7170964985581375e-01  -1.4244262546374545e-01   2.6306085311479328e+00   1.5703819507820556e+00
   3.8863499999999998e-03   1.2827744927424786e-01  -1.0919826847406116e+00  -8.7180012816327390e-01  -3.4536947934239176e-01  -1.4532663143086744e+00   8.1248810250749115e-01  -8.9037332015743065e-01  -2.8035592295153167e-01   2.6351093641741192e+00   1.5718185515135699e+00
   3.4548600000000001e-03   9.1941569027911119e-02  -7.1660514460328240e-01  -3.4295971357786903e-01   2.4413909111442861e-01   4.7941126036633730e-01  -1.5179657074540145e-01   9.4943703079032682e-01   2.0033264893948437e+00   2.6438391728563828e+00   1.5738399173928963e+00
   3.4886100000000001e-03  -1.4392115359431497e+00   8.6877860680663721e-01  -5.0789341355483175e-01  -1.6092054057161009e-01  -7.8332438565185925e-01  -1.2803040282945739e+00  -5.9212048989053168e-01  -4.3391350250726629e-01   2.6302891854525736e+00   1.5697399847336944e+00
   3.7691000000000001e-03   6.2129116888628000e-01   1.2365118050831947e+00  -1.0591768528091849e+00  -5.7595158361338594e-01  -8.7693776411546992e-02  -9.7421575104880787e-01  -8.4206683721222564e-01  -8.0810414750317205e-01   2.6088568497634084e+00   1.5635058026898290e+00
   4.3943500000000000e-03   1.0136958054979814e+00  -8.9387108741197951e-01  -4.9686959146010262e-01  -6.2014939516563261e-01   1.3305881029604654e+00  -2.3071604341577723e-01  -5.7061868393958470e-01   9.7188944168340474e-01   2.6418709995691172e+00   1.5745063354823816e+00
   3.7197599999999999e-03  -5.8520654674969397e-01   7.2574871477804126e-01   3.2009573093700688e-01  -8.0105618469174522e-02  -1.1149180042948613e-02  -2.2446131978177264e-01  -9.4690342697093699e-01  -1.9566856712173819e+00   2.6188875904337561e+00   1.5669419893062917e+00
   3.4400699999999999e-03   1.2917119355448434e+00  -1.4320275641518871e+00   2.7140525244373881e-01  -3.8872096032732756e-02   8.7822741602421983e-01   1.0524746823956181e+00   4.5345041702067407e-01   2.8653284910616128e-01   2.6726807533652792e+00   1.5824581694358635e+00
   4.0934500000000002e-03   2.3771298379276015e-01  -1.1119411252611804e-01   6.1410186891291152e-01  -6.7141269035279916e-01  -3.7784211887042829e-01  -1.7314345879752626e+00  -1.0037502076439744e+00  -7.0665899012031730e-01   2.6004286881335288e+00   1.5618252876800254e+00
   3.9391199999999999e-03  -6.9946446205124496e-02   1.5135492864962513e-01  -1.2108627620590293e-01  -1.5866289728002096e+00   9.4971117553627735e-02  -3.9595060279942841e-02  -3.1902438557936880e-01   1.7501402618143842e+00   2.6486846491493825e+00   1.5759438066955938e+00
   0.0000000000000000e+00   0.0000000000000000e+00   0.0000000000000000e+00   0.0000000000000000e+00   0.0000000000000000e+00   0.0000000000000000e+00   0.0000000000000000e+00   0.0000000000000000e+00   0.0000000000000000e+00   2.5950663926509372e+00   1.5595273045732743e+00
