   3.6456599999999998e-03  -3.0152880557119766e-01   2.3026776889742401e-01   1.3362577668333520e-01  -1.4654037263898807e+00  -1.1880250752441854e+00   6.7892033994638412e-01  -1.5121484797702791e+00   2.3209638391314935e+00   1.4726879449190933e+00
   4.1610900000000001e-03  -9.3212081323852025e-01  -4.7153366338094621e-01   4.9625665392965940e-01   9.2272668803083846e-01   7.0330410298147439e-01   8.9606471145346633e-01   1.4052903016506371e+00   2.0047679131178620e+00   1.3673865972257861e+00
   4.1744099999999999e-03   4.6112518996891094e-01   9.1315451905637599e-02   1.3883155269459280e+00  -1.4201156250374720e-02   1.4789814323084829e+00  -9.0611330127267442e-01   3.4311040247278790e-01   1.9526501941210164e+00   1.3496063262643647e+00
   3.5755000000000001e-03   6.1049725072184358e-01  -1.6336686874148578e+00  -4.5373892107932451e-01  -1.2458458306929185e+00   6.0724968057439033e-01   4.4059714145461293e-01   5.1712260925267950e-01   1.9741403773061250e+00   1.3558054338220213e+00
   4.0959400000000002e-03  -1.6483167534167702e+00  -1.7134933860926752e-02   2.4462556304689437e-01  -1.2935404272952116e+00  -8.3644972360291359e-01   4.8615647443352750e-01   1.4094405760181658e-01   2.0004543737248000e+00   1.3651101085718327e+00
   3.8156599999999998e-03   1.1211218391807198e+00  -1.1090667317535734e-01   5.8875239101478383e-01  -1.0724360596031381e+00  -4.9668914842431700e-01   6.2367304110891941e-01   1.4828281324176189e+00   2.0059368874497472e+00   1.3670801119912894e+00
   3.8261400000000000e-03  -8.5350508457926022e-02   1.1654620419537991e+00  -1.1795320409907192e-01   3.8470684566756697e-01  -1.2853818687065441e+00  -4.4156971481576368e-01  -1.4419998225841462e+00   1.9660413532886962e+00   1.3536407946532250e+00
   4.6653800000000002e-03   1.6360445718073138e+00  -3.0475390125061974e-01  -3.3773566548211503e-01   1.4333363703639381e+00   3.9789636015867014e-01   2.5998861218256503e-01  -1.5542390599325254e-01   1.9759646423699933e+00   1.3583574241589256e+00
   4.1606300000000002e-03  -1.7811923106846331e-01  -1.0442270984217314e+00  -7.2635908274619998e-01   5.7438181628537366e-01  -1.0823730356962378e+00  -9.9963791156285819e-01   1.0863906817267572e+00   1.9579235469448242e+00   1.3518253748648423e+00
   4.5420100000000000e-03   2.4953511946655151e-02   3.5049823983978673e-01  -1.3981231034880446e+00  -4.5857994643657030e-01   1.8311985577275419e-01   2.8005716449461811e-02  -1.7297900521553546e+00   2.0032326420573696e+00   1.3675183814521050e+00
   4.3568000000000001e-03   1.5747385613225240e-01  -7.4732823983005958e-01  -6.0293844653913542e-01  -7.9739723520774952e-01   3.3241471708848025e-01   1.6882360064958679e+00  -8.8997395156788839e-01   1.9904518634875008e+00   1.3627534009025646e+00
   4.1727200000000004e-03  -1.2243358973649805e+00  -4.4716761095568730e-01   1.4094951756201626e-01   1.5159302611753547e+00  -1.4797650600970225e-01   9.3787140631781207e-01  -6.5808764952488630e-01   1.9917713444597700e+00   1.3624680160731126e+00
   4.1841300000000003e-03  -5.7445034595921773e-01   5.8034292584354363e-01  -1.3151303600328421e+00   8.6657542961458867e-01   9.2362398838702509e-02  -1.3466836469772820e+00   9.1051514727511818e-01   2.1262148949077462e+00   1.4083215402233034e+00
   4.3150400000000000e-03   1.2550048299186860e+00  -1.6157722640009464e-01  -1.0189134378205145e+00   4.8670689803447070e-01  -1.2981656382762191e-01  -1.4888899795419728e+00   4.7053269166881700e-01   1.9712782793306247e+00   1.3566251748445941e+00
   3.7994100000000000e-03  -6.1191828315282715e-01   2.5764453354136191e-01  -7.1612740808093556e-01  -1.6967180877959429e+00   3.6417766764071280e-01  -4.5698903884431369e-01   1.2586313785833367e+00   2.0567211961804523e+00   1.3840794866388715e+00
   4.0296799999999999e-03   5.8514540474844046e-01  -2.6082134041535965e-01  -1.2572362502155714e+00  -8.9523749176122291e-01  -5.8429556374798304e-02   1.1002967721449721e+00   1.1901443774909786e+00   1.9667821776015000e+00   1.3547491872808726e+00
   4.1747099999999999e-03   8.6786758569363887e-01   1.4081961955420239e+00   7.7890966370271653e-01  -1.1500616347800474e-01  -9.5894704207039128e-01   2.9021023749774877e-01   1.1032082877112650e+00   2.0505675259147123e+00   1.3828250626929521e+00
   3.7377999999999999e-03  -4.0721286905871290e-02  -1.1422668104582050e+00   9.1180838009674958e-01  -6.0445106100470902e-01   1.7682206344627842e+00   7.8307047215167014e-01  -7.7858635760403069e-02   2.2319339330685257e+00   1.4428913263639458e+00
   4.9088600000000001e-03   5.7983614730340427e-01  -8.2061768366625953e-01   1.1156906059355867e+00  -1.6681473165217045e-01  -1.1097328408262723e+00  -5.6863378040489976e-01  -1.1400491190756816e+00   2.0003333857558010e+00   1.3667639879212745e+00
   3.5193300000000002e-03  -9.9719190006920283e-02  -9.2643201769968464e-01  -4.8816646278654674e-01   2.7502236499549471e-01  -8.9916012837714832e-02   4.9269697947770602e-01   2.1001285134357928e+00   2.0452226379180769e+00   1.3791841913867529e+00
   3.9717299999999997e-03  -2.0201285661511390e+00  -1.0286553057330194e+00   3.3129289612702439e-01   9.0101218918543224e-02   5.6786258284286495e-01   1.6062100614914504e-01  -1.6963278718453523e-01   2.0497027923958027e+00   1.3819353669580599e+00
   4.2492099999999998e-03   1.7616012024554215e+00   2.2107474124881774e-01   6.4287745554329179e-01  -1.0519102842340984e-03   4.2600445604836767e-01  -4.6863987648715177e-01   1.1400385058949059e+00   1.9542255198062357e+00   1.3499723995049822e+00
   3.7995099999999999e-03  -7.1993089029752499e-01   5.2600109967182751e-01  -1.0742615676377432e+00  -3.3785224251196663e-02   6.9138292271254509e-01   2.7420912719649471e-01   1.7363313429085154e+00   1.9896012000122398e+00   1.3614347306905819e+00
   4.0599700000000004e-03   1.1934720435976156e+00  -4.6211192067306289e-01  -5.2487934955908155e-01  -1.5704377793487878e+00   1.6489789374495875e-01  -7.6876037309303447e-01   7.0559711939800518e-01   1.9926686287823894e+00   1.3634420049609264e+00
   3.7888300000000000e-03  -4.3669891375554687e-01  -3.2626125081578761e-01  -2.1091500626481752e+00  -3.3332888811591621e-01   4.9074064516059196e-01   7.5717986353588362e-01  -1.9861833904656473e-01   2.0395752322662832e+00   1.3781442349916126e+00
   3.5400200000000001e-03  -7.2353843392564643e-01   6.5421081236473866e-01   1.5732484637121680e+00  -4.0064114938787132e-01  -7.2474008322436023e-01  -4.6931077927353088e-01  -1.1456441594060061e+00   1.9870098459264822e+00   1.3594854073546143e+00
   4.1579800000000004e-03  -2.4019650668624359e-01  -6.8022298917932789e-01  -1.2418136412133212e+00  -1.7288464337379323e+00  -3.1790789650175377e-01  -3.2134974210714443e-02  -3.8079387749051585e-01   1.9531211405438824e+00   1.3496355568188050e+00
   3.6896699999999999e-03   1.2814299943775496e+00  -7.5609044877420239e-01  -6.6395216533822432e-01   5.1872940013054847e-01  -5.1677755271544623e-01   1.5710397605326298e+00   1.3701582157842826e-01   2.0038019412461372e+00   1.3662018470614943e+00
   3.7829199999999999e-03   1.8239952573988980e+00   1.0451795824108616e+00   3.8371186058436429e-01   1.1634276835769294e-01   3.4153086493218066e-01   9.2671091652054971e-01  -1.0691807779343822e-01   1.9958886661582336e+00   1.3633962605894185e+00
   4.2125399999999999e-03  -1.3815638856163350e+00   2.7524148607423476e-01   9.4780939366095085e-01   1.1094866296691955e-01   9.9572748486920337e-01  -7.4124034740605627e-01  -9.0249314382094548e-01   1.9633543431152671e+00   1.3529316784019612e+00
   4.5411699999999998e-03   5.9892469652367031e-01   6.4751929737159486e-01   2.6937993487509787e-01  -6.2111095400187166e-01  -6.9488389704001274e-01   1.8899535388007962e+00   8.1132575308877908e-02   1.9968527815802548e+00   1.3652796693949829e+00
   4.1974200000000003e-03  -2.3759902627698479e-01   1.4442806824007859e+00  -2.8243876124091592e-03   8.1941429550265688e-01   1.3667330843681764e+00  -7.5613186922701447e-01   1.8711400786526833e-02   1.9517986791106174e+00   1.3489590885212481e+00
   3.9272400000000002e-03   1.9184728656331068e-01  -8.0064188972315486e-02   4.8639483650738113e-01   1.5956447491085053e+00   1.2616208774350357e+00  -2.4304195885106067e-01  -1.0582246366786432e+00   2.0267803401281541e+00   1.3742147924932511e+00
   6.4724300000000004e-03  -3.6154625934642814e-01  -3.6724530147422790e-01   1.3147480100784648e-01  -3.9040437934848071e-01   9.0415991036243815e-01   5.8119055973376896e-02  -2.8250752903070214e-01   1.0909219668762018e+00   1.0300771891003442e+00
   4.0188000000000003e-03  -7.0947919106547941e-01  -8.3195128283121345e-01   7.1592419295972987e-01   1.2222606588860391e-01   8.3310018823264731e-01   8.7647308406207269e-01  -1.4883445087165952e+00   1.9854669363970034e+00   1.3601374337945544e+00
   4.3204699999999999e-03   9.8524446837810109e-01  -3.0933974920647656e-01   5.5386490520377840e-01  -4.3220995494362296e-01  -1.4831181245687759e+00  -1.0725945186868433e+00   7.6284103458780883e-01   2.0311679241179825e+00   1.3767650399903668e+00
   3.7741200000000002e-03  -9.4696433198165897e-01  -4.0378698606612173e-01   1.7735778225142533e+00  -1.0197322405162352e+00   4.2081570461409107e-01   1.8802889450332827e-01  -2.2894408759267851e-01   1.9846272769711160e+00   1.3592264683081874e+00
   4.0583800000000003e-03   1.7123388007689968e+00   7.4885050261488773e-01   3.0732436811672420e-01   5.7521533585484530e-01  -8.4465340355894958e-01  -8.0373127591124083e-01  -4.5319792356174987e-01   1.9966015073708272e+00   1.3646680459032650e+00
   4.4229200000000003e-03   8.9700745044368890e-01  -2.1674482501406512e-02  -8.1395429449806589e-01  -8.5691427144135202e-01  -1.1997371773241583e+00  -9.0314197513455119e-01  -8.8798978183338495e-01   1.9728611879730087e+00   1.3568763719530899e+00
   4.1444699999999999e-03  -1.1811828975783483e+00  -9.0016098530487132e-01  -2.3391909587053639e-01   1.7245655031694840e-01   4.3172462055053840e-01  -1.6927619060396470e+00   9.1852594567614146e-03   1.9816497145716492e+00   1.3591112794848155e+00
   4.5749199999999997e-03  -7.1302638803300411e-01   7.1410516450843942e-01   4.3366932852699852e-01  -6.0086906264747397e-01  -3.6244869528821061e-01   1.0026196047841056e+00   1.6148028814185751e+00   2.0169004165218478e+00   1.3718425151179505e+00
   4.3715899999999999e-03   3.9772796642129310e-01  -1.6989112604099774e+00  -2.9981280119981285e-01  -6.1866268289047799e-01  -4.3311143230887805e-01  -1.3001383173166969e+00  -2.3067116382850636e-01   2.0305087489722693e+00   1.3762801833598008e+00
   4.3255600000000000e-03  -1.3904535779516574e+00  -7.4623158779974974e-01  -8.8996267495908565e-01  -2.3134293769749262e-01  -5.1978002731526896e-01   9.4190588241095841e-01  -9.0801671702856057e-01   1.9859334661213193e+00   1.3606452478975806e+00
   4.4071600000000002e-03   1.0575019834716994e+00  -1.0908616934108781e+00  -1.1363093209438077e-01  -4.5678581363808403e-02   1.5351170596117982e+00  -7.7669571163595807e-01   6.9425578792929335e-02   1.9742431255456561e+00   1.3575536160575425e+00
   3.7469000000000001e-03  -7.2993749879485581e-01  -5.3754532449677006e-01  -4.8042364129549220e-01   1.9341943041370233e-01   1.8767899675613233e+00  -4.5348544731234836e-01   9.7816504068000731e-01   2.0589426176518648e+00   1.3850373056511223e+00
   3.5567500000000000e-03   8.2880490110059590e-01  -5.2975140365876705e-01  -1.4350948260977487e+00  -6.2998546305108716e-01  -1.2230749391077054e+00  -4.5394787075432697e-01   7.6551507875754443e-01   2.0021118270962082e+00   1.3651102852193389e+00
   6.6856499999999996e-03   6.1957204176220027e-01  -4.2220445144964452e-01  -8.0576169028598965e-01  -1.4940362546213404e-01   1.0109857340708928e-01   5.1891281291453199e-02  -2.0815037464876432e-01   1.0846409722801369e+00   1.0275519197110683e+00
   3.8166699999999999e-03  -2.2734922262385521e-01   1.4010104518398236e+00   8.6636919128164669e-01  -1.6097007193590216e+00  -1.3172904312964623e-01   6.8795246029795765e-01  -6.3635478459081532e-02   2.1032476249317069e+00   1.3994349489019671e+00
   4.4741599999999996e-03   4.5504439972668248e-01   4.8287446264844425e-01  -5.2213636436636923e-01  -1.5019591928630188e-01  -3.5747813475728818e-01  -5.6337584589981360e-01   2.0135944925749638e+00   1.9788845342462718e+00   1.3586335885591387e+00
   4.2429199999999999e-03  -9.4611111179704790e-02  -9.4158038557003998e-01  -1.5060375395767993e+00  -3.9195671876129629e-01   5.6717617985496582e-01  -7.8953935437199019e-01   1.0659667940367530e+00   1.9785591052915814e+00   1.3591008724465703e+00
   4.0809499999999999e-03  -1.0501518763464313e+00   5.4413914984424727e-01   4.7593613865163048e-01  -4.4008197397395532e-02   6.7483851419191621e-01  -1.1445864556195595e+00   1.4237157375158256e+00   1.9800085821680327e+00   1.3590540759451761e+00
   3.4173300000000001e-03   4.1590836604720355e-01   2.1061947582120135e+00   5.1975068041211558e-01   6.4311633511677579e-01  -4.0655710955165997e-01  -4.4852243738891739e-01  -2.0062973640165285e-01   1.9754817756625591e+00   1.3553772637003298e+00
   3.6213600000000001e-03   1.4443148637679915e+00   5.0688329292075940e-01   9.9192444259088269e-02   8.3672389056288887e-01   1.1463893750633851e+00  -1.1254268016734135e+00  -1.7766564921973760e-01   2.0043220438353782e+00   1.3654040431233569e+00
   3.9453600000000002e-03   5.8673515093121631e-01  -6.4386091906160670e-01   1.3730026219168590e+00  -8.2533145374151051e-01  -1.7013551766558496e-01   1.1792824755559579e+00  -1.0551833082605939e+00   2.1312947386977008e+00   1.4090377504364238e+00
   3.5383799999999998e-03  -5.4709850293970208e-01  -1.6542925797656998e+00  -4.4629314190377446e-02   4.9719044656404127e-01   4.5591417219612979e-01   1.4449527956972648e+00  -1.4292137031562702e-01   1.9562590669205533e+00   1.3495384420452472e+00
   4.3627199999999996e-03   3.6268597198552310e-01  -4.9413624575768961e-01   2.8897131130542086e-01  -7.0407848171461407e-01   1.2544696205382646e+00   9.5021133572421063e-02   1.6436611310206775e+00   1.9514245360606155e+00   1.3498915923884909e+00
   3.8150900000000001e-03   9.6186091778993865e-01  -9.2895998418868353e-01   1.1349608192657379e+00   9.0982758413076537e-01   1.1275607857974292e+00   4.5302906399985898e-01   7.7388276749730611e-01   2.1537117769930116e+00   1.4163877238388227e+00
   3.6207000000000001e-03   5.3859285499616105e-01  -1.6268806478376059e+00  -9.5808937969183083e-01   1.0851780488124094e+00   4.4803267106850991e-01  -8.0146126711381827e-01   8.7962046638050115e-02   2.0775524479657883e+00   1.3905111039883058e+00
   3.6147400000000000e-03   4.1722143831001229e-01  -1.6587183215793369e-01  -2.3915389384897123e-01   1.5794309134897051e+00   1.0566677956843773e+00  -5.8608630991874167e-01   1.5118334792039614e+00   2.3161086144474003e+00   1.4713190943779075e+00
   4.0742599999999997e-03   1.5372521164788080e+00  -2.5423992413564939e-01   1.1450177100201981e+00   2.2436386556957746e-01   7.6464164929366807e-01  -1.5563766451099163e-02  -1.1200799043422232e+00   2.0478127861570439e+00   1.3819538372961861e+00
   3.7587300000000001e-03  -1.0028325837995049e+00  -3.7914687024299160e-01   1.1377410775089338e+00   2.8961943817184976e-01  -1.2494408907933547e+00   7.4125887773738164e-01  -1.0241967563663221e+00   2.0487100186131015e+00   1.3810138167390262e+00
   4.3872700000000004e-03   1.1765475026074300e-01  -2.2619548078981103e-01  -3.4899216116484146e-02   7.0220466174922258e-01  -1.1882638727040660e+00  -1.8210985910573108e+00  -4.3107272502293087e-01   2.0485390009803011e+00   1.3820451181090441e+00
   4.2812600000000003e-03   1.0656190589343149e+00   1.5015609118839572e+00  -7.8211591452347051e-01   8.1363188876999681e-01   3.1544867540224647e-01  -1.9042943403075657e-01   7.4912232937058520e-01   1.9884048848142732e+00   1.3617889526897704e+00
   3.5318900000000002e-03  -4.0144312925580417e-01  -4.9672917855846443e-01  -4.5582465377015940e-01  -1.2253043974192805e+00  -1.0181530169934618e+00   1.5627742660900759e+00   4.0680551737995813e-01   2.0233991151386128e+00   1.3718109333444537e+00
   3.8832699999999999e-03   7.0690062526645658e-01   7.6706817357812174e-01   1.8843424117039997e-01  -9.2614938597898644e-01   6.1909425902791881e-01   9.7554165458155040e-01  -1.4532924054903837e+00   1.9622519665205223e+00   1.3522336933741073e+00
   4.1261300000000004e-03  -6.1611134588235750e-01   1.6571373162005245e+00   1.8208093374712253e-01  -5.9511636758566566e-01   2.7217145726207498e-01  -3.3710353918493874e-01  -1.2793040645575149e+00   1.9666132501201734e+00   1.3537977709592939e+00
   4.3154300000000003e-03   3.3023225000561118e-01   8.3167813840460889e-02  -1.4907248444694532e+00  -2.9122677075950826e-01  -1.3067366248247283e+00   8.9670219145798202e-01  -5.4510275402615183e-01   1.9538854216071766e+00   1.3500898311496916e+00
   4.1762600000000002e-03  -1.1679987551445099e+00   1.1289206337265527e+00   3.1447259749545059e-01   5.1818876843160877e-01  -4.4340814810669393e-01  -1.4981742416040513e+00  -7.9469351075536862e-02   2.0097715749741805e+00   1.3686581943106764e+00
   4.5026800000000002e-03   9.1250180333718767e-01  -6.4561477408180679e-01  -4.3851715473840108e-01   6.7217914618936925e-01   1.2772748694397781e-01  -1.0637300446266948e+00  -1.5306546147738804e+00   2.0300986813150570e+00   1.3763017564250715e+00
   4.3462700000000002e-03   8.9430355270041373e-01   7.2618452700495595e-01  -1.2846953311144593e+00   2.4969288202768047e-01   5.6511874603164702e-01   1.4086348566231195e+00  -3.3597085701377871e-01   2.0291504957163244e+00   1.3758696976679958e+00
   3.2025500000000002e-03   1.4211338794346264e+00  -1.0648992415034473e+00  -1.7808679971204724e+00  -2.7037182032297580e-01   1.9303499963335935e-01   9.0894982983055678e-02  -5.1294327788443261e-01   2.3023983282013258e+00   1.4663241205597581e+00
   3.7929800000000000e-03   1.2371038239793923e+00   1.0016625846971926e-01   5.1390340110468247e-01  -1.3201470802700126e+00   1.4160884227663055e+00  -1.6530175616138224e-01  -5.6575667453808785e-02   2.0061958379205498e+00   1.3667290966403773e+00
   3.9255499999999999e-03   1.7010945026430115e+00  -5.3955791491618399e-01   8.1675539858987123e-02  -6.4220375009037090e-01   7.8336530062091869e-01   1.2247514562150621e+00   1.1667039625992558e-01   2.0650174626716002e+00   1.3877144558760459e+00
   3.7152900000000000e-03  -1.5731877856556049e+00   4.9806153516105073e-01  -1.3397014687424216e+00  -5.0603612541902765e-01   1.0316449840563711e+00  -8.0702171420592905e-01  -1.6718229527941306e-01   2.3620463943454908e+00   1.4862128791488955e+00
   3.9706999999999998e-03  -1.0134923193782170e+00   5.0490910892993190e-01  -1.7293185127493631e+00   8.9426404407367110e-01  -2.8712517536261756e-01   3.4748606704091078e-01  -4.3578968757926206e-01   2.0042935505780504e+00   1.3661803108100268e+00
   4.6178900000000004e-03  -4.2599839241490756e-01   9.1020978113809825e-02  -6.2734094750258251e-01  -8.6994825532447917e-01  -6.7998818429813168e-01  -1.7853927111657120e+00   6.0814083946142306e-01   2.0279032636298946e+00   1.3759158481990761e+00
   4.3210899999999997e-03  -1.1469852731052150e+00  -6.7322565877465754e-02  -2.4975902689518720e-01  -1.4255382760734805e+00   8.5096458389016405e-01   3.1091438975440133e-01  -1.2120439901587718e+00   2.1382141085996480e+00   1.4119958399688399e+00
   3.5815800000000000e-03  -1.6995969159129947e+00   1.0351745825632472e+00  -6.4933936108819301e-01  -1.4443590560342404e-01  -6.2444113735547491e-01  -3.1911466837211983e-01   8.5891267192511378e-01   1.9945479765940055e+00   1.3625284155047033e+00
   4.2160599999999998e-03   1.1160500640860818e+00  -1.0191621937640862e+00  -2.5899973232031425e-02  -1.1495893161721755e+00  -1.1284096639790948e+00   6.2376965395143669e-01  -1.4171627415562532e-01   1.9543736637199596e+00   1.3501097757099432e+00
   3.7692400000000001e-03  -1.0921049702868504e+00  -1.2741710127934047e+00   9.0307742493688470e-01  -3.8536397990391674e-01  -8.5799533691289720e-01  -9.5320731469593012e-01   3.6370690531953848e-01   1.9943861941537702e+00   1.3631669898416587e+00
   4.3363100000000003e-03  -7.4650948751969193e-01   4.0659420144489411e-01   5.4745808004434127e-01  -1.8299484617963496e-01  -1.3906069175193758e+00  -6.5237761075231027e-01   1.4357258654776459e+00   2.0388809102509322e+00   1.3791332155279945e+00
   4.4717699999999999e-03  -8.3141109276147554e-03  -2.6426879100303857e-01   4.5231113298160880e-01  -2.0259728937317392e+00   3.3315986105382295e-01   8.5316571564355137e-01   2.6291530054325896e-01   1.9819175309511332e+00   1.3602990947198284e+00
   4.3047900000000002e-03  -2.1706963518715906e-03   1.7504481131146483e+00   3.1797337828640820e-01   3.6331852587260854e-01   4.9777908386477160e-01   1.3778353394211165e+00   1.8518032229399900e-01   2.0377320356625725e+00   1.3783409691262360e+00
   4.3975000000000004e-03   7.6863253905136786e-01   1.7001191263005908e+00  -5.8166306823846303e-01  -5.1596900461626061e-01  -7.2125461275759140e-01   4.0994149644859218e-01  -6.2394061237136977e-01   1.9479461542370731e+00   1.3479183495093023e+00
   4.1741199999999999e-03   3.4342975039337642e-01  -8.5926695247297791e-01   3.4698446656899995e-01  -1.3367322692631220e-01   2.9105408853549419e-01  -1.6116622086169055e+00   1.4000524156343637e+00   2.0709963770064226e+00   1.3892100813364763e+00
   3.9142100000000004e-03  -1.7183231763443838e+00  -3.7257409897499749e-01  -6.1519981615343056e-01   6.4936080769529181e-01  -1.0391933014454540e+00  -7.4845776598778557e-01  -9.1607123947486144e-02   2.0094393040378922e+00   1.3684371730174398e+00
   3.6565800000000000e-03   1.9119467489621689e-01  -1.3970214987183727e+00  -6.4279669455432442e-01  -4.6132144418594367e-01  -5.8428326855831836e-01   2.2661995714849120e-01  -1.7000979080043235e+00   2.0872304988793946e+00   1.3941135112930430e+00
   4.0844100000000001e-03  -9.7656465083926969e-01  -1.5723304375895381e-01  -1.5180058436242578e+00  -3.9509347120234595e-01  -1.0150157979609815e+00   2.3235246682847455e-01   9.5627061599242635e-01   1.9887168666426396e+00   1.3617307654905360e+00
   4.1582499999999996e-03   2.6597823372127183e-01  -1.2772437539976547e+00  -3.6543139006625106e-02   1.5514885389903248e+00  -3.6161558507207120e-01   7.1727976837532337e-01   6.9782072822500807e-01   1.9333684542215923e+00   1.3430301771270208e+00
   4.0397999999999996e-03  -4.3895381927652098e-02  -1.7483719845117085e+00  -1.2285184899787338e+00  -6.5162857487184589e-02  -6.6421063949001613e-01   6.1639451453575245e-01   3.0894215507539036e-01   1.9810641153646618e+00   1.3597880471803301e+00
   3.3603600000000002e-03   9.6654391219388913e-01   1.3223352050373711e+00  -2.7637432904919523e-01   1.0500988060381520e+00   5.9393928393964657e-01   2.6895761137792817e-01  -1.4937210113143062e+00   2.2629566344895515e+00   1.4530503333729816e+00
   4.4885300000000001e-03  -6.1196154006540349e-01  -1.2356717701887968e-01  -1.7267445608851259e-01  -6.6072231247164770e-01  -2.8931156268788433e-01  -1.4853527313098829e+00  -1.4485848630828513e+00   1.9934645041664323e+00   1.3633362873841131e+00
   4.3774199999999999e-03   4.4448175860280803e-01   6.3328507518901411e-01  -6.2701407809354792e-01  -4.8124301523133506e-01   1.3201701314643544e+00  -1.2506138316850510e+00   8.5547408722528295e-01   1.9702577607332632e+00   1.3558625056638325e+00
   4.0590699999999997e-03  -1.0583305850084634e-02  -5.1312644767696902e-01   6.1659665695832988e-01  -1.8822190104157126e+00  -8.4364127451310178e-01  -7.8328854569232687e-01  -2.9178410962634366e-01   2.0433113623724863e+00   1.3796860931422754e+00
   4.1229099999999996e-03  -2.0905899472726766e-01   6.3432823171269082e-01  -2.1849278863644658e-01   6.4922028548684629e-01  -6.4833916439353423e-01   1.4962881884737780e+00  -1.3878478620886576e+00   2.0344848540651297e+00   1.3768157001043491e+00
   3.9129600000000000e-03   2.0787344741470190e-01  -4.3913860286175982e-01  -1.2753506670685930e+00  -8.0100056826361909e-01   8.3543295069612622e-01  -1.4559668578070024e+00  -6.0134480292302339e-01   2.0442948333892432e+00   1.3801585344309124e+00
   4.7452500000000003e-03   2.5616083805184575e-01   8.6005082075467157e-02  -1.5456764804702376e+00   8.9819960342007843e-01   1.2811290660072900e+00  -5.0193945770962689e-01  -3.5272352502690929e-01   2.0175208923484687e+00   1.3729507470521778e+00
   3.7926100000000001e-03  -4.6147272095541270e-01  -1.7101452549990248e+00  -9.1977367225601014e-01  -4.2399006477427353e-01   1.0712736277631436e+00  -1.2310062029158535e-01  -7.2133590924439828e-01   2.0774153477976656e+00   1.3917447784209962e+00
   4.2084100000000001e-03  -5.6431718767280103e-01  -1.7196156815936943e+00   5.1806117823713149e-01  -1.1050505314889114e+00  -2.9734166381274785e-01   5.7675288062659236e-01  -3.5192763821301654e-01   1.9619608847258869e+00   1.3527225223034880e+00
   4.0466100000000000e-03   1.2021822165302729e+00  -1.0027606710949706e+00  -5.9616938210353387e-01   7.8824341051435232e-01  -1.3969534237178616e+00  -2.8176213383723436e-01  -3.7950397600549535e-01   2.0397021858956488e+00   1.3790799097983404e+00
   4.3576999999999999e-03   7.0678194483673662e-01   9.6075311251149353e-01  -2.4683928099626518e-01   1.3419345909546929e+00  -1.0381915323944801e+00   1.0541457637644180e+00   5.5034271505480302e-04   2.0430312345183390e+00   1.3807435978374578e+00
   3.4983200000000001e-03   1.0523280256225365e+00   6.9307370372438715e-01   3.3922892410967648e-01  -7.3255095857250296e-01  -3.6906105915229254e-01  -6.4092618179411676e-01  -1.7579039451525471e+00   2.0508904009208968e+00   1.3808340741244938e+00
   7.1918499999999996e-03  -1.9084609999686314e-01  -4.8467349329274834e-01   1.9986204227767191e-02  -5.6852002006609037e-01  -3.0007132286540728e-01  -6.8394781302196464e-02   6.9946068934260686e-01   1.0866390501710652e+00   1.0286496218456127e+00
   3.9767500000000002e-03  -1.0508144548211720e+00  -3.4727922435469616e-01   8.0872889142080528e-01  -4.3155545227994541e-01   2.4868501681562294e-02   1.8418437133524974e+00   1.7960793915558750e-02   1.9960477172666851e+00   1.3635278435502824e+00
   3.8832699999999999e-03   1.0771687877551213e+00   1.0418192986967889e-01   5.5033305599227957e-02   1.4625651330554417e+00  -9.8465874865676883e-01  -4.2486645119412891e-01   1.1847810921304611e+00   2.1041172905854895e+00   1.4003737016073208e+00
   3.6133500000000000e-03   1.0474575253579237e+00   3.4654299797730592e-01  -1.0015426776231280e+00  -1.6449836328615415e+00  -1.2238690345154683e-01   8.3648378826130398e-01  -4.7554973833550679e-01   2.0762944462428292e+00   1.3901952500103414e+00
   4.1780799999999998e-03   5.6025011883204479e-01   4.0380756569838971e-01   1.7386165190286171e+00  -5.1426921902432676e-01   6.6890074183621562e-01   1.0927639699261606e+00   6.4220858419533333e-01   2.1298844156787085e+00   1.4103091635006646e+00
   3.9878900000000000e-03   1.0034904249697150e+00   1.6611579326184056e+00   7.4587953084175895e-01  -5.6324774344470552e-01   7.1914910762388662e-01  -5.4876185285531787e-01  -1.6301652901846914e-01   1.9918084794906745e+00   1.3629244710371828e+00
   3.5792400000000000e-03   1.3308657354254110e+00   1.1244733829705924e+00  -4.5888469965864426e-01  -8.8067820342475367e-01  -4.9602271747858773e-01  -1.0406429766527590e+00   5.5242475792016155e-01   1.9961306907132550e+00   1.3628731501859446e+00
   4.1955999999999999e-03   5.0298715847783504e-01   9.6282508920973509e-01   5.5402169757258291e-01   4.9039056061034336e-01  -1.9411392950712475e-01  -1.6535173824646230e+00   9.8861292638009290e-01   2.0065886007662588e+00   1.3683193440144052e+00
   4.1457899999999999e-03   7.8811093932097742e-01  -5.8152419759227081e-01  -4.6995815351653414e-01   2.0411513834915804e-01   1.4924811812194834e+00   6.1450859767017629e-01  -1.3045375059734214e+00   2.0290550497107671e+00   1.3753335729161844e+00
   4.1266899999999997e-03   3.9923815083348568e-01  -2.6383563307627705e-01  -1.4766768360146476e-01   1.3231698734934302e-01  -1.6938684155332089e+00   8.5606953767118399e-01   1.3169051028629739e+00   2.0410654005537809e+00   1.3798542117985075e+00
   3.6491200000000001e-03  -1.1774265798776660e+00  -1.0223192065644304e+00   6.7520605044481097e-01  -6.9468163373952829e-01  -3.4410151290434493e-01  -4.3534699316639874e-01  -1.3769117903922141e+00   1.9920380932387582e+00   1.3615546541069576e+00
   3.7464299999999998e-03  -3.6059087655102448e-02   1.2259639816470444e-01  -7.3727064710708501e-02  -3.6856495550433621e-01   1.1115934156911758e+00   1.7760711892362291e+00   1.0703486199040928e+00   2.0291712642150115e+00   1.3748713974325455e+00
   4.1049600000000004e-03   3.0710643813936855e-01   7.1686546089238079e-01   1.1207507215568595e+00   6.0455893561690122e-01   1.5989768628851012e-01  -1.3340967338073102e+00  -1.1445517030266650e+00   1.9642853455858742e+00   1.3533270349403346e+00
   4.4023999999999999e-03   1.4613184334185452e+00  -1.0004631779167419e-01  -2.3385641948495095e-01   8.6835068065613336e-02  -5.8581535917877003e-01   8.3453692359429388e-01  -1.4161500986049111e+00   1.9640838216602812e+00   1.3538676861107000e+00
   3.2853900000000000e-03  -6.1252678107667213e-01   1.4050230304921847e+00   1.9481623971080018e+00  -1.6836773996060284e-01   2.0758476183329982e-01  -2.7022870745668559e-01   5.8105249539615289e-01   2.2905483983705528e+00   1.4624950276045907e+00
   4.4049199999999997e-03   7.2696608073230862e-01  -9.2534186514544836e-01   3.1236642012949806e-02  -1.3716104209356299e+00   5.3729328781948316e-01  -1.8010363800012610e-01  -1.2792428845497621e+00   1.9686777483412303e+00   1.3553041135368846e+00
   4.0555100000000000e-03   3.8764752189021132e-02   1.3433818681959449e+00  -1.0906774422483341e+00   4.4541342122497288e-02  -7.6427224435359931e-01   9.7853338054186145e-01   1.0242924456221618e+00   2.0362368950483951e+00   1.3775729377690125e+00
   6.6666399999999997e-03   5.2922812454110824e-01   5.9802275714657449e-01  -2.6193782288334416e-01  -5.1702982235792583e-01   3.2105031492747343e-01   2.8640977832600378e-01   3.9406960490697307e-01   1.0886656881343777e+00   1.0294498520396966e+00
   4.2366599999999997e-03  -3.2066170770457914e-01  -5.9139227582949094e-01  -1.8194557628749786e+00   2.3944538081393635e-01  -6.1869671424559747e-01  -1.0288554346189356e+00  -5.3843739803091295e-01   2.0462137152744755e+00   1.3816301672848168e+00
   6.6169699999999998e-03  -1.8682645401921552e-01  -8.6274762147490802e-01  -1.2179060558216374e-01   3.8257009766897221e-01  -2.6090410468898312e-01  -2.5743354878064328e-01  -4.6472759992367130e-01   1.0876306690407527e+00   1.0287496875412190e+00
   3.8183599999999998e-03  -7.1149537333971569e-01   7.1378263978291812e-01  -6.9794177711938499e-01   1.0415457887684272e+00   2.2553776523962474e-01  -1.0375515074181934e+00  -1.3717278884795405e+00   2.0249933772057864e+00   1.3728106290828312e+00
   3.8481900000000000e-03  -5.3341598628987774e-01   1.8756644057358585e+00  -1.0641970491297941e+00   7.2299073971622141e-01  -1.1762715313949747e-01   1.0046489700138189e-01  -3.0099774486491798e-01   2.0113955372630485e+00   1.3687649381792659e+00
   3.6975500000000000e-03   1.0862145220836716e+00   2.9397806955732664e-01   1.9776448439585037e+00  -2.4081895607105630e-01  -3.3706342157386410e-01  -5.5360675638860379e-01   1.1321209897479052e-01   2.0160986845675510e+00   1.3697861853906674e+00
   4.4698600000000000e-03  -3.1949795579501383e-01   4.4242245354399828e-01   1.2075183557528919e+00   7.6589058475482252e-01  -7.8326177763708049e-01   1.4546557595087390e+00   5.6861758696523312e-01   2.0362306805904256e+00   1.3780354916348077e+00
   4.4906499999999997e-03   8.1212097271689132e-01   4.6537745963882965e-01   5.0262390851105621e-02   4.9858142148609674e-01   1.9246630698454406e+00   5.5689795547364762e-01   1.6673262984599402e-01   1.9606294152943955e+00   1.3525054225364457e+00
   3.3268199999999999e-03   1.1596873787213675e+00  -1.8568358583506780e-01   5.7500932529797699e-01  -7.6923868088926461e-01   2.0692685068901009e-01  -2.0221485583871317e+00  -4.1520507812945362e-01   2.2848907401302467e+00   1.4600097345804233e+00
   3.9602099999999996e-03  -8.2802590313760671e-01  -6.8412616206386612e-01   4.8693106155449728e-01   1.4202162942063534e+00  -3.3594457372202341e-01  -1.0597230650161373e+00   9.8728963251700641e-01   2.0469547990544248e+00   1.3809552828203611e+00
   4.1725099999999999e-03  -9.3989432748481827e-01   8.6290440385098643e-01  -9.1690188025821784e-01  -1.3179331447480733e+00   2.8695685570095086e-01   8.7247117989773149e-01   3.4827145898629680e-01   1.9303725328448942e+00   1.3416980618723315e+00
   3.8495199999999999e-03  -7.9227546958397321e-01   7.5493119346860804e-01  -4.7264977291446686e-01   6.4169219972224667e-01   1.1344948641664416e+00   7.7051249198521643e-01  -1.3882495732824620e+00   2.0279413108074138e+00   1.3746547987742201e+00
   4.0559599999999999e-03  -3.5444023163624459e-02  -1.7935778022199300e-01   2.0802877112999587e+00   6.9705028345163533e-01   2.2888291331595270e-01   1.8832153033949425e-01  -6.5277601436688126e-01   1.9759374827886498e+00   1.3571072082340776e+00
   4.3127499999999997e-03  -1.5062596900017207e+00   5.4019493534771457e-01   5.2785106940593174e-01  -1.2830506153349779e+00  -1.0473879366827246e-01  -8.4262485235669471e-01   4.7043206403857243e-02   1.9604605842025355e+00   1.3519277339375080e+00
   3.5613400000000001e-03   4.6530987422767373e-01  -1.2451092769565772e+00   6.7886509675733553e-01   1.3017232949946993e+00  -1.5807583233788147e-01   5.0544015399146125e-01  -1.2535365234690838e+00   2.0340304014051704e+00   1.3761137272660722e+00
   4.2143500000000004e-03   2.3063786206520737e-01   5.0458843926107733e-01   1.0453798968023369e+00  -1.4492172383291813e+00   5.8978482999796689e-02  -8.3598080787385409e-01   1.1744111538437361e+00   2.0422678769109530e+00   1.3806033810954952e+00
   4.1727200000000004e-03   1.9624090483782569e-01  -1.7177171300429941e-01  -1.1190087541096858e+00  -1.1806884106973690e+00   1.6491043047259546e+00   3.1351825304918263e-01   5.2723664190010615e-02   2.0339034603816879e+00   1.3773657081293922e+00
   3.3104400000000000e-03   8.9205451352434106e-01   1.4079875498962964e+00  -3.1443069473629742e-01  -1.2556362260831317e+00   6.6622285149000515e-01   7.4039274531868093e-01   1.1129018729269091e+00   2.3135661527464211e+00   1.4695721624885361e+00
   4.1393000000000003e-03  -9.2384129573411222e-01   8.7858696592398078e-01  -1.2164879855101509e+00  -9.2770036866033312e-01  -1.0107519597162127e+00  -4.8685657499851570e-01  -6.4528190575987765e-01   2.0867954163376314e+00   1.3942086906845621e+00
   3.9667499999999998e-03  -9.5865148090105423e-01   4.7497713137943604e-01  -2.4423936090143805e-01   7.8656121391004780e-02  -1.7687348763223925e+00   1.0036703651736181e+00   1.3176513854775642e-02   1.9575785212770440e+00   1.3504954937560489e+00
   4.5136999999999998e-03  -5.8872883512418339e-01  -9.2613970119337508e-01   2.8715805088915225e-01  -1.4361066694424194e+00   1.0054480744439367e+00  -1.0267680478383729e+00   2.1467770023315702e-01   2.0661527984516606e+00   1.3886062124182046e+00
   6.8909499999999999e-03  -4.0586682767135854e-02   4.8077409566397378e-01  -5.1021309848476470e-01   2.2299347996265942e-01  -7.6262873015007449e-01  -4.1112883102656406e-01   2.0920941731519985e-01   1.1053992631563117e+00   1.0372025906363596e+00
   4.1231999999999996e-03  -8.3024612231856587e-01   1.6646136082881884e+00   4.9123180818351253e-01  -2.2610251713139332e-01  -1.1645435384622678e+00   4.8755900241281713e-01   3.4454208906766677e-03   1.9752484999865669e+00   1.3569054772997204e+00
   4.1339899999999997e-03   1.0031496043862553e+00   9.6068559728725500e-01   1.2122747407393117e+00   1.2925032226012751e+00   4.4799786076168202e-01   1.9150562015362443e-01   3.0109331597989680e-01   1.9753924486463874e+00   1.3571584219584938e+00
   4.1029700000000001e-03  -4.0290639744212547e-01  -1.2265393944930008e+00   2.1209514224431666e-01   1.4043630633667699e+00   1.2746672367273855e+00  -2.4084899597240486e-02  -1.3399284032885134e-01   1.9629133620265526e+00   1.3529541034689099e+00
   3.6750400000000001e-03   5.0567545242647582e-01  -1.7130415014352209e+00   7.8678427504896697e-01   4.3452766772029326e-02  -1.1803732031159919e+00  -7.1700483509236329e-02   6.1618666791138299e-01   1.9891567117532680e+00   1.3607806803542619e+00
   4.3735299999999996e-03  -7.8200788779629671e-01   3.1599775454596835e-01   1.1029057309527468e+00   8.2626564966555027e-01   1.3444923840600351e+00   8.8481825264332892e-01   2.1265991756183694e-01   1.9785356105964100e+00   1.3583292364900390e+00
   3.6670299999999999e-03  -9.7150920565070986e-01   1.8104625069424260e-01   4.1915075361606274e-01  -3.9798499127983084e-01  -1.8281166353439426e+00  -8.8884574465444710e-01  -4.2279205005840803e-01   1.9926586161542885e+00   1.3620822083618991e+00
   3.7355900000000000e-03   2.0971353621300488e+00  -7.9517541189506469e-01   1.9079073486407105e-01  -2.8120045815813777e-01  -2.5392240037495506e-01  -5.2246369104318180e-01  -3.1925704447033310e-01   1.9881563700231633e+00   1.3605999569664922e+00
   3.7651500000000001e-03  -4.2460594416172820e-01   8.9138285374513082e-01   4.9181261034437701e-01  -1.2174521635396800e+00   1.6498916020025103e+00  -1.5665987680831223e-01   3.6357262711028182e-01   2.0068054812325937e+00   1.3669838882791310e+00
   3.7175600000000000e-03   3.5720263683823700e-01   9.0747972225805995e-01  -1.7740638326453298e-01   1.8994697025004756e+00  -1.5697069522670093e-01  -9.9107882299223105e-01  -4.4062506683391518e-02   1.9883837251366663e+00   1.3609159052297419e+00
   4.3052799999999999e-03   6.0658712474896614e-01   1.0548039602861605e+00   1.3432793789731496e+00   9.8069126375414734e-02  -6.4646242047066460e-01   7.8773061439195780e-01  -9.5370916940439920e-01   1.9601804102896092e+00   1.3522083899212869e+00
   3.2368900000000001e-03  -7.7789528411000952e-01  -2.0719493931460722e+00  -8.2531092619879759e-02   8.2010878538541188e-01  -6.9882374570070227e-01  -3.6516596203155721e-01  -5.9804409601999386e-01   2.2586566710959826e+00   1.4513681639021767e+00
   7.1054899999999999e-03   3.9192673039695802e-01  -2.5562555114478316e-02   2.9622493610861922e-01  -2.9540404827712757e-01   5.7305063154502796e-02  -8.9071004732479753e-01  -2.0528665888668776e-01   1.0848943284886918e+00   1.0278079057623957e+00
   4.8707400000000001e-03  -1.3717911342486966e-01  -1.3505783775740521e-01   1.5066006868965713e+00  -8.4508213869120119e-01  -1.3392767298233819e+00   5.0763198201285165e-01   3.5297940338278250e-01   2.0123597877948400e+00   1.3709786212012931e+00
   3.8956199999999998e-03  -5.3192156388915368e-01  -1.4126312038851423e+00   1.6593336207835083e+00   5.7768722898460123e-01  -1.6429224717237664e-01   4.7839041186654480e-01   1.5544503628577711e-01   2.0475499513496618e+00   1.3811258062144716e+00
   4.5830999999999997e-03   9.2344741905066030e-01   3.6087314317633634e-01   6.1102991822419461e-02   8.1276535701702102e-01   1.7871328495870761e-01   1.2004663599253766e+00   1.4493683429245674e+00   1.9758272318841910e+00   1.3580923240115643e+00
   4.3021999999999999e-03   1.5528727933764300e-01  -7.3916325579463937e-01  -1.1727520471769335e+00   1.1903855889473132e+00   1.4908747103093253e-01   8.8359506256244391e-01  -1.1410949246104827e+00   2.0253536474587159e+00   1.3746512323572526e+00
   3.8050800000000002e-03   1.0742038102086016e+00  -1.9652367754748636e+00   2.3793107906585756e-01   1.5213278144964337e-01   3.0353244294642007e-01   4.3742171593856571e-01  -5.7123011038403415e-01   2.0375979834716791e+00   1.3782599577914998e+00
   4.3190700000000004e-03   4.6021258631340550e-01  -1.0331514888724251e+00  -8.6126817745195716e-01   6.0243451527225067e-01   1.2697422084916141e+00   9.7425758489591452e-01   6.1682428127396427e-01   1.9771744140797618e+00   1.3583510557337251e+00
   4.3608099999999997e-03  -4.1791993926932003e-02  -1.3631748994777952e+00   1.0033348506846207e+00   9.0853587200495601e-04   8.2212645774346194e-01  -9.6282052585809452e-01  -1.0232151494881643e+00   2.0666629929939848e+00   1.3879939106671519e+00
   3.8465000000000001e-03   7.9117580226084439e-01   4.8289074794604908e-01   3.3825402052109510e-01  -1.4073994542294460e-01  -2.1383193699405254e+00   3.5832732531488659e-01  -4.9006071072554441e-01   2.1262833846733602e+00   1.4076431928210982e+00
   4.1750099999999998e-03  -3.2925188576147879e-01  -1.9825249412274830e+00   2.1266749607497831e-01   1.0683766944807337e-01   5.3702527977549996e-01  -2.7670437391435670e-01   9.0239522053472121e-01   1.9474300683116936e+00   1.3479344975446448e+00
   4.9856400000000004e-03   9.0334924924504068e-01  -9.7898234876871515e-01   9.7806055223038357e-01   1.1266703084154421e+00  -9.3062088501474030e-02  -1.0534157000563580e+00   7.0713543410077462e-02   2.0033268836543074e+00   1.3678234994068874e+00
   4.3746400000000000e-03   5.6183904794012840e-01  -7.4814604155093584e-02  -1.7379499128566265e+00   1.0581371521045968e+00  -2.4106661037501764e-01   2.6953353089449361e-01   9.0475510694807171e-01   2.0074845103127283e+00   1.3687319955390467e+00
   3.9085500000000002e-03   3.7439572398707571e-02   7.2869233221512375e-01   1.4611253273699041e+00   9.3352063602756219e-01  -1.3112610232555846e+00  -5.8289127610264224e-01   1.4317937483089951e-01   2.0194456727171790e+00   1.3720969499422884e+00
   6.5908399999999997e-03   6.3645312787337027e-01  -4.2781028119345402e-03   3.7286287353828074e-01   3.6131260432859968e-01  -7.4344187618206869e-01   1.9352518419239756e-01   1.6522418122589547e-01   1.0862557074286676e+00   1.0280116511692154e+00
   3.8171300000000002e-03   1.8586033055683196e-01   1.1213687567502204e+00   6.7924759395218759e-01   1.8860415463124269e-01   1.1830377875261535e+00   1.0934159829759538e-01   1.5921755801790856e+00   2.0637297084022164e+00   1.3864563269464216e+00
   6.5921799999999996e-03  -2.2184337821742559e-01   7.1802907078457989e-01   7.7651836770094929e-01  -2.0852608451209803e-01   1.3358774351248284e-01   1.0288991755904442e-02   3.2078813822470709e-01   1.0929700103013387e+00   1.0312535662976525e+00
   4.1795799999999996e-03   1.0100157435245134e-01  -9.8674520174739844e-01   2.8198762996088500e-01   2.8594820479475330e-01  -1.2982208298231399e+00   1.4385160911866020e+00  -6.2884517135955542e-01   1.9545188175857700e+00   1.3503095802750047e+00
   4.1887499999999998e-03   1.4331518738888411e+00  -1.2375783858107550e+00  -2.4064433574194291e-01   2.1962887546509954e-01  -1.5511963616683433e-01  -7.3020028621381239e-02   1.2519588306978282e+00   1.9416246993629807e+00   1.3460593052760705e+00
   3.3810600000000000e-03  -4.5846088378633792e-01  -1.1749103690610173e-01  -9.4956799856112306e-01   6.9143425500137246e-01  -2.5351849504104901e-01   2.1272983990610119e+00   5.6504197997150685e-01   2.2724193650017206e+00   1.4563218592713525e+00
   4.0004799999999998e-03  -1.0403323398600905e+00  -7.8476601908716215e-01  -7.7281941027127854e-01   5.9169672915176730e-01   6.8260045581889583e-01  -4.4883930644327430e-01  -1.4653092044417342e+00   1.9979387729851423e+00   1.3648325611854841e+00
   3.8968900000000001e-03  -4.5517430753064231e-01  -3.3165847376922969e-01  -6.0038112773482866e-01   6.0700334777415943e-01  -1.3425039576464062e+00  -1.6214885602880291e-01  -1.6240224162729788e+00   1.9962531760042730e+00   1.3639903942700842e+00
   7.1975499999999996e-03  -1.5909007708753689e-01   1.1320814347443686e-01   8.5088305183384325e-02  -6.4230016693201619e-01  -4.8516033011247478e-01   3.1608285745129627e-01  -6.6910324863849813e-01   1.0958790751426974e+00   1.0331085329157026e+00
   4.3396700000000003e-03   1.0799132779616084e-01   8.4561780702328071e-01  -4.6652263804333327e-01  -1.8777231221059856e+00   2.9518292817803715e-01  -6.7758042229451954e-01  -5.3689689734677981e-01   1.9762810026879940e+00   1.3576520487231996e+00
   3.2175799999999998e-03  -2.4351514178192507e-01  -1.1742870427779755e+00  -1.0962196218484901e-01  -1.4385924655207227e+00  -8.9824532297487891e-01  -2.7827401289977405e-01   1.4716560468761890e+00   2.2574724144007288e+00   1.4509620539029680e+00
   3.8695299999999999e-03   3.7816261012153091e-01  -1.1955281972878515e+00   7.2061607160392815e-01  -2.6316416111642410e-01  -1.2931986151050884e-01   1.5929383135334949e+00   1.0127233182448019e+00   2.0500017033469908e+00   1.3827764387823680e+00
   3.6011200000000002e-03   1.4599021053931938e+00   3.1497009519164149e-02  -1.2067330211293221e+00  -7.9169935183906123e-03   1.0675437181187184e+00   6.7183847526421744e-02   1.0871643204891390e+00   2.0813704014152408e+00   1.3920721320968368e+00
   4.5722599999999999e-03   4.9435091992717656e-01  -5.0698246010207421e-02   6.3034796381990688e-01   9.3224745789359831e-01   5.8823906343368815e-01   1.8288111247546277e+00  -6.0051507024658479e-01   2.1092980435530508e+00   1.4029043734281264e+00
   4.3418099999999998e-03   8.2814604802117664e-01  -1.2368050009460567e+00   1.4262986639115260e+00  -9.4559473777404923e-01   2.2501409880085554e-01  -3.4620167439413041e-01   3.8510822153080210e-01   2.0273367302825056e+00   1.3756291741076676e+00
   4.1342999999999996e-03  -1.2875993692165266e+00  -1.1117130076838340e+00   1.6383987461061514e-01   2.9671293934509096e-01  -1.0693020993518105e+00   8.0105212553652405e-01   8.5727583410192454e-01   2.0092018135704808e+00   1.3692304295394235e+00
   4.3209499999999996e-03  -1.5650295009749136e+00   3.3999795447453196e-01  -2.5204643455482528e-01   1.3680644131824047e+00   8.2428571563256769e-01  -3.6924481537985210e-01   2.1055005202027341e-01   2.0038250122115251e+00   1.3669524821732832e+00
   4.0354900000000001e-03   1.8537959039212915e-01   1.2433012157493204e+00   6.7779187642315497e-01  -9.2333734261528710e-01  -1.0818651409889082e+00  -1.1424020902520382e+00  -2.2638650925631335e-01   1.9785324051150752e+00   1.3579879488777631e+00
   4.7696800000000001e-03   2.0119214203526140e-01  -2.6103202010992466e-01   1.4108476531595924e+00   5.3113228784548172e-01  -3.1291398896114725e-01  -1.1758106249481698e-01   1.6572281930102437e+00   2.0040832126751704e+00   1.3681986832270383e+00
   4.0963500000000003e-03  -1.1333990444166742e+00  -1.0303227734224469e+00  -7.0233789651803535e-01  -9.0321470586283403e-01   6.1141835537583578e-01   8.9566594114274145e-01   7.4952875786125372e-01   1.9798416174731437e+00   1.3586672335905037e+00
   4.0531800000000000e-03   9.4902476457735885e-01   6.1974993392454880e-01  -1.5200017041525216e+00   9.3736604478335195e-01  -6.2878170339906703e-01  -2.4030453931803336e-01  -8.2933030977049871e-01   2.0380129056466987e+00   1.3784827117255343e+00
   4.2646000000000003e-03  -4.1745589140547261e-02   5.1478221777434063e-01  -5.4195831578662423e-01   1.9456151874413687e+00   6.8718425847934816e-01   8.5194005025467556e-01   1.3284202842853851e-01   2.0648026859056730e+00   1.3872644706466566e+00
   3.9444199999999997e-03  -7.7963086710910967e-01   2.3753764248305670e-01  -4.9278377130154949e-01   1.3664421270760363e+00  -7.8118874410148831e-01   2.9866584873563373e-01   1.4114171363535457e+00   1.9864947860687097e+00   1.3606120227399647e+00
   7.2103200000000001e-03   2.3992531562239372e-01   5.0009982052595359e-01  -5.0303381277554689e-02   5.5883990218217705e-01   2.6537069273311842e-01   8.8972264284211330e-02  -6.8391743188372500e-01   1.0896990470608694e+00   1.0300648935810743e+00
   3.7657300000000001e-03   1.5611561986912639e+00  -4.3387084960165356e-01   1.3039387299785674e+00   6.2240886904803772e-01  -8.9067437152700812e-01   8.5060793300079285e-01   1.7617839059423671e-01   2.2414500966434106e+00   1.4464081340358217e+00
   3.7051800000000002e-03  -8.5795209607277056e-01  -8.4136695414993723e-01   1.3476945024362061e+00   2.8946112128889617e-01   1.1482789023780937e+00  -6.5242173590283625e-01   6.5983450411559019e-01   1.9734265898571539e+00   1.3555870894999804e+00
   3.5515899999999999e-03  -5.0545984064459681e-01   8.4553427299567241e-01   4.0531985524262953e-01  -7.0552570693163053e-01   8.6709329991815265e-01  -1.8402804453947395e+00  -1.7832817319788724e-01   2.0420076540834224e+00   1.3784531670059608e+00
   4.2364300000000002e-03   1.4325057807825565e+00   4.3474280206876897e-01   7.8800551491358661e-01  -1.3835795905276607e+00  -5.4787802408048403e-01   1.8269455798997716e-01  -2.5637190876935012e-01   1.9250179615729106e+00   1.3399074562807747e+00
   4.0853900000000004e-03  -3.6406162417923027e-01   1.9280057247594831e+00  -3.1462997980946428e-01  -6.8028382716935687e-01  -1.5966937979335620e-02  -6.4235961556945376e-01   8.6075230818299064e-01   2.0315883357399014e+00   1.3760746424867252e+00
   3.2892600000000000e-03  -7.0077398362740262e-01  -1.0955725182427491e-01  -2.4489670798655092e-02   2.9471768034815788e-02   2.2544049818666014e+00  -4.9057594816569056e-01  -6.0060661840845320e-01   2.1518578289065822e+00   1.4152551263078288e+00
   4.0031900000000002e-03   1.8693701730108490e+00   4.5551604231980625e-01  -7.6513690924225874e-01  -1.2235774736939131e-01  -8.9845465600411700e-01   4.2182770725762625e-01   5.4643313201321053e-01   2.0229500435055447e+00   1.3732297550239720e+00
   4.0281500000000003e-03  -1.2866784853131880e-01   2.3359829634674655e-02   5.3270181682451279e-01   2.2490405470212069e-01   5.8353550291605098e-02   1.1236773618084216e-01  -2.2737710009484431e+00   2.0117234973480906e+00   1.3697195137628739e+00
   3.8467400000000000e-03  -9.5741257006081038e-01  -5.4684538993386900e-01   9.0882964583649295e-01   1.2688383845935947e+00  -3.3044942967715174e-01  -9.8775532869722060e-01  -1.0492984580448503e+00   2.0986696124213586e+00   1.3985653332942838e+00
   3.6570999999999999e-03  -9.7089972357227855e-02  -1.5397938343079545e-01   9.9194584490849036e-01   2.0423604887863096e+00  -1.9515503217873301e-01   4.6304065242041414e-01   3.5521561951277519e-01   1.9775125727354290e+00   1.3565597556079505e+00
   4.0200699999999997e-03  -6.1926668163102619e-02  -2.9262170961222000e-01  -1.0748247165552186e-01   9.1625807478110355e-01   9.3531293388504699e-01  -1.9128498078782892e+00  -1.8548336733219931e-01   2.0088156695806272e+00   1.3684765941422834e+00
   4.1036199999999997e-03  -3.8059453097755963e-01  -9.5044518728073524e-01  -4.2385326658049066e-01  -6.2442248081439333e-01  -1.9167295299376959e+00  -1.8107779858927817e-01  -2.1275745151330175e-01   1.9672768983790725e+00   1.3544265188166045e+00
   6.8438700000000002e-03  -7.2401869963261856e-01   2.9354965453952109e-01  -6.6318520266161340e-01  -1.7853484847606127e-01   3.5013184069774489e-01  -3.9593779373656607e-01  -9.9480155339251655e-02   1.1100377353933923e+00   1.0392887412293732e+00
   7.2896699999999998e-03   1.1544326989215423e-01  -1.1254984845692449e-01  -9.3478948710242538e-02   6.5472604071771179e-01   4.7646335711633703e-01  -3.2489852453071444e-01   6.5677605598523958e-01   1.0971066630305779e+00   1.0336171783339190e+00
   3.9964600000000003e-03   1.7567406450135066e+00   5.6343503643592407e-01  -8.7744347209249141e-01  -4.5296117286055981e-01   6.8857812221742554e-01  -3.9393037123106961e-01  -6.9838533709261008e-01   1.9917930785149462e+00   1.3632669566285398e+00
   4.3080999999999996e-03  -1.1601972409953549e+00  -9.9312187159656018e-01  -1.2604748497565179e+00   9.8994362075124631e-01   3.7735552720211518e-01   1.2336746721247992e-01   5.4314157975464750e-01   1.9827907945815777e+00   1.3600895942204785e+00
   4.1634200000000001e-03   3.6965760351620464e-01   1.2256784920810089e+00  -9.2109661876731330e-01   4.1036701049769449e-03   1.4452272185827838e-02  -1.5934734315477102e+00  -6.6042914875108483e-01   2.0079752704070586e+00   1.3684462134906588e+00
   3.9130600000000003e-03  -7.7592740231712665e-01   1.2197574898799801e+00   9.3346898421409652e-01   1.3172925234646153e+00   6.9045187863740753e-02   3.5242650831155664e-01  -8.5689464261159543e-01   2.0184711825175556e+00   1.3713161889825403e+00
   3.6700299999999999e-03   1.7420983233162138e-01   1.0393827482075089e+00  -9.0408006119692408e-01   5.2128301808617694e-01  -1.8576566625608770e+00  -8.0651554464588904e-01   5.1109967687612812e-01   2.3474981213793380e+00   1.4815312919059536e+00
   4.1325700000000003e-03  -4.1840525749859259e-01  -2.8084182561845639e-01   1.5791231449076779e+00  -1.9312655964278275e-01  -3.3753559949151901e-01  -1.5820543365504058e+00   1.5608709713528568e-01   2.0076052141559200e+00   1.3680421992902807e+00
   4.6034200000000004e-03   7.6608054394782146e-02   7.2763379228751401e-01  -3.7544447530071495e-01  -1.5131485165279392e+00  -1.3463713852298698e+00   1.1805421288581822e-01   6.4940676005792952e-01   1.9807569489412218e+00   1.3597891556933841e+00
   3.7203499999999999e-03  -1.4956374449855889e+00  -1.0521129854780407e+00  -8.7486456888806730e-01  -9.7753790573847366e-01  -3.0978149171517877e-01  -6.8137091345434908e-01  -1.1162049090312325e-01   2.0132502135885559e+00   1.3689598383792374e+00
   3.7468499999999999e-03  -2.5369897118447299e-01  -6.3782886018533358e-01   7.3952026427183648e-01   1.0910391147162106e+00  -1.8511868424313720e+00  -1.4301757436978771e-01   1.6468010072708517e-01   2.0328227391883176e+00   1.3762631570399790e+00
   3.9284300000000001e-03   1.1150128096757862e-01   2.1531715538557747e-01   1.3897029369783571e+00  -1.3480759894635002e+00   5.9714651784722772e-01  -4.9355604681865789e-01  -1.0271568804080407e+00   1.9887482116394530e+00   1.3612299287531524e+00
   3.5906100000000002e-03  -1.8834908681334197e+00   2.8248778458533541e-01   1.4030632273864965e+00   4.8776447990466254e-01  -5.0699791907732661e-01   1.0153295152269538e-01   5.4240835762969764e-01   2.2504948241021259e+00   1.4495905267752767e+00
   7.2188900000000004e-03  -3.3312312334858651e-01   5.1708139130571158e-02  -3.5798868392446209e-01   2.8439385634548398e-01  -5.4859155453591331e-02   9.1222774912285709e-01   1.9069571138980124e-01   1.0934855840351139e+00   1.0317772389072177e+00
   4.2752800000000002e-03   3.2238617475863540e-01   8.7515821944476879e-01  -2.0032088039587017e+00  -6.3211645714315923e-01  -3.0848183266835940e-02  -3.8547377040014275e-01   3.5793105083356319e-01   2.0552719071707704e+00   1.3845506938728771e+00
   4.0296700000000000e-03  -1.8970412362898932e+00   5.7329250085276484e-01  -1.7135536153918007e-01   3.9937530795563843e-02  -3.2188102547735165e-01   4.1545385625928362e-02  -1.2098564398218323e+00   2.0140456810013680e+00   1.3701653571227659e+00
   3.5874900000000000e-03  -2.3069672043288567e-01  -5.4086733938361675e-01  -1.0825550388883318e+00   1.2318071171541489e+00  -1.5060175424833129e+00   5.8716822226469123e-01  -4.2125748744508210e-02   1.9881022154860852e+00   1.3602164215595458e+00
   3.7663100000000001e-03   1.3449821875628271e-01   9.5715677610127059e-01   1.2741934622389886e+00   5.9408072358914613e-02   1.3984544837065647e+00   3.4289173746591628e-01  -9.5509243107774466e-01   1.9934684879698514e+00   1.3619875632684324e+00
   3.6852199999999999e-03  -9.6863238382472616e-01   8.2894121011851785e-01  -6.2620356365357843e-02   1.5454009943986791e+00  -1.2016693099979197e+00  -1.6707574911031978e-02  -2.4594984300375572e-01   1.9747373763039262e+00   1.3559332636447958e+00
   4.2932300000000003e-03  -5.3753073484152425e-01   1.3976141872907171e+00   3.5039587373920522e-01   1.1368258920400438e+00  -1.5247804147831498e-01   5.5479597097213791e-02   1.2403495730526164e+00   1.9541265155731811e+00   1.3498933158008375e+00
   3.9586800000000000e-03  -1.6931915851606599e-01  -4.9063058616453781e-01  -7.3868328332457767e-01   2.0039107787853294e+00  -2.8775242565241116e-01  -6.4203778602822570e-01  -3.2634799439027495e-01   1.9709066842977123e+00   1.3555581978914708e+00
   3.6754900000000000e-03  -1.4248185554020421e+00   1.6140096203404766e+00   1.8680269730930552e-01  -7.2949202236571697e-02   8.7660398694592445e-01   2.4531838018057400e-01   1.1286936836051734e-01   1.9817325097926337e+00   1.3578798759913904e+00
   3.9356599999999997e-03  -1.0928968506497068e+00   7.6462731924748240e-01   1.0280228253456027e+00  -3.5562622848144493e-01   1.4296592557545224e-01   1.1773633465265361e+00  -9.5993429442072331e-01   1.9463346783835678e+00   1.3463193582204991e+00
   3.7639700000000002e-03  -1.1233245414060473e+00  -2.8887862084753874e-01  -7.2507907868273702e-01   3.2140285499007876e-01   1.4663773279710917e+00   1.1830245621183915e+00  -2.7457035251740042e-01   2.0158208003208040e+00   1.3702746009267595e+00
   3.6679700000000000e-03  -1.6258902674574089e+00  -5.9446010343193934e-01  -2.5941337920088664e-01  -1.2889500594571976e-01   1.3443601176908328e-02  -5.5631652571379164e-01   1.4789694399576256e+00   1.9786264516477730e+00   1.3573651602669849e+00
   3.5801200000000000e-03  -8.4706348208794768e-01  -6.6429556698782810e-01   1.3251631600489262e+00  -8.8522299929196047e-01   1.1814833585004662e-01   2.4630349487111924e-01   1.4484606559791227e+00   2.0697913514172965e+00   1.3879998719990307e+00
   3.7099699999999999e-03  -1.8106558777435942e+00   6.5240233687112792e-01  -3.2539954029181650e-01   5.0577205327838759e-01  -4.2585978629170297e-03   1.2760447388978269e+00   4.0691250972195975e-01   2.0923156870460025e+00   1.3957827351295555e+00
   3.8504500000000001e-03   7.0163117609037173e-01   1.7276024514210220e-01   5.8478548837463840e-01   1.6126691583451245e+00  -8.8522696974021176e-01   4.7144744674350356e-02  -1.1788506211728338e+00   2.0296908542848699e+00   1.3754562510148804e+00
   3.8487500000000002e-03   1.8266532549400474e-01   1.5112203099066295e+00  -9.8014788446896572e-01  -5.2195824675258806e-01   1.3176894136271753e+00   9.0788419051737956e-02  -5.4796281327403373e-01   2.0196288389246080e+00   1.3714255680607768e+00
   3.9648399999999999e-03   3.0876863155125661e-01   3.5303297953993934e-01  -8.5477105482249308e-02  -3.7826289893349530e-01   1.4252199702268340e+00  -8.9825548838031122e-01  -1.4782883158379700e+00   1.9621648143292891e+00   1.3524079709564372e+00
   3.7213400000000001e-03  -6.7957294900935494e-01   1.1025280028730995e+00  -9.2714195332169302e-01  -6.3379423937449031e-01  -1.5887043872937251e-01   1.4267853837207494e+00  -8.0717386202237074e-01   2.0387200791267519e+00   1.3769686974088071e+00
   6.7281099999999998e-03   4.5656394305701131e-01  -4.7402701052957708e-01   6.9829918190340046e-01   2.0794759258366383e-02   3.2913204799309215e-01   5.6303015679723944e-01  -3.7796597612145183e-02   1.1045024395190455e+00   1.0364503249774799e+00
   3.8141000000000000e-03  -1.5962175159301091e+00   1.8744341760398789e-01   4.2782175570380487e-01  -7.3738436366561710e-01   1.1401181961580182e+00   5.0935737112087809e-01   7.5420399674108551e-01   1.9702352129485770e+00   1.3545384288007851e+00
   3.5057700000000001e-03  -4.2435507747210055e-01   4.2279431450457966e-01   1.3142109031400568e+00   1.4271404592835253e+00   7.0502229047428189e-01  -9.5619816428368543e-01   4.0041395509780586e-01   1.9941918910083354e+00   1.3621718254857413e+00
   3.6779299999999998e-03  -1.5632360275868507e-01   5.8079820974401397e-01   2.0457426773245238e-01  -8.0680684752714571e-01   1.4015847436765101e+00   1.4975793562698150e+00  -4.2320424694225961e-01   1.9535890737261150e+00   1.3483532706446348e+00
   6.5586799999999999e-03  -8.5348697485561797e-01  -6.5974093782318777e-02   5.8090242721509455e-01   4.2244111882615548e-01  -2.4615268615696823e-01  -1.0234024713264428e-01  -2.9202422722988175e-02   1.0920310517135667e+00   1.0307231213630110e+00
   3.9650700000000002e-03  -4.1663879646709912e-01   1.0233350081964094e+00  -1.1484322588796463e+00   5.3770480240446950e-01   1.2750941534879878e+00   6.1015336921449315e-01   6.7038122703983005e-01   1.9537097397005347e+00   1.3488455711649177e+00
   0.0000000000000000e+00   0.0000000000000000e+00   0.0000000000000000e+00   0.0000000000000000e+00   0.0000000000000000e+00   0.0000000000000000e+00   0.0000000000000000e+00   0.0000000000000000e+00   1.9229848564093655e+00   1.3362655022310506e+00
