   4.0094629999999999e-02   1.2607962814594317e-01  -1.3819622063503596e+00  -6.6496118577964558e-02   3.0153284470693542e-01   5.1159457182796209e-01  -2.2402275067604410e-01   6.4915644680913920e-01  -9.5152306931217467e-01   2.5995037748350908e-01  -1.6732386477181038e-01   6.2326441013290195e+00   2.4293496768027203e+00
   4.0181960000000003e-02  -5.8189754781467828e-01  -5.1946168845926499e-01   7.1077960567942677e-01  -8.9740744774058845e-01   2.9977539433160344e-01   1.0660239318003246e+00  -3.6064016492342293e-01  -1.7818884670808380e-01  -6.7437624829731602e-01   5.3550762607135977e-03   6.2355489368122470e+00   2.4299411838811666e+00
   4.5232620000000001e-02   4.3591244500755605e-01  -4.6476973323120097e-01   2.8257310613426428e-01  -6.9299985122859087e-01  -3.1958683593960763e-01  -2.1530092748445651e-01  -8.8345354675535137e-01   2.8942714054378616e-03   1.1994285702851220e+00   5.4364700619892492e-01   6.2892483303876521e+00   2.4408466024010735e+00
   4.0259959999999997e-02  -2.4627833086024142e-01   1.7234636749928961e-01  -8.6063884618878927e-01  -5.9670208866114982e-01   4.1880281346044346e-01   5.5277586399523138e-01   5.8983608953918854e-01  -8.1007822784135530e-01   8.9587293925826550e-01  -5.2352029358548979e-01   6.2326801905694769e+00   2.4293380889638212e+00
   3.7238050000000002e-02   2.8118901916939382e-01  -1.1261481420875438e-01  -5.0862768795165637e-02  -5.3920829370339163e-01   7.3916491479232083e-01   4.3048153313611233e-02   1.0363777660876743e+00   9.7764318304579778e-01   9.8724805984291092e-02   9.3469946865067011e-01   6.1988665481876062e+00   2.4225221208918652e+00
   4.5162180000000003e-02  -4.4761106197253542e-01   4.6972998011309264e-01  -2.7025964100633432e-01   7.0682809103322886e-01   3.2419038213102347e-01   2.1699988672478016e-01   8.8597007294101571e-01   9.4392885447139238e-03  -1.1932157540006405e+00  -5.4892187319010921e-01   6.2974535479173230e+00   2.4425125976878532e+00
   4.0205119999999997e-02   9.7981739027754411e-01   3.3048260199252034e-02   9.6408355607604657e-01  -7.4188200457069697e-01  -4.1546271848962019e-01   4.5330768947755878e-01   5.2932334402321468e-01  -1.2486829447996659e-01  -2.9363696118175348e-01  -7.4671694061867600e-01   6.2328740448640527e+00   2.4294339351830856e+00
   4.0265479999999999e-02  -2.8345662914434128e-01   1.4990122966670008e+00  -4.7122339214854753e-01  -6.5343763164498170e-01  -2.4584886590744609e-01   5.7287691927244422e-01  -2.8541921156974337e-01   4.6313743737060298e-01   2.9767958847949916e-01  -1.6541163348706597e-01   6.2450183581568552e+00   2.4318982595712919e+00
   3.7249280000000003e-02  -3.3593465007366746e-01  -5.6136448725942256e-01  -7.5412771042063273e-02  -2.8095374536900430e-01   4.6184178382051250e-01  -4.2147137670881690e-01  -5.0316128110204160e-02   1.2642664729385580e+00   2.8403861391585322e-01  -1.1215652412590877e+00   6.1979954755304680e+00   2.4223629883078988e+00
   3.9972779999999999e-02   6.5632882838546835e-01   1.0179007716648704e-01  -3.4865265106072574e-01  -4.0411012787636708e-01   1.2051004372807332e+00  -5.7152509998313672e-01  -8.1091114446584278e-01   2.6877447465804446e-02  -4.4922154482226256e-01  -6.4022612452291761e-01   6.2385782537757031e+00   2.4305531603448287e+00
   4.0184459999999998e-02  -2.3597106455011430e-01   3.0694270798715595e-01  -1.0401156675802632e+00   1.0116965805110325e+00   8.7805089433555472e-02  -9.3372650889222431e-01  -9.7818938706178971e-02   1.8553284635835679e-01   5.9974865640584640e-01   4.7345235332567648e-01   6.2351501051632123e+00   2.4298268168910213e+00
   3.7132569999999997e-02  -8.8517003312591347e-01  -4.7392799102720823e-01   3.1823044656079558e-01   2.2310366910636137e-01  -9.4364919941960212e-01   3.3918261837270491e-01   8.2508332894747005e-01   7.7147224918516999e-01   6.4712565305127390e-01  -5.0355798451294682e-02   6.2022167049621126e+00   2.4231396490464094e+00
   4.0007790000000001e-02  -7.9777008547493344e-01   3.5200708526881946e-01   5.3948057618819212e-01   9.7710426106727144e-02  -5.1971615749818201e-01  -7.1878348994858132e-01  -5.8332865078253282e-01  -9.6219009687912960e-01   3.7124013081966035e-02  -8.0832780477366983e-01   6.2358262617451796e+00   2.4300408156061035e+00
   3.6811490000000002e-02   5.6249251797785171e-01   7.3239635351226362e-01   1.0293224675086451e-01  -3.8199941005599741e-01   6.6032609615229232e-01  -3.4163203643557072e-01   1.3490144174518837e-01  -8.9748587763192811e-01  -4.7937306421474202e-01   1.1130061768632351e+00   6.1904508819618238e+00   2.4206530124928953e+00
   4.0080610000000003e-02   1.1819048147384665e+00   5.3806813772441175e-01  -1.2302638972539351e-01   4.3629019386549617e-01  -5.6726056709726436e-01  -7.8061627418435064e-01   6.8399809519619736e-01   9.0762378866102777e-02   5.0162572012970541e-01  -4.6873017559644264e-01   6.2367403945902327e+00   2.4301968853542801e+00
   4.5445170000000000e-02  -5.1174283341314478e-02  -4.5946800645904229e-01  -9.7157199483894763e-01  -8.7878177639384691e-01  -9.0033891401184785e-01  -5.5112564145266163e-01   1.2041099223433324e-01  -5.6497128275840372e-02  -7.4767262245096444e-01   1.1122855981736923e-01   6.2929479672290789e+00   2.4415589097166164e+00
   4.0025280000000003e-02   3.1622073495056685e-01  -1.0261907531547323e+00   8.1899268905979616e-01   7.8706685405509436e-01  -9.5931279362412705e-02  -7.0592462823324298e-01  -1.8368227941018356e-01   2.0733652197132488e-01  -7.4430168061774282e-01   4.3952220857272933e-01   6.2339270946387151e+00   2.4296138590772802e+00
   3.7343130000000002e-02  -8.3459690284625532e-01   3.8703288579031481e-01   8.0711664753804990e-01  -6.8285437278951922e-01   3.2392011957869216e-01  -1.1255568553315352e+00   6.6409063030008753e-01  -3.1980296827861521e-02   1.7377990047285619e-01   1.6042879255805736e-01   6.1967893232440616e+00   2.4220656458526912e+00
   3.6762200000000002e-02  -8.4911567025787629e-02  -5.3231082936360208e-01  -3.6190343993080576e-01   7.1486840693376719e-01  -8.2175120601837270e-01   6.2667217871269187e-01  -7.5866515708854698e-01   1.3917462443350617e-01   1.5332933515414257e-01  -1.1052006949729942e+00   6.1885847899837607e+00   2.4202116340223849e+00
   4.5059170000000003e-02   6.3914675320557834e-02   4.6316673833803329e-01   9.7795583149654541e-01   8.7820451912625652e-01   8.9786753915955086e-01   5.4275524104020134e-01  -1.1766818390509629e-01   6.2771550016557348e-02   7.5043855623774292e-01  -1.1812941689105076e-01   6.2894982966488007e+00   2.4409302524346539e+00
   4.0152710000000001e-02  -1.3307506321284717e+00  -3.6256037673513308e-01  -5.1258855293842609e-01   1.9049709170996740e-01   6.1226861508826802e-01   2.0177865315611992e-01  -7.4305392733349462e-01   2.3339280139517037e-02  -1.0598027103790124e-01   7.6447543340616764e-01   6.2372773030075859e+00   2.4302904095369695e+00
   3.9957899999999998e-02   9.6303373074803400e-01  -4.6946242285344331e-01  -8.0873521284136141e-01   3.2979150556458986e-01   1.2341211764801065e-01   1.1118019320302939e+00  -2.3997684679126819e-02   6.3246835999826234e-01  -1.1828566837624378e-01   4.1322949447662322e-01   6.2308335717428411e+00   2.4289100769215257e+00
   3.4966980000000002e-02   7.0599802562751746e-01   3.0957453729554063e-01  -3.7427248003094205e-01   5.3370370037610904e-01  -2.1273144111663009e-01   4.9148512647678910e-01  -9.9626980757191785e-01  -1.1886230020189339e+00  -4.6050865452397716e-01   2.0665698054465362e-02   6.1706966382664614e+00   2.4167261165163247e+00
   4.0008860000000000e-02  -2.1839934993132343e-01   2.5270172945257813e-01   2.7745314275634131e-01   4.0552210951517437e-01  -1.0172785144579268e+00   5.9803001941741529e-01   5.5694084040338665e-01  -7.3895107765477019e-01   1.0926200152533608e-01   1.0626897592715034e+00   6.2284413786584167e+00   2.4284331829382384e+00
   4.0199619999999998e-02   7.2585204901915445e-02   7.2367012486791149e-01   5.6440854785237948e-01   1.7747009532429314e-01  -5.7757776064996558e-01  -2.1184317739066488e-01  -7.7028337982040040e-01   1.0986263088703982e+00  -7.2017977899005070e-01   4.3006051159069614e-01   6.2328427698662283e+00   2.4293826867303947e+00
   0.0000000000000000e+00   0.0000000000000000e+00   0.0000000000000000e+00   0.0000000000000000e+00   0.0000000000000000e+00   0.0000000000000000e+00   0.0000000000000000e+00   0.0000000000000000e+00   0.0000000000000000e+00   0.0000000000000000e+00   0.0000000000000000e+00   6.2343374236814899e+00   2.4296799018140121e+00
