   2.0373499999999998e-03   1.4232693875255451e+00   1.3538049337947267e+00  -9.5709093202954143e-01   1.5068406514621366e+00   6.3609389889299994e-01   7.5252907816080250e-01
   2.6463400000000001e-03   1.0731858100883667e+00  -2.0462202882419575e-01   5.1210332131123693e-01  -2.0833055822412927e+00   5.1488708731419874e-01   6.8003571887191294e-01
   2.2093899999999999e-03  -1.5588326520215463e+00   1.4404182811860251e+00   1.2950582509161446e+00  -7.5052470888226508e-01   6.1537723249799881e-01   7.4012025169397411e-01
   3.8409999999999998e-03   4.9651359864568856e-01   1.0201680284019787e+00  -5.0701353144138861e-01   1.2592448601345054e+00   2.8550252546560667e-01   5.1877929506208365e-01
   2.3177400000000000e-03   1.8381189736388526e+00   9.1113611316521737e-01  -1.4461163728708102e+00  -7.2838459226682517e-01   6.4467416745800532e-01   7.5838704508398813e-01
   2.1907799999999998e-03  -6.5260820561214983e-01   1.6181013200072929e+00  -1.3963940581683050e+00  -1.3527455473164696e+00   6.3575048677220314e-01   7.5036440236568058e-01
   4.8779899999999996e-03   6.8402993923975697e-01  -1.4463785337820865e+00   1.6379319487830288e-01   3.0559597493244156e-01   2.8331802881827778e-01   5.1769145836636976e-01
   2.4692199999999998e-03   4.5895963933766393e-01   1.0351123056617368e+00  -1.9603786935263634e+00  -9.5325443417476496e-01   5.3899686353651133e-01   6.9338290021016180e-01
   2.4848499999999998e-03   9.0171038916353008e-01  -1.9416338090931360e+00  -5.7517328787492383e-01   1.1503485122246944e+00   5.6437961113123913e-01   7.1047510145084625e-01
   2.2602000000000000e-03  -1.1336630140142465e+00  -2.3011395820240282e-01  -4.8027073356858357e-01  -2.2581050398653000e+00   6.1778595358452715e-01   7.4126849698639519e-01
   4.0531300000000003e-03  -1.9217730355992408e-02   1.3380121542220278e+00  -1.1937424184270460e+00  -1.2355267813558091e-01   3.0257541067331623e-01   5.3408160489003953e-01
   4.4865399999999998e-03  -1.1606148584153619e+00  -5.2705546801232095e-01  -1.5048177524689474e-01  -1.0956613447003838e+00   2.8616112502805158e-01   5.1959441329400058e-01
   2.1631900000000002e-03   1.7953017162906253e+00   2.9188801868992958e-01  -6.1148201792487222e-01  -1.7742076650513057e+00   6.3057056447961013e-01   7.4819116952838638e-01
   2.2713099999999999e-03  -1.7472600717888696e+00  -7.5370922760585624e-01   1.2093105694217279e+00   1.3074578548457170e+00   6.2317058032891925e-01   7.4642848604125811e-01
   2.7781899999999998e-03  -3.0185830836261529e-01   3.0600295105371988e-01  -1.4551622219501612e+00  -1.8834038615512103e+00   5.3632693056256309e-01   6.9351448707387542e-01
   2.3832200000000001e-03   1.0734032344104527e+00  -1.2306589349660537e+00  -2.3509962562432671e-01  -1.8896619155785355e+00   5.6588984207534887e-01   7.1043822625614728e-01
   2.2111600000000002e-03   6.4909173541616877e-02   2.0966096421416802e+00  -2.0996931179327541e-01  -1.4936236873072599e+00   5.9848378816203718e-01   7.3098025134853306e-01
   6.1125600000000004e-03  -1.8234167765083925e-01   6.8002607591185626e-01  -3.0744459984735645e-02   6.6776551166562759e-01   2.0209540036499854e-01   4.3842892378833553e-01
   2.0543900000000001e-03  -2.5291805490118682e+00  -4.3449249114945554e-01   7.1689245572080962e-01   1.2695382726091131e-01   6.5129216451457306e-01   7.6182396780624417e-01
   2.3096000000000002e-03   1.6520628346292558e+00  -8.8859575791147394e-01  -1.2288666826342722e+00  -1.2293367717669437e+00   5.9364936235685595e-01   7.2794144969080499e-01
   5.8286800000000001e-03  -6.8568950164266207e-01  -6.7555605810593600e-01   2.1742579453955388e-01  -3.2302525802358567e-02   1.9925067305326483e-01   4.3506165341549158e-01
   4.7218000000000000e-03  -1.0875581142596231e+00  -9.5337911236022821e-01  -7.3169185507979606e-01  -3.2927486129419353e-01   2.8371316301646071e-01   5.1781985470356606e-01
   2.0666000000000000e-03   1.8564762361103282e+00   1.5952144032471169e+00   9.4947467786918538e-01  -1.9938178136667772e-01   6.2825204251062206e-01   7.4766603450967428e-01
   2.6042399999999999e-03   4.7480328591548476e-01  -1.9838346078407509e+00   4.5691312324774602e-01  -1.3146086322342989e+00   5.6020321330431189e-01   7.0793651884933517e-01
   4.0045300000000001e-03  -2.3917945064371554e-01  -4.5541990298719320e-01  -2.9983353160855120e-01  -1.6545528339856246e+00   2.8876855322534234e-01   5.2154415352471117e-01
   2.4091099999999999e-03  -1.2355605579293154e+00  -1.4063310972321996e+00   2.3789336484517212e-02   1.7058933188402632e+00   5.8573704017818595e-01   7.2378674935173848e-01
   2.2946300000000002e-03  -6.4734359974438896e-02  -1.8868116843932942e-01  -1.5737869278898413e+00   1.9993985974881490e+00   5.8752414461482927e-01   7.2330905168514559e-01
   3.9279900000000001e-03  -1.1312554894927644e+00  -1.7192900997078844e-01  -3.9380346049056347e-01   1.2499636083426708e+00   2.8302182868218567e-01   5.1608789722098813e-01
   2.5700499999999999e-03   5.0929512409820653e-02  -2.0606599831345522e+00  -1.3937321695381351e+00   2.7601398621175921e-01   5.8042911378070272e-01   7.2075582941173932e-01
   4.1622500000000002e-03  -1.4836458334292230e-01   2.1443801059022358e-01   1.6385652547367837e+00   4.7312395492513093e-01   2.8625739565613828e-01   5.1938111088209138e-01
   4.4149000000000002e-03   1.4922977236462638e+00  -8.6496937805174445e-01  -2.9892729477036240e-01  -4.9108794568116135e-02   3.0032014546502761e-01   5.3263482121204997e-01
   4.6014100000000002e-03  -7.4993347503778440e-01   3.2148037505898841e-01   3.4370350608631789e-01   1.4173427268437802e+00   2.8419889456798730e-01   5.1801887503985788e-01
   2.3133199999999998e-03   8.1330174511285336e-01  -4.0080372776505346e-01   2.2486668945593533e+00  -9.1179965199958413e-01   6.2349741212371035e-01   7.4638147089238416e-01
   4.7860600000000000e-03  -7.2636116305420539e-01  -2.8300351306388877e-01  -1.4709458689745072e+00  -9.9199280924011868e-02   2.8895970796156578e-01   5.2224548971530893e-01
   2.0423500000000001e-03   1.2531331229750680e-02   1.8007550061085005e+00   1.0522321038542501e+00   1.6359589769891993e+00   6.3831875587385767e-01   7.5331868039723138e-01
   4.8107599999999999e-03  -7.5384510497326640e-01  -7.3300367592537430e-01   4.7394633710148371e-01   1.1781945599503860e+00   2.8566863361889222e-01   5.1957848344538282e-01
   4.5631600000000001e-03  -5.4332098698241382e-01  -1.0337361799412694e+00   1.1324398121112094e+00  -3.2939174254258846e-01   2.8010713289603684e-01   5.1456119175559378e-01
   2.4093100000000000e-03   2.1002790996625538e+00  -4.6774818665075019e-01   1.9180624466480184e-01  -1.2087176984135823e+00   5.3891971866467381e-01   6.9519182205462149e-01
   2.4168300000000000e-03  -1.6717828079824870e+00   7.2947190629657999e-01  -9.5575224205786535e-01  -1.5212911027233675e+00   6.0796787285001286e-01   7.3680541236891495e-01
   1.8827799999999999e-03   2.5189377544719203e+00  -5.8305716894282911e-01  -8.1607122669837751e-01  -1.9476119700189234e-01   6.8051578476584906e-01   7.7668396338097756e-01
   2.4165200000000001e-03  -5.4881800952275184e-01  -4.5079907677358749e-01  -3.2865536483876956e-01   2.4057648896501762e+00   5.8347922953306097e-01   7.2179036510988537e-01
   6.3157600000000001e-03   6.0670931912556869e-01  -4.5273347831085962e-02   3.0966707719845471e-01  -6.3577643896158964e-01   2.0066418602464983e-01   4.3688292259822958e-01
   2.2489900000000002e-03   7.2472278977330784e-01  -2.0850216673230140e+00   9.5547901738736141e-01   9.7278942412204750e-01   6.2465774624059234e-01   7.4455440393546302e-01
   2.0812199999999999e-03   1.4953978696205097e+00  -1.1052973931933538e+00   1.2756700581767748e+00  -1.4171746176999711e+00   6.6592769565315857e-01   7.6808265458238711e-01
   2.1895000000000000e-03  -1.2543773362131112e+00  -6.5245224168204052e-01   9.9371638274723029e-01  -1.9560605937977733e+00   6.1719988353026667e-01   7.4237402432177668e-01
   2.2281200000000001e-03  -2.1088322960671513e+00  -1.4151226370729799e+00  -4.5255942537862659e-01  -4.0367087205329844e-01   6.1977063813888411e-01   7.4386655243915678e-01
   2.3195099999999999e-03  -4.0761876293230015e-01  -2.3561257696478948e+00  -7.2346564673984468e-02   9.1067774213668895e-01   5.9525718468203237e-01   7.2904865528264662e-01
   2.4442800000000001e-03   1.3633761904059660e+00  -1.1185959980711577e+00   1.8196820811354708e+00   3.0036852916886231e-01   6.0918282909042032e-01   7.3690106742947870e-01
   3.9166899999999996e-03  -2.8405091946138378e-01   1.3029981381454276e+00   3.5513901398778309e-02   1.2449878195168684e+00   3.0483249853007210e-01   5.3606652548813882e-01
   6.4233800000000002e-03  -9.8504681736877042e-02   3.7663147050602819e-01   6.6089509933454482e-01   4.7935905216878189e-01   1.9975728501314921e-01   4.3594381492763173e-01
   1.9922400000000002e-03  -2.3829841554262232e-01  -1.6678640903952762e+00  -1.0937577405553176e+00   1.7419616327552356e+00   6.3410879084428651e-01   7.5079857059054667e-01
   4.5219700000000002e-03   2.5556442854665501e-01   4.5150660743997012e-01   2.6859371879816307e-01   1.4709523768584025e+00   2.6211821493426135e-01   4.9775164229589669e-01
   6.3420000000000004e-03   1.0916148394509403e-01   7.1393380724937039e-01  -6.5332899576520931e-01  -1.5450001397441720e-02   2.0647795771190630e-01   4.4291972083813236e-01
   6.3614099999999996e-03  -3.2097028629116642e-01   8.2586353179394376e-02   2.2076242633712898e-01  -8.4148219810634894e-01   2.0237973206559282e-01   4.3863383014125445e-01
   4.6689000000000001e-03  -4.1912595496131722e-01   1.0491578363422813e+00   1.0866827946749663e-01  -1.1790356099093058e+00   2.7822294579440904e-01   5.1278212966713543e-01
   2.3433299999999998e-03   5.4197108112927084e-01   4.7135926503968395e-01  -6.6896020290289870e-01   2.3306862126815324e+00   5.7611984884301159e-01   7.1731521624143468e-01
   4.7108699999999998e-03  -9.6963181643029361e-01   1.0162951193670061e-01   1.1130886565650739e+00   7.3553121588584269e-01   2.8256813850038492e-01   5.1652078568410587e-01
   2.4785699999999998e-03   1.5934072638535084e+00  -2.5728881021877847e-01  -2.0140499610249933e+00  -1.5783615606340701e-02   6.2966208481459085e-01   7.5085965218769968e-01
   2.3568100000000000e-03  -3.3438156514865564e-01   7.1212258165615427e-01   4.3033790207048173e-01   2.3789401366104488e+00   5.9018168513903269e-01   7.2608279678039067e-01
   5.7869599999999998e-03  -6.4452249504650128e-01   8.1982186560841719e-02   6.6666146516430658e-01  -1.4784685476638643e-01   1.9387338564334691e-01   4.2915054185860219e-01
   4.3790100000000000e-03   3.3763770055874492e-01  -1.2341521629132981e+00   1.1930775605037336e+00   2.9266495229073936e-01   3.0467518688534667e-01   5.3598377382796425e-01
   4.6073599999999996e-03   1.3856975899073540e+00   8.3723422400242897e-01  -3.8779325472979277e-02  -1.2082845641226603e-01   2.7477466163306857e-01   5.0930532322088795e-01
   2.3572599999999999e-03   6.4160249796176261e-01  -2.4471378360667888e+00  -2.4468179676077731e-01  -8.4565962676081616e-02   5.8528895406700310e-01   7.2275968185132644e-01
   6.0917200000000001e-03  -4.0849466148536512e-01   2.4221286583149612e-01  -7.5442826238232041e-01  -4.1634805773822364e-01   2.0420073823005527e-01   4.4045147627430381e-01
   4.8500499999999998e-03  -1.3748156645048598e-01   1.4554982122833897e+00   5.3120314621930531e-01   3.4765075542846985e-01   2.7258098282040949e-01   5.0762972213021584e-01
   4.9263800000000002e-03  -1.4283724904147077e+00   6.6145302259193273e-01  -2.3655671987410559e-01   7.3838316596831752e-02   2.7490371662806617e-01   5.0988727413474366e-01
   4.6158099999999997e-03  -3.8111416306617303e-02  -1.3156909518575177e+00  -2.4145228200343560e-01   9.7563861225533299e-01   2.8337219828428595e-01   5.1725049056851347e-01
   5.9562399999999998e-03   4.6184734330548427e-01  -1.6221358780759232e-01   2.8584058147652591e-01   7.7308144624664388e-01   1.9805657384059222e-01   4.3393102713231635e-01
   2.4306300000000000e-03   4.1603552035166219e-01   2.0823843439595442e+00   1.3367010936444299e+00   2.4090317499898320e-01   5.7463967445440933e-01   7.1705232747730885e-01
   4.1149000000000003e-03   6.2972401533046196e-01   1.2901533056120120e+00   9.8097142782293340e-02  -9.8467946808638884e-01   2.9060677677630820e-01   5.2348918028324054e-01
   2.1371200000000002e-03   2.1149131196126336e+00   1.5159476368084771e-01   1.5791957783096993e+00  -2.8348651556906251e-01   6.6903269729686266e-01   7.7125666363884460e-01
   7.0043700000000002e-03  -4.7134182954155618e-01   7.1033315855621448e-01   1.2750695074221299e-01  -1.6264770014867083e-01   2.0539361720042484e-01   4.4215762094432104e-01
   2.3086100000000000e-03  -6.7108334365320987e-01   2.3285474227610461e+00  -8.0868629289918059e-01  -2.7479274213243227e-01   5.9965266310839704e-01   7.3196909825845757e-01
   2.4213199999999998e-03  -1.7141643440379126e+00  -8.4043033034772052e-01  -1.6598336712922426e+00   2.1914056236659371e-01   5.8348795747739801e-01   7.2302199683081880e-01
   5.0162100000000001e-03  -4.6326113788326385e-02  -1.0099591800724323e+00  -1.1224286096423599e+00  -4.5536294068737659e-01   2.7290033839629829e-01   5.0808421318601760e-01
   2.3177200000000001e-03   1.3305115771372387e+00   1.2181337923750982e-01  -1.6064634600558012e+00   1.4718895423148912e+00   5.9391752305605638e-01   7.2751950109841124e-01
   1.9816399999999998e-03  -5.1084019915059364e-01  -1.0235373279774445e+00  -2.0239285583032252e+00   1.1246671635858962e+00   5.6995814323426808e-01   7.1268021631188661e-01
   2.2993699999999998e-03  -1.1512002932563044e-01   1.3944024129304450e-01   7.2336105350286362e-01  -2.4481333715854596e+00   5.9939750516861345e-01   7.3102826801733178e-01
   5.8990600000000002e-03   1.9889486261436806e-01  -3.5256644163060424e-01  -5.7894700742872229e-01   7.3069031434101039e-01   2.0310999848205660e-01   4.3937992949487020e-01
   2.3323400000000000e-03  -1.8995005158687457e+00   1.3821784026640146e-01   1.4599381800420510e+00  -8.9766865884919134e-01   5.9939800058542148e-01   7.3155245453805295e-01
   2.3547799999999999e-03   7.9959225635260289e-01   1.8122006018539523e+00   1.1367609707752506e+00  -1.1513230300118826e+00   5.9281123818045678e-01   7.2797520704063567e-01
   4.1946700000000002e-03   1.2144846579901463e+00   8.8429391690900983e-01  -1.3198208872083473e-03   8.4008968844562093e-01   2.8508232293151287e-01   5.1861003448244736e-01
   4.7994700000000001e-03  -6.5303985404625797e-01   3.3753127826109686e-01  -5.4341338229989034e-01  -1.2605678930301170e+00   2.6406822553065334e-01   4.9958824448822503e-01
   2.3770300000000000e-03  -2.3028191529900042e+00   8.8797810722495008e-01   2.0524687930947239e-01  -5.2837102753413612e-01   5.8379055658207535e-01   7.2269510158101780e-01
   2.0418200000000002e-03   9.4665285704380620e-01  -9.3114644210680331e-02  -1.9966961721928889e+00  -1.5071670979889586e+00   6.5867507076400711e-01   7.6543063822278579e-01
   4.3049400000000002e-03   8.3827752487394336e-01   2.9700719317315677e-01  -9.5557361394396145e-01  -1.1337161401129348e+00   2.9087265743413532e-01   5.2374261803118949e-01
   3.9949000000000000e-03   9.1023556573041431e-01   1.4612014294807540e+00   5.0661770821823016e-01   5.0693358506014641e-02   2.9971891291268388e-01   5.3151443031705692e-01
   4.5339700000000000e-03   1.1897515138535242e+00   5.0874003078538599e-01   2.0386667339519431e-02  -1.0757168999793316e+00   2.8581044714407122e-01   5.1941824793356883e-01
   2.3928899999999999e-03   2.4421271616676568e+00   6.0261978332368304e-01   7.8363926721832192e-02  -4.2284810253002048e-01   5.9808556302299010e-01   7.3149225963606346e-01
   2.5492700000000002e-03   2.1556697668366840e+00   5.3149510297717251e-01  -9.7770463583666967e-01   5.9971829909573293e-01   5.6974931062392653e-01   7.1472209504843986e-01
   4.8858000000000000e-03  -1.1039948410725327e+00  -3.4054715594263857e-01   7.5612151217713441e-01  -7.9029259081833569e-01   2.7475699318102453e-01   5.0942558539806593e-01
   6.1824599999999999e-03   3.6002024641091396e-01  -7.2584414432090005e-01  -2.4309322311438716e-01  -4.1092919563130009e-01   2.0165610087169733e-01   4.3774970563246429e-01
   4.3918799999999999e-03  -1.0876800294023135e+00   7.3774379792043876e-01  -4.4247805377754618e-01   9.5734537194011848e-01   2.8152521368913136e-01   5.1546735614475836e-01
   4.0364900000000002e-03   1.5001145620859002e+00   4.7907135293253778e-01   9.1913752602466559e-01   3.9036079544154850e-01   3.2006999231499211e-01   5.4923633566042873e-01
   2.3204200000000001e-03  -1.3753621843759656e+00   1.7796173438825418e+00  -1.0117027560647932e-01  -1.2222944778423785e+00   5.9632955346345540e-01   7.2954845362657961e-01
   2.4744200000000002e-03   1.4461279757673633e+00  -1.6131695004947761e+00  -1.2358348291792776e+00  -5.6918635481823486e-03   5.6279534510582641e-01   7.0990262610976573e-01
   4.9958099999999998e-03  -1.3068010499858618e+00  -2.3000773652263423e-01  -7.5110665422111045e-01   3.9488918109872789e-01   2.7371165286059196e-01   5.0855809298932342e-01
   4.7406499999999999e-03  -1.2961946286494865e+00   4.9729823247768967e-01   1.2381069651639282e-01  -8.8003590873195181e-01   2.8308197886579084e-01   5.1707686567584943e-01
   8.3732800000000003e-03  -3.6506595095521396e-04  -8.4541361153045239e-03  -6.4108159367962428e-04  -8.5512431281722853e-03   1.8134947094665071e-01   4.1636125200063062e-01
   2.1373600000000000e-03  -5.6790875274061137e-01  -1.7372432773353355e+00   1.3244460512591092e+00   1.3382853805514050e+00   6.3133671186781049e-01   7.4935927847306583e-01
   5.9417300000000001e-03  -8.7167944394327135e-01  -3.7886242574493361e-03  -1.9192865508954432e-01  -3.1633654644141540e-01   1.9727583472912399e-01   4.3305218247800809e-01
   2.2882599999999999e-03   1.0171799481382011e-01   1.1025555093013031e+00  -1.7831821806811521e+00   1.4772617263204846e+00   5.9844201058562474e-01   7.3162532209373754e-01
   2.0463500000000002e-03  -5.5947801916531448e-01   1.5507692350201778e+00  -2.1352456610858321e+00   8.3142669344884790e-02   6.8225682316637315e-01   7.7986278496581551e-01
   4.3242899999999997e-03  -4.8585518424897683e-01  -9.4511908638604092e-01   5.6388333259011736e-01  -1.2123341436179924e+00   2.8584724330248606e-01   5.1942402226496165e-01
   2.3012200000000001e-03  -1.1574027958733515e+00   1.7722091309010763e+00  -1.1420751070678812e+00   1.0254572031651659e+00   6.3593758780756982e-01   7.5369774994404326e-01
   4.6245100000000001e-03  -7.4882259864543388e-02  -9.7364217907280726e-02   9.6008045580606882e-01   1.2980372391600514e+00   2.7218398275462580e-01   5.0714006098209441e-01
   2.3127700000000000e-03  -7.4998484928799958e-01   3.8016535725653394e-01   1.8689906019452360e+00  -1.5687871249944643e+00   6.1036214353768137e-01   7.3836922621048851e-01
   5.9787599999999996e-03   1.9660053475351358e-01   6.0632560608507780e-01  -5.5003972642146272e-02  -6.8184424365695517e-01   1.9740524836459941e-01   4.3306285268967704e-01
   2.1232400000000002e-03   7.0772722834320156e-01   2.1062998977984431e+00  -1.2355644211996009e+00  -6.3635296880903491e-01   6.2042530508301996e-01   7.4339421332250943e-01
   2.3703499999999998e-03  -2.2183398361003461e+00  -7.9001984451209839e-01  -3.5110641236242801e-01   9.0634177042742903e-01   5.8881457873963516e-01   7.2586209568087878e-01
   6.1847300000000003e-03  -2.2609607879817342e-01  -4.2428998955445019e-01   7.8792803343434004e-01   3.7722387422696685e-01   2.0561436291232560e-01   4.4219974540072948e-01
   2.2412600000000001e-03  -1.6980670259066410e+00  -6.2027815421178845e-01  -1.3689119794439131e+00  -1.2348006770458433e+00   6.0732044904354132e-01   7.3593689491788494e-01
   2.3006400000000001e-03   1.2900202846134298e-01  -1.5456253940616349e+00   3.2182653763055341e-01   2.0038916194461778e+00   5.8716199627985233e-01   7.2451722364698412e-01
   6.0944299999999996e-03  -8.6587931438189614e-01   4.7865681353170333e-02   1.5522367788309399e-01   4.4406366267595293e-01   2.0433424447272772e-01   4.4062893271488701e-01
   2.4524400000000002e-03  -4.6634118819979770e-01   1.0041636762981458e+00  -3.5627308311494582e-01  -2.2340211492204847e+00   5.7896521355999786e-01   7.1920778144482944e-01
   1.9263900000000000e-03   2.7638156368895650e-01  -1.7800753018728102e+00   1.8608164404748013e+00  -6.8596725969056083e-01   6.4870348301818159e-01   7.5833469924946495e-01
   3.8459499999999999e-03  -5.1152764169327236e-01  -7.7077925602773212e-01   1.4343350337645542e+00   7.3738504639067526e-01   3.1187589722546849e-01   5.4207901040431949e-01
   6.5540299999999998e-03   1.4108222080704572e-01   2.6498939018739837e-01   8.3906527610123882e-01  -3.0574214103122543e-01   2.0602787048826546e-01   4.4268107166192744e-01
   4.3092399999999998e-03  -1.3874922692942266e+00   1.2272615857292035e-01  -8.8309696958018136e-01  -5.5964917008025916e-01   2.9335707614920353e-01   5.2606898150497916e-01
   4.2040100000000002e-03   7.2524523087750126e-01  -1.4063964617491347e+00  -4.5102779670550058e-01  -6.3980281563436681e-01   2.9729900558930067e-01   5.2994105999569330e-01
   4.6424900000000000e-03  -1.6528033306397369e+00  -3.9322615019897184e-01   2.9730482885868253e-02  -1.8822544989955567e-01   2.9554381182076439e-01   5.2841275610929017e-01
   6.4121100000000004e-03  -4.7482546442062046e-01   2.6499937026121362e-01  -6.0236562167221008e-01   4.1241346912961596e-01   2.0139039594451630e-01   4.3745055244313907e-01
   4.5152400000000002e-03   9.0682776122512632e-01   6.2337960305776645e-02  -4.8173817441896116e-01   1.3230659183404256e+00   2.8306539325062569e-01   5.1701649225855462e-01
   4.4687900000000003e-03  -2.4288425927726776e-01   1.0384135676895734e+00  -9.9997466562280823e-01   8.3812162341622487e-01   2.8569804207857702e-01   5.1893301442225270e-01
   4.7902400000000003e-03  -5.5843151882150655e-01  -6.1211097005793032e-02  -1.2865455705593971e+00   8.8520863056413068e-01   2.8873498470897752e-01   5.2210661682558979e-01
   4.8953399999999998e-03   1.0049206236195654e+00   7.3028229860386296e-01   8.4241567330159739e-01  -5.6658793141349184e-01   2.7721814543242307e-01   5.1166352718064856e-01
   4.7082599999999997e-03   1.0197960865026772e+00   8.1035445133963069e-01  -9.2049229367187313e-01   4.4165719504470013e-01   2.8766542206669105e-01   5.2079226664929923e-01
   5.1295600000000000e-03   6.1289666112272345e-01  -1.0313422015512795e-01   1.2416507473559981e+00   6.9214674694850387e-01   2.7321366681564135e-01   5.0789644587987481e-01
   2.1976200000000000e-03  -1.1614813134346580e+00   7.1301199542076676e-01   1.4399962292792015e+00   1.6845646252839628e+00   6.1877207903357223e-01   7.4282608459773725e-01
   2.3079600000000000e-03  -1.3403522857170813e+00   1.4690798822296873e+00   2.3247991373543980e-01   1.6056799601688829e+00   6.0085411349591744e-01   7.3275066751274176e-01
   4.5036299999999998e-03   1.5507359627482092e-01  -4.8244995993367973e-01  -1.9632200556478574e-02   1.6118152181413732e+00   2.8745819779783122e-01   5.2089305676103104e-01
   2.3979700000000001e-03  -1.8218525804089531e+00   1.3807876376899169e+00  -1.1216110359626954e+00  -2.4731031876490214e-01   5.9753875043523952e-01   7.3207913022631588e-01
   2.1393800000000002e-03   4.7269314021758807e-01   9.9735597901827906e-03  -2.3433748705149835e+00   8.8624185655747700e-01   5.6937216489274090e-01   7.1227115693973386e-01
   2.1438000000000000e-03   9.4794476875894973e-01  -9.1150869807872814e-01  -6.9188892852285977e-01   2.1590443425388415e+00   6.2855337709541659e-01   7.4703937888118288e-01
   2.4811999999999998e-03   6.0854501480736778e-01  -1.1898102135980280e+00  -2.0189350285970158e+00  -6.7344577493110047e-01   5.7353151318319506e-01   7.1698813342696910e-01
   2.4971099999999999e-03   1.8814432988232461e+00  -8.7345637064438719e-01  -9.0695094896007245e-01   1.0408897298054784e+00   5.6100310446587687e-01   7.0883382345666845e-01
   5.9103400000000000e-03  -8.0007480698995243e-02  -5.1674940472459019e-01   5.6209392291681926e-01  -4.8053678540152678e-01   1.9209130644931208e-01   4.2732091337915185e-01
   2.3687500000000002e-03  -9.9088147496160106e-01   1.8754004514844906e+00   1.2757750374246322e+00   5.9647827423711564e-01   5.8726316935810852e-01   7.2430497123816096e-01
   4.6999399999999997e-03  -5.0658016239595295e-02   1.5735982390321404e+00  -1.9237516172148289e-01  -4.0758693847190214e-01   2.7958199637056869e-01   5.1387136930291122e-01
   2.0531700000000000e-03   9.1687309012926710e-01  -1.2640574835174467e+00  -1.9397764372602748e+00   9.0646424670353742e-01   6.4913412640673651e-01   7.5814185588923733e-01
   2.1582900000000002e-03  -8.1041706942130776e-01  -2.4352044208590620e+00  -3.0178355522601313e-01  -5.5711356636287968e-01   6.5384926625994366e-01   7.6226928204074296e-01
   2.3720700000000000e-03   7.5018810805160474e-01  -2.8306963852371647e-01   6.5374765409337066e-01   2.3230705963840803e+00   5.9584077140657554e-01   7.2795808538555895e-01
   2.1883100000000002e-03   1.8738124145693926e+00   6.6166024644167390e-02  -1.8548909332947874e-01   1.7865005960808877e+00   6.1060966232164138e-01   7.3808053208951596e-01
   4.0934500000000002e-03  -2.4062974869490153e-01  -1.4343366233693231e+00  -3.7014054543680125e-01  -1.1161469101339525e+00   3.2446721011908325e-01   5.5252743773989199e-01
   4.9653700000000002e-03  -1.9432553244184791e-01   2.8759196182217006e-01  -5.8155130570212210e-01   1.4274098038033420e+00   2.7233977771445816e-01   5.0745972658584337e-01
   6.3942599999999997e-03   5.1486436050193340e-01   3.6726520254696993e-01  -3.0410450218959856e-01   5.5672281150064384e-01   1.9968331043833434e-01   4.3563907216480741e-01
   4.8346700000000001e-03   1.5265967741817565e+00  -9.0485884371752631e-02   3.6821006991208100e-01  -3.3707730636852279e-01   2.7452412331871245e-01   5.0954542540066816e-01
   5.2434999999999999e-03   5.5677549456062547e-01  -1.1463243816963875e+00  -8.0507102815294895e-01   3.1556520794636106e-01   2.6995420764686595e-01   5.0553035660186352e-01
   2.0517399999999998e-03  -1.7634279865910885e+00   5.5242646027622924e-02   2.1428558611048423e-01   1.9998482126686423e+00   6.6668115388577198e-01   7.7006581250697581e-01
   4.7940600000000002e-03   4.9885997850413533e-01   8.3721337028144105e-01   1.2852035415917815e+00   2.2100338287702573e-01   2.7953911807981302e-01   5.1404437061038089e-01
   2.1412300000000000e-03   1.6477653718868568e-01   1.8302363857604467e-01  -2.5773696413261571e+00  -3.2208301031382952e-01   6.2103680014361340e-01   7.4301234836724617e-01
   2.4195300000000000e-03  -2.2750710723980849e-01  -2.3240060063524859e+00   8.2573869741165729e-01  -3.8874079129317854e-02   5.4690890462262232e-01   6.9923857676882517e-01
   4.1522800000000004e-03   1.6166598233465059e+00   1.0647956523444799e-01  -7.2674228874698754e-01  -4.1206954104265830e-01   3.1077354179212913e-01   5.4119758112968053e-01
   2.3849299999999999e-03  -5.3154276874952699e-01   2.3137235481599219e+00   7.1581361082025641e-01  -5.8835214935580338e-01   5.9152100847023603e-01   7.2650422849291529e-01
   1.9384199999999999e-03  -1.5457854810801481e+00   3.5912557986431753e-01  -2.1592205316342037e+00  -4.1667879603002828e-01   6.8210003407955377e-01   7.7786053573438907e-01
   2.5465000000000002e-03  -1.0044285072139327e+00   6.9804637628707067e-01  -9.9124995830805995e-01   1.9648249687951791e+00   5.9177844710713789e-01   7.2778007180763182e-01
   4.2977199999999997e-03   1.1123310271967519e+00   2.0884158449121237e-02   5.8851728633825418e-01   1.2648266194402251e+00   3.0508775216733608e-01   5.3652883399115336e-01
   2.1277399999999999e-03  -1.8045769908283535e-02  -1.0814145602622434e+00   2.3747010242003137e+00   3.5049097926391276e-01   6.3396760932039975e-01   7.5159523484938118e-01
   2.4172199999999999e-03   9.6325743464541491e-01   2.0744157232588227e+00   2.3977038779985510e-01   1.0825660970616200e+00   5.8297264347466493e-01   7.2242365327584157e-01
   1.9769300000000000e-03   1.7786056244421145e+00  -1.7561380208370938e+00  -1.1764744863220981e-01  -8.5988235157336301e-01   6.2514262056541869e-01   7.4398325834634682e-01
   1.9475199999999999e-03   2.2507199643370650e+00   1.0870973174981333e+00   3.7119764321073767e-01   9.3727551800207243e-01   6.6038207381756286e-01   7.6659518594949316e-01
   4.9004599999999997e-03   3.3292208213071595e-01  -9.5188518787150211e-01   6.5576410753548642e-01   1.0820802322725716e+00   2.8031603580449643e-01   5.1484941611282731e-01
   4.1906499999999998e-03   9.8188738035281786e-01  -1.3269389594109182e-01   1.0030377481192714e+00  -1.0986662705832089e+00   3.0546517466189987e-01   5.3621095222051929e-01
   2.4293499999999998e-03   3.6179418509898975e-01   2.1200782285429365e+00  -1.1108014968800513e+00   7.3166351136556285e-01   5.8414709119979102e-01   7.2352390829279178e-01
   2.2834200000000000e-03  -2.2222706483931494e+00  -2.6687699214179256e-01   6.3775883044567203e-02  -1.2969808635899271e+00   6.0652635046454817e-01   7.3664222875128305e-01
   2.1539100000000002e-03   8.2924954841222109e-01   1.1467292296636424e+00   3.5951765548989956e-01  -2.1596528051456167e+00   6.0365869948951267e-01   7.3368347233684683e-01
   2.4067200000000002e-03  -3.8464043296987810e-01   2.3880689077310917e+00   7.5339014915437777e-02   7.3521340272447555e-01   5.8519778329103833e-01   7.2304156419199961e-01
   2.3239400000000000e-03   1.0956757014052214e+00   1.0621023443631805e+00   4.5786758088180940e-01   1.9963360042481608e+00   5.8954117998834310e-01   7.2582412472795588e-01
   3.8974100000000000e-03  -1.6366392949874813e+00  -2.6773046140228081e-02   3.0974944768970747e-01   7.9752402843470904e-01   3.1163443481447556e-01   5.4151138735350646e-01
   4.8585099999999999e-03   1.4939076254759005e+00   3.0046961839741877e-02  -1.5340432437839382e-01   5.3311515492532113e-01   2.7365827713127266e-01   5.0856239867510267e-01
   2.3898999999999999e-03  -2.9686984024857271e-01   1.4769298073021080e+00   1.9182467792698434e+00  -6.6839656823810567e-01   5.8477392840678777e-01   7.2218925598030714e-01
   4.8500599999999998e-03  -1.0388367276396935e+00   9.4169651920177011e-01   5.0666409457941619e-01   6.1840460541516107e-01   2.7657197036138131e-01   5.1132649058617996e-01
   2.2196700000000000e-03   1.8302554116049778e+00   6.6958512853050645e-01   9.7694548139950432e-01  -1.4213120234808767e+00   6.1835530090716317e-01   7.4260285739606913e-01
   6.2055900000000004e-03   4.0431685111146110e-01   8.1485348083877118e-01   2.0511306489734391e-01  -8.6480548117067318e-03   1.9983072425065693e-01   4.3579901881963862e-01
   2.0926600000000001e-03  -7.4907731048564963e-01  -1.9558055149233182e+00   9.7097019011184116e-01  -1.2354014675711118e+00   6.1613761636377096e-01   7.4041772748091961e-01
   2.5018599999999998e-03   8.9327435151143830e-01   1.0735363728677462e-01   2.2863618858345429e+00   5.3457300783643702e-01   5.7954398860217504e-01   7.2053708664840488e-01
   4.8400700000000001e-03   1.2732022911657048e+00  -7.2946784611341509e-01   7.1152627468892982e-01   4.9378375228247645e-01   2.9966539671196790e-01   5.3210606422305395e-01
   5.0591100000000003e-03  -1.0809270706875134e+00  -1.0113938622843672e+00  -1.9221404518404925e-01   5.7001262416339571e-01   2.8101242452427261e-01   5.1534527954508824e-01
   4.8924299999999997e-03   6.0815191343882913e-02   9.0892236046576613e-01  -8.4671167633855637e-01  -1.0066035682578767e+00   2.7584121772183517e-01   5.1068930070638319e-01
   4.6338300000000002e-03  -1.2888051542662864e+00  -7.0410574177395724e-01   8.2643972637369412e-01   2.5101011698342690e-01   2.9327371423227122e-01   5.2634458356970659e-01
   2.2650700000000001e-03  -2.4405390315556321e+00   4.0852296282373274e-02  -8.0888538777392904e-01  -1.8907210782921977e-01   6.0202786878852188e-01   7.3319803712257847e-01
   4.6734000000000003e-03   8.6584138281517120e-01   1.1231356133916868e+00  -7.0141977544448375e-01  -4.8223407509360044e-01   2.8461560764679605e-01   5.1823569534982250e-01
   2.1938100000000000e-03  -1.5233602112070002e+00   7.5998317007902572e-01   5.7539763533402077e-01  -1.8684818044855309e+00   6.1283562186967977e-01   7.3853397883546201e-01
   2.2007600000000000e-03   1.6716333183701653e+00   1.6409741989032745e+00  -1.6364756487368506e-01  -1.1314321037151516e+00   6.1185330865444476e-01   7.3949735691350316e-01
   5.8903400000000000e-03  -3.7774656376198340e-01  -6.5780451577574905e-01  -2.4314871565062884e-01  -6.4887971926574295e-01   2.0485587948425774e-01   4.4116626581019963e-01
   4.5199100000000002e-03  -1.4656613662448630e+00   3.9824856571100803e-01   7.9207623510355651e-01  -1.0675067853945977e-01   2.9346014836936224e-01   5.2636450470320240e-01
   4.7470799999999999e-03   4.0519762408084004e-01   3.0378167760785763e-01  -1.2224995798731735e+00   8.7363449022907613e-01   2.6842972416341804e-01   5.0369148134586561e-01
   5.0237800000000003e-03  -2.7806542270734647e-01  -1.5459843089661265e+00  -4.0845219979200120e-01  -1.1309021384666659e-02   2.8431417818709526e-01   5.1841360887780685e-01
   5.1061700000000002e-03   5.0684854466114461e-02  -1.4081255210498842e+00   3.9609816187486446e-01  -4.3499884467757982e-01   2.6384524751618538e-01   4.9984113195969038e-01
   4.5397900000000001e-03   7.9270354760434758e-01   3.8858683461766924e-01  -1.4176511717717866e+00  -2.1108279952392142e-01   2.8741054719764164e-01   5.2053405048754919e-01
   4.8295500000000002e-03   4.4305368992129168e-01   1.4440303995455517e+00  -3.3819355358283798e-01   4.0251059208245954e-01   2.7470852876666885e-01   5.0954884403947709e-01
   2.3178299999999999e-03   1.5089312115619062e+00  -1.1731496087653186e+00   5.9019739012700667e-01   1.5859717581094472e+00   5.9267082091095780e-01   7.2690920297606421e-01
   6.1796300000000002e-03   5.1832249460300295e-02  -8.1948973293852378e-01   5.2879735396926093e-02   3.2371575356782295e-01   1.9483761938514779e-01   4.3040177077193298e-01
   4.0509400000000003e-03   4.3730239219158679e-01  -7.0859233514915576e-01  -9.3952179400527591e-01  -1.3382974648381649e+00   3.1325984636140330e-01   5.4294235115330869e-01
   6.3716199999999997e-03   2.2192286119294982e-01  -1.4838025839243565e-01  -8.5990530272372978e-01   6.4083861393991210e-03   1.9896260294241300e-01   4.3496268521522413e-01
   4.3938700000000002e-03  -7.4930451008095666e-01  -5.8445422345435039e-02   1.5007999053686234e+00  -2.9582749000699449e-01   2.8909343591141751e-01   5.2212777126272691e-01
   2.4597400000000002e-03  -7.7830635492925904e-01  -8.4456297647624012e-01   2.0012073601252114e+00  -1.0165201772894967e+00   5.7779979477816190e-01   7.1953031333432760e-01
   4.1154599999999996e-03   4.6376452040442506e-01  -9.7406101453257621e-01   1.1379294472507770e+00  -7.7218977416946255e-01   2.9038825812705615e-01   5.2311802217593961e-01
   4.5429199999999998e-03   1.1051598839838077e-01  -5.0190246222469759e-02  -1.4609499058667648e+00  -7.3879533533638930e-01   2.7485128654868601e-01   5.0979840670343068e-01
   2.4614099999999998e-03   1.0209077614153859e+00   1.2174396377026631e+00  -1.9908734636040653e+00   3.9221677309321312e-01   6.2326742395200330e-01   7.4699977174872834e-01
   4.9743000000000001e-03   4.8657036842373803e-02   1.2223609141001959e+00   8.0103604573345411e-01  -5.5647095239398925e-01   2.6952334046949122e-01   5.0482074333333093e-01
   4.2885500000000003e-03  -1.0271245284797983e+00  -1.3824907854079338e+00   2.2636136143856866e-01  -4.3723144819273646e-01   3.0670170046564710e-01   5.3796788991622657e-01
   2.3183600000000002e-03   7.7968934003281398e-01   1.2337549382880344e+00  -1.0098485329458400e+00  -1.8436628404035926e+00   5.8946288866295460e-01   7.2532568420603749e-01
   4.8316899999999996e-03   9.1220211751003799e-01  -5.6526470391701156e-01  -1.0716663995737876e+00  -4.3321800211288441e-01   2.6750620245935497e-01   5.0296594594656496e-01
   4.3917200000000000e-03   2.6260915154419812e-01  -5.2685616595403040e-01  -1.6206424918600202e+00   2.6599878775420727e-01   2.9639097549015436e-01   5.2905210251710566e-01
   4.6645599999999999e-03  -4.7008299259370134e-01  -1.4150631954185753e+00   5.4017615053816892e-01   4.9088223253391089e-01   2.8313442693282348e-01   5.1724932772821652e-01
   2.1797100000000001e-03  -2.2846090026390868e+00   7.9441851382107909e-01  -2.7234086874220748e-01   8.9169431748691097e-01   6.1099085352194837e-01   7.3733566371287718e-01
   4.3960800000000001e-03  -8.9930701132543006e-02   4.9165887314046031e-01  -1.6011161835496031e+00   1.7214792301697796e-01   2.8268228687838681e-01   5.1636251912798115e-01
   2.0916200000000002e-03   1.8748955078289962e+00  -1.7211762023547146e+00   1.2926939490257142e-01   5.5723545520294782e-01   6.1142014283946022e-01   7.3597349788577937e-01
   2.3862800000000002e-03   2.3916110648298465e+00  -3.4992004444913533e-01   3.3933771650624234e-01   6.5995157225263978e-01   5.7449511445023571e-01   7.1709192828237267e-01
   2.3974700000000001e-03  -1.8376149772599373e+00   4.3459784990460892e-01  -1.3705684841014820e+00   8.9408866613489324e-01   5.5849051865845512e-01   7.0666136500575671e-01
   6.3392300000000004e-03   7.9164177921974987e-01   2.3341528900642028e-01  -4.0375439370549498e-01  -2.6823701870073796e-01   2.0360763548856442e-01   4.4004953314207285e-01
   4.8542799999999999e-03   9.7586393290017726e-01  -8.2496201643853795e-01  -1.7516001639325635e-01   9.9600383336213771e-01   2.8140253755006939e-01   5.1583165578729506e-01
   2.1699200000000001e-03   5.6950927377712346e-01  -1.2920323156127242e-01  -7.1345960760370686e-01  -2.4717103579243855e+00   6.4269884060079374e-01   7.5645073737132518e-01
   1.9687400000000001e-03  -2.4551982922486584e-01  -1.1761860686170504e+00  -1.3641644475050725e+00  -1.9758822022498403e+00   6.6305912262342837e-01   7.6771759029799069e-01
   5.3350200000000002e-03   3.7767927155426861e-01  -6.5743053479748614e-01   2.8696867135554333e-01  -1.3106491594275471e+00   2.7708549909667346e-01   5.1164789680325573e-01
   2.0512299999999998e-03  -5.9067695568833178e-01  -1.2602666814041924e-01   2.2335976413310616e+00   1.3051133376867170e+00   6.5199615645765363e-01   7.6138296349201862e-01
   4.7977899999999997e-03   1.0574642193273835e+00  -9.6075906299285407e-01   4.4186103752173961e-01  -5.9066291824371242e-01   2.7487113395747570e-01   5.0973074837120880e-01
   2.3337200000000001e-03   1.2960048316793025e+00   1.2573089532602073e+00   1.5171712618970572e+00   9.8075388392507301e-01   5.9322987396167903e-01   7.2802655966628393e-01
   4.2728899999999997e-03  -4.9480120169202707e-01  -1.0859087703776538e+00  -1.1399716762076746e+00   4.8748126132140368e-01   2.8866331496643283e-01   5.2192284281489887e-01
   6.3588999999999998e-03  -4.2207962009002381e-01  -5.3674695433770370e-01  -5.8260083838904164e-01   1.6559634563676767e-01   2.0080138637221384e-01   4.3680646122806932e-01
   2.6051600000000000e-03   5.9019902309881678e-01  -9.0318327573949941e-01   1.6883262070992924e+00   1.4906194484860398e+00   5.7572055151511636e-01   7.1814654765813757e-01
   6.0829700000000000e-03   8.0987082749811423e-01  -4.2042071117416124e-01  -1.5733094496085728e-01   1.5216770656160139e-01   1.9817859725134732e-01   4.3404104307619013e-01
   2.3447199999999998e-03   1.8991569479120954e-01  -9.0554284897025561e-01   1.4115533919663903e+00  -1.9261832298691042e+00   5.9426978189167790e-01   7.2920560791523814e-01
   2.3888300000000002e-03  -1.6703979844055021e+00  -1.8306491989658054e+00   4.7681863433264093e-01   4.7124747269928979e-01   6.1236826433754998e-01   7.3950457847672746e-01
   2.3841499999999998e-03  -1.6971111941340340e+00   1.8745392239890613e+00   1.1082188309457050e-01   2.5551456102939157e-01   5.9307200056752796e-01   7.2740471241058580e-01
   2.4740600000000001e-03  -4.0053932045260809e-01   1.4474491640633151e+00   9.9806712952818333e-01  -1.7439212048368955e+00   5.7186172701256199e-01   7.1486007568519938e-01
   4.7597799999999999e-03   3.2846976104309750e-01   3.2527232304418163e-01  -1.7270782149548697e-01  -1.5878713698709930e+00   2.8818395680298625e-01   5.2177989584149176e-01
   4.5689299999999997e-03   1.0381919471267247e+00  -1.8171965736030951e-01   1.3026470378822144e+00  -2.0097527748982325e-01   2.9041157190075295e-01   5.2338040569481226e-01
   2.2458500000000002e-03  -1.3272869402015450e+00  -1.5371673965852082e+00  -3.1836765729780420e-01  -1.5846794050880364e+00   6.1369439178157914e-01   7.4040807286364019e-01
   2.0647199999999999e-03  -3.1843161448707541e-01   2.2833192203568745e-01   2.6041936501994698e+00  -3.4055933445390557e-01   6.4736370249261665e-01   7.5836467281972619e-01
   4.9432199999999999e-03   1.1237608835265298e+00  -2.7085223588490626e-01  -1.0283259282545110e+00   4.7069994693818279e-01   2.8077213480482122e-01   5.1520497504347462e-01
   2.2012199999999998e-03  -2.1095285416612413e+00   8.2318066558840441e-01   1.1047673723639679e+00   7.0677950018238356e-01   6.3183690317612284e-01   7.5040163402919158e-01
   4.7722299999999997e-03  -6.6874890160824763e-01   1.3771416120158380e+00  -3.7625612750461512e-01   3.1689784787374931e-01   2.7492495673461609e-01   5.0950638851160523e-01
   2.6731200000000002e-03   4.5114109395376661e-01   5.0008976157294394e-01   1.5881020224714306e+00   1.7514615978779930e+00   5.5732832907288032e-01   7.0645296883731834e-01
   6.0515300000000003e-03   1.8726154919712576e-01  -9.8364445701833766e-02  -5.1671911736077036e-01  -8.3459888859538889e-01   2.0479255883775666e-01   4.4098047422899178e-01
   1.9886200000000000e-03   4.6732183022764184e-01  -2.1121523143549910e+00  -1.0893424913675205e+00  -1.1570447928760605e+00   6.6856613350714988e-01   7.7020375731033386e-01
   4.9046000000000003e-03  -8.3782688895519486e-01   1.0641970500939593e+00  -6.0878919485972116e-01  -5.6772024018912748e-01   2.7398777759829535e-01   5.0880163998897732e-01
   4.2018600000000000e-03  -9.8072734455628308e-01   1.3320698794322925e+00   4.0784032562072947e-01  -3.3659065829114110e-01   2.8828250771877223e-01   5.2169298542983467e-01
   2.0418599999999999e-03  -5.7548119986663460e-01  -4.5614661247163962e-01  -2.1673071581113392e+00  -1.2115586571381916e+00   5.9333324915219454e-01   7.2548229989589152e-01
   1.8477299999999999e-03  -4.6645380879152078e-02   1.7344414075714381e+00  -5.4401557781355836e-01   2.0072607056031639e+00   6.6313634645203545e-01   7.6768969960600664e-01
   4.7597300000000002e-03   1.0883514888198733e+00  -4.2824475578064053e-01  -2.5833759940609613e-01  -1.0419963599755295e+00   2.6940378309245733e-01   5.0465762205361309e-01
   2.4672600000000002e-03   1.6840597370270025e+00   1.7625822716351389e+00  -6.1387135262684034e-01   1.7580350828321697e-01   5.7735906007579096e-01   7.1911724018395229e-01
   4.7947299999999997e-03  -7.1540923484193542e-01   6.4441855366415923e-01   9.6647931591387137e-01  -8.6849827487516507e-01   2.7628032339272635e-01   5.1094909023810686e-01
   4.4337300000000003e-03  -9.7720034260059496e-01   7.1767765154553442e-01  -1.1893001326146078e+00   1.9310658756864355e-01   2.8856858853809919e-01   5.2181747872218620e-01
   2.1133800000000002e-03  -8.2446690825893013e-03   1.2204601665219557e+00   2.2071040806238051e+00   7.4687942406154606e-01   6.2486930492002024e-01   7.4545879502404178e-01
   2.0977800000000000e-03   1.7814533530942669e+00  -1.0093704543783262e-01   1.4754154974282285e+00   1.3064965964555675e+00   6.6428882884749985e-01   7.6769462871934635e-01
   2.3322700000000000e-03   1.0816035779601907e+00   1.0208183021950583e+00   2.0360378272910920e+00  -4.1275088117543368e-01   5.9882732525184279e-01   7.3091755488542887e-01
   2.2887799999999998e-03   7.1586459933165092e-01   2.4677316367615405e+00   7.2236675370372511e-02  -2.7223392912134015e-01   6.0419389842475690e-01   7.3459029192991487e-01
   4.9619599999999996e-03   5.6680230189546910e-01   9.2200823202998061e-01   6.5834538385119645e-01   9.0073593509646344e-01   2.6994185745153160e-01   5.0496920337628282e-01
   2.4556700000000001e-03  -1.2845588970854875e+00  -1.8508857400950778e+00  -9.6475120002054071e-01   6.2181495751076177e-01   5.9007300753665259e-01   7.2595822660003984e-01
   4.7392299999999997e-03  -1.2859326025144358e-01  -2.0596662200409632e-01   1.1660150338224109e+00  -1.1101961437500847e+00   2.7969438639705146e-01   5.1381572843737677e-01
   2.1410999999999999e-03  -1.4663521072262580e+00  -6.7898397716844283e-01  -1.2802814560985454e+00   1.6079610426524689e+00   6.2675081869409743e-01   7.4645299065048443e-01
   3.9805999999999999e-03   2.0691662345224596e-01   4.9586435615954000e-01   1.6106034357691916e+00  -6.6313758069854900e-01   3.0540673935652207e-01   5.3655127651051560e-01
   3.9843999999999999e-03  -6.2436444667665558e-01   1.2363374859280409e-01   4.5012412809831798e-01  -1.5965700816369659e+00   2.9325338587082939e-01   5.2598041198964474e-01
   2.3457800000000000e-03  -1.2534883790710214e+00   7.9489515363220364e-01   2.0087222156248603e+00   2.2407997483359035e-01   5.5757053174553650e-01   7.0622864864437129e-01
   5.9284300000000002e-03   5.3056814971231314e-01  -5.4216724640805769e-01   6.3913079117994653e-01   2.6792797770205521e-02   2.0162863943576323e-01   4.3766370454160808e-01
   4.0407700000000000e-03  -2.9790472407338930e-01   8.9669211369438084e-01   1.0850840965389790e+00   1.0567887189314196e+00   2.9630873312401612e-01   5.2863155598812095e-01
   4.8768900000000000e-03   2.9661840129799949e-01   5.4261156542525457e-01   7.3733959148465977e-01  -1.2933514863978601e+00   2.7869912865306407e-01   5.1304672358750869e-01
   3.5749000000000002e-03  -6.6478774891934045e-01   6.3001422023938813e-01  -1.5682777610376155e+00  -7.7905923939281951e-01   3.4217878945428776e-01   5.6513288408326667e-01
   2.1291200000000000e-03   6.4454903322417079e-01   5.5841338792196415e-01   1.7541073526338451e+00  -1.7763324161096126e+00   6.4276444383534392e-01   7.5608457597050371e-01
   3.8999299999999998e-03   4.3137178220316175e-01  -7.3242680402752525e-01  -1.1164935890128367e+00   1.2248388950728355e+00   3.1392145316101844e-01   5.4398228281003391e-01
   2.4702999999999999e-03  -8.7642342526435479e-01  -1.6802641612593521e+00  -1.4876781232981684e+00  -7.2551305535544264e-01   5.7446120133780076e-01   7.1733443784695539e-01
   2.2515199999999999e-03  -1.5795543565940997e+00  -4.7596495327842847e-01   1.9881669194829259e+00   1.9506802027755318e-01   6.1314276080673458e-01   7.3984517020669338e-01
   4.4990600000000000e-03   1.5018608897508989e-01  -4.1642923022527911e-01   1.5594102074912835e+00  -1.8232791573184379e-01   2.7491682570281917e-01   5.0913960745305287e-01
   2.2520000000000001e-03  -8.8437723905290089e-01   3.7598873785271608e-01  -2.2385383211356653e+00   8.7995998535922382e-01   6.1212405064585640e-01   7.3983324610943357e-01
   2.3523200000000002e-03  -1.8430453464146455e+00  -1.2310642180397080e+00   9.7727755944860639e-01  -7.9163891308770817e-01   5.8175604041680018e-01   7.2178056768937793e-01
   6.0401999999999999e-03   8.0471476411931753e-01   2.3596535678674654e-01   4.7030256385007613e-01   1.9935011220441298e-01   2.0201082456625108e-01   4.3830355142160704e-01
   2.4573099999999999e-03   1.1197148536540802e+00  -1.9161672631211246e+00   9.2633771714772384e-01  -2.8213134893724157e-01   5.0615791803710197e-01   6.7356921724796526e-01
   4.7754099999999999e-03  -5.5540953630494616e-01   8.9302676615349430e-01   1.1828639050855143e+00   2.2001665965346542e-02   2.6890977642428188e-01   5.0407833147294112e-01
   4.4200699999999999e-03  -6.4323651780142022e-01  -4.7579617375994054e-01  -1.0307341806208108e+00  -1.0530229767542052e+00   2.8110389976772893e-01   5.1504058659849572e-01
   2.0086499999999998e-03  -1.0739075489624474e+00  -1.7184282856516468e+00   1.6590883667857452e+00   1.1910178375679968e-01   6.0816762962860804e-01   7.3554034634315757e-01
   2.3968599999999998e-03  -5.9007666971647965e-01  -5.3773812157594258e-01   1.0695372658107523e+00   2.1591970621659198e+00   5.8901562660398843e-01   7.2553130650456965e-01
   2.0356699999999998e-03  -1.4668935229185004e-01  -1.2690583890701774e+00   1.6840123361862955e-01  -2.3204862651258127e+00   6.3935749034383649e-01   7.5380630187492637e-01
   2.2320500000000002e-03   2.1109389135435146e+00  -9.6839795609194046e-01   9.0636054293635793e-01  -2.4941871671316290e-01   5.4668055907225177e-01   6.9792711547034592e-01
   6.0420099999999996e-03  -3.1190767411513659e-01  -2.2938593879310945e-01   2.7976580564871428e-02   8.4481508277320128e-01   1.9800919307372003e-01   4.3373095730649119e-01
   4.0870200000000002e-03  -5.2619090317651696e-01  -7.3414142856363263e-01  -6.6607484270779893e-01   1.2489880820605337e+00   2.7309350477300481e-01   5.0731368992941361e-01
   1.9746500000000001e-03  -5.0933995280876876e-01  -1.0093091054387278e+00  -2.3722745346944367e+00  -1.4712616646882084e-02   6.1184789032720244e-01   7.3686544074879468e-01
   0.0000000000000000e+00   0.0000000000000000e+00   0.0000000000000000e+00   0.0000000000000000e+00   0.0000000000000000e+00   3.6937043600959990e-01   5.7051930603095191e-01
