   3.5308599999999998e-03  -1.7008613728236246e+00   3.2401981165710381e-01   8.8526338562682838e-01   4.6131605462097974e-01   4.1545561661966701e-01   6.0515002779999094e-01  -2.1367193195836246e-02   1.0005882105781214e+00   1.4897304678823842e-01  -7.4502233747663860e-01   4.0077599081129005e+00   1.9502016859307196e+00
   3.4728699999999999e-03  -5.8805814824789038e-01  -1.3465411821188551e+00  -2.1046313428692925e-01   3.6524853006022168e-01   5.3578030728829018e-01   1.0350173572344616e+00  -9.7352921903930856e-01   9.3201822670977008e-01  -7.7447516524324311e-01   9.6333879538045050e-02   3.9983800279261588e+00   1.9477509302776173e+00
   3.4736599999999999e-03   5.3141651328663927e-02  -7.5244186396640364e-02  -1.4281938689429982e-01   5.1742939218484141e-01  -1.0441614847600171e+00  -7.4107145985482603e-01   7.8414271357439447e-01  -1.6187585274989296e+00   8.5104943153107182e-01   4.3217352483449695e-01   3.9856225257671123e+00   1.9444691145319126e+00
   3.2984199999999998e-03  -4.8856852354685248e-01  -3.2675048787825378e-01  -7.1262898552341425e-01  -5.7333684939407892e-01   7.3743015964887393e-01   2.4632995122912121e-01   7.8401617119474876e-01   1.0158599908463886e+00  -1.6233648957767026e+00  -3.9344137091766995e-01   3.9957856991755056e+00   1.9468843450088802e+00
   3.4765400000000002e-03   5.5854910743623032e-01   1.7046431778946305e-01   1.3332077824809527e+00  -1.2661122517036776e+00   5.9746866444345403e-01   1.1295695684446359e+00   1.3238722859328270e-01  -8.0611328141709004e-01  -2.3188810716628264e-01   3.0800578226796432e-01   4.0274278315267953e+00   1.9548782023714291e+00
   3.5958100000000001e-03   5.2578312010677364e-01  -1.2971283973614625e-01  -1.7094009027330908e+00   1.0979096531415353e-01  -3.0028315208386747e-01  -1.9004973426338106e-01  -3.9006599612102127e-01   7.9914943587651111e-01  -8.3371662813988567e-01   1.1466184781429780e+00   4.0326853440494288e+00   1.9564651935148345e+00
   3.4032699999999999e-03   9.3520224760552884e-02  -2.8589368131507253e-01   1.0291724637426078e+00   5.9863116809931927e-01  -4.6885985788770390e-01  -1.3752994470133681e-01   7.3672256970815686e-01  -1.1881933940207134e+00  -1.4731470509000963e+00  -5.5406054272597827e-01   4.0092431496561378e+00   1.9501723717720891e+00
   3.6124199999999999e-03  -3.8025967831437513e-01   2.0636510552427429e+00  -9.6995724006386164e-01   4.9971538328876658e-02  -1.0430417188279810e-01  -3.1543840283682656e-01  -2.2036930959899781e-01  -5.5516948088787421e-01  -2.4277854705447752e-01   3.8961447346483535e-01   3.9886137595879503e+00   1.9453663697318260e+00
   3.5291500000000000e-03  -1.0060280906742474e+00   1.1194410051646801e+00  -5.2867820964670820e-01   9.2410397151459323e-01  -3.7927272681754352e-02   8.6740881641871270e-02   5.3748140114359588e-01  -1.1362614304831918e-01  -8.9854161596937454e-01  -1.2554381995821269e+00   4.0061096377966212e+00   1.9495042676313250e+00
   3.7083699999999999e-03  -7.6161621924194001e-01  -1.2255512748723685e+00   1.0616866421508192e-01   2.8292307964979213e-01  -7.8447095394877520e-01   8.6060123052184434e-01  -6.0807273489653890e-01   6.1361217675064617e-01   1.0095515848677448e+00  -7.6587198150712632e-01   3.9650900724103448e+00   1.9395959964287464e+00
   3.4797700000000001e-03  -7.1182031402601142e-01  -3.4257351736397365e-02  -6.9696208164191775e-01  -2.0630853216820646e-02   6.5561818591483201e-01  -8.1848591498713397e-01  -1.1000276949899632e+00  -6.8488796208954328e-01  -8.3625055655913760e-01   1.2828899009585100e+00   4.0069559958574406e+00   1.9497243871591359e+00
   3.4149200000000001e-03   2.8310049279661057e-03  -6.4241055237283162e-01   1.2315041298804288e+00   4.0017218043830634e-02  -1.9327718160009455e-01   2.4083459027645213e-01   1.6995439215073902e+00   7.2942139298851916e-01  -7.4183148168843194e-01   3.6146469870140630e-01   3.9924961522241271e+00   1.9461782190085630e+00
   3.6374900000000002e-03   1.5117846459298798e-01  -7.9539744923841504e-01  -2.3733287022450239e-01   1.4062302564528384e+00  -7.0409830926332884e-01  -9.5996353066049400e-01  -1.0336312838503230e+00   6.5850761451846496e-01  -3.6493148192436398e-01   5.1463436084669023e-01   3.9950233234210257e+00   1.9468112119252103e+00
   3.4781500000000002e-03  -1.4919408843260837e-01  -1.6176451744677391e+00   4.7208932871873349e-01   1.1155502356872447e+00  -8.9348351721498742e-01  -3.1878540543322387e-01   8.9468477285358394e-01  -1.6853037631347809e-01   4.2613905184405787e-01   2.0510111247897506e-02   3.9681408024173583e+00   1.9400090882083889e+00
   3.4560300000000001e-03  -5.0332722991359780e-01   7.9035998996796886e-01  -2.7061271377362484e-01   2.0035159540709436e-02  -6.2052311672991955e-01   1.1517192686089264e+00  -1.1191300436186691e+00  -4.6802410477587336e-01   1.5889539006306748e-02  -1.4262740987400999e+00   4.0230531938846159e+00   1.9536494054088240e+00
   3.4392600000000000e-03  -4.9247000296061072e-01  -3.3218447964387515e-01   3.0593057899123355e-01  -9.8750094703488056e-01  -7.6818515287553901e-01  -2.3537724674120805e-01   4.6175969302154790e-01   1.8431868912369735e+00  -4.8837119960293668e-01  -4.4862766971976309e-01   3.9948936624772005e+00   1.9468403374385912e+00
   3.5744300000000000e-03   7.0441495865754777e-01  -2.8702263974976139e-01   1.6565322645798197e-01  -1.0136629138661148e+00  -1.3803116823504509e+00   9.7777871456537013e-01  -3.3701797221618179e-01   7.1803812236097020e-01   1.8585872879171872e-01  -9.6628098433589060e-01   4.0156972236326345e+00   1.9517290910798433e+00
   3.7144999999999999e-03   1.2939943014938107e+00  -6.1625945234345003e-01  -4.3230741048063248e-01   6.7460860127337774e-01  -1.3331936412163095e+00  -5.1702625065668384e-01   4.7873658451680434e-01  -4.4139678078321254e-01  -6.0955819428311098e-01   6.8822861083976161e-01   4.0070812287312529e+00   1.9501584266563310e+00
   3.4707000000000002e-03   1.0280911549775051e+00   3.2807461508058811e-01   1.8006309033345150e-01   1.7336239904318079e-01   1.3707601840309874e-02   2.0523697699597978e+00   7.2448263023518300e-01  -1.9425807082756102e-01  -1.7824248596513578e-01  -2.9813659738306303e-01   4.0063870084758078e+00   1.9498051378335162e+00
   3.4550300000000000e-03   9.2699940025654654e-02   2.2167812548487470e-01  -4.6148395767113720e-01   4.9106603615563937e-01   1.3028842848884057e+00   7.6486523973367926e-01  -8.4513852463552408e-01  -4.2808039013162652e-01   1.0874905250787579e+00   1.0720243212587339e+00   3.9610886301472594e+00   1.9381775257214739e+00
   3.6888699999999999e-03  -8.2824563596477274e-01  -4.7862652631348240e-01   3.3976431351016262e-01   1.1993649434255977e+00   1.8596070652690897e+00  -1.1838117451497229e-01  -1.2785564694626472e-01   9.8435243399903505e-02   2.6721727724228295e-01  -4.0894022889903285e-02   4.0218313814352724e+00   1.9534823645811150e+00
   3.4525200000000002e-03   5.2384906650313567e-01  -4.3596864658777967e-01   1.1600644975213457e+00   9.5427617362823769e-01  -6.9608672099661734e-02   6.5488882833276063e-01  -7.5864018274197489e-02  -4.8999500866423679e-01  -1.0673395828741963e+00   1.2362140299067026e+00   3.9797281281988530e+00   1.9429601809264183e+00
   3.5687200000000001e-03   6.4673869932935146e-01   6.9766601268452944e-01  -1.7060247336180245e+00   4.5293624378692299e-01   5.5956831411194041e-01   7.6279362567136777e-01   7.9878070728083644e-02   3.5678780624964140e-01  -7.9068945761781184e-01  -6.1979254122125138e-01   3.9923589300819060e+00   1.9464782922301047e+00
   3.3542899999999998e-03  -6.7749650034197439e-01   3.8249194731206948e-01   1.2417712866660331e+00  -7.8521875171510869e-01  -8.8098586258680511e-01   5.1502704025532038e-02   8.9787341623298111e-01  -1.3263501118609831e+00   4.0308472235675345e-02   1.5248218059897607e-02   3.9738192160824997e+00   1.9412407001654455e+00
   3.6355099999999998e-03   4.5145092805429617e-02  -4.1718649436977373e-01  -4.4702772523162065e-01  -1.4892156827903384e+00  -7.2693689741569389e-01   1.2645585545871190e+00   2.5740065672738338e-01  -7.3819892491344674e-01   6.7292428602670884e-01   5.0743461251859190e-01   4.0044234774269771e+00   1.9489328224218476e+00
   3.7118699999999999e-03  -1.0270974236194315e+00   2.7099626943314831e-01  -1.7509892422099631e+00  -2.4733574018973142e-01   2.2333790255637628e-01  -9.1211479304567544e-01   5.6015311497664177e-01   7.2165773553341694e-01   1.6425735823857046e-01  -7.7011084248699554e-02   4.0082036639194998e+00   1.9502219167651043e+00
   3.4643999999999999e-03  -1.6660376266876458e+00   1.6891352233839824e-01  -3.0599534375006304e-01  -5.5380113811627096e-01   9.4461723196968728e-01   8.7172371409165994e-01  -7.4568651319062274e-01  -6.3194440025191967e-01  -5.4065319173812765e-01  -2.4203246371355708e-01   4.0196322813194438e+00   1.9527630034378365e+00
   3.3950500000000002e-03   1.3880579377934450e+00  -2.4526719853999177e-01   3.9762859973858333e-01  -1.4654736340971228e-01   2.7333538573971716e-01  -1.0140189907857369e+00  -2.2322231081318256e-01   3.6551435510917579e-01  -6.6262952129835828e-01   1.4899170117603759e+00   3.9858667506377348e+00   1.9441290758296494e+00
   3.5304199999999998e-03  -1.0658546002234641e+00  -9.3036676099558369e-01   7.8468482617773971e-01   7.6597467339522296e-01  -7.7303463895698621e-01  -2.3254866563011684e-01   9.1988540376255340e-02   5.9387825624244306e-01  -1.1909963106483805e+00  -6.4092951604035564e-01   3.9919095672685425e+00   1.9459153701187326e+00
   3.6018299999999999e-03   6.0604225566292724e-01  -1.6154994223499688e+00   4.3650636880969118e-01   1.7943408905611199e-01   8.0617788297398574e-01  -6.3310488812107901e-01   6.6724014518063379e-01  -1.0595618334642436e+00  -3.6378526102135011e-01   3.1781292210083106e-01   4.0092306030242142e+00   1.9502849908591191e+00
   3.4760099999999999e-03   4.3877357173346382e-01  -3.7878894096024163e-01  -3.5984975769682942e-01   3.6520614226546333e-01  -8.3486275807695631e-01   8.4680016794928939e-02  -9.1888105788285190e-01  -5.6593574323912869e-02   1.8957952904316517e+00   5.9103785079489468e-01   3.9999646299033778e+00   1.9477785505050196e+00
   3.6094800000000000e-03  -1.2117016118063628e+00   1.0746477256155790e-01   8.7102004121062948e-01  -4.4065918890921441e-01   1.0580885301474450e+00  -1.1292197472752679e+00  -1.3160960253051993e-01   2.8500835922656154e-01   6.6130664260795413e-01   8.4874326598979155e-01   4.0169563346999686e+00   1.9522765543085687e+00
   3.6265300000000002e-03  -4.2205666241197592e-02   1.1499885343976092e-01   8.8951618554282030e-01   9.0640239155239083e-02   2.7770922829624728e-01   8.8766425869244492e-01   5.5394992146597866e-01   6.4223918896198173e-01   7.9286735798534491e-01   1.7500868586438847e+00   4.0175970227975428e+00   1.9526054541790017e+00
   3.4368200000000002e-03   1.8386848882031132e-01   6.3070829072044798e-01  -5.1685374404693307e-01   6.2179073541525509e-01  -3.2926782358623774e-01   9.8988570459050307e-01  -2.6487602941385502e-01   1.2698074425738488e+00   9.3771685713647868e-01  -1.2038197007677012e+00   4.0151839508193055e+00   1.9519309293861711e+00
   3.5727200000000001e-03   1.6527018967233889e-01   4.4632678156463856e-01   1.0972600825159298e+00   7.4180749606515284e-01  -8.4508009254622796e-01   6.9751008105465973e-01   3.5376108578028581e-01  -6.9534259063704151e-01   1.1024064258474648e+00  -1.0462717385413707e+00   4.0098341843379846e+00   1.9505622839801728e+00
   3.5836200000000000e-03   3.8442135570455666e-01  -1.5188886181471668e+00   3.4043485204629492e-01  -7.3752782705808373e-01  -9.7682116562513022e-01   1.7171070352900175e-01   8.6433652852840870e-01  -5.9860247024311930e-01  -2.9552573139794264e-01  -8.5848755867181170e-01   3.9959806793507133e+00   1.9470243115229202e+00
   3.4217499999999999e-03  -8.4640812054249659e-01   9.2691488806876832e-01   2.3406627368405256e-01  -7.3774069727245362e-01  -1.1654254706438841e-01   7.6459938976733977e-01  -2.9251009139156503e-01  -5.8465434219220269e-01   3.8933638139150697e-02   1.6913452215468396e+00   3.9806027740186232e+00   1.9427896820508670e+00
   3.4985300000000001e-03  -1.0386816421895608e+00   1.1861366333576935e+00   4.9708740218290398e-01   8.9261654939147428e-01   2.0186161861878216e-01  -1.0573091313281269e+00  -7.2127583140493223e-01   6.6615330318087640e-01  -5.1759099539026632e-01   1.5437736740761715e-01   3.9453297982009410e+00   1.9342266886712756e+00
   3.6257500000000001e-03  -3.0255402142743831e-01   3.0141028898952010e-01  -1.5035556680138036e+00   2.5942030939882815e-01  -4.1642785803505711e-01  -6.7521344147266293e-01  -1.1256449524150094e+00  -2.0291570295271930e-01  -1.1176838985570263e+00  -5.4406823919225022e-01   3.9938032309090623e+00   1.9464996558198153e+00
   3.6253000000000001e-03   3.6791060256755254e-01   4.2363612603235901e-01   1.0303638216246044e-01   4.5021320700852124e-01  -5.4890314057571332e-01  -1.2167708502540580e+00   6.9502148521281470e-01   1.6026119762119937e+00   7.2504923104915631e-02   7.6419224923855744e-01   3.9815774910980464e+00   1.9432817451410698e+00
   3.6315200000000001e-03   9.3920935235534875e-01   1.0517909613337086e+00  -6.6370446528338893e-03   9.5731170509601271e-01  -8.5664519863581112e-01   4.1700791723139313e-01  -6.3531316395640314e-01  -2.2966951574698585e-01  -1.1899430088810004e+00  -5.4570983989552646e-01   3.9844591398187639e+00   1.9442800122421691e+00
   3.6648000000000002e-03   2.9344062573580398e-01  -3.7457918679188018e-01   7.7329839547582380e-01  -1.7513649223700745e-01   3.5783641279559819e-01  -5.4100722141369773e-01  -3.7221650671028900e-01  -1.3776433119369786e+00   8.9495523721950576e-01   1.3721155758349706e+00   3.9978948811865402e+00   1.9475641114796733e+00
   3.6422099999999999e-03   8.4358706882914691e-02   8.0384784687912214e-01  -7.1833810594033043e-01   2.0534112208527766e-01   3.5074151602899298e-02   7.9968068555805072e-01   1.6092179051664501e+00   1.1078439399117270e+00   2.2144034633648273e-02   6.1488480196726814e-01   4.0060877025110289e+00   1.9496072016233874e+00
   3.6727900000000000e-03   6.9040815754741924e-01   6.6443783256208655e-01  -1.9759786877022201e-01  -6.1171528334473790e-01   1.1200187939847530e+00  -4.0274016060250156e-01  -8.3916538059712675e-01   3.1541194783287674e-01  -1.5766802912257121e+00   4.7925943628716335e-02   4.0125142834021661e+00   1.9514394456622539e+00
   3.5588099999999999e-03   1.8796706730157375e+00   1.2166978650125117e-01  -3.4008517290427309e-01   6.3447450075348011e-01  -7.2073860047055338e-01  -7.7806987802871042e-02  -6.8689516363697156e-01   1.0193338664914273e+00   1.0276820958249135e-01  -2.2316670705629327e-01   4.0303637805780319e+00   1.9557882804645086e+00
   3.4775399999999999e-03  -1.4357189035670870e+00  -1.4038688646828039e+00  -2.9653955549015820e-01   1.2581871446910520e-01   4.3317360538069266e-01  -7.6372645839959974e-01  -5.1886236347766757e-01  -4.1246653110517589e-01   7.8481841544227071e-01   2.1211670275651731e-01   3.9684164384542471e+00   1.9402132981261888e+00
   3.6356800000000001e-03  -1.3796341277184168e-01   5.7093410966761937e-01  -2.6448635604121040e-01   1.0102525828816067e-01  -7.9585510350242106e-01  -1.1212195109282457e+00   3.0252730729103205e-01   4.2518086265066357e-01  -1.8559149436563669e+00   9.6225048025387921e-02   4.0094739892946007e+00   1.9501484218838343e+00
   3.4256400000000002e-03  -3.0446654035523152e-01   2.9666872553518997e-01   6.2599956610770946e-01  -6.1469831036630973e-01  -1.4005232139764736e+00   1.0948247498968357e-01  -8.3022072230404564e-01   1.1153901777307813e+00   7.3049818223153529e-01   8.2395132950506234e-01   3.9862391132626729e+00   1.9442846486263952e+00
   3.5765800000000002e-03   1.2747731875621018e+00  -7.2648992339339447e-01  -3.6844376566986103e-01   9.7769125194429074e-01   6.9030983664747081e-01   2.1561483610825766e-01  -1.0136939082809069e+00  -4.4882853309084064e-01  -9.7168795490196358e-01   2.9605544301650499e-01   3.9853379121951087e+00   1.9442851013614515e+00
   3.5011100000000000e-03  -8.6065237588430288e-01   1.5991852939278073e-01  -4.7005901380264320e-01   1.4916786342819999e+00  -5.8029261361628415e-01   1.4407109351596176e-01   7.6941764451575445e-01   3.6967853233616343e-01  -8.4871196518524394e-01   1.0238199575015112e+00   3.9906776373896462e+00   1.9456871526279327e+00
   3.5764400000000002e-03  -2.9108562022497270e-01  -9.7989433720630315e-01  -1.6590653469932510e+00   6.6183311901587091e-02   1.3418395395890470e+00   3.4462812921973263e-01  -3.3492105455869320e-01  -3.4568576917037946e-01  -3.0341331633182694e-01   1.4544243313297398e-01   4.0060776683604260e+00   1.9494414974965142e+00
   3.4766599999999999e-03  -2.4435461687911925e-01  -7.5235365121604469e-01  -7.9127480512232584e-01  -2.7444274657648154e-01  -6.7740098613053357e-01  -1.1007586376265075e+00   8.3585052375970748e-01  -2.3447659522689443e-01   1.2319875920659522e+00  -9.0225664490076107e-01   3.9907749212598560e+00   1.9456435118557016e+00
   3.4187699999999998e-03  -8.9535118113601453e-01   8.0332566309842635e-01   9.3435764983024283e-01  -4.3259891771450104e-01   1.8160080868225181e-01   2.0671526057241113e-01  -1.1545654596149431e-01  -3.1995353044570113e-01  -1.7955208871929089e+00   4.9554328595641173e-01   4.0093783132154766e+00   1.9502724430992762e+00
   3.5654300000000001e-03   4.8927971898340167e-01  -3.8822797863300168e-01   3.6179519762000489e-01   6.5579341402767932e-01   1.4614207956151648e+00  -1.6673812981364766e-01   5.3897581836882580e-01   8.4453985992672800e-02  -1.0124022822947660e+00  -1.2632879496988330e+00   3.9841577321431365e+00   1.9442641101486358e+00
   3.6493099999999998e-03  -2.8377619799919945e-01   1.0283334239895652e+00   5.3566289550512136e-01  -1.4394045707895504e+00   7.6668749771564659e-01  -5.3939478595270263e-01  -7.0834347653248952e-01  -1.0849741988519261e+00   1.3939024226521451e-01   1.7845862868979034e-01   4.0323131884039842e+00   1.9560433912853721e+00
   3.5861500000000002e-03   1.6561540006503881e+00   3.7774410767044447e-01   1.1766647063892789e-01   3.6195305963801400e-01   2.3650379635115684e-01  -1.1469761722174496e-03   1.1102447150991357e+00   4.5784236986587451e-01  -1.2488224495489011e+00   5.8597485621011462e-02   4.0088083940920063e+00   1.9501342003879951e+00
   3.5887499999999999e-03  -4.7012728564407769e-01  -7.2142125520882572e-01  -7.1045069550056938e-01  -7.5114387475285360e-01   3.7508078134178696e-02  -1.3789819013041502e+00   7.9161899291922888e-01   1.2718983567094761e-02  -4.5641348518184027e-01   1.2054668572167231e+00   3.9854166706774992e+00   1.9443852234635348e+00
   3.6668700000000000e-03   5.9466395784539972e-01   1.5821620884854286e+00   1.1500606629342238e+00  -6.5733386647646352e-01  -2.7788922824670709e-01  -9.7412136778728153e-01   4.4087518876542761e-02   3.1987837926427387e-01  -4.8781180745067299e-01   8.8973184534086092e-02   3.9940149404718506e+00   1.9465206275026261e+00
   3.5176500000000002e-03   2.9650078054673863e-02  -5.3280567370755116e-01   1.1166226165339637e+00  -1.6951977060724863e+00  -1.8603637589257183e-01  -5.7333736371854360e-01  -7.0315267228411110e-02   2.5282214082952820e-01  -3.1095068726765746e-01   1.0736640906893082e+00   4.0048022710012372e+00   1.9493302933285959e+00
   3.4988100000000002e-03  -5.4470073376308714e-02   1.3964159734598533e-01  -4.6465561096036789e-01   1.2718312387746198e+00   1.2608975714951628e-01  -2.9265889910691856e-01   1.6374066568210816e-01   1.6948645778805913e+00  -7.4056549742784317e-01  -8.5167687319401619e-01   4.0062291588325083e+00   1.9497069608056490e+00
   3.5278800000000002e-03   1.3672761180180251e-01   3.0489531890666449e-01  -9.3862206348575372e-01   4.7596650949742741e-01   4.9957306671286360e-02   5.1711227433674978e-01  -2.0459775183174873e+00   5.8081450699424941e-01   7.3134011042421719e-03   1.3947466554294413e-01   3.9835101996078550e+00   1.9439911734128716e+00
   3.5912800000000001e-03  -1.4285516573824495e+00   3.3513436685353247e-02  -3.2129827489038906e-02  -4.5560506538199147e-01   9.3841556430134554e-01  -4.0430761399712953e-02   6.9645139619836938e-01  -1.1753662136947030e-01   1.1273280196837454e+00  -1.0350204737598090e+00   3.9798009363675737e+00   1.9430305965156818e+00
   3.5306000000000001e-03  -1.0481395690753743e-01  -6.2872029324816703e-01   4.5718091954220141e-01   1.0357612066171354e-01   8.5699026477493523e-01   1.2479488429883476e+00   7.2130557052562494e-01   1.5241294080825185e+00   1.3260144638521237e-01  -5.2727665790257405e-01   3.9845470370328600e+00   1.9443066952494064e+00
   3.5160899999999999e-03  -8.3504167705745369e-01  -1.0519086213912863e+00   8.6323949373950160e-01  -7.2513275726125270e-01  -2.8186482470969115e-01   3.7444863393961991e-01  -8.2962582303616395e-01  -1.2243001258069641e+00  -5.1473341608136247e-01   5.0921620484874985e-01   3.9627953744119782e+00   1.9387257319981981e+00
   3.3899099999999999e-03  -1.5539742817497543e-01  -1.3507944993449914e-01   1.3633827347823035e-01  -2.2763352055608724e-01   1.1403917205307483e-01   1.9099088315663909e-01   3.1622091216830261e-01   1.2033290396094427e+00  -1.2853716195180247e+00   1.6549283167332751e+00   3.9747530067597703e+00   1.9418683962161614e+00
   3.4838500000000001e-03  -5.5977543716743783e-01   7.6301385755628737e-01   2.1681600040215460e-01   3.5837431143480497e-01   1.0387672983699836e+00  -8.2240264989895961e-01   1.4409357911536029e+00   8.0742563355273178e-01  -7.4217057730167268e-01   2.5101965949034639e-02   3.9969435275943290e+00   1.9470882120394701e+00
   3.4915499999999999e-03   2.5167627070474252e-01   8.2611414499988590e-03   2.7655092807583137e-01   2.8110375503721030e-01   4.3115262343930444e-01  -2.0633482010974533e-01   1.7942006439014591e+00  -1.0573925615928426e+00   2.6239541348935358e-01  -1.1258751666343572e+00   4.0047249831712062e+00   1.9493934461722535e+00
   3.5165399999999999e-03  -1.0788557832485752e+00  -1.0384690070675280e+00  -6.9648286989541641e-01   9.0041336205946287e-01   3.2245348262050427e-01   6.5768683409413031e-01   1.0805631860631721e+00   2.2783592262977148e-01  -1.7192708363195697e-01  -9.0892836523506926e-01   4.0201340289633336e+00   1.9529554451463258e+00
   3.4317499999999999e-03   1.5773292787312718e-01   4.1954280558431489e-01  -1.0757028237004718e+00   7.1770708495573898e-01   1.4609719817572100e+00   3.0916846781293045e-01   1.0224677779972782e+00   2.9556184560540849e-01   9.0324038620490332e-01  -3.4736677846613007e-01   4.0093618013091037e+00   1.9503267024162525e+00
   3.4987999999999998e-03   5.6988267109943114e-01   1.0120383164208442e+00   9.2643561181415063e-02  -3.1921450418904751e-01   3.5267611434270379e-01   6.6633310891140263e-01   8.9282750276373235e-01  -1.2842863426057280e+00   1.0877792905375745e+00   6.4256903605258564e-01   3.9875099267505836e+00   1.9450259202718416e+00
   3.5614399999999999e-03  -8.3566457284743856e-01   1.2472583908233716e-01  -1.0600771343617819e+00   3.2963840670883870e-01  -1.6068443776669878e+00  -8.6774280130029791e-01  -3.6690661595514923e-01  -1.0311048087720136e-01   2.3070821974261591e-01   7.5855487914534181e-01   4.0031608443231343e+00   1.9486149000544206e+00
   3.5592300000000000e-03   1.2524825048402330e+00  -1.4713057328632670e-01   3.8737571689928516e-02   4.1689006992757205e-01   1.4187528341888973e+00   5.4224798516339157e-01  -8.6980840964145889e-01   9.5572796479116251e-01   1.8017467733852410e-01  -5.6662461796771746e-01   4.0029081254706398e+00   1.9489553206440606e+00
   3.4637900000000000e-03  -2.1638220953661980e-01   1.8555951119624803e-01   5.6498657748425896e-01  -3.7188655941011967e-01  -5.9208078674316733e-01  -1.1670184191474100e+00  -1.7880369486891450e+00  -2.8688262726495589e-01   1.2891537476493220e-01   7.0415433118787552e-01   3.9754497325899267e+00   1.9418478587933417e+00
   3.5398399999999998e-03   1.1730375745793098e+00   6.7139888652277391e-01   4.0697858701500061e-01   1.3527081158689880e+00  -7.9567699572069195e-01   2.2022769649839685e-01   5.5545887180789899e-01  -1.2692604989716553e-02   7.4674966961490274e-01   8.4173816294505022e-01   3.9920105516148525e+00   1.9461576591628513e+00
   3.4829900000000000e-03  -1.1279087636211766e+00  -5.9481110041351737e-01  -4.3226465957896260e-01  -3.9753497275956284e-01   4.1808718929239774e-01  -8.3799642792224405e-01   2.8698901409985766e-01  -4.9526084736208387e-01  -1.0617801606521946e+00  -1.3218479905083147e+00   3.9848524040512388e+00   1.9443436651340529e+00
   3.3775599999999999e-03   4.3735055490299796e-01   6.1493107388590007e-01   9.5539132168365370e-01   1.4592847204728121e+00  -5.0057572557049801e-01  -1.1627339826847312e+00   7.3650419724411531e-01   2.0173655344428790e-01  -3.3101462440607271e-01  -5.6923412973974141e-01   4.0227134124555946e+00   1.9536870571362566e+00
   3.4693400000000000e-03  -5.7015127178806546e-01  -2.4394116771763980e-01   5.0409115623213785e-01   5.4427844822384730e-01  -1.4309645491414207e+00   7.7575204918127805e-01   1.5165014501621478e-02  -8.2038389289271396e-01   6.5441346273807099e-01   1.1708995120504624e+00   3.9830363732378182e+00   1.9436068248491203e+00
   3.5820700000000001e-03   5.4828469903084709e-01  -8.4258145263527418e-01   1.2107759430802576e+00   1.1754046111134906e+00   7.2138379791700025e-01  -4.3491169194297891e-01   2.5942420058393495e-01   1.0206389032563383e+00  -2.8444537647646893e-02   4.9928881307664030e-01   3.9614533927481443e+00   1.9382345711489386e+00
   3.5405699999999998e-03   5.2863894976888670e-01  -1.1017981275794182e-01  -1.2182479800850091e-01   6.5111894099228740e-01   4.6802073835561558e-01  -1.0565255709670791e+00   1.6909806663877287e+00  -1.3971408983716049e-01   6.4929113754285128e-01   8.5175973123291338e-01   3.9960217030887120e+00   1.9471267247323363e+00
   3.4107600000000001e-03   8.7072480494539042e-02  -1.2936609008915489e+00   6.8573968425967569e-01  -4.0334829615304812e-01   9.7006509062405544e-01   2.0296075812065698e-01  -5.7115860363908333e-01   6.5242846031680113e-01   1.4125033949701780e+00   3.8969883833158508e-01   4.0194479478947480e+00   1.9524519031946661e+00
   3.4784299999999998e-03   1.2800190865170578e+00  -6.9398975064495760e-01   2.0076962462024775e-01   1.3725182415430681e+00   3.0043907276645815e-01  -8.6023685669760630e-01  -4.9482772033767651e-03  -4.7526068182304110e-01   8.6277208973973285e-01  -5.6341480967993762e-01   4.0148365162776711e+00   1.9516950686507966e+00
   3.3884599999999998e-03   3.9628753511352866e-01   6.6977510669849014e-02  -4.8487705931931510e-02   1.1670204103987325e-01   1.7677925128566088e+00   1.0796891090486982e+00   5.2009324549820368e-01   5.4008274948738104e-02  -9.9956865133886819e-01   6.7433393958016852e-01   4.0067775721664107e+00   1.9498772273310112e+00
   3.4326100000000000e-03   3.3247013222137044e-02  -1.2811606938865001e+00  -1.2926491548559993e+00  -7.9523178096850902e-02  -9.4921713391070828e-01  -5.9658455122868248e-01   2.5205847928948821e-01   8.1971057243317891e-01  -5.8252462480044076e-01  -6.6457911107269951e-01   3.9792167733209518e+00   1.9426944135657154e+00
   3.5488300000000002e-03   6.2965217370306648e-01  -4.8496436861608738e-01   1.1952498683371224e+00   8.3032211201994555e-02  -2.7974173239490335e-01  -5.4723572131674048e-01  -5.0147817959141117e-01   1.3452794728669137e+00   8.5726038917130021e-01  -8.9496426594346512e-01   3.9972228881261014e+00   1.9474038999709609e+00
   3.5033099999999999e-03   9.1415248922590797e-01   1.1659826141714471e+00  -7.9087931229514563e-01  -1.0206079196707007e+00   2.4810534129233303e-01  -2.8428627308575388e-01  -8.7951959029390203e-01  -7.9895077078287732e-02   3.0210362484217579e-01  -1.0528478680354809e+00   3.9648290438720153e+00   1.9390941022464367e+00
   3.4632399999999998e-03   4.7451809878485307e-01  -6.1369192929906480e-01  -1.2119745376290791e+00  -6.7692757095880285e-01   6.8403977537649718e-01   4.4598636114198753e-01   1.6485333883610607e+00  -3.7469384973014280e-01  -1.6167754999144293e-01  -2.1948113113480050e-01   4.0084754511574019e+00   1.9500779404494739e+00
   3.3886699999999999e-03  -3.9528596763344054e-01  -8.3429271840663688e-01  -2.2245500728114481e-01   1.3283601283022725e-01   9.1741458788323982e-01  -1.4682330617586381e+00  -4.9951368475073665e-01   1.0462364872432788e+00  -9.4571093054246891e-01   2.1653710263067677e-01   4.0153697569194939e+00   1.9517261890317468e+00
   3.5661500000000001e-03   6.9942379638619900e-01   6.9360456849000407e-01  -1.5403267653976986e+00   1.1127284241123001e+00  -5.3342526405828494e-01  -8.1911555067848918e-01   6.6279987544983310e-01   1.4159896282053158e-01   1.4604193340587615e-01  -1.5894650575518246e-01   3.9907397128202158e+00   1.9457127964107783e+00
   3.5792599999999999e-03   8.6724499365246210e-01  -5.4524586987605528e-01  -4.0993178993301888e-01   1.0473648676971223e-01  -1.0251622568915602e+00  -4.9758863218500937e-01  -1.0823689167602413e+00  -5.9583923432791563e-01   7.0165834500642299e-01  -1.2222399411083582e+00   3.9944844370495853e+00   1.9467974863742421e+00
   3.6269200000000001e-03  -5.3149790078335024e-01   2.2833224911381930e-01  -1.1437461295777636e+00  -8.3129731067992962e-01  -4.4262856169090303e-01   8.2224923347516932e-01   9.2585409539152375e-01   5.2979330851051709e-01   1.5769867283948846e-01  -1.2831607189758907e+00   3.9842464772414523e+00   1.9444432332843835e+00
   3.4303799999999998e-03   9.6091152675940084e-01  -5.9474260658221634e-01   1.7977305292482101e-01  -1.9066567349211205e-01  -6.9007869072428607e-01   7.7105048157201339e-01  -1.0421631458679357e+00  -2.4243256230068559e-02  -6.4317567261210490e-02   1.5953412518640362e+00   3.9687379566964558e+00   1.9400895573510910e+00
   3.3753799999999999e-03   1.1211415589648495e+00   1.1942905539963473e+00  -9.4889105526831097e-01  -8.4217020954706068e-01   7.4301893611112846e-01  -4.0048060860642448e-01   7.8292050854776163e-01   7.9576376502215718e-02  -1.6965576252573242e-01   7.0018878244385330e-01   3.9928758902424359e+00   1.9461521993095168e+00
   3.5724099999999998e-03  -4.2709807730227545e-01  -2.9466585925594702e-01   3.7250235340084487e-01  -6.7569627423367903e-02  -9.2121146895637218e-01   1.2413363332887339e+00   1.5863380732200698e+00   1.9721344148146391e-01   8.2195824652062943e-01  -1.6869423464670460e-01   3.9961548165804635e+00   1.9473683121167111e+00
   3.5009500000000001e-03  -1.6664592275418230e-01   4.5438173608568094e-01  -8.5099949482410980e-02   1.6922279289163091e+00  -5.1153420440645692e-01  -5.6608832823829747e-01  -6.0495367237794440e-01  -1.2351344123402157e+00  -5.3907051496502001e-01   4.7427375315056941e-01   3.9879612076239783e+00   1.9452769389847637e+00
   3.4198000000000002e-03  -9.2664137154568205e-01  -6.5992282751828535e-01  -3.3385289962389991e-01  -1.0840849258036287e+00   2.9502474992798611e-01  -3.2482051845012666e-01   7.6064879544456721e-01  -1.6755349552455756e+00   9.9368950603082901e-02   5.0640842737645214e-02   4.0051862089215007e+00   1.9492818058263155e+00
   3.5706399999999999e-03   2.2803613523245149e-02   1.5811749948104686e-01   7.0866495811359020e-01   1.8301998132913604e+00   2.1436576834619209e-01   2.3297725049469450e-01  -8.2735004975532922e-01   3.1753903976386977e-01   5.2114544456431294e-02  -1.1158770720222448e+00   3.9790399583317204e+00   1.9429069366873055e+00
   3.5958100000000001e-03   5.5982868714361678e-01  -9.2325265266396228e-01   1.1421878499230528e-01  -1.0225304903684131e-01  -4.1154376401626380e-01  -1.6379065430181294e+00  -1.6306800568450341e-01   5.9671288611633644e-01   1.0781071662843833e+00   6.7485684021061132e-01   4.0092096018709880e+00   1.9501748562069741e+00
   3.5708699999999999e-03   3.1951129563789776e-01  -2.8301423790525376e-01  -3.4658113932173651e-01  -3.9472936689890625e-01   4.0069330686432630e-01  -4.5557181053520285e-01  -1.1455180405919221e+00  -1.6744246765150057e+00  -7.7900815432468096e-01  -6.8531328967786587e-01   3.9879232617612033e+00   1.9449621061718638e+00
   3.4703099999999999e-03   4.8354910025411424e-01   9.5470241067826492e-02  -1.6801362781049534e+00  -8.8589121901569134e-01  -7.1904686002509366e-01  -1.4931592298993304e-01  -6.5504450284442839e-01   6.1750437816229875e-01   9.2220495656951118e-01  -1.4897664214437725e-01   3.9919619421891377e+00   1.9458965875450309e+00
   3.4673199999999999e-03   1.2274387202057813e+00  -2.9447394277792494e-01  -8.5972206635309151e-03  -1.4151557257459981e+00  -2.5434576331127784e-01  -8.8313020044196322e-01   4.1060178653397178e-01  -1.1524858590453333e+00   3.2878738921276640e-01  -1.0796482583439857e-02   3.9784047079796649e+00   1.9425079985349265e+00
   3.3665600000000002e-03  -1.1619218526396471e+00   8.0389727420227353e-01  -9.0042147265647776e-01   4.9049031738436971e-01   1.1879800170721957e+00   2.4760617214723735e-01  -1.3718015599813460e-01   7.8046554939770352e-01  -5.6537190098976187e-01   8.6305350732500308e-01   4.0115874929146607e+00   1.9509414145613391e+00
   3.5253200000000002e-03   1.4184004152732893e-01  -1.4526098139854598e-02   1.0414500761639709e+00  -1.2118641531366403e+00  -6.4013333837778430e-01  -5.6285775577187802e-01  -6.9215280338113627e-01  -3.0945716950060986e-01  -9.6136230918326593e-01  -1.1483933204219465e+00   4.0110169599069092e+00   1.9507875245371102e+00
   3.3538200000000000e-03  -9.9097509076018941e-01  -8.9901826847918620e-01  -1.2780364926954650e+00  -7.7401139137584107e-01  -3.9297547726280380e-01   2.5560398884931146e-01  -9.0585895675146377e-01  -4.2527028445669618e-01   2.5117216408618642e-01  -9.2762010765928860e-01   3.9988643427706858e+00   1.9476496097792046e+00
   3.5198000000000000e-03   1.7433222829558456e-01   7.3952146840236455e-01  -1.7848885325327454e-01  -9.1652142804178868e-02  -5.3771664002402686e-02  -2.2463126094105053e+00   1.8601894197388369e-01  -4.4355278103206042e-01   2.5782788892804838e-02   4.1702408828175436e-01   4.0048358214858109e+00   1.9489296681537940e+00
   3.7075599999999999e-03  -2.0554072778337682e-02  -1.5274418647765775e-01  -9.6040850669420308e-01  -1.0047092059467220e+00   8.2099188814890711e-01  -6.2383905210667390e-01   1.1028017548515741e-01  -4.3972670527071361e-01   1.6256929208175490e+00   4.1912031316244730e-01   4.0129467877533518e+00   1.9514712364791547e+00
   3.5523600000000001e-03  -2.6127470841060746e-01  -9.8860577881884348e-01   4.7798620506441425e-01  -1.0368524562785830e+00   1.7130072911700360e+00  -8.4232446339622860e-02  -5.6056084213684398e-01  -4.7318133312319022e-01  -1.5705509992841946e-01  -4.2259860644874364e-01   3.9860834313887197e+00   1.9445693620428288e+00
   3.4659800000000000e-03  -1.0992139380245247e+00  -7.2322207515419373e-02  -8.3534125911981882e-01   1.5332031751913106e-01   2.5000133873486513e-01   1.7678745183156468e+00   3.7542213841291534e-02   4.3815345147650292e-01   7.7937324263432539e-01   3.9476442893753610e-01   3.9850738431457011e+00   1.9443789879343203e+00
   3.5743099999999998e-03  -7.3220053885693570e-01  -1.5927608604000690e-01  -9.4526210106077968e-01  -4.4746586311038966e-01   1.2864703886809998e+00   1.2661721636139342e-01  -7.3522134412081386e-01   1.1396785234079319e+00   3.0427324341029127e-01  -8.5803846105164205e-01   3.9741467685577034e+00   1.9416649170477882e+00
   3.5526400000000001e-03  -1.0528189689246106e+00  -3.6909538934052150e-01   7.3402814179605258e-01   8.2701312573524432e-03   3.3684828204653000e-01  -3.5899805365457566e-01  -1.7454028739269667e+00   1.2403221068806505e-01  -1.4137987566187218e-01  -9.5846575660222966e-01   3.9901491437493957e+00   1.9455208883631256e+00
   3.6072999999999999e-03  -1.3755060219194855e+00  -1.0416853549756391e+00   6.6039089117916472e-01   2.1317518595481141e-02   9.2668421212248120e-01   8.0208986817829467e-02   6.8110420991292420e-01  -1.2783041274260537e-01  -9.1644593336447300e-01   6.8379287114480980e-01   4.0035118036962141e+00   1.9489891386550939e+00
   3.6024099999999999e-03  -9.4811351017208156e-01   2.1927579587545873e-01  -4.7871340156719379e-02  -1.6414252046645985e+00   9.0645418208413386e-01   3.8411900421496775e-01   7.6824255745432402e-01   5.9929071008730117e-01   8.8643603580737876e-02   6.5051142481120872e-01   3.9845437957459606e+00   1.9443671959380862e+00
   3.4024799999999998e-03   1.0388963232621116e+00   2.4455362665187735e-01  -3.0246847438827834e-01  -8.9809202340815952e-01  -1.3929749789762480e+00  -1.1432179425597611e+00  -6.7786368601720970e-01   3.9797597889395986e-01  -5.3755911321004279e-01   9.9017326968380490e-02   4.0132437551373288e+00   1.9512372232720423e+00
   3.5266899999999999e-03  -1.2013840138273157e+00  -6.6258554756613519e-02   9.2133147842725471e-01  -3.7896566214600497e-01   4.5951802750642112e-01   1.0240044160598070e+00  -1.7728007355875916e-01  -8.6978440484651820e-01   1.2800357581191417e+00   1.8419130104924944e-01   4.0282793909514396e+00   1.9550120893971308e+00
   3.5425700000000001e-03  -9.3413361261675398e-01  -5.6826137608416302e-02   1.3430345083400423e+00   1.2368730966066439e+00   1.3747923858879624e-01  -8.2726977306781538e-02   9.9756414209178679e-01  -6.7046828425357441e-01   3.1704234125081110e-01   4.6437490478003374e-01   3.9734789118212053e+00   1.9416123971457444e+00
   3.5723199999999999e-03   7.9480161232614377e-01   1.8786554499740078e+00   2.7651916152023222e-02   6.5946068540642699e-01   5.1679532649715620e-01   1.7500491506615415e-01   5.6328325117863920e-01   1.8855976918584388e-01   2.0472266212593918e-01  -8.6875037491682594e-01   3.9956810253853301e+00   1.9470217288701501e+00
   3.5489400000000000e-03  -5.2828465898117662e-02  -6.8217242382375631e-01  -1.5000814929101611e+00   2.9343385411083145e-01  -6.9741746087804124e-01   3.4544654226395755e-01   1.0396559016179270e+00   1.9106753577638214e-01   9.7543730246420435e-01   7.6103882850818327e-01   4.0006847029317285e+00   1.9481165644897891e+00
   3.5493999999999999e-03  -5.6088190993026962e-02  -8.1028865928023186e-01   1.9705903466204735e-02   3.0490486551997575e-01  -1.4461717333823771e+00   5.3020073293415515e-01  -1.5514889434129069e+00  -2.8972594385576950e-01  -6.6178273078736483e-01  -1.7295465365412080e-01   4.0050901836364767e+00   1.9493756513154128e+00
   3.4999100000000002e-03  -2.8440782974991430e-01   1.0112921372430332e+00   6.0959051051399850e-04   1.0057972358117602e+00   9.1333305213982630e-01  -6.6108743177006424e-01   1.4735586337843140e-01  -1.2122022563195607e+00   1.0824293703539645e+00  -1.4923948254037211e-01   3.9905056435359669e+00   1.9455270547440555e+00
   3.5270700000000002e-03  -1.3636189475002347e+00   9.5886359667569099e-01  -2.5015863024233265e-01  -4.0432868356864621e-01   5.9617390612997700e-02   1.4443646097830748e-01  -1.2493589436954451e+00   3.4775703768097033e-01   1.1281801893941756e+00   1.6051807362145118e-01   3.9735980604281420e+00   1.9412661535936990e+00
   3.4518100000000000e-03   4.9809419259137705e-01   6.0570599220225807e-01   1.4936959589570903e-01  -1.1589716475577327e+00   1.2522783701870925e+00   6.2315461699448205e-01   5.6753024958258091e-01   4.2261917497061335e-01  -1.7146387744491609e-01  -1.2819480318475540e+00   3.9935195212437162e+00   1.9462450820446937e+00
   3.5284000000000001e-03   1.4129534458538626e+00  -5.7706162273707073e-01   1.1442634928199928e+00  -5.5019833029705212e-01   2.5402589620570498e-01  -3.4321317883089003e-01  -1.2913392863953221e+00  -4.2802922111266689e-01  -1.3672108336067681e-01  -5.5525898556788460e-02   3.9809489654142860e+00   1.9429907378495055e+00
   3.6318000000000001e-03   7.1668752403020364e-01   7.4571770425749906e-01  -5.6715144364014902e-01   1.4364400983944181e+00   1.1081021175429671e+00  -7.9082164044237779e-01  -2.0443558594314049e-01   4.1298338975719406e-01  -4.1484856308080437e-01   5.8779157391537484e-01   3.9906186729926731e+00   1.9457311269085114e+00
   3.6152500000000000e-03   5.0118947683124959e-01   6.3643143758410992e-01  -4.4240577159815347e-01  -7.1871721137476874e-01  -9.6050539237178056e-01  -3.0560199481186534e-01   6.3812125923251029e-01   3.4862427673517084e-02   6.0541245750331008e-01   1.6788376305036237e+00   3.9785689016628250e+00   1.9426306567414897e+00
   3.5992500000000000e-03   9.8645151242181772e-01  -5.4884842822406932e-01   3.2314112195020561e-01   2.5644334542404207e-01  -6.1415349441283418e-01   9.1087552334812638e-01  -6.2185941288693439e-02  -1.8452548538825779e+00  -1.4725516939152474e-02  -6.1104042476755112e-02   4.0022258358172005e+00   1.9486552845522351e+00
   3.5845000000000000e-03  -1.2874561563324283e+00   1.0358579326561441e-01  -1.2648877648063015e+00   1.3630608703804503e+00   1.9394216643401441e-01   9.0643290630528228e-02  -7.5079154458391151e-01  -7.6969066768187586e-02   4.4409162368906324e-01  -3.7041175535203308e-01   4.0060403368580282e+00   1.9498352793938361e+00
   3.5940700000000000e-03  -6.5419135474347434e-01  -1.9483694492907178e-01  -4.2166587660987792e-01  -7.7063561999459074e-02  -9.5236228422339853e-01  -5.6042422739965014e-01   1.9288217353618731e+00  -1.1459889257495243e-01  -6.5983882105473468e-01  -1.2846581986779371e-01   3.9961306300384987e+00   1.9471283745357431e+00
   3.5716799999999998e-03  -5.9246266348702636e-01   7.5637289667388127e-02  -2.3398258215887835e-01  -7.9631622233147603e-01  -2.3592223811825630e-01  -1.1332495684138617e-01   4.8217738387703957e-01   1.4729537752406670e+00   1.5940281250374990e+00   5.5125445315886236e-02   4.0044794723856469e+00   1.9493177277358285e+00
   3.5111700000000001e-03  -5.9251882809589464e-02  -9.4674799984719293e-01  -2.9301249172036831e-01  -5.6996319571081733e-01   4.4157529334314172e-01   1.3648272474678980e+00   3.2828989644770973e-01  -8.1507756840805545e-01  -1.1051227880999022e+00  -7.4651049299629246e-01   3.9406139225018149e+00   1.9332291520251059e+00
   3.4757899999999999e-03   4.6334292084928808e-01   8.0799970618353256e-01   6.0532455311371174e-03  -1.6426995668680884e+00  -5.4141933099862838e-01   4.7158028430480298e-01   8.6926643944416204e-01   3.1458843396533148e-01  -1.0620003073424125e+00   3.0942385302594683e-01   4.0228590458464577e+00   1.9534796165500912e+00
   3.4094899999999998e-03  -1.1291339263294767e-01   1.1634441879818294e+00  -2.2634687896152941e-01   6.4776961178123960e-01   1.3695390425516174e+00   1.0718435891195960e-01  -1.3338745129720473e+00  -5.4103060552621929e-01  -3.9416484729009599e-01  -5.0019891902137725e-01   4.0234430075153664e+00   1.9535002851533765e+00
   3.5027900000000000e-03  -8.9463657671451577e-02   3.0515845794027391e-01  -6.4314398659198380e-01   3.2085893683357652e-01  -2.2907978010372882e-02   1.4924225457865461e+00  -8.2593477468151033e-01  -7.8218548909490770e-01  -1.2195837020127649e+00   6.6906275153491812e-01   3.9962456832164470e+00   1.9469908432285219e+00
   3.5452000000000001e-03  -1.4346477739397034e+00  -2.0061067318390396e-01   6.4465965909043266e-01   9.9823556040396588e-01  -1.2232339720734700e-01   4.7437324816562126e-01  -1.0847712239273108e+00   6.4415908673349731e-02  -7.2499461922445524e-02   1.0624367744323611e+00   3.9965721805917251e+00   1.9471597351154086e+00
   3.4991400000000000e-03  -1.1752347702089017e+00   1.3456973760429894e-01  -9.8679333508938549e-01   2.2166697302880989e-01  -9.7465049609715781e-01   7.3681816605827155e-01  -5.9044493004124121e-01   1.2802184389864910e+00  -5.1537355587692801e-01  -7.5895675775238980e-02   4.0256852784425918e+00   1.9544984790632010e+00
   3.5110300000000001e-03   3.2332138728682697e-01  -4.7960918458404911e-01  -5.8308085591380376e-01  -3.0661713286152209e-01   1.4835973842699322e+00  -2.9022265869684688e-01   3.7699793301819773e-01   1.1691086510423607e+00   3.9258378585334808e-01   1.1640641202834263e+00   3.9929202137737740e+00   1.9463515437169994e+00
   3.4931599999999999e-03   1.1211511448490474e+00   6.8397820928684538e-01  -7.9367395850414146e-01   9.9489459936628477e-01   4.2687410411862720e-02   7.3131283462660468e-01  -6.2946147422920429e-01  -8.9537538187237364e-01   7.8854205665234445e-01  -5.4799304576712116e-01   3.9529055925223853e+00   1.9365809384519759e+00
   3.5181499999999998e-03  -3.6754989743117283e-01   1.3159991028182847e+00  -3.1561551102529628e-01  -9.0642305071554052e-01   1.6794964257462461e-01  -6.5970319962727209e-01   1.5596357630619553e+00  -2.9846823230713698e-01   5.9859852160041593e-01  -1.5397382785150343e-01   4.0255374011124943e+00   1.9544394460684347e+00
   3.5878400000000001e-03   1.0924508467128693e+00  -4.4730481784119297e-01  -1.7009438860557063e-01   6.9483079816697890e-01  -2.0266570470114714e-01   1.7657692802262065e-01   1.3955784354852618e+00   9.0516745092896567e-01   5.7083050474442565e-01  -9.5325788067537154e-01   3.9795563902064925e+00   1.9427811781070865e+00
   3.4974600000000000e-03  -1.9855772611052067e-01  -2.5502735208969873e-01   3.1348580801524117e-01   1.2522960067928297e+00   3.9821900147159067e-01   3.3593574926267106e-01   4.3575767430554690e-01   5.2498127564640007e-01   1.8976453847893855e+00   1.7647388395746791e-01   4.0128304745915075e+00   1.9510382162062614e+00
   3.4957899999999999e-03  -3.1642257832032206e-01   1.2576074261734156e+00  -1.6785860109128845e-02  -1.5456210704304008e-01   2.8206152251983474e-01   1.3365436701002045e+00  -4.0739676480352682e-01   1.1337312211003858e+00  -1.0029946333927984e+00  -2.0959261823319805e-01   3.9913875755836852e+00   1.9459619798508263e+00
   3.4604599999999998e-03   6.6575642547090075e-01  -1.0154555305941124e+00  -1.4599557475010141e+00   2.8044878381299970e-01  -5.3940584927513624e-01   1.3472022018871470e+00  -2.3960958366090176e-01  -1.0774170425147582e-01   1.5335665346825442e-01  -4.8375770208769486e-01   3.9973199760317017e+00   1.9474307501366224e+00
   3.4164700000000000e-03  -3.4643486647973704e-01   1.1576868765282995e-01  -5.5028148433596147e-01  -6.2414205009706103e-01  -1.6162525317025971e+00   3.7486156870879384e-01   1.1040154912992441e-01  -8.8827202991981979e-01  -9.9604517937874482e-01  -8.2770797973179100e-01   3.9692440700084055e+00   1.9405167052370436e+00
   3.5694799999999999e-03   3.1190889138377464e-01   7.8787191409417323e-01  -8.9749169458030220e-01   1.7632104639469992e-01  -1.5295647420563765e+00   1.3219336663438301e+00  -2.1201247617009189e-01   6.1376553427455564e-02   2.1546549298354326e-01   5.5282704507542535e-01   3.9871213270941661e+00   1.9450667491614786e+00
   3.4997100000000001e-03   1.3141969566836964e+00   5.6966135398207163e-01  -6.1962569608171181e-01  -3.3833571044483063e-01  -1.1206258990553197e+00   4.5972047087070939e-01   1.1875088546566943e+00  -4.6161664392673446e-01   3.6765125389378805e-01  -5.5354911500466231e-01   3.9859606800326164e+00   1.9444964381504664e+00
   3.4742100000000001e-03   1.0720615287399200e+00  -9.9855730588757119e-01   7.5302381855682055e-01  -1.1022542725565170e-01  -4.5272007346964388e-01  -1.2327572976611212e+00   4.9575490090362129e-01   6.1142057727705357e-01  -7.9099832689361094e-01  -6.5069935279170099e-01   4.0027356549671156e+00   1.9484590405986784e+00
   3.5602799999999999e-03  -9.6235863788184028e-01  -5.5962534066269609e-01   3.4544101532288313e-01   8.4794310949320306e-01  -2.0976097971022192e-01  -2.6572301032119553e-02  -3.4271428029606654e-01  -1.4901830762548942e+00   7.9981618412405073e-02  -1.2286378149616732e+00   3.9653058652956124e+00   1.9394633452637811e+00
   3.5584100000000001e-03   1.1050198808971101e-01   6.4036964861593859e-01   9.5722905156275706e-01  -1.9585377251800151e-02  -6.1640251857564154e-01   5.2287756106994854e-01   9.6509881788222263e-01   6.0691111936263342e-01  -9.0045835771835703e-01  -1.4156085967855296e+00   4.0063201370558899e+00   1.9498354254588246e+00
   3.6489100000000000e-03  -6.1864269860306575e-01   1.0078525517112711e+00   1.3061107580860529e+00   8.5199343934445393e-02   9.4254195614408165e-01  -3.2330735485752915e-01   9.7315193207912667e-02  -6.8093977652275384e-01  -1.9263051912417931e-01  -1.2019361150989369e+00   4.0087736366518589e+00   1.9504531164222452e+00
   3.5213100000000002e-03   9.1436744483121436e-03   1.4800371711263220e+00   3.1464701556023811e-01   5.3738075191726231e-01  -9.6935501946087310e-01   2.4732767024518040e-01   1.2452061060039745e+00  -6.1613203360411561e-01  -6.1331302589125214e-01   5.2730352830035898e-01   4.0221889752362729e+00   1.9538212979342284e+00
   3.4547400000000000e-03  -3.6422941417643079e-01  -1.0332256432294469e+00   7.1014351483713420e-02  -1.6156113401962000e-01  -9.7687864976602878e-01  -1.6244581395532380e+00  -3.2518719108429062e-01  -9.3700679985721058e-01  -5.1256552720567938e-01  -1.9717033619145058e-01   3.9958651870401085e+00   1.9469055839438845e+00
   3.4773899999999999e-03   1.3865065253020379e+00   1.3655556579497532e+00   2.1449024659015098e-01  -2.1336604842138093e-01   4.8074906710797050e-01   8.9853182537822429e-01  -6.0848460421175687e-01  -2.2452641712613222e-01  -3.1326768522705722e-01   8.1080476463584039e-01   3.9872124970040006e+00   1.9450647995827457e+00
   3.4045500000000001e-03   8.7476334375682663e-01  -6.6318697248444258e-01  -8.2386017710215076e-01   8.2654315787152333e-01  -2.8703363123622488e-01  -1.1118757201399591e-01   3.7831470662182959e-01  -8.7657225728431243e-01  -9.7675185163456579e-01  -1.2584715170588854e+00   3.9873490783324801e+00   1.9447070394674897e+00
   3.4481700000000000e-03  -3.3707497615113141e-01   1.3018843849952613e+00   9.3654229228238695e-01  -1.7751663708733564e-01  -4.6410578526095309e-01  -6.5328084093080208e-01   7.5422460679150316e-02  -2.7055195949249505e-01   1.4556653546387488e+00   7.0533327962059278e-01   3.9818595385778557e+00   1.9434104779928090e+00
   3.3953299999999998e-03  -3.5358395357435213e-01  -1.7490674447727836e+00   1.2596668212746307e+00  -1.0675601637367731e-01  -4.8443879291783370e-01  -3.0227808803152029e-01  -5.1315948825324376e-01   6.0109122288830341e-01  -1.0198971407788135e-01   5.7101630360568023e-01   3.9773918321285189e+00   1.9421375176489579e+00
   3.5979900000000001e-03  -2.1627425930290725e-01   1.0085473915755894e+00  -4.8006440951991980e-01  -1.0426872066405060e+00   2.8476780889089437e-01  -1.0019180285146636e+00  -6.4388861778027873e-01   1.0933808767827771e+00  -1.5419407267726484e-01   9.4781065070654569e-01   3.9849335899799581e+00   1.9440924878447372e+00
   3.4369299999999999e-03  -2.0257948501225633e+00  -3.3957965116653682e-01  -5.9552479738673704e-02  -1.2666707533338753e-01  -1.1524419233141932e+00   2.3655738925121730e-01   3.2374910192402850e-01  -2.6255146473617136e-01   4.5219543791537331e-01  -2.8910600205798570e-01   3.9912814430795152e+00   1.9455919477256829e+00
   3.5245500000000000e-03   3.0773461363558263e-01  -3.1520482615682144e-01  -4.7196768631977742e-01   4.2606462837159509e-01  -1.0186781084495420e+00   1.1323742293777512e+00   7.3727623673413967e-01   6.1218906842111787e-01  -1.4909747310111880e+00  -4.1961981368703605e-02   3.9882215605255684e+00   1.9453208700558713e+00
   3.7401100000000000e-03   1.8758160217423792e+00  -5.9920604476924844e-01  -4.9697194697246311e-01   2.2156577500430208e-01   5.0467965232511680e-01   3.8280155492693735e-01   3.8680989642820168e-01  -2.8236805714027608e-02   7.7358916162626423e-01   8.0814819685695816e-01   3.9991011420253222e+00   1.9481712800139188e+00
   3.4333800000000002e-03  -1.0337019623476824e+00   8.3932240998524299e-01  -2.4661409264502071e-01   1.0788397617875187e+00  -6.5787500605864646e-01  -4.2774633762623648e-01   1.1536697062300745e+00   4.5093229057474071e-01   8.9530355442819387e-01  -4.2008564997554720e-01   3.9929286490883094e+00   1.9465255687094087e+00
   3.4787500000000001e-03   1.0806955782108529e+00  -1.1980357887935875e+00   7.1307675720615016e-01   9.5978804504908466e-01  -4.8795739852504472e-01   9.8931940463829482e-01  -1.0765796679782989e-01   3.5496348673000161e-01  -3.9214926753814316e-01  -7.2798162873825456e-01   3.9885306136739418e+00   1.9447728454708779e+00
   3.4815400000000000e-03   1.1989299400498001e+00  -1.0242319134037803e+00   1.0819014362832369e+00  -2.7019813375537505e-01  -7.0200801584006822e-01   4.8361980709114633e-01   3.3261135022577304e-01  -1.1751752465922911e-01   1.2165956724243780e+00   2.6142963043696787e-01   4.0060693910455525e+00   1.9496719487259850e+00
   3.5479900000000000e-03  -8.1870127088176725e-01   5.5303901060387772e-01  -4.1546815685557748e-01  -1.7361874892292057e+00  -1.0830351748217273e+00  -6.6623565383856043e-01   1.0875440428100110e-01  -2.6193879032698103e-01   3.5817643849062825e-01   7.9033137493325439e-02   3.9631691554507524e+00   1.9390428108958013e+00
   3.4411600000000000e-03  -6.7627366416218859e-01  -1.8925435800917495e-01  -1.4467576998215398e-01   1.2886862936360080e+00   5.9035341976642219e-01   1.5191799921409174e-01  -5.9727061030613693e-01  -1.0526276998279790e-01  -1.7541571508225136e+00  -2.7319334786514460e-01   3.9762262703936790e+00   1.9421332061056127e+00
   3.4214599999999999e-03   1.0847539550944299e-01   1.0083813534855945e+00   1.3397285370406440e+00   1.0664830924484225e+00   6.2536385466857469e-01   5.5486221712579786e-01   2.4862913872216574e-01   5.4060328202032126e-01  -9.8417203799302977e-01   2.2139068872634635e-01   3.9681283473070135e+00   1.9399728708686521e+00
   3.6204499999999999e-03  -9.1704154664541182e-01  -1.3494066107155769e+00  -8.6173311031867672e-01   6.2377908882204691e-01  -5.8835132514453958e-01   2.4583750187695599e-01   4.8146880157141386e-02  -9.4923893632694067e-01  -8.0024963257907522e-01   5.5484808972420896e-01   4.0039668688257377e+00   1.9489984555491939e+00
   3.4891399999999999e-03  -6.0022746287598283e-01   4.6502954376632544e-01  -1.0956088016648515e+00   5.8806143436965530e-01  -2.9088825003475210e-01   9.4173032031167159e-01   8.6087147407503362e-01  -1.4037288863943820e+00   6.7294853347731803e-02  -4.6146648780332339e-01   3.9700743474390516e+00   1.9405891704538754e+00
   3.6385200000000001e-03  -1.9079657317476242e-01  -2.7986260225227977e-01   1.3018652788612359e+00   5.2959591771910275e-01   8.0908895117597057e-01  -1.2628128558269835e+00  -5.9029529863500763e-01  -6.7253735793348191e-01  -9.3421800784577658e-01   2.4683963213671309e-01   4.0241079929586601e+00   1.9539755640912597e+00
   3.4789600000000001e-03  -9.5443328286973783e-01   7.0844111086310779e-01   4.3432055439961037e-01  -6.9719466764931681e-02   7.9953091743297344e-01   1.1664584960496676e+00   1.4711212175581558e+00  -3.6279181278072203e-01  -4.3026144839129660e-01  -1.0686663165261791e-01   3.9922562326476374e+00   1.9462886879696644e+00
   3.5185500000000001e-03   1.2292353879637103e+00  -6.7265988747384020e-01  -1.1840646819641161e+00  -2.2456343147402635e-01   7.3975135024945693e-01  -1.3464832115559286e+00   5.2282973624377532e-02   3.1991012432189339e-02  -3.7173747020556186e-01  -3.0727658366533916e-01   3.9660513154011863e+00   1.9395655834888810e+00
   3.5611300000000000e-03  -6.4984094801369985e-01   1.9164920154108547e-01  -7.7644104121547874e-01  -7.6600362764244159e-02  -5.2818422809675147e-01   4.2200014901930000e-01  -1.1267464670339273e+00  -1.6020470060299961e+00   6.0026835778812093e-01   5.0634620653379581e-01   3.9642816728479877e+00   1.9392948655353812e+00
   3.5021499999999999e-03   9.5358284059643961e-01   3.5314029186729540e-01   2.6357893923721037e-01  -1.5377976488964080e+00   3.1102061335206688e-01   7.0390483553407377e-03  -7.8210082467069686e-01   4.0548214691209483e-01   1.0773332099261765e+00   7.7319460458129941e-01   4.0007491157715771e+00   1.9483497358342527e+00
   3.4505600000000001e-03   6.6787239695224487e-02  -1.8608453901567348e+00  -6.5435988406530171e-02   5.0818609585311703e-01   4.9051043019449930e-01  -4.4781754438882287e-01  -7.7554061061787527e-01   7.1776963034340625e-03  -2.0077226018511765e-01  -1.1267801602419898e+00   3.9902678643952960e+00   1.9453274598009047e+00
   3.4370500000000001e-03  -8.6134890746113624e-03   1.5095939586277318e-01   6.2991771195534171e-03  -1.1352979710936846e+00   5.2666235884550284e-03   5.4478678199071018e-01   1.0358596493336419e-01  -1.3820701990949671e+00   5.7231066233409167e-01  -1.4911696249560467e+00   3.9811745595849750e+00   1.9433651145080064e+00
   3.3260500000000001e-03   3.0276913041191494e-01  -2.2223998824321332e-02   1.0490394016489384e+00  -1.6528095458521284e+00  -1.0316916345115282e-01  -1.0634455569700103e-01   9.8740652294044662e-01   2.8331594368484603e-01   8.4102083018916385e-01  -6.7493753636119480e-01   3.9877080171989325e+00   1.9449832913755680e+00
   3.5433999999999999e-03  -1.0759439750953010e+00  -4.2540593540393440e-02   1.1063416982480256e+00  -3.8977369355986424e-01  -3.6293154950198536e-01  -1.5719823434620743e+00   7.4618145233682898e-01   3.4939495912615587e-01  -7.9980142588836650e-02  -4.6786783598866144e-01   3.9895050479497089e+00   1.9454374127424574e+00
   3.6585900000000002e-03   3.5032517517448103e-01  -5.3688123734897197e-01   5.7891951167024898e-02  -3.6429576776495670e-01  -3.4387409873749558e-01   7.6066469637838108e-01   1.4419447475611382e+00  -8.2328445189345856e-01  -5.8391324159410263e-01   1.2861947185508813e+00   3.9968946210463678e+00   1.9472448554029851e+00
   3.5601700000000001e-03   7.8662571249128910e-01   7.0688878586690274e-01   1.1166719825416260e+00   9.0056749619481680e-01   3.8403633257698100e-01  -5.7205139383085546e-01  -9.9045180758714180e-01   3.1302226992854998e-01   7.6377580432392145e-01   8.5479199906976600e-01   3.9955180416912111e+00   1.9469121560825162e+00
   3.5509000000000001e-03   2.7851219314937969e-01   7.7490383984844197e-03   5.4533803877950660e-01  -1.8211404577036563e-01  -2.0113186652514732e+00  -6.8355801521624782e-01   7.3642144845808544e-01   3.8179275546453395e-01   5.9767749876309495e-01  -2.5791006761822344e-01   3.9835450429069175e+00   1.9440094107996206e+00
   3.6109699999999998e-03   8.0928698436455712e-02  -4.7347682976138450e-01   1.1442876471721937e+00  -1.9285433979896990e-01   4.6800777484994560e-01  -1.2908100091504415e+00   1.0639489445395228e-01  -1.0845547441458450e+00   8.9423242000913816e-01  -7.2385006815611186e-01   3.9878151989089043e+00   1.9448888941163955e+00
   3.5126100000000002e-03  -2.8064399163409620e-01   3.5579789325859634e-01   9.7585794005911886e-01   1.1638078904290625e+00  -1.2861431575499065e+00   5.7595674817287834e-01   1.8144506423197898e-01   1.2310385642633630e+00   1.3675013132738179e-01   6.8850938322814637e-02   3.9925074393372877e+00   1.9462464262362809e+00
   3.5949300000000001e-03   7.0196373560172265e-01   3.8143309135307518e-01   1.8596038439461512e-01   5.5620879645177002e-01   2.3087957017780394e-01  -1.4626693263438746e+00  -9.5673184536246636e-01   1.3321552126298161e-01  -6.7268409027846954e-01  -1.2173686212296742e+00   3.9989222758053145e+00   1.9478537614738318e+00
   3.5460000000000001e-03   2.8727320180836413e-01   4.5263534503345032e-01   2.2293622671840957e-02  -6.4525849519643197e-01  -8.0274561262109201e-01  -4.6205947136015590e-01  -2.1123797398213845e-01  -1.4304152735235949e+00  -1.1073401160421459e+00   1.0818547035592723e+00   3.9831781579174632e+00   1.9439336875979132e+00
   3.4264400000000002e-03   6.1104946924796955e-01  -1.1643280098180071e+00  -3.0288154607935674e-01  -8.9633746550300197e-01  -9.8410101963943911e-02  -2.5918827748797063e-01  -1.4514962883359896e+00   1.1347991361587233e+00  -1.6734678848530624e-01   7.8305928908030023e-02   4.0008335504311532e+00   1.9480499001461078e+00
   3.3939199999999999e-03   9.3797381968664817e-01   8.5172269796594952e-02   1.4383019730081799e+00   8.1804934936905715e-01   1.1022238816990741e+00   7.9502284081412233e-01   1.8232860708067500e-01  -5.4273502020158670e-01   6.0576114636414202e-01   1.3361730569490648e-02   3.9991057138619928e+00   1.9479032856620355e+00
   3.4968099999999999e-03  -1.4057449518325735e+00   1.1045998836757398e+00   5.0020657451179185e-01  -3.5025633639903619e-01  -6.0966168963804146e-01   3.2311910705663249e-02   8.0645363672306591e-01   9.2825118617139657e-01  -1.3537877673669058e-01   8.4019947102247616e-01   4.0257769434428363e+00   1.9542561328502546e+00
   3.5171500000000001e-03  -1.4021617543448861e+00  -8.9158703755824531e-01  -1.6238233158356474e-01   5.9099593133119965e-01  -8.0549397781386978e-02  -2.8030534366837989e-01   6.2440959603367607e-01   1.3899610636629036e+00   3.0003168826735654e-01   6.3228960184793070e-01   3.9801312254338703e+00   1.9429058356924773e+00
   3.4471500000000000e-03  -7.8529491371513027e-01  -8.8133544066504255e-01   6.5541004560130323e-01  -6.8717407469890301e-01  -4.4063722556819568e-01  -4.0099820578530720e-01   1.0399465269987191e+00  -1.4436075977674712e-01   1.1691076982852018e+00   9.8908720463605715e-01   3.9869851158427143e+00   1.9447236702825312e+00
   3.3811300000000000e-03   7.7073964474831480e-01   2.0206885416621656e-01   1.2324414752405475e+00  -4.4617590234803511e-01  -1.5134794163270089e+00   7.0961968325663061e-01   8.5651435085609559e-02  -1.0295184925004144e-01  -8.4236616834389011e-01   3.6363289339538163e-01   3.9511637776777699e+00   1.9356100566300223e+00
   3.5032100000000001e-03  -2.0526906456668167e-01  -1.2102526813317744e+00   1.4626568181296246e-01  -2.0125491971678972e-01   9.6049372908734176e-01  -9.8400056737416897e-01   1.1715601716428625e+00   7.9641608003604736e-01   4.5069141649534306e-01  -6.4016684553908532e-01   3.9970504463657979e+00   1.9469329773724411e+00
   3.5878699999999999e-03   2.8130958614676199e-01   1.2142757739300110e+00  -2.1429218336610067e-01  -5.8974355610199247e-01   3.5046974891676613e-01   5.6030823115601669e-01   3.7257335334369335e-01  -1.2328398882225835e+00  -1.2244322382775714e+00  -7.0040781718197087e-01   3.9939524535209570e+00   1.9467839735413952e+00
   3.4720799999999998e-03  -4.6592305198910228e-01   5.4695571800838483e-01  -7.6565190137630479e-01  -3.6022599905395236e-01   1.8064705907659484e+00  -1.0124896500760225e+00   3.1192654976749579e-01  -6.1662732884266080e-01  -3.2216439673271574e-01  -1.9702908563425270e-01   4.0089031046316945e+00   1.9502787452919321e+00
   3.5018200000000001e-03   1.1731019534365104e+00   3.3838941551874735e-01   8.3006664112618000e-01  -4.3471815846520334e-01   1.5499148335816235e+00  -1.0637989782780624e+00   2.3913631231193336e-01   2.7673552903610060e-01   3.8370515600558242e-01   1.2909725094274236e-02   4.0307700013365935e+00   1.9557418818594074e+00
   3.4828400000000001e-03   3.3668670654094396e-01  -2.6355408954378995e-01  -5.3327665886618858e-01   8.7303592182172082e-02   1.1670956472595393e+00  -1.1557962908933179e+00  -1.5532921316542885e+00   7.3611616441961694e-02   6.8795023295463353e-01   1.6339406184119507e-01   4.0009812775019498e+00   1.9482357739826806e+00
   3.4974300000000002e-03  -2.9862349003781791e-01   1.4162239381422363e+00   5.7819107400362368e-01  -3.5864212773455889e-01   1.5824668458718232e+00   5.2363905672147149e-01  -9.4062446226901533e-02   5.4560063913656154e-01   7.0113730918665784e-01   1.9424647734082920e-01   4.0202726278098533e+00   1.9531146635925598e+00
   3.5112199999999998e-03   5.9483954116395465e-01   4.7573682244298449e-01  -5.5521009041589053e-01  -6.7401222412941741e-01  -1.6271820711644133e-01  -1.1606511817853911e+00   9.9685475797247480e-01   2.2088158913607067e-01  -5.4413232138620293e-01  -1.4032142737005417e+00   3.9747186816005966e+00   1.9417519792313112e+00
   3.5708400000000000e-03  -1.8241293248142727e+00   7.0425176638497466e-01   6.7004766875315980e-02   1.6542769180898093e-01  -6.5685372296568026e-02  -8.0396460854593033e-01   2.4859319788054671e-01  -1.0863118431149492e+00  -3.8774288868489959e-01   3.6770387705204993e-01   3.9907587132358846e+00   1.9459300628839722e+00
   3.4948700000000002e-03  -4.9989213549007477e-01  -1.2678729718898146e-01   1.0481375302596276e+00   4.0526027348651877e-01  -9.9299033895155597e-01  -1.0876754009248295e+00   3.1061850939734359e-01  -5.0696698337036487e-02  -5.3056150737844865e-01   1.4182408811886675e+00   3.9924842691023730e+00   1.9463258266299821e+00
   3.4471599999999999e-03  -5.3146760362112044e-01  -1.2583628787422163e-01   5.9183885348742382e-01  -1.5323673448418380e+00   2.9591259450644347e-01   9.0934608691688290e-01  -9.0983084703225769e-01   8.3638782484358576e-01   4.9084429576760163e-01  -6.2546188184496665e-01   3.9882064613340913e+00   1.9449620464389306e+00
   3.6124500000000001e-03  -5.1129964563639496e-01   2.6055505831609654e-01   2.2818609549356523e+00  -2.6156010166717397e-01  -1.8560976484786867e-01   1.1667608767127399e-01  -3.6106756316708888e-01   2.3924547412987651e-01   2.3974191651052870e-01   2.2409009050893694e-01   3.9736620549283153e+00   1.9414878097366932e+00
   3.5340100000000002e-03  -2.1870208108263473e-01   9.8575489456539622e-01  -1.4077111746175526e+00  -9.4108619435373064e-01   8.4525211409570344e-01   9.7434694899871843e-01  -2.4544510638675299e-01  -5.2781670157366600e-01   4.1270084749058050e-01  -3.7802483261306311e-03   3.9992979075050612e+00   1.9478192901852753e+00
   3.4212299999999999e-03  -7.1237769515213922e-01  -4.9785638913198549e-01   8.1831961262000064e-01  -6.7051451046305477e-01  -5.1705302958435240e-01   1.7039164600163941e+00  -4.1095829379745000e-02   6.5502661728527301e-01  -5.5512586805220965e-01   6.2149619539570899e-01   4.0062314358344127e+00   1.9495638572303824e+00
   3.5950499999999998e-03  -3.2480698690948884e-01  -1.2189245731098870e+00   1.6953172409285544e+00  -2.7441365734407462e-03   4.5187631408683365e-01   5.4979686321636867e-01   3.7209474851945035e-01  -2.4920241189716169e-01   1.8177202872405460e-01  -9.3466022236833612e-01   4.0110966361983094e+00   1.9509292577582027e+00
   3.5108600000000002e-03  -3.9543021830161701e-02  -1.5060445771915429e+00   1.3880583732980406e-01   3.6357260330878177e-01   5.2002463699730861e-01   1.5658492186359505e+00   2.5572430630129123e-01  -3.4063990770478025e-01   2.9087942805240014e-01   8.3180221884378580e-01   4.0026646790461271e+00   1.9485989485435817e+00
   3.4946800000000000e-03   1.0343230676713677e+00  -1.1837475717555388e+00  -4.5562296931213930e-01  -8.3473934647639247e-01   4.8948183768842279e-01   1.8225637552333163e-01   6.8915948278970393e-02   2.7434361095181886e-01   8.2993089498110473e-01  -1.2865136736410545e+00   3.9932832331236776e+00   1.9461694844609212e+00
   3.4141599999999999e-03   4.3359998972105754e-02  -4.2796760316559812e-01  -1.0148928188573323e+00  -2.0118834706073274e+00   2.8032308739514655e-01  -2.7711951220169201e-01  -2.6250777437783102e-01  -1.2401839907427442e-02  -7.4449370241122836e-01  -3.0973563929917475e-01   3.9960908765993226e+00   1.9470120795980288e+00
   3.5398700000000001e-03  -1.6616145692827150e-01   6.5409855036907605e-01  -3.2144774838578516e-01  -1.3644643707216013e+00  -5.8854753902223700e-01   6.1626992604180941e-01  -1.4901230195431021e+00  -1.8613384037436950e-02  -8.2500592847200316e-01   3.0118922195426501e-01   4.0182921049505715e+00   1.9529644688803698e+00
   3.6253900000000000e-03  -1.1131921609101227e+00   9.1269104947368951e-01   7.3872641526454086e-01   1.7169506213758615e-01  -1.4794722757595140e+00  -7.8458961525287099e-02  -7.3978029539434997e-01  -1.8424504483825910e-01  -6.1229812217960955e-01  -3.5706600804350308e-01   3.9725004376597992e+00   1.9409329010110956e+00
   3.6803000000000001e-03   3.1135688819033552e-01  -3.4939162661561890e-01  -4.0780486569682561e-01  -2.8419195335424136e-01  -5.9942964282852340e-02   4.5237456533285431e-01  -8.1468042847076461e-01   7.3015308796956535e-01  -1.1122089270288735e+00  -1.6817913199337098e+00   3.9821999555071064e+00   1.9435631386337604e+00
   3.5695400000000000e-03   1.2145199576391474e+00  -1.2209321824303843e+00   6.4895875876205789e-01  -9.4539788121426005e-01   6.1945725130581197e-01   6.4455962048352733e-01   2.2534169678878341e-01   6.1970891848110421e-01  -7.0070279527715451e-01   1.1435326686829868e-01   3.9816565819451437e+00   1.9436196692019028e+00
   3.5375099999999998e-03  -7.9028555726641816e-02   1.1409667043714744e+00   1.1589423063344553e+00   3.6246688920870240e-01  -9.0273779084740102e-02   4.0047281453020545e-01  -1.1030976189927624e+00  -1.3617191067578229e+00   1.1272184579766904e-02   1.4262818606013777e-01   3.9930369247860504e+00   1.9462185083669639e+00
   3.4188299999999999e-03   6.1182999386364256e-01   4.8647966013800265e-01  -1.1892961466915943e+00   7.1982920262986727e-01   1.3512864924590953e-01   6.9253981522040231e-01   3.8684793688261965e-01  -8.2746555589408410e-01  -9.5557259527270635e-02   1.4827891035334215e+00   3.9814355090440716e+00   1.9433281831702147e+00
   3.6064299999999999e-03  -7.6378187344630355e-01   1.4532338923822608e+00   1.7410491434307823e-01   1.2905827925741205e+00   1.3778620422740170e-01   1.0407375971963289e+00  -4.2304866368035855e-02  -1.9049357436834932e-01   5.3842204653995140e-01   3.7348772209046610e-01   3.9745490609963263e+00   1.9417785480847871e+00
   3.4712400000000000e-03  -1.0960246949678408e-01  -1.6997856637624348e-01  -6.2103017145774653e-01   1.2311148560346177e+00  -1.7375689421652505e+00   1.3461555456418151e-01   2.2506111698359349e-01  -4.8627764459350291e-02   3.1843143201835823e-02  -1.0283695672301383e+00   3.9880122554427899e+00   1.9451330202579853e+00
   3.6347400000000000e-03  -7.7180650067435175e-01  -5.2588317923027927e-01  -3.9882387663303243e-01   1.3815379836089199e+00   3.2133943431710943e-01  -1.5448535341278933e+00   5.5619918821607717e-01  -2.2512575997559858e-01  -2.2952201829079957e-01  -3.9303493158428654e-01   3.9839418295396318e+00   1.9440694020697176e+00
   3.4423700000000002e-03  -1.3783950390303654e-01  -4.3473407611916198e-01   6.2229529161980837e-02  -1.4938676945996774e+00   3.7821194094164928e-01  -1.4913789783474929e+00  -4.9174811229847448e-01   4.3348449546574541e-01   4.5006502284319044e-01  -8.0069671721684232e-01   3.9859660530870822e+00   1.9445474063784904e+00
   3.5200399999999999e-03   4.1343461684203264e-01  -6.9602271135106045e-02  -6.9111177014961001e-02   1.8747375482065065e+00   4.7339340079720238e-01   6.4720539055225834e-01   1.1854005573151509e+00  -5.3158872511537991e-01  -2.8993772236731918e-01  -1.4777410838014701e-01   4.0183042278502938e+00   1.9526081080736377e+00
   3.5517200000000000e-03  -4.1348282450758045e-01  -7.1623315375136820e-01   7.5427027965201499e-01  -1.1070060756496389e+00  -1.0267207591805732e+00  -1.9302392452257400e-01  -8.4122596089827495e-01  -5.8851524219107587e-01   1.1368398073730752e+00  -3.9835839807066969e-01   4.0083566659697745e+00   1.9501535138109216e+00
   3.4954800000000000e-03  -2.5159934798639638e-01  -9.2727951458614649e-02  -4.6219167925123386e-02   5.9008187163262626e-01   1.1319211122305175e+00   1.5961761798458525e+00  -2.0480383530386306e-01  -3.3176573684716720e-01   3.3767863884642191e-01  -1.2790461232459045e+00   4.0115562886853571e+00   1.9511260894536888e+00
   3.4960299999999998e-03   1.7816137155515104e+00  -1.3324448485966320e-01  -7.2874589956205782e-01  -8.5466618514390569e-01  -3.9963281548724960e-01   5.9525773232861234e-01  -3.3662262612909544e-01  -3.6773345161333770e-01  -9.5460071747653208e-01  -1.7267456988106411e-01   4.0196461455999364e+00   1.9529776615967478e+00
   3.3110599999999998e-03   1.7393133725801749e-01  -5.2904473151594822e-01   6.7749781303786671e-01  -5.7605575856257518e-01   1.4668936196523510e+00   3.1967876379989463e-01   1.3529197134893856e+00  -3.2100194876783394e-01   7.6305611583549215e-01   4.5741436934099861e-01   3.9566161070270893e+00   1.9371033449222850e+00
   3.5564300000000002e-03  -2.8224693477493568e-01   2.6136359547778909e-03   1.3383279187236548e+00  -6.4897426835760619e-01   1.0729985250957912e+00  -4.0782817763177381e-01  -1.4083748434610344e-01   1.2701911251085700e+00  -7.5259211350850475e-01  -3.9878130404452145e-01   3.9691851542512882e+00   1.9402667877088848e+00
   3.6566699999999999e-03   3.6294577905814418e-01   1.3330166082157999e-01   9.7377296504136734e-01   3.8412810740285813e-01  -3.4204002383450738e-01   1.6026733167465650e+00  -1.1979259588033921e+00   3.0867246628349204e-01   7.2175760849542758e-01   1.2925514046140363e-01   3.9912857927728025e+00   1.9461775353177011e+00
   3.5606499999999998e-03   1.6434558916657163e+00   3.5389757512433911e-01   9.8580244649551618e-01  -1.7983972802612003e-01  -9.2167853787224543e-03   1.7278108580017951e-01   8.7325227515731747e-03  -3.2534853000279490e-01  -2.9603018126427343e-02  -1.4377527928121550e+00   3.9810691741036823e+00   1.9436872729515968e+00
   3.5728700000000001e-03  -1.1485756889145655e+00   3.5569260841573769e-01  -1.2856712066772764e+00  -7.0711157826336812e-01  -3.9024585362873560e-01   6.5305557840078865e-01   5.6792277319218598e-01  -2.3521249338230771e-01  -1.0084286937173288e+00   7.0970835620247397e-01   3.9988061350821456e+00   1.9478740454197714e+00
   3.4779600000000000e-03  -6.9964721867595348e-01  -1.1436977822706611e-01  -4.1167202841676970e-01   6.8779570647060320e-02  -1.0104991896231401e+00  -1.1673775750826543e+00  -8.7627407871582352e-01   1.1597099318017612e+00   2.7942812676433104e-01  -9.3460289461798352e-01   4.0093136022537008e+00   1.9503105917060377e+00
   3.4162900000000002e-03  -1.0603667790748519e+00   1.3669474807777906e+00  -3.0030902408863241e-01  -9.3817185308867435e-01   2.7473993290683418e-01  -5.3862921205603898e-01  -2.0691598433648928e-01   5.1797967822854296e-01  -7.1238737062098145e-01  -9.9368671122713725e-01   4.0032627842730397e+00   1.9485832771101341e+00
   3.5926500000000002e-03  -3.3643763309995629e-03   1.1138050044110313e+00   6.4313143074057144e-01   1.6738731746887595e-01   1.0078673253287671e+00  -4.9080725987606061e-01   6.3830522102816323e-01  -4.4914480153224312e-01  -3.2413293008405014e-01   1.5566537560376696e+00   4.0002410612118755e+00   1.9481841539444664e+00
   3.5045699999999998e-03   3.8728376638113959e-02   2.1531655193044238e-01  -9.0982408116171365e-01   5.5407322538258796e-01   5.7498792298044243e-01  -5.4208358547235891e-01   9.7898790085591725e-01  -9.0837291798583919e-01  -1.4935999481085653e+00   5.1357024592770961e-01   3.9983385565837417e+00   1.9477704737423789e+00
   3.5750199999999999e-03   1.3007829188521398e+00   7.0595959417235610e-01  -1.2870616902139162e-01  -1.6692617171756755e-01  -2.0876673257983613e-01  -9.6648399646803584e-01   3.4616221378724799e-01   1.6888558700879289e-01   1.5696564352203737e+00  -4.3391631325146612e-01   3.9837222677502653e+00   1.9440691887815342e+00
   3.4288700000000001e-03   8.9880699022706928e-02   1.0772787304314613e+00   4.0828486183715054e-02   1.0803810144452206e-01  -9.6830035755899102e-01  -1.0264030161486790e+00   1.4347490751577360e-01  -1.2631800748225110e+00  -5.9538274994768534e-02  -1.1481504002866991e+00   3.9896105091928691e+00   1.9452509368033679e+00
   3.4746500000000001e-03  -1.3073732325471499e+00  -1.1776167415768786e-02  -7.6068275038660327e-01   3.1713543828031288e-01   6.6497750170502223e-01   1.6898614375725649e-01   1.0605187284948929e+00  -6.8042653453157231e-01   6.8132372927089546e-01   1.1167574106055607e+00   4.0173771400581630e+00   1.9523767692641285e+00
   3.5474899999999999e-03  -4.2438353532558165e-01  -2.3207999814197071e-02   2.3143627462769367e-01   5.5681868175429361e-01   1.1770607637123085e+00   5.1281397081533786e-01   8.8034225365118568e-02  -1.8366337399904562e+00  -4.4398378188300325e-01   4.2416564659511102e-01   3.9532363979244107e+00   1.9363799200386753e+00
   3.3915400000000002e-03  -4.3741633273919195e-01   1.0298033904863589e-01   3.8744399839291854e-01   4.6475166971177734e-01   4.1133674768448064e-01  -7.2205142914324809e-04  -1.0285886075832449e+00   1.9339629442859561e+00   5.1553536687115387e-01   5.6534439841471662e-01   3.9813871403156869e+00   1.9434886365864568e+00
   3.4316500000000001e-03   5.1922603706471371e-01   1.3973159337363168e+00  -8.2477576478034553e-01   1.9431782101878345e-01   1.9639533634092915e-01   2.6611812946183155e-01  -2.8245836269504165e-01   1.0603958266488500e+00   1.1506636854815326e+00   7.1200264274534741e-01   3.9845626490288009e+00   1.9440002746128013e+00
   3.3635900000000001e-03   1.2441008835188114e+00  -4.9514194556265221e-03  -4.6406224792038864e-01  -2.5510822095475416e-01   1.5458451716760859e+00   1.9211930528918522e-01   6.3130131472716774e-02  -1.2234866710626913e+00   2.8069523941938712e-01  -4.8302587903826077e-01   3.9641250681067528e+00   1.9390449544176203e+00
   3.6184799999999999e-03   6.3432308306620844e-01  -1.7382383751551702e+00  -7.8939169282231902e-01  -5.4645309782177010e-01  -4.9289635887032279e-01  -3.1321631082801216e-01  -5.9553609666449314e-01  -6.8852096569026866e-01   3.0971421986720743e-01   6.1471904834668090e-01   3.9925025528580429e+00   1.9460517608716208e+00
   3.3119000000000000e-03   1.4065580083086801e-01   1.2553467271494061e+00  -2.3261731792442986e-01   1.1274652419787812e+00  -9.8447785794831943e-01  -6.1446958016012510e-01  -1.0477677746909313e+00   2.0025827319491613e-01   7.9569782274014367e-01  -3.0590252536815604e-01   3.9774753620776999e+00   1.9422835367510196e+00
   3.3938400000000000e-03  -6.5751603741103148e-01   5.8300274977332600e-01  -6.4006141636609448e-01   8.9076680309094158e-01   6.7151127405065444e-02  -9.5365230442754823e-01  -1.2184593104748578e-01   2.4618516459099007e-01   1.0568714892900373e+00   1.4334611950450433e+00   3.9970505560746927e+00   1.9472912286760282e+00
   3.4829300000000000e-03  -1.6537704369178474e+00  -4.2175330667437860e-01  -6.7357701123600414e-02  -8.2747217494228231e-01  -2.9196809230181053e-01  -6.0968215939109172e-01  -8.5911107652151497e-01   5.8351288180152583e-01  -8.7838965423644333e-01   3.5309409687592508e-01   3.9707312708833031e+00   1.9408598189013195e+00
   3.4932499999999998e-03   2.5865434535534049e-01  -1.2150748884543721e+00  -5.8266755533654645e-03  -5.2079329837372401e-01  -1.8212880034280932e-01  -1.6252636208003629e-01  -3.5250167970787455e-01  -2.1918243903366438e-01  -1.9682308845408203e+00   3.7279187781879480e-01   3.9832435750662611e+00   1.9435581825118355e+00
   3.5956199999999999e-03   2.4082382431068269e-01   3.1132931716484563e-01   5.6218150383440335e-01  -4.0107361000244653e-02   7.7288561457149485e-01   1.3427423042313688e-02  -1.0901148669530107e+00  -2.8136718641974129e-01   1.6591906617878638e+00  -1.0227119692001219e+00   4.0248735456944118e+00   1.9542687706687856e+00
   3.5821899999999999e-03   1.8221261353706314e-01  -6.4711554705359955e-02   6.9359388172549452e-01  -1.1248766471769549e+00   7.2657625486330313e-01  -8.5678761531833747e-01   1.0721041072274990e+00  -5.6103322905763042e-01  -1.2128134142371847e+00  -1.5129491233630166e-02   3.9673479074178921e+00   1.9399048450861838e+00
   3.4535400000000002e-03  -9.8423682498554121e-01  -2.8815402975743731e-01   8.8064255668379732e-01   1.0279194567753258e+00  -5.7900124092699456e-01  -9.6195427954589152e-01  -5.4092846314132947e-01   2.3071068180646651e-02   1.2759310883665067e+00  -2.1112892398626379e-01   3.9969830275910438e+00   1.9472567698893932e+00
   3.3553699999999999e-03  -4.0898357736991370e-01  -4.9223084265845635e-01   4.2053417629136830e-01   2.8530909917513442e-01  -2.4730425211460572e-01  -2.5744850537798830e-01   3.6616124699392855e-01   4.2746309017576523e-01   3.7447461120820341e-01  -2.2154460942306442e+00   4.0086042107950703e+00   1.9497001595228343e+00
   3.5891600000000001e-03  -3.8293571138378274e-01   1.5682064271198144e+00   5.8680176165371278e-01  -8.9457941778276540e-01  -5.4882119357483472e-01   1.2715909921708857e+00   2.1457701390308209e-01   1.9806797175176513e-02   4.3991083067647346e-01  -2.4508013365216655e-01   3.9697313241607817e+00   1.9404195998303015e+00
   3.4130699999999998e-03   7.9023496030273851e-02   1.4105910192692270e-01  -1.2324790802368337e+00   4.4497347916917851e-01   6.7312099883630439e-01  -3.9513675014343946e-01  -1.0167430986661963e-01  -3.9870174484878013e-01   4.8925136974991579e-01  -1.8187304698199631e+00   3.9774198380201855e+00   1.9423631532310015e+00
   3.6249300000000002e-03   2.5991555851121451e-01  -9.4028568505197530e-01  -1.2397188654760620e+00   9.2743953748459040e-01   3.5751161304289963e-01  -3.3171153596304070e-01  -3.7272402571979374e-01   1.0712900686552529e+00   1.0331774783232586e+00  -2.7458521489938553e-01   3.9954259932468208e+00   1.9470707462927772e+00
   3.4761000000000002e-03   4.8683004401572216e-01  -4.6478295019132354e-01  -5.5537473457361630e-01  -1.1889398979295518e+00   9.8012482022506020e-01   2.5923478201396327e-01  -1.6087611982190517e-01  -7.8115753750902650e-01  -4.1960237785316762e-01   1.4351094880730355e+00   3.9859370688438536e+00   1.9448081888660849e+00
   3.5777900000000000e-03   1.2092316547502835e+00   7.0197071777351838e-01   1.0162823188201360e+00  -5.1841337262850784e-01  -1.3813244561897872e-01   6.4115321659719471e-01   3.8028181330029287e-01   1.3889274033203387e+00   1.7845953323346131e-01   4.4798058326076112e-01   3.9805616866997573e+00   1.9434552420526441e+00
   3.4737700000000002e-03   2.4648135513234556e-01   1.4871895162385207e+00  -7.4005680970616494e-01  -2.7758839139127800e-01  -1.2717521694902405e+00  -1.0963512317487858e-01   2.8747356672894447e-01   1.1167244439043211e+00  -2.8561432383016533e-01  -4.0600298090790188e-01   4.0025243711787803e+00   1.9487191261528420e+00
   3.5965799999999998e-03  -2.2102305881684472e-03  -1.2029341194636842e+00  -4.0538216461181087e-01   3.0271881680555751e-01   2.9648194501353020e-01   6.0322292018863244e-01   4.2679410805835249e-01  -1.1598012820847627e+00   1.4286040422994550e+00  -5.2551894216087647e-01   3.9795188413735039e+00   1.9430031974019943e+00
   3.4325400000000000e-03   2.0293898499553198e-01   1.1924431620184146e+00   5.8946390454221613e-02   5.9676295482982344e-01  -8.1998791574527041e-01   2.6228867734941579e-02  -7.9856538313210301e-01   4.9723328354793783e-01  -7.6518086104287397e-01   1.4820962859051026e+00   4.0131363664431907e+00   1.9513579873382734e+00
   3.6624900000000000e-03  -8.7479371871589984e-01  -7.5263622258217933e-01  -8.5067201847918117e-01  -6.9576427032505073e-01  -8.1508039229459220e-02   2.7002432525684150e-01  -8.5637266695947434e-01   4.1236098539945282e-01   6.6505454223301530e-01   1.4320097453553746e+00   4.0050187279812004e+00   1.9494014794495018e+00
   3.5315500000000001e-03   4.9220151786057820e-01  -1.0383002371968601e-01   8.9900887411954167e-01   2.1744774196259542e-01  -5.2459643270103018e-01  -7.4969137933124175e-03  -9.9982717193999959e-01   1.3112297228253078e+00  -1.3880406902624247e+00   1.3268288841283091e-01   3.9918280594986881e+00   1.9461322746385219e+00
   3.3795299999999999e-03   5.7185600959453287e-01  -1.4556258522640571e+00  -7.4022138808267390e-01   8.4669796390190533e-01   5.0871727918836740e-01  -1.9011392196906753e-02   9.0516904870187109e-01   7.2039099781189608e-01  -8.3994513381282776e-01   4.0923154504672371e-01   4.0005629170002646e+00   1.9481433506740693e+00
   3.4095100000000001e-03   6.9202165161516327e-01  -2.8583002678976815e-01   1.4220308490909723e+00   7.7068763490574654e-01  -1.2586445312665639e+00  -6.3522538326614453e-01  -7.5462864850490052e-01  -5.5635706380638017e-01   4.7759767025662607e-03  -1.2255655637050938e-01   3.9736898845798940e+00   1.9414317496612989e+00
   3.3442500000000000e-03  -3.1771264855488444e-02  -1.0414148061890733e+00   5.9977027855059006e-01   1.0392758936591382e+00   3.8448124038602743e-01   2.3588088162002158e-01  -1.4791301885919139e+00  -9.5387971310087905e-01   5.7749047927972064e-01   1.5776686617312458e-01   4.0160587763156359e+00   1.9516341282170384e+00
   3.4527199999999998e-03   9.8021979605416731e-01  -6.6292172669594485e-01  -4.7397625812512356e-01  -1.2023117114007851e+00  -4.2955281636307546e-01  -3.7707670794476855e-01   1.2386230905700784e+00   9.2181739873001312e-01   2.2222118386662082e-01   4.5268545916189712e-01   3.9758825184329534e+00   1.9419085382897292e+00
   3.5571600000000002e-03   5.7614262180016174e-01  -1.1608023409753992e-01  -9.3163132897259016e-01  -1.0287404841885641e+00   3.4325987060217572e-01   1.4246852906740417e+00  -2.4048207629080051e-01   1.1024304293974347e+00  -1.9605352340496177e-01   6.0313988971722965e-01   3.9982730773116528e+00   1.9480060314074874e+00
   3.5550899999999999e-03   5.7314694797984689e-01  -5.9815606129388132e-01  -2.7617473000282938e-01  -8.1786014680006824e-01   5.0216971830249346e-01   1.2049048555509454e+00  -1.4529119474755574e+00  -6.7734298497841006e-01   4.9874746347518101e-01  -2.1168117409963244e-01   3.9767774525165298e+00   1.9421668578675759e+00
   3.3858500000000001e-03  -5.4336302264846197e-02  -1.0795006894603760e+00  -1.3521271839723248e-01   1.0420799857135135e+00   4.5171663723596367e-01  -3.7811127414046491e-01  -8.5916903786955545e-02  -1.4206891331750729e-01   1.6269741116703040e-01   1.8531779714469803e+00   3.9883238451739960e+00   1.9448466965873816e+00
   3.4197400000000001e-03   1.4048073491913049e+00   8.3752730093001704e-01   3.4627246985753979e-01   5.4539890605510977e-01   4.1387307745550012e-01  -7.7734731865021578e-01   1.4655955672636095e-01  -1.4027066194898163e+00  -5.2467747456902691e-01   7.3322942796524904e-02   3.9978610049351078e+00   1.9473697305761097e+00
   3.4954000000000001e-03  -2.6025571725917440e-01   7.7343325509253558e-01  -8.5032012366979659e-02   5.0255270373684757e-01   9.2549534433437641e-01  -1.3381432688776553e+00  -6.0037314449793308e-02   9.8522042179277525e-01   9.1716095458468405e-01  -8.1753699083495690e-01   3.9792706909706004e+00   1.9430053061806400e+00
   3.6526000000000002e-03  -1.3482703230409079e-01  -5.8996381546642156e-02   8.1694597629380195e-01  -3.2907699641768851e-01   1.2340618122412432e+00   4.3274843544793279e-01  -1.3668415321408318e+00   3.2568511247690574e-01  -4.3653706147082272e-01   1.1371561997428414e+00   3.9831718303064636e+00   1.9436733344520694e+00
   3.4250100000000000e-03   2.3426671520352227e-01  -8.6885515007375708e-02   1.2072059316891903e+00  -4.7834777969039267e-02   4.9587067641590782e-01   1.0789714168436522e+00  -1.0082859000342510e+00  -3.0018129055915665e-01  -1.1630625104148586e+00  -8.1597853626737749e-01   3.9844417056261490e+00   1.9439035608744690e+00
   3.3595000000000001e-03  -3.9096348513041462e-01  -9.6822489536682721e-01  -2.9408601386506678e-01  -8.2704259532368229e-01  -1.7349122850376790e+00   1.7716903352767294e-01   2.4006379724841487e-01   3.1237485614887006e-01  -5.7178561735757072e-01   8.6736228556358508e-01   3.9919856021751499e+00   1.9455411038595369e+00
   3.3950000000000000e-03  -9.6095589471023379e-01  -1.1829284292043847e-01   6.7160380241433726e-01   8.2888838530781639e-01  -6.8623311003496412e-01   1.6502594841268474e+00   1.7620644654575163e-01  -5.8720471728618417e-01  -6.3035490903526015e-01  -3.5603448597580950e-01   4.0070168569613989e+00   1.9495680233818395e+00
   3.4591700000000001e-03  -7.5969318064207580e-01  -1.8068259536829083e+00  -4.5104992729678400e-01  -1.1344822841458628e+00   1.9081841764264890e-01   4.7178937106710261e-01   5.3236804357046530e-01   4.9359348934335245e-01   1.9861984439195318e-01  -2.6120233959957287e-02   4.0145955671544833e+00   1.9515830139932873e+00
   8.6733799999999996e-03  -3.4528460211528597e-03   2.1714317034213244e-03   3.7324212225283294e-04   1.2522814766888331e-02   1.2675909318292464e-02   4.6743153231120832e-03   1.8950743980845877e-03   8.7936282345743820e-03  -1.0539575201881309e-02  -5.7431550673138548e-03   2.0495051687261774e+00   1.4218692659986005e+00
   3.3582500000000001e-03   3.2600606922296482e-01   2.5298485355543127e-01  -1.8150925642518874e+00  -6.9702861401946448e-01  -5.7944076232644737e-01  -4.4879340367976900e-01   3.6381354230105589e-01  -1.2292112859219622e+00  -1.8217252523783461e-01   3.1895986482653819e-04   4.0041107710314137e+00   1.9488529965519199e+00
   3.3297700000000001e-03   5.1996333775383285e-01   1.1802374458022137e-01  -3.1925083103910074e-01   1.4283072980268663e+00   4.2758402292188752e-01   1.2524502043563113e+00  -2.5311370351555001e-01   1.1217906267782785e+00  -2.4304558284987474e-01   7.7940436841829652e-01   3.9871247748828025e+00   1.9448675742786345e+00
   3.4337600000000001e-03   9.8452500829166356e-01   1.0145006233012488e+00   3.4522634225202925e-01  -7.4080792462188516e-01  -1.2481326123679186e+00   2.0412574673394854e-01  -7.2680799816266417e-01  -8.7712446692243318e-01   7.2195094100437174e-01   7.1376426171300689e-02   3.9836052428742739e+00   1.9438158174119562e+00
   3.2893599999999999e-03   2.5135958144346821e-01  -6.2640696515237815e-01  -1.3965684002424996e+00   8.7472010824674984e-01   4.1011974759707276e-01  -8.7920875861855086e-01  -1.0776261781010066e-01  -1.2867787416608891e+00   5.4785004831735618e-01   2.4858995327162778e-01   3.9846571620236131e+00   1.9438915005874104e+00
   3.4020500000000002e-03   9.9262591587315874e-01   3.7731450984635478e-01  -5.3695733218833264e-01  -6.0198503415046345e-01   5.0234333422288291e-01  -4.1685348130923566e-01   1.1442412624555613e-01   1.8982210139155637e+00  -1.5427301644892097e-01  -5.1554791612119832e-01   3.9916836377878799e+00   1.9458618314542351e+00
   3.3061499999999999e-03  -5.7265171698201811e-01   8.5352272666834350e-01  -9.2735288409672267e-01  -6.7781315417177967e-02  -8.4394557709260265e-01   3.3660376373706535e-01   2.2213487960832293e-01  -5.5773537375085203e-01   1.7216049830917102e+00  -4.2116080673222700e-01   4.0173796704877915e+00   1.9522381002812561e+00
   3.2831200000000000e-03   4.5812790932090020e-01   1.3135206467993590e+00   8.3652070869230921e-01  -2.9071738580796097e-01  -7.8381136006941854e-02   3.0189404841285433e-02  -1.4771701100490739e+00   9.2287757833095296e-01   5.8041025070542677e-03  -6.7117341941700770e-01   4.0010087617647843e+00   1.9480595579393738e+00
   3.3240700000000001e-03   7.9465574890058421e-01   2.4495990255397623e-01  -2.2312614496736990e-01  -6.4736926778583115e-01   3.8626609938355461e-01   1.3228799510157747e+00   4.1364738122229505e-01   3.5800593423266852e-01   1.6577966755861666e+00  -3.1480047435906061e-01   4.0058326873118304e+00   1.9492963832932986e+00
   3.4422099999999998e-03   1.1870671944370437e+00   6.9335233285999720e-01  -9.0817835155463256e-01   2.3601541717221911e-02  -9.9315616430869461e-02  -7.4462847952420630e-01  -1.1885266387008331e+00  -7.5169862803317167e-01   3.3188648782105423e-01   8.7173814270096628e-01   4.0039297500347280e+00   1.9486785674173002e+00
   3.5210100000000002e-03   5.9817582379380874e-01  -1.0626666553346897e+00  -1.8112175440019249e-01   2.9520467392761235e-01  -9.8625750529685530e-01   5.8589812162969146e-01   1.6893444525115361e-01   1.4935538735278562e+00   4.5092606596083745e-01   8.0711669852589019e-01   3.9816784959581968e+00   1.9434646304539764e+00
   3.2404399999999998e-03   1.1706377864650246e+00   2.4751619978316697e-01   1.5538969637126525e+00  -1.7648042373821812e-01  -3.3290437837639497e-01  -5.5124150907279157e-01   1.1762530786417944e+00  -5.0032619970852443e-01   1.5860653105758479e-01   5.3307555436735277e-01   3.9964504625025636e+00   1.9470676724353058e+00
   3.2940900000000000e-03   6.4543147592830918e-02   7.5301257543778732e-01   1.3173790173407887e+00   2.7668395654366973e-01   4.2270341481722989e-01  -1.0604543335607941e-01   1.3015123917850056e+00   8.9845498721773231e-01   1.0270055294416149e+00  -3.2958244553482297e-01   4.0134382890657587e+00   1.9513007499787778e+00
   3.2607100000000000e-03  -1.3096269235680309e+00  -3.4316642194163954e-01   7.1730269056086515e-01  -1.3011739354618992e+00  -2.6560318404208749e-01   5.8964687601917698e-01   5.0730746155376194e-01  -2.8030628409700442e-02  -7.4520619111019948e-01  -9.3089224713372809e-01   3.9730492961281936e+00   1.9408643701046069e+00
   3.2167099999999998e-03  -9.8400035447029754e-01   5.0346795011871304e-01  -6.3351942096641756e-01  -2.5282929400862009e-01   1.7859132859591363e-02  -1.3067901763378098e+00  -9.2822617374190830e-01  -9.3368943862661036e-01   7.4612665772933862e-01  -7.1473763172433002e-01   3.9873132634563730e+00   1.9444235512835941e+00
   3.1669699999999999e-03  -4.9610429684174767e-01   1.1071676904157595e+00   6.4195854270675368e-01  -6.2151976081502702e-01  -7.1474429134407524e-01  -4.3289465968955776e-01  -1.5436323080685471e-01   4.6407299884609771e-01   9.7878655989433672e-01  -1.3938609483150592e+00   3.9429715947025819e+00   1.9335311075790964e+00
   3.1731200000000002e-03   3.8269027290613024e-02  -6.6010177566872685e-01  -5.9850640154808810e-01   1.9389533021058414e+00  -5.7008173170864918e-01   8.6702097548061119e-01  -4.1303892797380004e-01  -2.9485530755573081e-01   4.9776092950417544e-01   3.4000559018118381e-01   4.0046497144018449e+00   1.9486446266014330e+00
   0.0000000000000000e+00   0.0000000000000000e+00   0.0000000000000000e+00   0.0000000000000000e+00   0.0000000000000000e+00   0.0000000000000000e+00   0.0000000000000000e+00   0.0000000000000000e+00   0.0000000000000000e+00   0.0000000000000000e+00   0.0000000000000000e+00   3.9769362531626902e+00   1.9419220063389362e+00
