   3.4103300000000000e-03   2.1608786914691311e-01  -8.6631566076283328e-01   3.4984437377997379e-01  -1.7102341052121997e+00  -3.3665520403473419e-02  -2.2780120041945788e-02  -7.4154122347465301e-01  -6.7176845327605872e-01   1.0128402068498807e+00   3.1887846271718718e+00   1.7348039337798351e+00
   3.5840799999999999e-03  -3.1616344716945893e-01  -3.4676259321371994e-01  -6.2943239892349345e-01   5.0711250731079471e-01   3.4467957571988189e-01   3.7528312556398641e-01  -1.7145091266383976e+00   1.2518572132054686e+00   3.9248557569262421e-01   3.2538657168827045e+00   1.7521393036923585e+00
   3.4174299999999999e-03   5.7893522217494012e-03   2.0804117857392388e-03   8.6790242174171806e-01   1.4388382347725284e+00   9.8062314033773551e-02   6.6235098908768764e-01   2.7737822016128050e-01  -9.1222002690125836e-01  -1.3356164491102716e+00   3.2158353835767257e+00   1.7425527632808897e+00
   3.6045500000000002e-03   1.4636640737307025e+00  -4.4414699431946125e-01   2.3644055424344784e-01   8.7587180677151086e-02  -2.1397385498897262e-02   2.9499428080236034e-01  -3.7760472221932145e-01  -1.3156082970581655e+00   1.2123859095523812e+00   3.2144833276783067e+00   1.7421462643418415e+00
   3.0420299999999998e-03   5.4922362375627654e-01  -7.1730732193436275e-01  -5.9912663400106803e-01   1.0035268391200320e+00  -1.5918035243262563e+00  -7.3753105343726644e-02  -9.5475274108443886e-01  -3.1760704554744384e-01   6.1953734697989005e-01   3.2183210693849271e+00   1.7423989056483875e+00
   3.5252000000000000e-03  -5.2213055916940232e-01  -5.3447386550036381e-03   1.0822281837719283e-01  -1.2552808889992806e+00  -7.6975523189850448e-01  -1.8095576043476136e+00  -2.3829522219911369e-02  -2.7141143536051354e-01   4.5713872725070964e-01   3.2509800339223607e+00   1.7521971486929251e+00
   3.4021899999999998e-03   1.0027924826753358e+00  -7.1671088941521333e-01  -1.8656938979217053e-01   4.1989739281872412e-01   8.3173054361097498e-01  -6.6249104356375721e-01  -4.5369712240507976e-01   1.6038033280886279e+00   3.9194309136466077e-01   3.1875250827790835e+00   1.7338985135359164e+00
   3.3614999999999999e-03   1.4266151561376723e+00   5.4475435891750590e-01  -1.2713938492644665e+00  -6.5087226275171739e-01   2.9146293559823394e-01  -1.3480253530372460e-01  -7.6970926418792840e-01   8.8305592338951211e-01  -2.0346005851692667e-01   3.1883057966721755e+00   1.7343722320907500e+00
   3.4676600000000000e-03  -7.9949996487610253e-01  -4.1547138797453376e-01  -1.4107953261038619e-01   1.9599238964151922e+00   7.9414718896908909e-01   3.3406953625101260e-01   4.8792873795841779e-01  -2.7398726953176789e-01   3.1325576052576143e-01   3.1867066602864309e+00   1.7342286209669491e+00
   3.6543000000000001e-03   7.1431761021973839e-01  -4.1569867112809011e-01  -2.1633542619393259e-01  -8.3321934696556010e-01  -1.3643911804383235e+00  -2.9296979304110149e-01  -2.1221562137395544e-01  -1.5241935838819398e+00  -1.3758712834339906e-01   3.1998784142883507e+00   1.7380232111420018e+00
   3.2314800000000001e-03  -5.2978583990873540e-01   8.4576051789597428e-02   1.2858240607195506e+00   1.8748204353947037e-01  -6.9037291690166047e-01   1.7614567617027264e+00  -4.2038181577636030e-01  -1.1274766014902618e-01  -4.8962051271903773e-01   3.2178149875282243e+00   1.7424595124883293e+00
   3.3046299999999998e-03  -1.3726720707842481e+00   2.4736546831376946e-01   7.1749674006634623e-02   2.1604342049987232e-01  -5.9008958232833608e-01   7.5356930975438441e-02  -5.0715184598610152e-01   1.5277001539690303e+00  -1.0044600954736909e+00   3.2200169544902089e+00   1.7429454063950642e+00
   3.2928800000000002e-03   5.2978211882389437e-01   2.0945070484648315e-01   1.2898100295825234e+00   6.6793570874835750e-01  -1.5284676834516604e+00   3.7870248731440415e-01  -1.7273350480764171e-01  -9.9827084641105990e-01   2.8574346914135634e-01   3.2415935655106458e+00   1.7489416314073563e+00
   3.4453399999999999e-03   5.0291302993490961e-01  -4.2640706016985458e-01   5.4615787459971177e-01  -1.4899637810406550e+00   1.8537173387639472e-01   7.0962416011980589e-01   1.4140393708391408e+00   6.9070305117795716e-01  -1.4978216283790957e-01   3.2901664335585288e+00   1.7622074761966744e+00
   3.6027199999999998e-03   7.8967401273460214e-01   9.5665918435142416e-01  -3.4242504856585981e-01  -5.0869954834205999e-01  -2.7368530600603436e-01  -1.4923525844210623e+00  -4.7194632348179549e-01  -5.2302367220572910e-01  -1.0724220670480986e+00   3.2110732017851569e+00   1.7412952635716519e+00
   3.3943400000000000e-03  -1.4757420604131857e-01   4.1501997931546758e-01   7.2840596649524896e-03  -1.5397590569695169e-01  -2.0786503057715420e+00   9.7467723109075599e-01  -5.6099742436639233e-01   1.6886279254873737e-01  -4.1055590892404253e-01   3.2500303965723636e+00   1.7515459712498263e+00
   3.3324499999999998e-03   2.9502023408184874e-01  -6.8473270941114106e-02   4.5902242281546091e-01  -2.6689532342977390e-01   5.4028987119230565e-01  -1.1948328778029182e+00  -1.0160810034378115e-01   2.0024471005047683e-02   1.9723016110257929e+00   3.2096487297683551e+00   1.7404908733835323e+00
   3.4237000000000000e-03   4.3442821754954009e-01   5.4177617219924101e-01   1.7239443392615172e+00   3.8781713803328587e-02   1.0421793926124523e+00  -4.4301693184228780e-01   4.1825720510772511e-02   1.0037441090582448e+00   4.2452280967890982e-01   3.2134582169364170e+00   1.7415226014577516e+00
   3.2581799999999998e-03  -7.5261946874730290e-01  -1.8705242811463243e+00  -4.2115632344806858e-01   7.6249929998955890e-01  -7.2221394601018485e-01   1.8380583082803040e-01  -1.3702093871679832e-01   4.0921051607842346e-01   6.0868003215410704e-01   3.2118701647199215e+00   1.7405539212063514e+00
   3.5180900000000002e-03  -1.2436539511455104e-01  -8.2407257205848172e-01  -1.2042706142598489e+00  -3.5936752442173869e-01  -5.5868365249789098e-01  -5.8651589674971605e-01  -9.8820362482952978e-02  -8.2502964781726573e-01   1.4856892844193295e+00   3.1885569160886891e+00   1.7349997513057533e+00
   3.6997599999999999e-03  -1.2911631452083097e-01   1.4960051196991886e-01  -1.2827405413599184e+00  -4.8911669543778757e-01  -3.0693850633656278e-01  -8.6320140417235625e-01   1.1715609166254026e+00  -1.3099459007522007e+00  -2.7459891236820899e-01   3.2724870774561183e+00   1.7581864130905467e+00
   3.6000699999999999e-03  -8.9344065893604427e-02   1.1388577261813757e+00  -3.6997875127849555e-01  -8.0094555607040574e-01   4.9179740554412293e-01   8.0719266973006998e-01   1.5748906834330829e+00  -6.1369913367676721e-01   2.9289353768770809e-01   3.2512581501525419e+00   1.7523309609056876e+00
   3.8336899999999998e-03   2.1788139005252277e-01   2.0528952142174597e-01   2.8543489593344751e-01  -1.7886752544863187e+00   3.4821376162499990e-01  -2.5176775570984666e-01   5.5899186779992405e-01  -1.1849375074677688e+00  -7.8896151869507491e-01   3.2804239708449061e+00   1.7606046320582478e+00
   3.1215900000000000e-03   6.3424296805001490e-01  -4.5535234204993741e-01   9.3758745990987669e-01  -1.0882596339981829e+00   8.9754736345502906e-01   1.0766961708331797e-01   9.6316373754245432e-01  -8.6917104431029979e-01   9.7044056576389015e-01   3.2583005609035149e+00   1.7534797880465394e+00
   3.7985900000000001e-03   6.5612253970784074e-01  -1.2672136843399521e-02  -7.8553009260119178e-01   4.7512486481770061e-01   1.0680036639860153e+00  -2.7486347863471466e-01   1.0890348697314483e+00  -1.0186895953638941e+00   1.0536438827553027e+00   3.2636580311014081e+00   1.7557847838670728e+00
   3.3331300000000001e-03  -2.8391799109200394e-01  -2.8771357029950741e-02  -1.5699612530032305e+00   1.5336064163841452e+00  -6.0499932215255103e-01  -4.6254888192545573e-01   4.9390752616821226e-01  -1.5440316002333759e-01   4.6754778665903834e-01   3.1982264300764776e+00   1.7375109174634857e+00
   3.6962200000000001e-03  -6.6129019474912198e-01   2.6540312600255050e-01   6.2649000735627541e-02   5.5816314038430492e-01   1.8810197573605676e+00  -9.9794329547313676e-01  -4.8438697298943673e-01   2.9623668478721252e-02   4.5464254763344930e-01   3.2212835515466032e+00   1.7440164049140756e+00
   3.2741599999999999e-03   1.2353452319111655e+00   1.0084973800370804e+00  -8.0150367398609068e-01   4.1409408228364329e-02   7.8633255038324290e-01   1.3292827342474369e+00  -1.7606872243515259e-01  -3.7377306555829387e-01   4.9363103761610011e-01   3.1994802109123861e+00   1.7375336636060881e+00
   3.2723100000000001e-03  -4.5469172226731075e-01  -7.7282842993398559e-01  -1.6843279044160637e+00  -1.6666833366452905e-02  -1.1579129845250782e+00   6.8518882554054594e-01  -9.6746476789293934e-02  -6.5382620387402168e-01  -3.5715453140387637e-01   3.2093931274959240e+00   1.7404591142827714e+00
   3.2044000000000000e-03   2.7063085508909523e-01  -4.3783951569801666e-01  -1.5191966266194137e+00  -2.5035445959855557e-01   7.2555824675889258e-01   1.1875933526570503e+00  -9.1044628604637379e-01   3.2193405777027513e-02  -7.3628203265252978e-01   3.1787778130043605e+00   1.7317135641693449e+00
   3.5067100000000001e-03   4.1292664249715000e-01   1.1874589066690426e+00  -1.1425702267600411e+00  -8.8963968140228145e-01  -5.8103213522567065e-01   7.2706869236929905e-01  -1.7620889496298331e-01  -6.0998546658894481e-01  -9.7985241875797269e-01   3.2180545077685796e+00   1.7431698944970127e+00
   3.3824599999999999e-03   3.1073229293387289e-01  -8.1736335147212136e-01   6.5780850728523044e-01   1.7640644044729632e+00  -7.2276221447291056e-01  -8.2641924237715902e-01   5.0124369636805033e-01   1.0920916043375603e-02  -3.0222151595408275e-01   3.1882896357134980e+00   1.7344772230422518e+00
   3.6358499999999999e-03   6.3973520498513306e-02   1.5459037246691254e+00   3.3378937881796311e-01   1.0641820978674379e+00   1.3332067610135649e+00   4.2701200419914476e-01   3.8736442199553900e-01  -1.2728795798806578e-01  -1.8327386761526818e-01   3.2133442539666963e+00   1.7418563179076447e+00
   3.4767600000000002e-03  -1.5267334053619205e-02   6.6849451180292097e-01  -5.0435062222368077e-01  -1.8196787995023416e+00   7.7361845931522688e-01   9.4558295292751360e-01  -5.0912615659832494e-01   2.9428553739387886e-01   2.1895485217290556e-01   3.2093967033273740e+00   1.7406259853955732e+00
   3.3715500000000001e-03   4.9434245246105568e-01  -1.8099241033077420e+00  -6.2904855475230870e-01  -3.1249862708254261e-01   4.0624591325167797e-01   1.4990467735572294e-01  -4.3342313796336485e-01  -1.2193248506100405e+00  -1.2251391159348947e-01   3.2155994386300781e+00   1.7419189104226580e+00
   3.5710999999999998e-03  -7.7224317621957772e-01   2.7379199012961469e-01  -8.8707410358883465e-01   5.1998349736248439e-01  -1.3733028297563716e+00   4.6470951722590692e-01  -4.9855680404680347e-01   8.0723251635979021e-01   1.1127485788100702e+00   3.2849195959322213e+00   1.7610779995148891e+00
   3.4150100000000000e-03   7.4336443488450232e-01  -6.0040660661221767e-01  -6.5049300790356512e-01   3.2497523527832339e-01   1.0280719800919380e+00  -8.6814903607365279e-01  -1.3179181685244943e+00   8.6021339382909762e-02  -9.4539492453986218e-01   3.2034331517311330e+00   1.7386644197732075e+00
   3.4048799999999999e-03  -2.4627741895387212e-01   9.1862027233290094e-02   8.3501352422356101e-01  -9.0078189753280913e-01  -7.8241144021985698e-01   1.0488711832348767e+00  -1.0901296068958815e+00   1.0918756763540556e+00   6.1307559255926114e-01   3.2891762577262429e+00   1.7620494714086197e+00
   3.5224300000000000e-03   1.1495438427366591e+00   1.2133736472486537e-01  -1.6453132635716001e+00   4.6066813782886940e-01  -4.8238199758334148e-02  -3.0752352344042505e-01  -6.2570126300295070e-01  -1.0609539358869904e+00  -2.2678595028441553e-03   3.2083203609382300e+00   1.7401484978862360e+00
   3.3482000000000000e-03   7.6466390120702965e-01  -1.0637434344668131e+00  -4.7108333611712622e-01   1.3404054647347585e+00   5.8909256831368062e-01  -9.8133785667315787e-01  -5.2254866929172650e-01  -3.1221908821827055e-01   7.7238722538847304e-01   3.2321736083600676e+00   1.7465822812443774e+00
   3.6494100000000001e-03  -7.2298096412083579e-01   9.1327241378408996e-01  -9.1292405730714155e-01   1.1881898220124765e-01  -1.2105350303383779e+00  -5.7816025985404795e-01  -8.0016129112362910e-01  -1.1069953547400957e+00   1.5916694999894687e-01   3.2554624566913621e+00   1.7534094118070191e+00
   3.5891899999999999e-03  -4.7248676741238455e-01   5.6985191335097363e-01  -1.7595467010905954e+00   2.9311442940933802e-01  -7.6743146089565173e-02  -4.4739086925182558e-01  -2.7030149740512111e-01   2.5057097848368037e-01  -1.2908060670552681e+00   3.1841082737655872e+00   1.7337793879675860e+00
   3.6488200000000001e-03  -2.3423247998970489e-01   1.6545725574508645e+00   8.6541124171760464e-01   1.8773440873557037e-01  -3.2925282664144837e-02  -1.2293642108627116e+00  -7.6944245370525222e-01  -3.0097117252682121e-01   4.9851423573131698e-01   3.2869744454381746e+00   1.7621218775914815e+00
   3.3184400000000002e-03  -8.5971108183659928e-01   1.3614397395503632e+00  -7.6292357079503126e-01   5.6884343149426431e-01   5.8418080884611190e-01  -3.0944433424263923e-01   4.3037750918548423e-01  -1.2723795500141120e+00   4.4961534534167574e-01   3.2303910392890627e+00   1.7456112894261449e+00
   3.6880799999999998e-03   2.0956046854940069e-01   1.2922604351829408e+00  -1.1147554370241185e-01   2.9559084774577842e-02   5.7345651786989826e-01   1.2407093500255933e-01  -9.1454891777881042e-01   1.0244397185636642e+00   1.3420927397449955e+00   3.2204695509019023e+00   1.7436050624138322e+00
   3.5692800000000002e-03  -1.7068268947225111e+00  -2.6340166507060683e-02  -7.9697489731298077e-01   3.6875539766921567e-01  -2.3491124921872042e-01   5.5946777550216353e-01   7.3689588658483074e-01  -7.0933152634643204e-01   8.5816921892963116e-01   3.2118875841269330e+00   1.7413989802570962e+00
   3.3787600000000002e-03  -8.2819178379854774e-01  -2.3405471813507953e-02  -3.6579414474453914e-01  -9.1182240182262420e-01  -1.2924862604355860e+00  -5.6753272259217480e-01   4.7121844999386570e-02  -1.5498102304753428e-01  -1.4967605630369258e+00   3.1920771664701384e+00   1.7357603498924257e+00
   3.5212300000000002e-03   1.3597428822374322e+00  -7.2659676040447607e-01  -5.1042074363506618e-01  -9.7082077174817583e-01   3.3120749461223992e-01  -1.3927239707759480e+00   2.5119679408224621e-01  -2.8038179407127695e-01   3.8673290666750282e-01   3.2397075347153570e+00   1.7490526021546648e+00
   3.6477100000000002e-03  -5.6745387187902863e-01   1.5916849544486631e+00   3.6338484938194671e-01   5.2711021096289412e-01  -5.7244426040559471e-01   3.7652183167861300e-02  -6.3495795471685934e-01  -2.2528650357703991e-01  -1.3502901707725863e+00   3.2457555954659103e+00   1.7507706067832727e+00
   3.6447300000000001e-03   1.0161075397516079e+00   8.5610681704663141e-02  -9.9063105286048458e-01   7.6537634402392640e-01   1.7017097316855789e-01  -1.2088465359307328e+00   1.0843811633086524e+00   4.9965416258139123e-01  -5.7469598261295529e-01   3.2536794894835226e+00   1.7526905082703461e+00
   3.4293300000000000e-03   1.4169147489837925e+00   1.3049719901017334e+00   7.3811039338414668e-03   1.1736437844344022e-01  -1.1241667318991979e+00   1.9715718641920091e-01  -9.0690680443090599e-01  -2.1013569780184402e-01   1.4275956009056298e-01   3.2320988127919463e+00   1.7466514162995255e+00
   3.3757399999999999e-03  -7.3996933837609480e-01  -4.5206849688545009e-01  -9.0339194410321733e-01   6.2457573158684987e-01   7.2410038011598765e-01  -2.8194261548632382e-01   5.1971277738603328e-02   7.9173988789482852e-01   1.6364458059861433e+00   3.1898872646836507e+00   1.7348271044979591e+00
   3.3890900000000000e-03   7.3436998867901726e-01   1.1841964232271316e+00   2.4639958233651799e-01   5.4822492373757559e-01  -6.0237238515555458e-01   1.4283596159976895e+00   8.2422129446914238e-01  -3.4519416286997777e-02  -6.2159923189028599e-01   3.1548540002697800e+00   1.7250322706738477e+00
   3.6263900000000002e-03   6.8916398484685226e-01   1.3058340125129109e+00   1.3876512342957467e-01   2.4897959736572534e-01   5.7583465104855444e-02   8.6813693967993905e-02   2.2387502313461032e-02  -1.8627064190485896e+00  -3.2728531417271362e-01   3.2187066108931508e+00   1.7433899627721152e+00
   3.6456300000000000e-03  -5.4319597652112162e-01   4.3555364802184304e-01   5.5928329228181317e-01  -4.6157290054657973e-01  -3.9227124840825450e-01  -3.9739388152591859e-01   5.1146733116674981e-01  -1.6917901172869667e+00   1.1808818058134505e+00   3.2177616082439062e+00   1.7431627306822777e+00
   3.4631499999999999e-03   1.1794065977838954e+00   1.0807298754093414e-01   1.5356994328191031e+00  -2.9137268652016030e-01  -9.4601837831447277e-01   5.0927031500072262e-01   5.0011808100502020e-01   7.3556567489247615e-01  -1.6938569924948212e-02   3.1964994938344824e+00   1.7365434205502961e+00
   3.5257299999999999e-03  -6.2037980055920039e-01   2.8651626245967793e-01   6.2181288634775100e-01  -9.6060613353005864e-01   1.6707082978809109e+00   4.4750925800678527e-02   7.8196395831453236e-01   4.8926747120069930e-01  -6.7280174802549675e-01   3.2326060597496618e+00   1.7470092808522286e+00
   3.4972699999999998e-03  -1.3506207506057386e+00   1.3400772056420154e-01   3.5297272663465251e-01  -8.1542376952802076e-01  -2.6952118514750900e-01  -4.7955656878044201e-01   1.7316153672776149e+00  -1.2471052251852342e-01  -2.0145184400985355e-01   3.2505969359329860e+00   1.7520841658522457e+00
   3.6334399999999999e-03  -1.2598249841319411e+00   5.1719545273514578e-01   1.0527585689867187e+00   9.8928561203777288e-01   5.5070973658937583e-01  -8.6456910230751238e-01   5.4146913759061666e-01   2.6825579907566610e-01  -6.7073248623515369e-01   3.2150281645631296e+00   1.7420952532748752e+00
   3.7508200000000002e-03   1.0083290150039377e+00  -1.6084836463408982e+00  -1.6654369624169205e-01  -9.5810302138946632e-02  -8.9986259918810679e-02   3.4720529610977996e-01  -1.2704319497230447e+00   4.6197302656654166e-01   2.9860131777479415e-01   3.2190205218479551e+00   1.7431882836006192e+00
   3.5102000000000002e-03  -1.8719679136022831e+00   6.7742367680634663e-01   7.8317289164461745e-01  -2.9843997667906985e-01  -1.0952308092788636e+00  -1.5162475830935010e-01  -1.2755172682961477e-01   1.6200421740702482e-02   2.2127326815701753e-01   3.2508296090646871e+00   1.7516453523554671e+00
   3.6289299999999998e-03  -1.3733220757471307e+00   5.5471952997734608e-01   6.6936678810440942e-01   6.7501367452651040e-01   3.8430933080737761e-01   2.6632350626183071e-01  -9.4712532279238038e-01  -1.3210529524206969e+00  -2.8311002621487311e-02   3.2646906594375982e+00   1.7559277148506791e+00
   3.5796000000000001e-03  -1.4988509129389369e+00   7.3951816845969964e-01   2.4419692224458020e-01   5.6737313941267120e-01   3.2845065611120927e-01   1.1502110380836865e+00   8.8705068292750655e-01   1.5460534274134480e-01  -5.6847597033150399e-01   3.1887552141659010e+00   1.7347466107781027e+00
   3.7022800000000001e-03   2.8439106998598179e-01   1.4185601323677119e-01  -1.3234641709790369e+00   7.5652811873890569e-01   4.6673203840011174e-01   9.0509740957950158e-01   9.8044390175027185e-01  -9.0159090844910583e-01  -7.2825273353247777e-01   3.2292562808309033e+00   1.7461021547969906e+00
   3.3474899999999998e-03  -1.2825008836520493e+00  -9.2758565028053197e-01   1.2578895884251098e+00   6.3791256242019689e-01  -4.2456312179750122e-01   2.9280910673892535e-01   7.5905752954578121e-01  -7.5453420285416972e-01   2.0289767145689766e-01   3.2029606473516830e+00   1.7387248460512377e+00
   3.5666600000000001e-03   1.6299520119181485e+00   7.9855802397851594e-01   7.6240848240418962e-02   5.1558645735185737e-01   1.0012502416824873e+00  -8.7529361321113597e-01  -5.8545188371016077e-01  -2.2823886892397235e-01   3.5606801102983754e-01   3.2066040830504519e+00   1.7401696649894205e+00
   3.3844399999999998e-03  -1.3578626289129778e+00   4.9134810045005695e-01  -4.1998272723395957e-01  -8.0698551828687570e-01   2.0253326996853499e-01   6.4641556407778000e-01   6.1039007335213469e-01   1.3175908696501328e+00   6.9858070977802300e-01   3.2281315788141640e+00   1.7453210164239898e+00
   3.4861599999999999e-03   9.0303313472541821e-02  -8.0581606623784741e-01   1.7084240226523613e+00  -4.4065634015337815e-03   4.3848983572196087e-01  -5.0245714255080709e-01   1.1211626676831352e+00  -1.3891554194893112e-02  -7.9970029238834373e-01   3.2420758135921668e+00   1.7493959572457760e+00
   3.3588899999999998e-03  -1.5741863686989163e-01  -2.5378297339266540e-02   1.8199689985557457e+00  -1.4920240733186782e-01  -1.3828575305010676e-01   5.0768079088492901e-01  -4.8501856355238221e-01  -2.4468853294972850e-01   1.4234087745282926e+00   3.2299827756935358e+00   1.7459363076879759e+00
   3.5168000000000000e-03  -8.3958128518943620e-01  -6.4338046708396368e-01   5.8694004498437764e-02  -9.3030189809304276e-01   1.3872114785798995e+00   1.6497889953356995e-01  -1.1387435603830802e+00  -6.2812440318742713e-01  -4.4739939363075165e-01   3.1926972903207145e+00   1.7357884937036172e+00
   3.0701399999999998e-03   6.8643347070440383e-02  -1.1067680502239055e+00   7.3333391516819402e-01   1.4486888134761053e+00  -2.0781700607202647e-01   7.9833475520608577e-01  -1.0635989969724275e+00  -5.2141297916123841e-01   4.6025080496334347e-01   3.2474795545628603e+00   1.7502456847491650e+00
   3.5739000000000001e-03  -1.5403605639217879e+00  -4.1085255341641846e-01  -1.2882058816641127e+00  -3.8460321091904626e-01  -6.0271374987377802e-01  -8.5856618254364714e-01   1.1932990806545996e-01   5.6416488215802607e-01   1.3958919236786343e-01   3.2032594384070419e+00   1.7389471309285420e+00
   3.3196599999999999e-03  -4.3268141953657452e-01  -7.3938701618911057e-02   1.5472203642067694e-01  -7.5728047448320712e-01  -1.5526947588002606e+00  -1.7099020895525585e-01   6.3540992331420110e-01   1.5233089340177246e+00   1.3203439831170694e-01   3.2157728474847254e+00   1.7422467052292288e+00
   3.4732500000000002e-03   1.0966617456866159e+00  -4.7791064828037849e-01  -1.2016067278675679e+00  -1.3230922204402653e+00   8.2641440539122743e-02   7.5798479021107856e-01   5.0932753630122318e-01  -5.8579348450205371e-01   3.1914778422026008e-01   3.2329747523158114e+00   1.7470535486461503e+00
   3.5880600000000001e-03  -8.7430377356229083e-01   4.2082476906992328e-01   6.4434494500750658e-02  -1.1254578182040213e-01  -9.0379973444473538e-01   8.8775772338037440e-01   6.1174928280899776e-01  -1.5135391925284545e+00  -7.5189775490355737e-01   3.1997612308608301e+00   1.7378958760432928e+00
   3.6333400000000001e-03  -2.7423336937742671e-02  -6.1855165129139335e-02  -9.9664274016006374e-02  -2.9242899027376151e-01   6.5477458174147174e-01  -1.3340477600647016e+00  -7.4827025781458911e-01  -1.6969005388502161e+00   2.8296413648565605e-01   3.2150747112023361e+00   1.7422717957749887e+00
   3.4621600000000002e-03   9.7149552730514566e-01   1.7909460919724673e+00   5.9045165594002691e-01  -9.4453979056685045e-01   4.2367598676700363e-01   2.0908272576082870e-01  -1.1045897738984101e-01   2.8538726446546109e-01  -4.9502224277863455e-01   3.2341942165105868e+00   1.7472136800580924e+00
   3.5366299999999998e-03  -1.1202782588669253e+00   9.2993930104369427e-01   1.0282477445909830e+00  -4.1436959789870359e-01   7.7013907855284780e-01   4.1753954051977726e-01  -1.1444561118001204e+00   6.9051716479131087e-01  -1.9225786259176178e-01   3.2458271883356002e+00   1.7507008743310843e+00
   3.6665299999999999e-03   6.9320621134872873e-01   1.2545450698413430e+00  -6.3665517678254502e-01  -1.1944725682901927e+00   7.8271544410403154e-02  -5.3219114796501654e-01  -1.4961131098950850e-01  -8.1635916094746797e-01   9.9141032721589684e-01   3.2212174624046401e+00   1.7443262479900565e+00
   3.4105099999999998e-03   8.8742982279351224e-01  -4.6138247588931464e-01   9.4833170605214823e-01   1.2035732227096123e-01  -5.5992208035134527e-01   3.4176740741246364e-01   1.4287522696920278e+00  -1.2236510197082522e+00  -1.8159279879679244e-01   3.2417601311220992e+00   1.7490903389604935e+00
   3.5023799999999998e-03   1.6356236580338130e+00   2.3531097745149943e-02   5.6171642809898947e-01  -9.4621414601193743e-01   3.8979244441251643e-01   3.9122139730558075e-01  -4.7401868582523454e-01   5.8888600976003458e-01   1.0349854561763643e+00   3.2016168152694489e+00   1.7383524358633757e+00
   3.3023300000000000e-03   2.7705822102653954e-01  -9.7435316373859604e-01  -1.2134134403218346e+00   8.0390881207441967e-01   2.0661351017135410e-01   1.2111071609555553e+00  -1.2165940441415896e-01  -2.5332568200292194e-01   1.1136238115885435e+00   3.2147846256817578e+00   1.7416340085146980e+00
   3.5322399999999999e-03  -1.8810888167200338e-01  -1.6093366975300402e-01  -6.4631602726503978e-01  -4.3068298064330218e-01  -3.7617255733243993e-01   2.1707028735095628e+00   3.8217397950083309e-01   3.5485420861161759e-01   2.1466508629723158e-01   3.2149583996965521e+00   1.7419220743553343e+00
   3.3298300000000002e-03  -8.6428518796433196e-01  -1.3159159149640849e+00  -8.3350039576253987e-01  -8.5179416430735932e-01   1.4620623682523196e-01   9.9334954024696442e-01  -4.6358645745560867e-01   3.7898888078835147e-01   7.3482042863121844e-01   3.1813186312306869e+00   1.7321498115250482e+00
   3.9095800000000002e-03  -1.4399669674958979e+00   1.1070681211344990e+00  -3.2169917788431573e-01  -8.5677587805282041e-01   4.1886192999623040e-01  -6.3977513543910136e-01  -5.6326880075914500e-02  -7.7179866431978961e-01  -5.9508817943048598e-01   3.2300808948417736e+00   1.7466716173784576e+00
   3.3587800000000000e-03   8.2070272101314923e-01  -5.5687431016255784e-02   9.5808067090012250e-01   9.7623046805159486e-01  -6.4417507418060138e-01  -4.5339519754393320e-01  -8.6784696031363007e-01   7.0808434403100395e-01   1.2397788364116351e+00   3.2480548125018798e+00   1.7507443402024250e+00
   3.2817200000000001e-03   7.9717671529859957e-01   8.3427211134017087e-01  -2.2585653206113382e-01  -1.5200111790035112e-01  -1.0549125108457686e+00  -1.6981817119317902e-01   2.6928890841304182e-01   1.2234035635330649e+00  -1.3146488992771546e+00   3.1633716852804570e+00   1.7274720517650357e+00
   3.5035200000000000e-03   1.1539783583126733e+00  -5.1247645958703447e-01  -2.4797878599590792e-01   3.2365570277270550e-01  -5.8199264435024978e-01   1.4679349484392161e+00  -3.0152396597503467e-01  -1.1285970388205420e+00  -5.4868365691996501e-01   3.2310668685313746e+00   1.7465531963243395e+00
   3.5447000000000000e-03   4.8400813609766152e-01  -3.0701151321895642e-01   8.4628471742706790e-01   5.2429145212806239e-01   2.8297360205036887e-01  -2.0284378481808636e+00  -4.1684440264931033e-01   2.7981966035428180e-01  -1.8346047651537800e-01   3.1901140488909148e+00   1.7353965973286716e+00
   3.5045400000000000e-03  -1.3143893176431165e+00  -9.5600125448820739e-02   7.4108532220421297e-01  -1.1925925154261905e+00   4.5170345605283446e-01   1.1324391858546337e+00   2.6336853886636552e-01  -6.0838972722666262e-01   4.1011971798137231e-01   3.1901364064034330e+00   1.7351990880855082e+00
   3.3751699999999998e-03   1.7290532307678458e-01   6.5592281344879322e-01   9.1709340630528513e-01  -3.2793086121659210e-01   7.8262124645502562e-01   1.6477750310976793e+00   4.5003668505311484e-01   8.8011416836938317e-01   4.8778716686990947e-01   3.2132178139316290e+00   1.7416077493235291e+00
   3.2369000000000000e-03  -5.3752995483048793e-01  -1.5299815890680024e+00  -3.3001592775798072e-01  -4.7916870657048521e-01   5.3934528225730793e-01  -1.2698370451377141e+00  -8.3734077303854604e-01   2.9633638343697083e-01   5.8676132056836627e-01   3.1928609824937983e+00   1.7357945573149052e+00
   3.5057800000000000e-03   1.8580713434487922e-01  -8.2537091226026782e-01   6.8407032106901036e-02   1.0158361252051136e+00   7.6455621236081017e-01   1.5595305223664877e+00  -2.9496039164939941e-01   9.0834711404734914e-01  -4.1695623839517881e-01   3.2314261471182624e+00   1.7462843648390376e+00
   3.4968199999999999e-03   5.0716570605835365e-01  -2.7349520564669227e-01  -1.9413311040258902e-01   9.6885118920772428e-01   1.4618345147243987e+00   5.5895535239844729e-01  -7.4463737022365162e-01  -1.2388472500704890e+00  -2.1531653328536113e-01   3.2036538657941791e+00   1.7393153197072444e+00
   3.4226199999999999e-03  -2.1881203003466207e-01  -6.4153946928131711e-01  -3.6102288125754528e-01   1.1785557553244961e+00  -4.1772065625439159e-01  -5.5705108718587033e-02   1.4829400526311459e-01  -1.9143959365513168e+00   1.7558980467915733e-01   3.1838174465959708e+00   1.7335606915800721e+00
   3.6361200000000001e-03  -5.8735086722282714e-01   1.1192488943240984e+00   4.8125547013960307e-01   1.5659558008409029e+00  -1.0309429161766386e+00   7.3335643854937890e-02   9.0426008810345460e-02  -4.3019226051179660e-01   5.0156138622081514e-01   3.2317171017153408e+00   1.7468337440980493e+00
   3.4565600000000000e-03   6.3090800269326275e-01  -4.6256638741331618e-01   3.1684640795659430e-01  -4.5580404709978117e-01  -9.3665494928658477e-01  -1.3149520378406394e+00   1.3453781658282220e+00   8.5581642987886328e-02  -7.7458452897277863e-01   3.2419860875876592e+00   1.7494426319648446e+00
   3.4499100000000000e-03   1.7478766227986142e-01   7.1130641342840184e-01   1.4413431140720084e-01   1.5221664247206006e+00   4.3968411924555789e-01  -1.0348252446529567e+00   5.4594286819346449e-01   7.4563842011253734e-01   9.2449715822629419e-01   3.1851206784305850e+00   1.7339359111866484e+00
   3.7628900000000001e-03   6.9798844687259567e-02   7.5830331333074963e-01  -3.7418971453785149e-01   1.0550419220932501e+00   1.6315018784329344e-01   3.1193584496282966e-02  -9.2981535593208475e-01  -8.3136817475208646e-01   1.5612226546875125e+00   3.2682859622153146e+00   1.7568567996810465e+00
   3.3464699999999998e-03  -6.0974862501854910e-01   9.4989907391373674e-01   4.6107514525688958e-01  -1.3063470812079485e+00  -5.0842649357755232e-01   1.0118130381134247e+00   4.6446079676022123e-01   5.8621412598721057e-01  -9.2635252277582003e-01   3.1891291490995570e+00   1.7347150866892744e+00
   3.2070800000000002e-03   1.8804031231519833e-01  -4.1439989032888797e-01   3.3264832744235984e-01  -3.8941544203905676e-01   7.2062022105558932e-01   1.7045920451241248e+00  -1.2999144817310746e+00  -3.2764579047833503e-01   6.3610711930318919e-01   3.2428806916494839e+00   1.7494532156951677e+00
   3.6129000000000001e-03  -1.0618740716089070e+00  -2.9648569040689687e-01   1.4565810937930390e+00  -7.2106508138893943e-01   6.8542359936472030e-01  -1.0383192422023990e+00  -1.1281851751235276e-01  -4.6329710603431157e-01   3.5872870378888488e-01   3.1871689411609889e+00   1.7346863027466792e+00
   3.5746900000000002e-03  -1.3161659991457155e+00   4.4160979527776156e-01  -2.9082776054510501e-01  -7.6564138786774938e-01   2.1103898386019462e-01  -2.8258595679432824e-01  -1.1625764121796553e+00  -2.4193770439912898e-01   1.3328825473113710e+00   3.2437628811915453e+00   1.7503175297113465e+00
   3.5984900000000002e-03  -4.0497065002999216e-01  -3.9893718520049398e-01   2.5065460790037253e-01  -4.6418857429355381e-01   7.3421701529067418e-01  -1.3836120392680100e+00   9.5624026296794085e-01   1.3023638153593706e+00   3.3879872548484241e-01   3.2214086067715866e+00   1.7437485213880339e+00
   3.6498899999999998e-03  -6.1805899460245006e-01   2.1550668280824853e-01   8.6207963916210761e-01   2.2407648911774586e-01  -6.5699916735138875e-01  -1.2290480478123942e+00   2.8659403647558573e-01  -1.3858040977261132e+00  -8.0642926826710470e-01   3.2147876153365784e+00   1.7422641605618978e+00
   3.7190499999999998e-03  -6.6110896964718546e-01  -7.8031951918505471e-01  -1.1389594887534656e-01   4.9692329392307583e-01   3.1451992286198854e-01  -1.5439619656365380e+00   1.1150996719223876e+00  -6.0347311092164302e-01   5.9208394627040895e-01   3.2200844171875636e+00   1.7437376796894921e+00
   3.3768499999999998e-03   1.3647673026771658e+00  -3.1732411445465203e-01   2.3212674510520417e-01  -5.6822572965500673e-01  -3.3378695287929044e-01   1.4245492811067573e+00  -4.0754150486810242e-01   6.9790314244252294e-01  -8.5330700482040356e-01   3.2140928806326285e+00   1.7412276546343886e+00
   3.1354400000000002e-03  -2.8427086863170012e-02   5.9348630833308036e-01  -1.1438687102462470e+00   3.0240030735488277e-01  -2.2689325234006846e-01  -4.2831824692415305e-01   3.4662943314021993e-01   1.9548418313207669e+00   2.7710598656372742e-01   3.1867090639284235e+00   1.7339362626692125e+00
   3.3167000000000001e-03   1.0036703466543304e+00  -1.5229680689234597e+00  -6.5837745152385674e-01   5.6953949797031944e-01  -5.6255285664452925e-01  -1.0825036650956012e-01   1.0926730486554259e+00  -5.5794693262973871e-01   1.6669912951836349e-01   3.2293380375670457e+00   1.7454402902419341e+00
   3.6653400000000000e-03   1.1331614699581533e-03   1.3275998035521572e+00  -7.0843187578396716e-01  -1.1187165323767088e-02   7.7695516307323986e-01  -7.4391316474378161e-02  -1.6789713843752407e+00  -4.3631791590132141e-01  -2.6464184849536898e-01   3.2685568593133638e+00   1.7571530333823195e+00
   3.6504500000000000e-03   2.1814941527733461e-01  -1.5725459118838643e+00   6.7162042041303627e-01   2.6825631450699489e-01  -1.1976430548276102e+00   3.4813992220480072e-01  -9.2532820284417824e-02  -3.6538947972573876e-01  -1.0043559511827067e+00   3.2101070783530594e+00   1.7404290349483824e+00
   3.6600100000000000e-03   1.2503030646006696e-01   6.1457016818925858e-01  -1.0106992565227411e+00  -1.5212383950761177e+00   3.7868449950477140e-02  -7.8812286130062492e-01   9.5969001092009543e-01   6.5165165232600397e-01  -3.9419693452842086e-01   3.2413826373870842e+00   1.7494355138016204e+00
   3.3845300000000002e-03  -1.3307378343219711e+00  -3.3662444669947522e-01   9.7867604140228737e-01  -4.9006288923680508e-01   6.8978483306543936e-02   1.9768996912898557e-01  -3.8683868944473475e-02  -3.5388014585928607e-01  -1.6078652352931639e+00   3.1756637556138636e+00   1.7309907487478569e+00
   3.7322599999999998e-03  -9.0658393451134953e-02   5.8133367173150341e-01  -1.2961138862447130e+00   5.2013687803118450e-02   4.7283084442309692e-01  -1.7207253044840953e+00  -3.9520149044253366e-01   1.3981695424132873e-01   6.2456503001523056e-01   3.2114399318969888e+00   1.7415967328162389e+00
   3.3711600000000002e-03   1.0093251091811332e-01  -3.8944544753429122e-01  -8.6823081421169768e-01  -9.7377689718583194e-01  -5.7270424056231950e-01  -2.5293899041952661e-01  -9.2638196847771337e-01   1.1920933887981373e+00   1.1256807296809532e+00   3.1887914475829993e+00   1.7344299133866816e+00
   3.6851100000000001e-03  -3.4977777760470252e-01   7.6608406447817423e-01  -2.0544159787182337e+00  -4.0568393978629080e-01   2.0809773011513968e-01   4.2800826749168053e-01  -4.7922778231610464e-03   6.0394110869179070e-02   6.7970046439687859e-01   3.2150925899319844e+00   1.7422486568597744e+00
   3.3916400000000000e-03  -3.7387000325852360e-01  -1.1698888200890138e+00  -2.9112174972483812e-01  -5.1208026455160538e-01  -1.9237498211751525e-01   8.7520312940366030e-01   1.2775695125265301e+00  -1.1533425136644062e+00   5.1093626718209850e-01   3.2232213401840095e+00   1.7437992044623367e+00
   3.6061100000000000e-03   8.5178115422361989e-01   4.7900677132993558e-01   8.4434519737655378e-01  -2.7210630984555229e-01  -2.5272609591868317e-01  -2.4343212098062819e-01  -1.6420387360976745e+00   1.0467801740680358e+00  -5.0989092261850344e-01   3.2652566412806761e+00   1.7560628091297799e+00
   3.4861100000000002e-03   7.0736522656647538e-01   1.1255999324635486e+00   1.2392311965202922e+00   5.7892549252551739e-01   2.5572614594234411e-01   9.1195313565142255e-01  -1.1091818500540311e+00  -4.1825149696498781e-01   9.9436814348731556e-02   3.2494710172291001e+00   1.7515468912403342e+00
   3.3319100000000000e-03   7.6200191441104104e-01   2.4670694817800295e-01   2.2623395654002440e-01  -1.0409902829918864e-01   1.7866935461631133e+00   6.5425441950111496e-01  -9.4508227581584459e-01   7.6984997525396470e-01  -3.8088301031617433e-01   3.2001340832073271e+00   1.7378705143217001e+00
   3.7676099999999998e-03  -8.2894821565466670e-01  -1.0611298704385590e+00   5.4534049293486431e-01  -3.8236355418899215e-01  -1.0303930195744142e+00  -6.1752478388979057e-02  -1.5267582405495137e+00   1.9137772126279717e-01   2.2727285602228559e-01   3.2633435379561906e+00   1.7553932450330472e+00
   3.7681799999999999e-03   5.5483563013716231e-01   6.1962891876819504e-01  -1.0356151507287177e+00  -5.4706081984266186e-01   1.6384153405432289e+00  -3.2005328178784231e-01   2.3532991727677363e-01  -6.5952485002473304e-01  -6.8833887144752259e-01   3.2442906841407138e+00   1.7505077488324343e+00
   3.7331100000000000e-03   3.0962213275612999e-01   1.0068964874853006e+00   4.6521860772389073e-01  -3.6008877117223731e-01   9.0001274520762209e-01  -1.4649642704086505e+00   1.1435753086149609e+00  -5.0096437210939260e-01   8.4432664405578312e-02   3.2869036287895352e+00   1.7623007099826287e+00
   3.5486900000000002e-03  -2.7054157446288585e-01   1.5188463881636813e+00   9.6042283129133077e-01   5.2057523552841534e-01  -7.9313536677370622e-01   2.5883144019428611e-01  -5.8409408421891504e-02   1.2909050906880857e+00   2.9424256945776184e-01   3.2802470463449134e+00   1.7602278703287682e+00
   3.8389100000000001e-03  -1.0292687776121434e+00  -1.1113223190081409e+00   8.2135452867675185e-01  -3.6622605007825110e-01  -2.7496456139823733e-01   1.0013207753878033e+00   5.8039048825855311e-01   1.0384528653544871e+00  -3.4438633338151836e-01   3.2505327864792442e+00   1.7515828026035938e+00
   3.4973000000000001e-03  -1.5891305738548260e+00   3.2299964993979685e-01  -7.2687077196259053e-01  -5.3807331262317071e-01  -3.5769519079077211e-01   1.0274118522352822e+00  -1.0786046096468465e+00   4.1124151480602639e-02  -4.5585900341705737e-01   3.2658678370575025e+00   1.7560600958779602e+00
   3.5224000000000002e-03   1.8772433566551177e+00   6.9083625610199084e-01  -4.3382638259952838e-01  -3.7008156723008356e-01  -2.0671761119870155e-01  -3.5240344441700648e-02   1.1636509708690883e+00  -3.9514802334527110e-01  -2.2005967710643259e-01   3.2534060765530564e+00   1.7527526065513794e+00
   3.5701999999999999e-03   1.4495992973692262e+00  -6.2980990317691485e-02  -4.8041432035171057e-04  -9.4337427381284766e-01   5.6202899755199864e-01   2.3290360141564023e-01  -1.1498011464359597e+00  -9.0900507818924314e-01  -5.0400786978424916e-01   3.1904027639655865e+00   1.7353258411221371e+00
   3.4414699999999999e-03   7.9342650050745356e-01   5.3583629785407882e-01   6.7026020916704032e-01  -1.1962329651923687e+00  -5.3523491481771368e-01   1.3343851595151324e+00   1.3577932405361615e-01  -8.9155149413484136e-01   4.1453884580013795e-01   3.1887932409047557e+00   1.7347713292518692e+00
   3.3680200000000002e-03   8.5149282151933958e-02  -5.9657637228735139e-01   2.3159572338298456e-01   1.0673109342647764e+00  -5.4004581397717111e-01   1.5846797704062293e-01   7.6770589776553144e-01  -3.2347897567093303e-01   1.8119483339219069e+00   3.1747791368314795e+00   1.7309766805204780e+00
   3.4846000000000000e-03  -3.0729894714729761e-01  -1.0559064990269085e+00   9.4716506258221267e-01  -1.6909714582982203e-02   8.7669383976851911e-01  -2.5793456470383042e-01  -7.6142452221687362e-01   1.2097721374634307e+00  -8.7719148698407701e-01   3.1869727573910054e+00   1.7342217399839832e+00
   3.5302699999999998e-03   9.4197802337078296e-01  -9.8984547069037188e-01   7.9447795583215158e-02  -4.8200040025311053e-01  -1.4867553842970200e+00   8.2334758323386692e-01   5.7649256877584647e-02   1.9101857844231213e-01   9.2027274828541339e-01   3.2407980784684960e+00   1.7490625049103727e+00
   3.4827399999999998e-03   6.0718270920416029e-01   3.7199876012582028e-01  -6.0009541929976640e-01   9.3816414448759433e-01  -1.4274404150542588e+00  -2.2505201307907258e-01   3.9439184846927866e-01  -7.2626400469595076e-01  -1.1646872780121926e+00   3.2035387400998250e+00   1.7387990627566399e+00
   3.3956400000000001e-03  -8.4915127913970556e-01   8.4988753092718652e-02  -1.1197314657218036e+00  -6.2811996763192579e-01   1.3006006055290706e+00  -3.5750986328208412e-01  -6.1165888001391733e-01   1.1458060284800431e+00  -2.2893462301138925e-01   3.2201395509255817e+00   1.7431620885057402e+00
   3.4426999999999999e-03  -8.3280687914415977e-04   1.0764689009638892e-01  -2.7349728416633068e-01  -6.2657825302335479e-01   2.0711623287520747e-01   1.0191529314915713e+00   2.4651537408634691e-01  -8.1194114826156460e-02   2.0731828887033172e+00   3.2110861908413142e+00   1.7410041584051041e+00
   3.3928500000000002e-03   1.0262536144227237e-01   1.5672273158286809e-01   6.6667140856950291e-01   8.5975687367882109e-02  -1.9076152851178605e+00  -1.1144372409372898e+00  -6.7327898865786551e-01   3.1458875656512475e-01  -3.3493451462259527e-01   3.2563872622155356e+00   1.7533571843531299e+00
   3.6246500000000001e-03   6.0983684635113899e-01   1.9172752141981366e+00  -1.0239824895230571e+00   6.3513177615000538e-01  -1.5952428032479218e-01  -3.3213725282862644e-01   3.5528404194310476e-01   5.9046862910721393e-02   1.7632829993356088e-02   3.2014290158147798e+00   1.7383060473689187e+00
   3.1572300000000000e-03  -7.9197975537156662e-01  -1.5761242962497213e+00  -6.8476211620898386e-01  -1.6017594605700744e-01   4.8738336233453222e-02   6.1084303358657444e-02  -7.6316586785374652e-01   5.4167304396006422e-01  -1.2066021156398963e+00   3.1759615678738178e+00   1.7308252846126129e+00
   3.2619799999999998e-03  -1.2011001402373656e+00  -2.9612563558195920e-01   1.6697189966722456e-01   1.0685005069585090e+00  -6.0774115136871731e-01  -2.6777328674765766e-01   1.1557157019605468e+00   1.1555271098062530e+00   4.1156086548679532e-01   3.2069133612417793e+00   1.7392890634735005e+00
   3.3924300000000001e-03  -1.1002045924220589e+00  -1.0293074569212002e+00   4.6773592213100196e-01  -6.8738266958733130e-01  -5.6307013809773887e-01  -1.7992777160670412e-01   5.0902296931880353e-01   3.9462644744433178e-01   1.4625441012781222e+00   3.1919298136258272e+00   1.7353157320790078e+00
   3.3894900000000002e-03   1.4027201170048984e+00   1.1817467183358576e-01  -1.0758706252199377e+00   3.3683314326369335e-01  -2.7842333425668137e-01  -2.1170999097284965e-01  -6.9167382541996574e-03   4.3594026249956669e-01   1.5147429616271095e+00   3.1849936611691883e+00   1.7336565935480299e+00
   3.4887700000000000e-03  -1.2433428955231718e+00   9.4520930024371119e-01   8.1570025840896054e-01   3.7270007095216429e-01   7.3469920661112309e-01  -9.0541255263416984e-02   4.7765157984534146e-01   4.1065945042387121e-02   1.3409796415177546e+00   3.2039725456761983e+00   1.7388322953478139e+00
   3.4788599999999999e-03   4.1951996769842531e-01  -1.1194140137426167e+00   7.0028188661638102e-01  -9.8775851405764403e-01  -1.8517969134111906e-01  -8.9775329896742229e-01  -9.4639517957094466e-01  -4.0223678166822863e-01  -1.0595603858700959e+00   3.2168535226841897e+00   1.7428267640275248e+00
   3.3493400000000001e-03   4.5720951015354622e-01   3.6005044996960511e-01  -1.4189812797313071e+00   1.2927760601038034e+00   1.1878621228817505e+00   1.3452768663739129e-01  -3.7322216080179965e-01   5.5305277472110748e-01   1.6432810320951421e-01   3.1999904112705839e+00   1.7377138813881470e+00
   3.4223700000000001e-03  -1.2888007332836954e-01  -3.3748235496109924e-01   4.7543896169486793e-01   2.9835831869652946e-01   4.8882173651865007e-02   9.6348115152317659e-01  -1.8055064269114192e+00  -7.7872837977858961e-02  -1.1492745228649435e+00   3.2559309064956423e+00   1.7529875609622934e+00
   3.5896100000000000e-03  -6.6314853494464510e-01   1.7937303083129177e+00   4.5242826973515261e-02  -2.6586419804054601e-01  -4.2527446818639941e-01   1.0876691837243762e+00  -3.6708825009619317e-01  -4.5452153102657394e-01   7.5037359797395586e-01   3.2767856752958702e+00   1.7591537210745190e+00
   3.6322899999999998e-03  -6.0144640463274146e-01   1.0487169870357833e+00  -5.8011972285314939e-01  -1.4287315572817613e-01  -5.1486999559885482e-01  -8.3658447217782139e-01   9.3130365109895019e-01   2.8612664682288669e-01   1.4776439327310562e+00   3.2533051157022586e+00   1.7526032017181101e+00
   3.6775900000000001e-03   1.9745669836963795e+00  -5.9435874077169271e-01   4.1264131056710771e-02   2.2976874665658867e-01  -9.0541093036615916e-01  -5.6229619423840460e-01  -3.4759971996463074e-01   1.8946297519175329e-01  -3.7272147616223705e-01   3.2116171403728435e+00   1.7410532220854174e+00
   3.3303199999999999e-03   2.6261802878230411e-01  -3.3728138775872285e-01   3.8531521282147385e-01   7.6579063640587142e-01  -3.0439035853447233e-01  -8.3809895919921173e-01  -3.1474388341382470e-01   4.5207954709095316e-01  -1.9872239777128755e+00   3.2154865688582701e+00   1.7418548858912777e+00
   3.4685400000000000e-03  -2.0808993858953959e-01  -3.0631158995863567e-01  -1.4230685114995270e+00  -1.4412216028197713e+00  -2.8589546606494591e-02  -6.3189786395605796e-01  -9.9034676984681236e-01  -4.6324884244707709e-01  -3.4362053864228764e-01   3.2131261760178131e+00   1.7420701513098686e+00
   3.2309399999999999e-03   2.1240562768986695e-01   5.5585396936688103e-03   1.5360833204501823e+00   1.4104829600212583e+00  -7.4145189800045187e-03   7.7452780488003692e-01   7.4235354983469226e-01   5.7469362378621680e-01   2.4279480802939249e-01   3.1832474577310141e+00   1.7332763541405041e+00
   3.1347400000000000e-03  -5.1527637892307843e-01   1.3898442210719758e-01   1.0607219332186306e+00   5.0201949048652805e-01  -1.3191018948294506e+00   1.6006939613970922e-01   1.0577293612164103e+00   4.0686418727695084e-01  -1.1479848498734211e+00   3.1875176106601351e+00   1.7342952622275987e+00
   3.5918100000000000e-03  -1.5044012232732365e-01   6.2024958838559718e-01  -4.9166706326886211e-01   1.5088854239527723e+00   4.8701344415661857e-01  -1.1697006402642196e+00  -1.3066808639063665e-01  -8.8279754608882399e-01  -7.5719688529726659e-01   3.2298139067885452e+00   1.7463648094688546e+00
   3.5149199999999999e-03   1.0137342485125540e+00   1.3075430075934793e+00   7.7828142170691350e-01   2.8875575810128123e-01  -1.5492797737317991e-02   2.2093337471435698e-01   7.5505846801318099e-01  -2.2505278070375101e-01   1.3150306609904385e+00   3.1893368940604376e+00   1.7351176020853214e+00
   3.5818500000000001e-03   5.6855535774888610e-01  -3.6352227539958282e-01   1.7103078750263773e-01   1.1162382061409899e+00   1.6078268207503204e+00  -4.8097011921863225e-01   8.3331682359269621e-01   3.3117332087192236e-01  -8.0199276868195724e-01   3.2839561905472476e+00   1.7611132512998116e+00
   3.3641299999999999e-03  -8.9147127252990144e-01   4.2279073330049249e-01  -1.0053718588497296e+00   4.6245072138568405e-01   1.1605494151742335e+00  -4.9730249607661192e-01   1.4166818277778936e+00   3.3633398376279594e-01  -1.2757422574016739e-01   3.2179989027961762e+00   1.7427420448065820e+00
   3.4873000000000000e-03  -2.3287679489332996e-01  -1.9050723549386344e+00  -2.5543060544715845e-01   4.8602896059379419e-01   1.0637702522194443e+00  -1.1622194595375715e-02   7.6505849060503661e-01   4.4115680087479398e-01   1.0708007592887045e-02   3.2716356530600956e+00   1.7565896712655003e+00
   3.5686500000000000e-03   4.9629919876194561e-01   5.9545772919836482e-01  -9.1899818673719536e-01   2.4310105754154021e-01  -1.1476199478710949e+00   7.9723927872242895e-01   6.7449207032819913e-01  -1.0302373526999262e+00   9.0659243974441073e-01   3.1876471967307616e+00   1.7346617619476898e+00
   3.4333200000000001e-03   1.0547398724312226e-01  -6.9214478740801177e-01   1.2722215637160050e+00  -3.2464364324314871e-01   2.1827580096189222e-01   5.1519659806959828e-01  -4.5541514797511440e-01  -1.7605696336589807e+00  -2.7397501291104120e-01   3.2044338364455864e+00   1.7393030884441079e+00
   3.6373299999999998e-03   6.1861062347415585e-01   1.8171677424722903e-02   4.7644657557130393e-01   8.9702649974147408e-01  -5.5247184491687529e-01  -5.3634001874305226e-01  -1.5081735698727716e+00  -1.1388024950090749e+00  -4.7864205721414094e-01   3.2321314574675628e+00   1.7469489636730149e+00
   3.5303299999999999e-03  -1.9750725715064260e-01   8.2196052076953163e-01   1.0927591886588171e-01  -4.4368064288107090e-01   8.7233221768683589e-01   1.5402724422666274e+00  -1.6011046260799994e-01  -7.6476034909456192e-01  -1.1085931435176946e+00   3.2195849277070789e+00   1.7435275831963630e+00
   3.2857600000000000e-03  -6.6849481088367824e-01  -7.4412424377558928e-01  -6.1276079090855551e-01   1.3308779757600007e+00   2.7775075749630640e-01  -1.1051287871318198e+00  -3.0587344078918927e-01   1.0853742969791094e+00  -4.3486505320368529e-01   3.1870180411349081e+00   1.7336669821993933e+00
   3.6617600000000000e-03  -4.3718334717729884e-01   1.1523136251020287e+00   1.7243983346318348e+00  -2.4620761916452932e-01   1.5953916886234729e-01   3.0939888433341622e-01   7.8009364249100233e-01  -6.5788858613951906e-01  -2.6320491303040133e-01   3.2016007432160016e+00   1.7388189099817166e+00
   3.3123599999999999e-03   3.0698958646263930e-01  -3.3372140999784422e-01   1.6803183941103705e+00  -1.3009636949051424e+00   5.1774442592333569e-01   6.2426215953220299e-01  -5.3132753103063091e-01   2.1762131543242400e-01  -4.7082761577364324e-01   3.2012071800004676e+00   1.7381078982656830e+00
   3.5842199999999999e-03  -5.2496725199917793e-01  -4.6386175996809953e-01  -3.3140093446343688e-01  -4.8602039369431044e-01   9.8422402962472466e-01  -1.5924391641702713e+00   3.2602963071272290e-01  -1.5045063992330554e-01  -1.2052289887984502e+00   3.2491833632376625e+00   1.7517671011565985e+00
   3.3893500000000002e-03  -5.0778182815501083e-01   3.8700057235738161e-01   7.4984751894691348e-01  -1.3321047241321321e-01  -1.0880282885292250e+00   1.1168679367143155e+00   1.2482769086490677e+00   1.9048024065045829e-01   9.3456250352712555e-01   3.1921703438692797e+00   1.7356143298211224e+00
   3.3679299999999999e-03   1.3830507454047873e+00   3.4665542428772428e-01   8.8554537403119227e-01  -8.2049879917041962e-02   1.2125171546394600e+00   7.7416254714720467e-01   8.1900554671851000e-01  -5.9101325783610470e-01  -3.9632568491338221e-01   3.2665358492205976e+00   1.7562365561748923e+00
   3.5490399999999998e-03  -3.5349977783987468e-01   1.4514221205963818e-01  -8.8564192888664395e-01  -6.8491705406515502e-01   4.1776911356668245e-01   8.5754055733109780e-01  -3.8511485292197800e-01  -1.8153048059182557e+00   4.0634140846507921e-01   3.2258432379680695e+00   1.7452566124102187e+00
   3.3882600000000001e-03   1.7587924593653599e+00  -8.7920788994998367e-01  -5.5553290277480716e-01   2.1736374785912271e-01   7.7423909265205904e-01   8.3128730460743216e-01   5.8933430747334670e-01   3.1446316794314033e-01   1.1037159540339879e-01   3.2622820037473299e+00   1.7545342343115207e+00
   3.3021600000000002e-03  -1.1128347615536804e+00  -1.2006590341080392e+00  -1.7997216304110888e-01   4.5369306465987186e-01   3.2008825046468531e-01   1.4325062910194573e+00  -1.6687018472218193e-01  -7.1910262250501011e-01  -4.9146022962606373e-01   3.1737899944799239e+00   1.7303902717038062e+00
   3.3344700000000000e-03  -2.3231948277843265e-01   1.9887869005330272e-01   1.5486193578741114e+00   2.3789221541826125e-01  -7.9687820893839856e-01  -1.0188982290644688e+00   9.6126703635654021e-01   3.1389375954476284e-01   8.1263870178917763e-01   3.1817122253521228e+00   1.7328740120945714e+00
   3.4291999999999999e-03  -6.5223061920592618e-01  -1.3794794614520964e+00   6.1911632917011572e-01   8.9765759595746197e-01   6.9232912059721385e-01  -6.7923302776276451e-01  -6.0209745466259534e-01  -7.2744909327474816e-01  -7.2323978755060214e-01   3.1918601022060216e+00   1.7358138641797101e+00
   3.3289700000000001e-03  -8.2012852310480763e-02   5.7983727818245112e-01  -3.6102207357744909e-01   1.7765259033225826e+00  -2.6207019763374517e-01   2.3750126242805711e-01   5.9774849662282381e-01   9.5526481198060242e-01  -9.5774951209647718e-01   3.2041901960179251e+00   1.7389166382954240e+00
   3.5327700000000002e-03   1.4516751916145074e-01  -2.2903514478150269e-01  -2.2816817384419671e-01  -8.8798020442960957e-01   1.2164007182289194e-01   7.1470884674652546e-01  -3.1897835073948927e-01   2.0041659167109138e+00  -4.1659354010695304e-01   3.2016288307773988e+00   1.7378830954615423e+00
   3.4359299999999998e-03  -1.0490741088864670e+00   5.9121472486427740e-01  -6.5189660746189904e-01   2.7576991434335546e-01   1.4547162669911455e+00   1.1490674480817695e+00  -4.1265269043585029e-01  -8.1644369057355559e-02   5.4192200915597477e-01   3.1990834911272734e+00   1.7376335277782722e+00
   3.6210000000000001e-03  -8.2044361934800880e-01  -1.5539901513996887e-01  -7.1289394815454799e-01  -1.2824860485744736e+00   1.1147887508715166e+00  -5.8204164620483867e-01   6.3304425687595423e-01  -4.3711326664578115e-01   9.2197114233639799e-01   3.2338876539251729e+00   1.7475722804667688e+00
   3.6303600000000000e-03   3.7820811210245986e-01  -1.5058729781328064e+00   9.3689212347504769e-01   1.7541310998899280e-02  -6.6276553779674297e-01  -9.0876837291479218e-01  -1.1905149536587359e-01  -7.9648715049034591e-01   7.4842282862728904e-01   3.2040166458152761e+00   1.7389521320410413e+00
   3.7367799999999999e-03  -1.1323936086269450e+00  -2.1255478835010938e-01   2.6965855098580549e-01   9.9953248880414880e-01  -5.4505769056782649e-01  -1.2308679753410634e+00  -6.6542218303440692e-01  -3.7747942251040684e-01   9.8740853809235762e-01   3.2389982478255575e+00   1.7488095633278147e+00
   3.4919299999999999e-03   1.0255040619231712e+00   7.6127038043589446e-02   6.3270676573250167e-02  -1.8359081663712569e+00  -9.9659703933580746e-01  -1.8440720240053246e-01  -3.2020864570054069e-01   3.8115082658197985e-01  -3.0592187321351899e-01   3.1910824507322095e+00   1.7354310003436844e+00
   3.2978100000000000e-03  -1.6314509420863860e-01  -7.1575802963177382e-01  -1.2256490000664269e-01   1.2340087879572545e+00  -1.1837883367423350e+00   1.3853019763602896e+00   7.3957785922577124e-01   6.9278285569291345e-02   8.7399972565552365e-03   3.2029367077980910e+00   1.7384225829742870e+00
   3.6778000000000002e-03   1.1100870755880611e-01   1.5269260277063048e+00   3.5605497913187695e-01  -6.7470849233366259e-01  -1.2992043391365384e+00  -4.3679020769551746e-01   8.2833898938584716e-01  -4.8886658180909803e-01  -1.4406731192511135e-01   3.1890718426608085e+00   1.7354648903137639e+00
   3.5614700000000002e-03   8.4441495470361638e-01   4.5057206431042990e-01  -1.0513034787686362e-01   6.3833718107474613e-01  -8.4712324346809531e-01  -1.4670487948769304e+00   3.3822620496832034e-01  -9.5125012119605334e-01   7.6363877777605893e-01   3.1869426759823716e+00   1.7347262584251164e+00
   3.3338600000000001e-03   7.3012251825716201e-01  -1.4191888598909658e-01   1.0310178029113679e-01  -1.0323442876037978e+00  -8.1422228340453562e-01  -5.0186047349109786e-01   1.4380367414657169e+00  -2.7357043494015498e-01   1.1118952968241733e+00   3.2116423019396039e+00   1.7410346678154645e+00
   3.3928500000000002e-03   7.8576663005388314e-01   1.0754915697364733e+00  -5.9414545772985428e-01  -8.6426398844990038e-01  -7.9357278498539707e-01   8.6833662993127692e-01   5.0249850322449252e-01   9.9354158924807212e-01   6.8526696198879977e-01   3.2191470816113146e+00   1.7430157996966271e+00
   3.4707300000000000e-03  -7.2153270988362550e-01  -5.2795741051518763e-01  -1.6418676714975569e-01   2.1163667336987235e-01  -1.9142636430350348e+00  -4.1656126669244919e-01   8.3673581287503063e-01  -4.9738495630683444e-01   3.5015717172552441e-01   3.1683856227140690e+00   1.7295107367502580e+00
   3.1141799999999998e-03   6.1412087087159850e-01  -1.2818127726319304e+00  -3.6952702222798905e-01  -1.4073685881661426e+00   1.0841546847453309e+00   2.0687076489981271e-01  -1.5356349479490708e-01   6.5762351708265299e-01  -5.6132293902317709e-01   3.2411543682066681e+00   1.7487924230673513e+00
   8.3672499999999997e-03  -1.3026976320501960e-01   1.4610935534747879e-01   7.6837867214223837e-02   1.2462862221145735e-01  -2.0781360389903494e-01   5.9470804940893136e-02  -4.0336314084627578e-01   3.1371600975403348e-02   1.0235918968751959e-01   1.7380245461725425e+00   1.3073871976973992e+00
   3.2711799999999998e-03  -9.8605998587640731e-01  -6.4974802297619250e-01  -1.3416988569810353e+00   6.5395726036472146e-01   1.0430626946786124e-01   9.1051129028022915e-01   3.4361388823054068e-01   1.1167348083817730e+00  -2.2490494407671713e-01   3.1857926771022487e+00   1.7333094448123760e+00
   3.2983600000000002e-03   8.8259419933011773e-01   3.5347924334052672e-01  -3.8642291264265605e-02   9.0039384600519612e-01  -1.5925727663402967e+00  -7.5124547079555501e-02   1.0092649921740053e+00   7.0801888602559382e-01   4.1412311805866298e-01   3.1990127316721062e+00   1.7375360142190635e+00
   3.6216500000000001e-03   2.4657520414467410e-01   4.2630048675705273e-01   2.6874292081056173e-01  -1.4552342330279204e+00   1.0158159372077677e+00  -1.1665440332704788e+00  -8.8510932058435787e-01   4.5547781065067527e-01   1.3429650756758804e-01   3.2135147592606317e+00   1.7417994617694197e+00
   3.2527300000000001e-03   2.7174859565246184e-01  -5.4040841389563632e-01  -5.8415463039524118e-01  -5.2616221262544605e-01  -4.6265041821213859e-01  -1.3354230887238074e+00  -5.9349684626577148e-01   1.4395895996293051e+00  -7.9365973450867799e-01   3.2230522281501979e+00   1.7439067431476383e+00
   3.2776099999999998e-03  -1.5000315895721728e+00   1.1872784266573988e+00  -6.9651414090644170e-01   1.0694339110419158e+00   1.9419846853271705e-01  -2.8029624098154310e-01  -5.9443727176625527e-01   5.2042453844589065e-01   2.3292391287754013e-01   3.2482446162093637e+00   1.7509617609686570e+00
   3.2480000000000000e-03  -6.5218027432410286e-01  -4.7531394785854830e-01   1.4455692952920047e+00   5.2297123089029607e-01   1.4850943515387738e+00   8.4490151489640142e-01  -7.7480088759584023e-02  -1.3006146393278209e-01  -1.5929679992878287e-01   3.1951176508898427e+00   1.7364995955772160e+00
   3.6148899999999999e-03  -9.3780165564723927e-01   1.5218879244728867e-01  -4.4216718414077327e-01   7.4746111566825568e-01   1.2928753146155989e+00   3.5695779183773807e-01  -3.3430303057474670e-01   1.2050355794459487e-01  -1.4911600257172870e+00   3.2099065438066812e+00   1.7408180248496390e+00
   3.5169500000000000e-03  -6.1635033785371399e-02   2.5703565636450870e-01   5.0010812437399821e-01   7.4359514451436404e-01   4.4474938144916892e-01   1.5797627211388923e+00   5.7820049455487899e-01  -1.1916194240330029e+00   7.3638137668618975e-01   3.2016389616497816e+00   1.7387315616816055e+00
   3.7105900000000002e-03  -8.9289461270818404e-01  -9.5288648892100336e-01  -5.5414774653387977e-01   7.4212058837398309e-01  -2.7325773086879385e-01  -2.7671769111912925e-01   1.2074231015312364e+00  -4.1609434819862956e-01  -1.1937700811436307e+00   3.2269233264244939e+00   1.7454116592618565e+00
   3.4459299999999998e-03   1.2635996028981181e-01   5.7681341965956801e-01   4.3652535981838519e-01  -4.8280254969182274e-01  -1.4839255348698259e+00  -2.9709890713743314e-01  -5.7884096377726357e-01  -5.3077447371908559e-02   1.5671282981071686e+00   3.2174495784504846e+00   1.7425837316291639e+00
   3.3722200000000000e-03  -5.1275627762977893e-02   4.5658771450670899e-01  -2.0321239598107751e-01  -1.1486805253891375e+00   4.3279648663382353e-01   8.1587836456450985e-02  -8.1349722090810461e-01   5.0542873466779104e-01  -1.7884834696315512e+00   3.1890490606777586e+00   1.7347022182472036e+00
   3.3779100000000000e-03   3.7561208976433802e-01  -1.0715526484217530e+00  -1.8831274352920255e+00  -6.3823355403142185e-02   5.9615127024405068e-01  -5.4380476444204584e-01   3.9741823789299019e-01   4.9896757456398871e-01  -6.3861290866697409e-02   3.2307846891123844e+00   1.7461346329775453e+00
   3.5646699999999998e-03   5.5749579868107946e-01  -1.1202120658176475e+00   1.2208437369080187e+00  -8.6648195920220494e-01  -3.8877948961376863e-01  -6.1486607442196894e-01  -1.5781300605627699e-01   1.1238169195812973e+00   3.5456128946066978e-01   3.2052136314167052e+00   1.7391506956070533e+00
   3.7393499999999998e-03   5.2106846577062571e-01  -1.6193114670149533e+00   9.7917672751254536e-01  -1.8103975259075999e-01   1.3649608556594686e-01   1.1860536989103387e+00   3.5521166546109278e-01  -8.3685203084931901e-03   5.6198030626111029e-01   3.2391817937554754e+00   1.7487547823709095e+00
   3.4786700000000001e-03   2.4060841319195250e-01   9.3251256857776477e-01   5.5148219747512406e-01  -1.7895986649358684e-02   3.2050975320209875e-02  -1.7020214891384894e-01   1.7822074220849540e+00   1.1935788252058974e+00  -1.5287618816269369e-01   3.2251694360690908e+00   1.7449260817168255e+00
   3.3610400000000000e-03   7.0813178503466589e-01  -1.0893620688516665e+00   6.6115787280819960e-01  -3.6231584491096169e-01   1.7521018200220884e+00  -6.6927749889346799e-01  -9.4758932123544023e-03  -3.8349310813863779e-01   2.2348583461207633e-01   3.2321952925914248e+00   1.7468189639992391e+00
   3.4754500000000002e-03   1.3522293830170264e+00   6.7947069799308091e-01  -3.4841951685630107e-01   7.8236257840927392e-01   3.6199221729833753e-01   3.9964846872743476e-01  -5.4215864800072833e-01  -1.2935562652658347e-02  -1.5006864034388225e+00   3.2026890686665808e+00   1.7385692597016613e+00
   3.5265900000000000e-03  -1.0622503536350472e+00  -3.5527064363876915e-01  -1.1406610418622132e+00  -1.0902487320788365e+00   4.5649226582546876e-01   6.6885571964324408e-01   8.0744116384226894e-01  -2.2556530147578105e-01  -9.2562780323966087e-01   3.2506521847841325e+00   1.7520301382771448e+00
   3.5678500000000000e-03  -3.4848144497095107e-01   6.9986665978517681e-01   1.2620106610917345e+00  -9.2040518398343896e-01  -2.7149672375739720e-01  -1.0257807239354915e+00   1.3062929916478408e-01   8.1956838746029925e-01  -9.6717716733187520e-01   3.2089070427003543e+00   1.7402981641848265e+00
   3.3438800000000000e-03  -1.1643056340631710e+00  -4.9566018011434348e-01   2.2733408782866282e-01  -1.8216367796486721e+00  -3.2213801271299407e-02  -3.0131775504231245e-01  -3.5226590308357975e-01   7.8696643802804200e-01  -3.2871359108386100e-01   3.1935262333308545e+00   1.7360441871834134e+00
   3.7448700000000000e-03  -3.0892372617707914e-01   7.1895493179269365e-01  -8.5523698746025101e-01   1.3283204927694903e+00  -3.2515673161998176e-01   1.2080444255744289e+00  -7.7806263642600570e-01  -6.4229286654352469e-01  -3.2511145769644023e-01   3.2446850993133838e+00   1.7505179860419846e+00
   3.5331000000000000e-03   1.6750046652229875e-01   1.1207552265386640e+00  -5.9687541093450230e-02   3.5001821145231599e-01   8.9657869056793549e-01  -1.0428824754819839e+00  -3.3575508526905662e-01   1.2380240829845470e+00  -9.0082280930530789e-01   3.1831820037963094e+00   1.7334343412662971e+00
   3.6916599999999998e-03   2.0127274217799448e-01  -6.0967255320090685e-01   5.2389065324673278e-01   9.8552668103756425e-01  -1.1283516525164634e+00   3.7653120230540343e-01  -7.0018782697618365e-01   1.4530251109775942e+00  -3.7437301712262805e-01   3.2724243737820151e+00   1.7573567498474481e+00
   3.4336000000000002e-03  -1.4873444279295922e+00  -1.0219036881559405e+00  -1.4389448359976056e-01  -6.6342260060773228e-01  -4.8388657832144599e-01  -4.5684590600493707e-01  -3.1540427508544938e-01  -1.3033847837511847e+00  -1.1306719511896843e-01   3.2243591935077420e+00   1.7447193909165142e+00
   3.6577300000000001e-03  -7.9176712513295266e-01   8.7915851237568055e-01  -2.7791922541225089e-01   5.1877663320594691e-01  -7.8203982996562005e-01  -1.6362339925497087e+00   6.1737322613868306e-01   4.3406121441911277e-01  -5.0818730014657099e-01   3.2362484188998057e+00   1.7480604592428992e+00
   3.4383399999999998e-03   9.0797083448366200e-01   2.9020876371498183e-01   1.0064426648533382e+00  -4.9382070527575511e-01  -7.8510655465977297e-01   2.7499799101450140e-01  -1.2584204875513488e-01  -6.1329151319863995e-01  -1.6153928190413083e+00   3.1949499397151113e+00   1.7364477575847870e+00
   3.3456100000000002e-03  -9.6722470294347518e-01  -7.0718810182222047e-01  -1.5029715624182822e+00   4.1688923630722019e-01   1.0253294817491176e+00  -4.1473591514160274e-01  -4.8827351015377135e-02  -9.1373885241911412e-01  -1.5797452495552533e-01   3.2213370544865709e+00   1.7432503952838674e+00
   3.6126999999999999e-03   9.2230581197246142e-01  -3.1290725206319181e-01  -1.4642572804111924e+00   4.7185547590275145e-01  -8.7879523337318366e-01   7.8543177150737342e-01  -2.8242391172768978e-02   1.0040588783832185e+00  -1.9707272716346941e-01   3.2103376441632840e+00   1.7406913173267724e+00
   3.3286300000000000e-03   2.4186936628983655e-01  -4.7179863080476442e-01   1.9897153998133316e-01   6.2333042260486260e-01   4.2984618431034965e-01   1.0901454397952168e+00   1.8870185117395326e+00   2.2130947377326093e-01  -5.6353224483160758e-01   3.2836011067059694e+00   1.7601013538577750e+00
   3.5551400000000000e-03   1.1732903873045728e+00  -6.4505635216673418e-01   1.1526736058934470e-01   4.0674695670074185e-01   4.9742214243366545e-01  -8.5538900903371984e-01   5.7027512810390057e-01  -1.3792097084442103e+00  -9.0906461984756637e-01   3.2830230459392915e+00   1.7607738862379647e+00
   3.5946500000000000e-03   3.3876742241859475e-01  -5.6850740577935055e-01   2.5951216516157344e-01   2.5170340413307896e-01  -2.4743416646755009e-01   7.2224610980762416e-01   4.8168128207786076e-01   1.6613772465852152e+00   1.2471437228349982e+00   3.1937667395824789e+00   1.7359590952881983e+00
   8.2912500000000000e-03   1.4464494138610104e-01  -1.5682618520464622e-01  -6.7702444991177488e-02  -1.0464340105347611e-01   2.0038626870872664e-01  -3.4530226036141656e-02   4.2640680625414745e-01  -3.7145282950831499e-02  -9.6907707669117230e-02   1.7383788389804291e+00   1.3075152343027654e+00
   3.6046300000000002e-03   6.8104075296196664e-02   9.6040277242156358e-01   6.5606391257152641e-01  -7.0214062226158913e-01   1.4681432534751422e+00   2.2996579817018473e-01  -3.9251241099259143e-01  -9.4389183031715151e-01   8.5453103808838138e-01   3.2024506294017674e+00   1.7390812300655307e+00
   3.4181099999999998e-03  -1.2140707996704806e-02  -1.0904716175200924e+00  -8.8606275115223876e-01   3.9630623541963783e-01  -8.1471647626039745e-01  -1.5203990558819618e+00  -3.8557665338523822e-01  -5.5149216757887498e-01  -6.1390694000245472e-01   3.2056970721161302e+00   1.7395455367487436e+00
   3.3957499999999999e-03   5.7133788309337574e-01  -1.1611269598490208e+00  -8.3761866187582368e-01   1.5037501884260198e+00  -3.3447294936986222e-03   2.4945796645010104e-01  -4.5649111224785360e-01   5.1601884635807033e-02  -9.9888116243611003e-01   3.2115016249894142e+00   1.7408204343291473e+00
   3.3270900000000000e-03   1.0554634144227302e+00  -7.1653999600451157e-01  -1.0625251049062094e+00  -6.2646004292721502e-01  -1.5755558459823943e-01  -1.6278033676885906e-01   3.7308850303660079e-01  -1.5445657684472350e-01  -1.6204277842396138e+00   3.2275705144562674e+00   1.7454782563021287e+00
   3.5635900000000002e-03  -1.1435625499897635e+00   1.6153058709533716e-01   6.4843307121752999e-02   2.2291842994605664e-02   2.7582919776985494e-02  -1.2977550467111771e+00  -1.5333483875313483e+00   5.8193054011841869e-02  -7.6499393772369706e-01   3.2533913198497459e+00   1.7530213890621262e+00
   3.4926400000000000e-03  -1.2009900539245252e-01   6.4536014777301298e-01   1.5432889170146949e-01   1.0618446091107308e+00  -2.5214621995485742e-01  -3.0492350369942062e-01   1.9000651937765061e+00  -7.7971853551453485e-01   5.3234410383149293e-02   3.2463180525340309e+00   1.7508075187843493e+00
   3.2980499999999999e-03   9.3124677111977139e-01   2.7963128234874740e-01   1.2062828047101526e-01   9.5270297247902958e-01  -6.0610330810492441e-01   1.4668454573997305e+00  -8.0005707029364870e-01   5.0969903836150066e-01   8.6292442404856795e-01   3.2631569017785087e+00   1.7545917352453464e+00
   3.3252500000000001e-03   5.9471895019460230e-01   2.5662031952425518e-01  -1.4820257401407009e+00  -4.7703735117407603e-01  -1.5524488389779534e+00  -7.9057076744338473e-01   1.9162217340528334e-01   2.0944279375022171e-01   1.3055842673410170e-01   3.2126073239271165e+00   1.7410363162639249e+00
   3.3357999999999999e-03  -3.7586023019133702e-01  -5.6050635989229958e-01   1.4183686967909293e+00  -1.2411513090395743e+00  -1.2854092571826912e+00   9.1939921804327612e-02   3.9150664704971883e-01  -4.1180670918816537e-01  -7.8416192957780573e-02   3.2210242024604794e+00   1.7435901440185075e+00
   3.5734600000000001e-03   7.8077998327170361e-01   7.1980268422387761e-01  -4.7075183230907114e-01  -4.6428987102898911e-01   1.4622817058215074e+00  -1.9711172295764559e-01   8.7334583026078005e-01   8.4318792192007030e-01   8.6024518068510269e-01   3.2635130058493984e+00   1.7556050492205935e+00
   3.4310199999999999e-03  -5.4456599486146529e-01  -6.1039910044563564e-02   2.0084649456488930e+00   5.1794444312003629e-01  -5.9027071795035257e-01  -2.9352554559059701e-01  -8.8119421188505742e-01   1.4320804947555227e-01  -4.1810180770196159e-01   3.2629535195059627e+00   1.7551361422834888e+00
   3.6692399999999998e-03  -1.3291096742951589e+00  -9.2644053381967406e-02   5.6379655923847682e-01   9.0820212831390934e-01  -1.0118004145231008e-01   1.0728822456806442e+00  -6.9825991442389213e-01   6.4307103943412069e-01   9.5670756916049515e-01   3.2782455660320178e+00   1.7595049627930697e+00
   3.2979500000000000e-03   6.0707035289733835e-01  -4.1206910988717632e-01  -1.0405680037690817e+00  -4.6374456267408526e-01   1.3611749017974499e+00  -2.4007014791168273e-02  -9.9825035360073155e-01  -2.1192898746399824e-01   1.1344054732397058e+00   3.2077552725245946e+00   1.7401994068297573e+00
   3.6091800000000000e-03   1.1831628217529995e+00   3.6997951444728489e-01   1.4732057212296743e+00  -7.4103277206678519e-01  -2.5695372480140677e-01  -9.1295585231603649e-01  -2.4618338603507683e-01  -7.2514888881981099e-01   2.3199679838108000e-01   3.2064632377435673e+00   1.7397976285336074e+00
   3.6587000000000000e-03  -9.2745573537071191e-02   3.9349745963553989e-01   6.4814841325391981e-01   1.7697294736855054e+00   5.8173832895989652e-01  -1.0000649972920950e-01  -1.2065272055471452e+00   5.4938298673412389e-01  -2.5488958229970854e-01   3.2623375154618586e+00   1.7553352015964314e+00
   3.5389400000000000e-03  -3.0060728070165915e-01  -1.1383065883836037e-01  -6.1151154682359343e-01  -4.3260557905227315e-02   3.2773561460535179e-02  -2.7393326475093273e-04  -6.9434246511884989e-01  -1.5328889727393642e+00  -1.6057537807730575e+00   3.2162693977943344e+00   1.7426637645392180e+00
   3.1261200000000000e-03  -2.9022082365118396e-01  -2.7752643921046216e-01  -4.7638095549218185e-01   2.5976265007407123e-01  -6.6339538887460037e-01   1.2626750848827848e+00   1.1338289199390658e-01   5.0352478434766490e-01  -1.8111173593531009e+00   3.1966824721052705e+00   1.7368562883539198e+00
   3.3168300000000002e-03   3.0681049864124404e-01  -9.7444247347399848e-01  -4.0730129248072849e-01   4.3116427980767746e-01  -9.4632357038576975e-01  -1.3364462548640879e+00   2.8001884630453150e-01   9.7483519051506307e-01   9.1273273269534971e-01   3.2097369512622937e+00   1.7403521354487570e+00
   3.3202900000000000e-03   4.3156206520615115e-01  -2.9112814678783511e-01  -3.1179174689094397e-01  -7.1442388771973064e-01  -1.1942130739998298e+00   8.1268680314770281e-01   1.5039436349598501e+00  -9.9220707109014275e-02  -8.7197255270261920e-01   3.2405609728983134e+00   1.7488049403972572e+00
   3.3987200000000000e-03  -7.4316238304454119e-01   1.9258266997102587e+00  -2.3229304132617901e-01  -5.1687763011269605e-01   7.0174111425136432e-01  -2.5434333002712645e-01   4.1793169677028003e-01   6.6420638768199358e-01  -1.3897854962389525e-01   3.1872524480214155e+00   1.7337503183427956e+00
   3.5426699999999999e-03   5.1292208455888677e-01   5.5759577104859492e-01  -1.0288333749638710e+00  -2.4470608577348113e-01   8.3914720075280202e-01   8.8868259639812031e-01   8.5428787461428313e-01   1.0157152096726239e+00  -9.3050426189417779e-01   3.2231158875249495e+00   1.7443193329397289e+00
   3.2289300000000001e-03   1.5822825167364483e+00   6.3616568699150089e-01   2.0481291468842219e-01   8.2557855328995466e-01   2.5654303383128108e-01   3.7911159381475162e-01   1.4616061421242582e-01   1.4402500014370643e+00  -6.0690506213265577e-02   3.1915107840207462e+00   1.7352308223015063e+00
   3.4475800000000000e-03  -3.6441867527949645e-02   8.6340514634633192e-01  -6.5184064443326528e-01   1.0682334667569093e+00   2.0160991457183139e-01   1.0757111824977104e+00   9.7174718266277860e-01   6.4735826875538127e-01   1.0127479277844531e+00   3.2172679248348808e+00   1.7426847680784134e+00
   3.3445300000000001e-03  -1.4451776535882857e-01  -9.4608863352782058e-01   4.7513527922351667e-03  -1.4409886342688165e+00  -5.8808500099617678e-01   1.2070673778201291e+00  -5.6755588888029085e-01  -4.1781220854397638e-01  -7.6761048132085241e-01   3.1882490650831410e+00   1.7342010444682003e+00
   3.5040499999999999e-03  -5.2411729146041759e-02   1.2396883211153418e+00  -5.2986466137417743e-01   3.3527272412465553e-01  -1.2488744172718544e-02   1.2993743622079603e+00  -8.4716358643340062e-01   1.1461685733286728e+00  -4.8178959876242150e-01   3.2338551370877124e+00   1.7470962291144616e+00
   3.5243000000000002e-03  -2.1348849324243875e+00  -6.6102590797544958e-01   1.0391140675316178e-01   7.5879594477451628e-02   8.1143960335654441e-01  -1.8899143276476621e-01   3.5535806773954265e-02   3.4195099480812863e-01  -1.2290353486003852e-02   3.2066293448917809e+00   1.7394662575819715e+00
   3.2957099999999999e-03   7.2383152392715788e-01  -2.8602569466703903e-01   4.6918669220212433e-01   1.0018957850343906e+00   1.3539168902800340e+00   6.2128838553076526e-01  -1.6621298154481631e-01   3.1043635306369499e-01   1.3312541151536128e+00   3.1881479548532718e+00   1.7348204572795332e+00
   3.6536699999999999e-03   1.1301279062554697e-02   9.7128707322656094e-01  -4.4416154657067629e-02  -2.1033034927514432e-02   3.2869618053420652e-01  -2.2295536352152467e-01   1.2514593417573265e+00  -3.7261533586120904e-01  -1.7597533920753314e+00   3.2541592568621596e+00   1.7531521646678150e+00
   3.6602100000000001e-03  -1.3563062642365571e+00  -3.1179917144443831e-01  -1.2408049770919390e-01   1.2839731944874746e+00  -1.0822759096182923e+00  -3.8530269237432640e-03  -6.0446792852060394e-01  -2.0504905577905927e-01  -8.1499847368717204e-01   3.2458966637743276e+00   1.7507062731388612e+00
   3.4984800000000000e-03   1.0470723567001297e+00   1.0328463268400148e+00   1.1389430354826575e+00   9.7894590558536809e-01  -3.2960374309930229e-01  -8.0593781763859684e-01   4.0294808777369323e-01   8.1303212379529491e-02  -7.1188834453630867e-01   3.1962467241965329e+00   1.7370659332227212e+00
   3.6622700000000000e-03   4.5221177683913216e-01   7.0973164469369399e-01  -6.8587029488264706e-01   1.3017324443329119e+00  -7.6279130698959452e-01  -7.9459224215522561e-01  -1.1313658773054420e+00   6.9790756905372719e-01  -6.1157023259516691e-02   3.2645473157340188e+00   1.7556879699277430e+00
   3.5382600000000001e-03  -7.8972860077873686e-01   2.1197523533021767e-01  -7.2716589306484636e-01  -1.6529524025977926e+00  -1.1089097773312626e+00   4.3727628773382554e-01   3.1959244314746943e-01  -3.3140196861098192e-01   5.6004911960102610e-01   3.2066271911234598e+00   1.7400392570882162e+00
   3.6844800000000000e-03   1.4472739707554669e+00  -8.4772967734472926e-01   1.3205339485264751e+00   7.1284018122170267e-01   3.7029192420458557e-01   1.7557943055221478e-01  -5.4355188020571477e-01   2.1259070205533505e-02  -4.7958405362505785e-01   3.2145983090531360e+00   1.7420630917424544e+00
   3.3643100000000001e-03  -4.8561411408967181e-01  -7.5904532513522693e-01   6.6142817071178983e-01  -7.5116227833312688e-01   1.2075280818350855e+00   3.8892219798926209e-01  -4.8636593981437704e-01   1.0343115190288170e+00   1.0621697174974656e+00   3.1871140198473822e+00   1.7341267549157591e+00
   3.5925800000000002e-03   1.7918560709285106e-01   6.1832503357023427e-01   1.1127851538618392e+00  -1.0668883132103731e-02   1.2064914504187902e+00  -6.4527487168950937e-01  -6.5266763523451776e-01  -6.9062876273502305e-01  -1.2212326512689742e+00   3.2213505753897986e+00   1.7444101316217688e+00
   3.5722599999999998e-03   2.5628961414418028e-01   1.1247863053681607e-01   1.3394482165436441e+00   1.1588000514486430e+00   7.0923084799678437e-01  -6.4121446363320167e-01   1.9841916665911549e-01  -1.1466660792648520e+00   6.3317206033253237e-01   3.2145098432394485e+00   1.7421452403568050e+00
   3.0574000000000000e-03  -1.0400033438355241e+00  -1.3191596159567847e+00   7.3734716639573006e-01   5.7288235675883606e-02  -7.4130111170289559e-01  -1.1640454151803488e+00   2.5392917429570860e-01   6.4275588093431735e-01  -5.8806246190773170e-01   3.2003475802226506e+00   1.7373557317899742e+00
   3.6128200000000001e-03  -7.7323561012779252e-01  -1.8067159526641202e-01   2.8788961319368073e-01   6.5391739164768731e-02   1.2805234875487057e+00  -3.2492560486858169e-02   1.0316368636937825e+00  -1.5093713482771152e+00  -4.5715756431341709e-01   3.2523910115718562e+00   1.7526995898556821e+00
   3.6042600000000002e-03  -8.6661219056756014e-02  -4.8061080910358966e-01  -1.1825451292865563e+00  -3.8645002606949017e-02  -3.3875318014969519e-01   1.7211642584851883e-01   1.8692155888934712e+00   5.4814102464419245e-01   5.6567562082713807e-01   3.2686055856784959e+00   1.7568930428721563e+00
   3.5309500000000001e-03   4.1315698605723455e-01  -1.1152091111724800e+00   3.0881457534186207e-01  -3.3551394299857445e-01   8.6130136209245356e-01   8.5099740170580784e-01   4.7462402365674566e-01  -4.5999920092587065e-01  -1.5731234723747420e+00   3.2863193031697984e+00   1.7619580004250450e+00
   3.4210999999999998e-03  -6.9767693826007515e-01  -4.4170418061756567e-01   1.5428726371244733e-01  -7.3046268850482151e-03  -1.1268273092981607e+00   1.0497942597277601e+00  -8.3338652797314405e-01  -1.1361458999611003e+00   9.4499271698782361e-01   3.2410623201740711e+00   1.7493413431611040e+00
   3.5719599999999999e-03  -9.4464040688508977e-01   1.0502330376613811e+00  -1.0716744323170950e+00   1.9967839805942270e-01  -1.0627205880069774e+00   4.9644816222342486e-01   9.7445089076769165e-01   3.1454748711716507e-01  -4.9895270102456218e-01   3.2232998026626762e+00   1.7442160898254899e+00
   3.5427200000000001e-03  -4.8735387445599065e-01   1.3731967055245653e+00  -5.8613719295785671e-01  -9.1308627794012598e-01  -8.3740297193341129e-01  -4.4232002378146423e-01  -9.6212384549815011e-01   8.6628619533460760e-01  -2.0007222000136708e-02   3.2254415685681908e+00   1.7452597181611238e+00
   3.3816800000000002e-03  -7.7138142941379340e-01  -1.1506746027271191e+00   2.6097707898426459e-01   2.3142824961176053e-01   9.4307733445144681e-01   1.4990367986565276e-01  -2.9141552891214523e-01  -1.0271504250703536e+00   1.3529341578427130e+00   3.1976302967775534e+00   1.7374543987116389e+00
   3.9323400000000003e-03  -3.4503385145786969e-01   7.7812163133239076e-01   7.5614902996084976e-01  -1.1913653061790772e+00  -5.9573219425369506e-01   1.9060586083756589e-02  -1.3551416015561555e+00  -9.1055713302228336e-01  -2.8472038735984356e-01   3.2832654889305237e+00   1.7611245850068125e+00
   3.4672100000000001e-03   1.0987066226923471e-01  -2.9170059742248461e-01   9.6880903021566744e-01   7.5008481188846246e-02   7.2268151241748857e-01  -3.6695207816687397e-01  -1.9393408772785357e+00  -2.3326599960860914e-01   7.4837996729087297e-01   3.2890233869462451e+00   1.7623954981500216e+00
   3.4605800000000000e-03   1.4138553863324901e+00   1.7512323801974070e-01  -1.2038050072931097e-01   1.8005005320100853e+00  -6.4715883266730279e-02   3.7644293889650393e-01   3.7412906279884689e-01  -4.9019537429914067e-01   2.1749938462615562e-01   3.1987429005286363e+00   1.7376037053454119e+00
   3.4140400000000001e-03   6.1759380350304642e-02  -1.5307841817322609e+00  -7.6206910742304590e-01  -9.9073355040740974e-01  -1.1401612957787093e+00   4.1066257209172443e-03   3.0769659328909510e-01   6.5156744151012924e-01  -3.0164493049386287e-01   3.2085061030557163e+00   1.7397841118704147e+00
   3.4697500000000002e-03   1.4748875622637427e+00  -9.2634695611534534e-02   5.1638791193108158e-01  -7.7184176654905712e-01   7.5927795925144481e-01  -6.4125566469363482e-01   5.1920253912731640e-01   7.6001948661253860e-01  -1.0326214614429063e+00   3.2457194148853068e+00   1.7507227104332157e+00
   3.3205600000000002e-03   1.5175233525950407e-01   4.3954569124930337e-01   1.2407305052606110e+00   2.9063149513240694e-01   4.1596228860507328e-01   7.5695564263393400e-01   1.4796234815080070e-01   1.0897767146118267e+00  -1.4601521456571716e+00   3.1961501576980980e+00   1.7368203972355987e+00
   3.2162499999999999e-03  -6.7296063488752944e-01   1.5289263131469744e-01   3.3289242461735957e-01   7.2285957842276549e-01   1.1561809471210094e+00   3.2463343138015044e-01   3.3639997771982016e-01   1.8345294109496113e+00   4.7494983661886148e-02   3.2241390581032503e+00   1.7439437781210161e+00
   3.6095200000000002e-03  -2.5429853586548212e-01   8.9820575310152773e-01   9.2275207944050697e-01  -1.5904279120052460e+00   3.9394290025049507e-04  -2.3009538443417485e-01   3.5943814814722841e-01   5.8119202011398363e-01   1.0098938949263669e+00   3.2023763756269652e+00   1.7387868041491459e+00
   3.5030999999999999e-03  -7.7440802165242772e-01  -5.8986297569791712e-01  -1.0785975740902656e+00   7.1972301309133979e-01   1.2387685551329380e-01  -7.4158774267238617e-02  -1.6688097607558354e+00  -5.4791563290115164e-01   3.4068040620483925e-01   3.2240210523334416e+00   1.7449219807370735e+00
   3.4294799999999999e-03   1.0732716599186016e+00   8.9431499215293919e-01   2.2344575442637646e-01  -4.6263481063542106e-01  -4.5920531180199298e-01  -1.3006310767479050e+00   1.5425282483999658e-01   1.1969899270726947e+00   5.9309316896202624e-01   3.2099943433085856e+00   1.7405219933860361e+00
   3.3113700000000001e-03  -6.2042506136606868e-01  -4.5884866232747701e-01  -3.1600956428748073e-01  -3.2092438396305095e-01   2.7019241672424577e-01  -2.9712842214636043e-01   1.1236614524723763e+00   1.3289442759061401e+00  -1.3881844371316405e+00   3.2159725580137875e+00   1.7418724038082587e+00
   3.4492500000000001e-03   4.8194004420342179e-01   2.8456997919505167e-01  -8.3568983251506324e-01  -6.2230612819663400e-01  -6.5566784191532446e-01   9.3677259966929749e-01  -1.6173338534537169e+00  -3.2079325969791783e-01   7.0667796297293506e-01   3.2500227524654743e+00   1.7517090645532760e+00
   3.5689699999999999e-03  -9.1012072456620741e-01   2.3318968475824012e-01   5.9092702910847672e-01  -1.7406860677156998e-03  -1.8650174459172439e-01  -1.0431414793781952e+00  -7.6804580237201969e-01   1.5057999411462477e+00   7.9600465331226633e-01   3.2335156088011239e+00   1.7472330234613243e+00
   3.3898800000000001e-03   1.3675850684872042e+00  -6.6672937837529267e-01   7.2986235988190351e-01   4.3288965686273967e-01   3.2987939836592883e-01  -6.1292200985653111e-01   1.2988622875638540e+00   3.8730798472944072e-01   7.9293435018801006e-01   3.2537586633512974e+00   1.7525047262987172e+00
   3.3940600000000000e-03  -1.2455225603456051e-01  -6.2734758395929313e-01  -5.6512396325389969e-01  -3.2420939751095895e-01   1.7899444183232875e+00   1.1365293633423919e+00   7.4317922501239420e-01  -4.5056761200872028e-02   2.7997578647891808e-01   3.2479456817273342e+00   1.7508179153248491e+00
   3.2639100000000001e-03   7.2285353486277715e-01  -5.3671621068730489e-02  -2.8860507647601336e-01  -3.5832716375387713e-01  -5.3644038360457613e-01  -1.2220645571347808e+00  -1.7316723473905096e+00  -1.6021264556332254e-01   7.3782368711624013e-01   3.2577763116426675e+00   1.7537073027076326e+00
   3.1798500000000001e-03  -4.6378765594193599e-01  -1.2532839689407851e+00   1.2227279762129302e+00   9.8268244517702319e-01   4.3652714268731829e-01  -4.5259131078422338e-01  -1.4915964631065062e-01   8.0670093292525624e-01   7.7933717089517685e-01   3.1836361011179015e+00   1.7328120688558089e+00
   3.4734000000000002e-03  -2.6969975710197597e-01  -1.6725465783216147e+00   1.0576991842243207e-01  -1.1421825880314183e+00   2.3873865291291962e-01  -6.2546575440791319e-01   1.0247313928648754e+00  -4.5769625010094533e-01  -3.0534920376890312e-01   3.2912870392337799e+00   1.7628275637054784e+00
   3.6286700000000001e-03   7.9131400854725154e-01  -1.2618470829564539e+00   1.7981183288092389e-01   4.4891719161133320e-01  -3.4646677627240552e-01   2.1922684574973015e-02   8.6582278413415448e-01   1.3705630324639870e+00  -7.4150792370025764e-01   3.2408242536503109e+00   1.7484555801858246e+00
   3.3660000000000001e-03   3.2911670039353513e-01  -2.2691600466025680e-01  -8.5186960256812150e-01  -1.5905139926556469e-01  -1.1389693724506251e+00   8.3526789260751175e-02  -1.5948419479392308e+00   2.7718025062656931e-01  -1.0440146944583504e+00   3.2291718361403636e+00   1.7455129501279842e+00
   3.3492999999999999e-03  -5.2801867073361020e-01  -4.2181175478481686e-01   6.9180902924889787e-01   1.2045581127748130e-01   9.9499689170183447e-01   2.2943123577619123e-01   1.6946616790733358e+00   2.2342806549786146e-01   1.0140832698888431e+00   3.2387094948866424e+00   1.7481995305575520e+00
   3.0850900000000000e-03   5.1577175473716230e-01  -9.5070073705696634e-01  -6.8681511475576240e-01  -1.1795215520168545e+00   3.6157782071103917e-01  -8.4474453697225269e-02   7.8798638794408804e-01   1.0373955029393134e+00   1.1259157616007840e+00   3.2658784218496164e+00   1.7548879637631152e+00
   0.0000000000000000e+00   0.0000000000000000e+00   0.0000000000000000e+00   0.0000000000000000e+00   0.0000000000000000e+00   0.0000000000000000e+00   0.0000000000000000e+00   0.0000000000000000e+00   0.0000000000000000e+00   0.0000000000000000e+00   3.1977087858471278e+00   1.7367787160664969e+00
