   3.3735800000000002e-03   2.0331082802410602e-01  -8.6786498172465176e-01   3.8166499620152161e-01  -1.7312342998702372e+00   9.0819691945259115e-02  -5.9381794876937878e-02  -5.7907920735675544e-01  -7.2832495528884644e-01   1.0445883852789204e+00   3.1842071041566009e+00   1.7336806258376114e+00
   3.3596899999999998e-03   3.7765606172757055e-01  -8.0694132539634222e-01  -6.3609158697809420e-01  -1.1070883416506580e-01   3.4899789391620056e-01   1.3187790549388327e+00  -6.1311907618676852e-03   1.4585342996135737e+00   7.3319455659901822e-01   3.1571056368366630e+00   1.7258204692135475e+00
   3.2726000000000001e-03  -6.8042004969735018e-02  -3.8333891427323380e-02   8.8864445049172303e-01   1.4672912298274470e+00   6.0270608000581871e-02   6.6369204925621361e-01   2.0998740436538049e-01  -9.6702759106689018e-01  -1.2778798683855279e+00   3.1915468245148140e+00   1.7360690357999173e+00
   3.4093600000000002e-03   1.3300501487895491e+00  -3.9570573016811883e-01   2.6148814061016440e-01   7.7472046436664374e-02  -1.0333202528628682e-01   3.1913425796140749e-01  -6.3534699116825355e-01  -1.2092515696116579e+00   1.3568763324295057e+00   3.1760631661985879e+00   1.7316290199368156e+00
   2.8251200000000000e-03   5.7716111578175444e-01  -5.3451825666279562e-01  -5.4975887755338215e-01   1.1322868114179108e+00  -1.6495850696932057e+00  -6.1010875463392358e-02  -8.5501052252516785e-01  -3.9191444759600552e-01   7.1652995343190007e-01   3.2228749281904934e+00   1.7436160074069291e+00
   3.3763999999999999e-03  -4.5278968181860663e-01   5.4726969524309381e-02   8.8369430128947254e-02  -1.2702115759710975e+00  -6.3899338350168977e-01  -1.9002488660709442e+00  -8.3874927541805269e-03  -2.4980841970485776e-01   3.2343294206024648e-01   3.2174583706124271e+00   1.7428192130420779e+00
   3.3118100000000001e-03   1.0737804121574785e+00  -7.0374849275767704e-01   5.3697350785632932e-02   5.5934577734440416e-01   8.0013997827317984e-01  -6.3670901160029025e-01  -4.6824718136928334e-01   1.5303692140792746e+00   5.2945723875536888e-01   3.1799072334792755e+00   1.7319373401603968e+00
   3.3269699999999998e-03   1.4088632121507350e+00   6.8522200399841393e-01  -1.1730202469637732e+00  -5.8166476573902159e-01   3.4487954794126785e-01  -1.0803844176032074e-01  -8.7935582965821368e-01   9.0935524451934036e-01  -1.4384852107415408e-01   3.1791151647212761e+00   1.7323371674416035e+00
   3.3129399999999999e-03  -9.3897170268822649e-01  -3.0533546016009339e-01  -1.6481799948624015e-01   2.0209165713718860e+00   6.5145361704883242e-01   2.7633513211713900e-01   4.1333067608369745e-01  -1.9293628464509160e-01   3.9551772374138322e-01   3.1907420169341516e+00   1.7353325083326048e+00
   3.4695600000000000e-03   8.0350421520412141e-01  -3.9962787115615789e-01  -2.2873871385554742e-01  -8.9399311843297213e-01  -1.2838763668187789e+00  -3.9759173415126187e-01  -2.5235022532295442e-01  -1.5504787567819243e+00  -7.8897698708526892e-02   3.2169791890284269e+00   1.7429337474789621e+00
   3.1426499999999999e-03  -5.0663940620254067e-01   1.3436089408845969e-01   1.2653227639230631e+00   1.9290430386066773e-01  -9.3961127979387393e-01   1.6247414451593685e+00  -5.8958990866032057e-01  -2.1355569035506969e-01  -4.5498891772148436e-01   3.2117913826063478e+00   1.7408574683637654e+00
   3.1993099999999999e-03  -1.1807484128140164e+00   2.7905932941125294e-01   1.0836979325011628e-01   2.8947150059231552e-01  -6.8252278483577078e-01   6.8185028590916049e-03  -7.2082494478612480e-01   1.5190121600770505e+00  -1.0475206432942679e+00   3.1902825868301168e+00   1.7350788023160637e+00
   3.2614200000000001e-03   7.6050383777460528e-01   3.5427989983232266e-02   1.2635860118369693e+00   5.7059899591389296e-01  -1.4379732825842910e+00   3.2833732998478404e-01   2.2792369571378016e-01  -1.0604329627794975e+00   3.0175742240454068e-01   3.1765339684804941e+00   1.7315440007529079e+00
   3.4011699999999998e-03   2.6778509292292813e-01  -6.7293069771860947e-01   5.6147736124122949e-01  -1.6141642399392795e+00   2.5844136737676315e-01   7.5749729867639171e-01   1.2054284029304483e+00   7.0426508006224575e-01   4.6675224067727332e-02   3.2812031264659001e+00   1.7599448618185576e+00
   3.5245400000000001e-03   8.2620762655771041e-01   1.0565232080658791e+00  -3.5405102822402257e-01  -4.7000450684347223e-01  -1.4047827016517248e-01  -1.4064226810863139e+00  -5.3762664041941699e-01  -5.3640119781294693e-01  -1.0490073685799541e+00   3.1790198759219326e+00   1.7325455307893372e+00
   3.2746899999999998e-03  -1.2615243783470634e-01   4.6633092996358794e-01  -5.5024723310101407e-02  -1.9145084952293265e-01  -2.1473877564106227e+00   8.6967567127221246e-01  -4.6219441923664639e-01   7.6860498461529189e-02  -3.6283181160134553e-01   3.2025737947379160e+00   1.7387532207161231e+00
   3.2864900000000000e-03   2.5918472489723843e-01   6.6563650524775739e-02   5.1854968227783249e-01  -3.2215713946211927e-01   6.1178174134242858e-01  -1.2098049555620185e+00   7.1841630775548795e-02  -3.9099356754328574e-02   1.9000398152647791e+00   3.1589234434498543e+00   1.7266098370795606e+00
   3.2998099999999998e-03   3.6864905334819081e-01   5.3853949574478532e-01   1.8024136979314063e+00   1.7943988270564546e-03   1.0157425810718306e+00  -3.8904549203243394e-01   1.2983509880893190e-01   9.4978284783178435e-01   3.9946381663074298e-01   3.1819615631893852e+00   1.7330140080647825e+00
   3.3775400000000001e-03  -6.0734871350777253e-01  -1.9026840742561906e+00  -4.5900453738165831e-01   7.9265670601166438e-01  -6.3538334580983924e-01   7.9611131433274668e-02   8.4566032822398461e-03   4.4247286247429113e-01   5.5538741292765448e-01   3.1547277441234152e+00   1.7252775732204892e+00
   3.4088399999999998e-03  -1.1584614891595832e-01  -6.9964493697384034e-01  -1.2181442879502058e+00  -3.3107309808834962e-01  -5.1420988521938515e-01  -7.2498369505265470e-01  -1.1154019620675430e-01  -8.3916562743776169e-01   1.4982642597111904e+00   3.1646448020681364e+00   1.7285209325760165e+00
   3.6745500000000000e-03  -1.1162080664720790e-01   1.3674044981087949e-01  -1.2926962731863172e+00  -4.9228081322744738e-01  -2.0824676805264708e-01  -9.2973939816100670e-01   1.1003954417533883e+00  -1.2680346328025305e+00  -3.4361678152912972e-01   3.2200581708314058e+00   1.7439380474305997e+00
   3.4950900000000002e-03  -2.4409927287931416e-01   1.0092454265540689e+00  -4.0659298317894571e-01  -9.2360272651243946e-01   5.0873087232231351e-01   8.1305014827741184e-01   1.5857421739972486e+00  -6.3405794477049204e-01   2.0601539837606567e-01   3.2454556067903169e+00   1.7506761715913266e+00
   3.8128500000000000e-03   1.9163845768063670e-01  -1.0126778262425192e-02   2.5344872059220286e-01  -1.8112644521374119e+00   4.4710589968954850e-01  -2.3842717597272875e-01   5.6330009933315994e-01  -1.0878424421551507e+00  -8.3502303496203167e-01   3.2587286868563794e+00   1.7545883969850447e+00
   3.0809300000000000e-03   1.0339496016628542e+00  -2.5799380808018724e-01   1.1629084302027237e-01  -5.0427544516391698e-01   6.7325085128528206e-01   2.2217132674669227e-02   1.0088993464606300e+00  -1.5975914582561954e+00   8.2601651701413170e-01   3.2298115265026381e+00   1.7456682906567151e+00
   3.5986700000000000e-03   3.0087250057083442e-01   1.8858179509539469e-01  -9.3522653056214289e-01   6.1910400921806941e-01   1.1634346767841857e+00  -2.9253763347080086e-01   1.0644998527375091e+00  -7.8319333461313001e-01   1.1107177212181698e+00   3.2066547027438452e+00   1.7403343742844664e+00
   3.3371099999999999e-03  -2.6960122465832836e-01   7.5088392317982880e-02  -1.5118676329829799e+00   1.5003422804806565e+00  -6.7031775502338342e-01  -5.5514618007729466e-01   4.7653429576322376e-01  -1.3516691098342806e-01   4.9470937883471106e-01   3.1618194261373294e+00   1.7275397214843211e+00
   3.5204600000000000e-03  -6.8604624507828549e-01   2.5133609516437128e-01   1.1357201654725162e-01   5.5343316216999416e-01   1.9352765055896637e+00  -9.2997429125426978e-01  -4.4984915386945673e-01   1.0946092438141401e-01   4.5188360408424760e-01   3.2075868484351999e+00   1.7402422568261020e+00
   3.2911500000000001e-03   1.1186930134027275e+00   1.0803112891328366e+00  -7.0125664387536335e-01   6.3260559433387098e-02   7.7178810280695465e-01   1.3934297177166932e+00  -1.3645241409733533e-01  -4.2008647874282301e-01   5.8788783294520597e-01   3.1884259464287905e+00   1.7348408934582695e+00
   3.2932999999999999e-03  -3.5879477269331883e-01  -8.9451955481013379e-01  -1.6571656124213208e+00  -2.9737197758130152e-02  -1.1641832442398570e+00   5.5199500260237244e-01  -1.6123261955601453e-01  -6.9752956671275856e-01  -3.1862671443236629e-01   3.1832141976468624e+00   1.7332612757652517e+00
   3.1652999999999998e-03   2.7824286706618950e-01  -4.3541624908159116e-01  -1.4842998166399499e+00  -9.9768543629960349e-02   7.6290343358892421e-01   1.2303653313524936e+00  -9.7916953773402116e-01  -3.1740301462649251e-02  -6.5857713579607624e-01   3.1681143546813297e+00   1.7290481608824362e+00
   3.5005300000000000e-03   3.7626103543641221e-01   1.1729320290027492e+00  -1.1592540563594413e+00  -8.7754128457047531e-01  -4.8618794065930132e-01   7.2089920589379297e-01  -1.8488174666064947e-01  -7.3224211511921400e-01  -9.4231958759591616e-01   3.1899711728376485e+00   1.7354186157956975e+00
   3.2712399999999999e-03   2.7360439811247339e-01  -7.0527205913857116e-01   7.1583121538783911e-01   1.7749282221798126e+00  -7.8346541402374970e-01  -8.8449085525018600e-01   4.0855102108352725e-01   5.2180803139118929e-03  -2.2905760310785059e-01   3.1564056630607178e+00   1.7257693486065888e+00
   3.4706799999999999e-03  -6.0572256526247092e-02   1.5852992354709694e+00   3.0469206308793018e-01   1.0300154751285868e+00   1.3087658707446292e+00   5.0216623396019133e-01   4.1758127914527010e-01  -8.8422368914531410e-02  -1.7056323456752473e-01   3.1942037155869816e+00   1.7366677954072118e+00
   3.3989599999999999e-03  -1.1858884814639692e-01   6.3249300676708298e-01  -4.8856643358722246e-01  -1.8000054324651971e+00   7.3844047151609615e-01   9.6023849739682288e-01  -5.9382361047905785e-01   2.8373882678973633e-01   2.2606402448557697e-01   3.1635642138484714e+00   1.7281827520179747e+00
   3.3103799999999999e-03   4.0312453344990090e-01  -1.7428066443355150e+00  -7.8091791094642404e-01  -3.2838866002548922e-01   6.0139379399412352e-01  -1.2563389423497373e-01  -1.5879509361728336e-01  -1.2778681786794339e+00  -2.0573558830678032e-01   3.2185362997954314e+00   1.7431470104589231e+00
   3.5653199999999999e-03  -7.4774223924538463e-01   2.2860397248653222e-01  -8.1000920521012720e-01   4.1415241584635404e-01  -1.4405563258860765e+00   3.3164486130117582e-01  -4.9705015364023775e-01   8.1252200338905856e-01   1.1845752378056029e+00   3.2579040520637608e+00   1.7541063098419416e+00
   3.2958499999999999e-03   7.8534249595958183e-01  -5.4887557698643030e-01  -5.4264642094824322e-01   3.8389110806724636e-01   1.1505995410904157e+00  -8.6738651688589696e-01  -1.3768819294660073e+00   9.2990259950613274e-02  -8.0803873337517296e-01   3.2031857436932052e+00   1.7387304859184771e+00
   3.3992300000000000e-03  -1.8546878095638292e-01   3.3995188792513556e-03   7.6749711607595605e-01  -1.0087890506123682e+00  -8.4312222487379751e-01   9.1057012243138824e-01  -1.2270265457002119e+00   9.6152508790780156e-01   6.5949019170287038e-01   3.2655462356329865e+00   1.7561742432827916e+00
   3.4543700000000000e-03   1.1815273362738912e+00   2.5014093055516462e-01  -1.5699112038806045e+00   4.6581928609640044e-01   4.4496291225315397e-03  -3.1444187545421848e-01  -6.5561133085424228e-01  -1.1022303037085395e+00   5.8844695923780936e-02   3.1885619881741274e+00   1.7349678489716216e+00
   3.2855100000000002e-03   7.5633057140325233e-01  -9.6958960395823091e-01  -3.6566585434469673e-01   1.3551877748472065e+00   5.9721939365595977e-01  -9.6639777645636726e-01  -5.1816232456711209e-01  -3.4822664509740026e-01   9.3605589901533282e-01   3.2128747910762767e+00   1.7416455457461502e+00
   3.5064699999999998e-03  -7.4219602612244984e-01   8.7998266198037545e-01  -8.9859138379379311e-01   7.3614265005641596e-02  -1.1470010951620271e+00  -7.0292471883785945e-01  -8.2502413764905191e-01  -1.1109211497481999e+00   1.6794743740462570e-01   3.2154564440193583e+00   1.7424167499887766e+00
   3.5438000000000002e-03  -3.1103168486545058e-01   6.4643767676468245e-01  -1.7505994576793755e+00   3.8144659175269102e-01  -6.4608581411588470e-02  -4.7797377290135695e-01  -3.3899952552328211e-01   2.4931086798099630e-01  -1.2841451571880678e+00   3.1815630445836063e+00   1.7332256324605229e+00
   3.5103999999999999e-03  -2.9381954262281806e-01   1.6518299951890332e+00   9.3488257054603874e-01   1.4217224741048023e-01   3.5419658996669885e-02  -1.1493016056344090e+00  -7.4422381720711084e-01  -3.6985773598660288e-01   4.8742653007345232e-01   3.2356824292521562e+00   1.7479527805717254e+00
   3.2820400000000000e-03  -7.2041931923723102e-01   1.5604413887645414e+00  -8.7127774483006692e-01   5.6194671044151800e-01   3.8864053714435709e-01  -9.6411330217697613e-02   4.8434563028103628e-01  -1.1997343469447528e+00  -2.9679009426347307e-02   3.1831437739631068e+00   1.7328599822152426e+00
   3.5006899999999999e-03   1.6882957189200171e-01   1.2882937252317503e+00   2.4375149260852769e-02   2.1004603958058379e-02   5.6239746534421120e-01   1.8698841037907488e-01  -9.4864273007482203e-01   1.0347325310379787e+00   1.4121541614591993e+00   3.2540216068796717e+00   1.7532164150633396e+00
   3.4690500000000000e-03  -1.7197337654337581e+00  -9.6330345461517128e-02  -8.7429372492014579e-01   3.0620145019438316e-01  -2.8335243598552751e-01   4.9577862959252683e-01   7.1829779426367035e-01  -7.0225362812557501e-01   8.1054817646289867e-01   3.1790979062075615e+00   1.7324670520733685e+00
   3.4044499999999998e-03  -6.7970029583851677e-01  -2.1435754848102333e-02  -4.0349461259241226e-01  -8.8494368986932570e-01  -1.2264279136859364e+00  -6.0295482608535944e-01  -5.6888575460305547e-02  -2.1951621711275979e-01  -1.5263249932750897e+00   3.1112462849920939e+00   1.7133246439465708e+00
   3.3918899999999998e-03   1.4379467389261855e+00  -5.7090433384660544e-01  -5.4462180109393321e-01  -9.1411953481135588e-01   4.1645872077991375e-01  -1.4275719091709875e+00   1.6780939670904355e-01  -2.5580033919477957e-01   3.3822900643909748e-01   3.2086168625061187e+00   1.7405028747278102e+00
   3.3832300000000001e-03  -5.4577302587806864e-01   1.5643492515449517e+00   4.1996865222563184e-01   4.9948794054936463e-01  -5.7748365255412937e-01   5.2601817386135332e-03  -7.6710144513133716e-01  -2.4882460832429401e-01  -1.4000761740285228e+00   3.2557924503918803e+00   1.7538143680317324e+00
   3.3932799999999998e-03   1.0191511457153435e+00  -1.1876695646694209e-01  -8.1961421539052393e-01   9.0103461224239700e-01   1.8301749880577828e-01  -1.3498771710034814e+00   8.7798336692082601e-01   5.7341729528541419e-01  -5.5277496025872463e-01   3.1779146067743520e+00   1.7318174653723566e+00
   3.2838099999999999e-03   1.3846449772410305e+00   1.1974211267096566e+00   2.7568567924862036e-01  -7.9341112490094137e-02  -1.0813131101617262e+00   4.1623693402204281e-01  -1.0483685260335733e+00  -3.1052064707842747e-01   1.9169299299048145e-01   3.2345557277934214e+00   1.7474352680663854e+00
   3.2218500000000001e-03  -7.8201249159401010e-01  -3.8540364731310117e-01  -8.5259255446027027e-01   6.5115703497982802e-01   6.2664660546277351e-01  -3.2178215719427217e-01   5.8671268315416414e-02   8.8562370286202852e-01   1.6866304425958816e+00   3.2019148153075911e+00   1.7385838574808861e+00
   3.3042499999999999e-03   5.7606813201169305e-01   1.2514362268155816e+00   3.2324337087413330e-01   5.2064685934235799e-01  -6.2570711858740236e-01   1.4690282934974832e+00   8.0398358552817006e-01  -1.5334671202948966e-01  -6.4951142848069787e-01   3.1703754633138566e+00   1.7298082051064805e+00
   3.4353399999999998e-03   6.6166172704652393e-01   1.2864304435589362e+00   2.8077704895958788e-01   1.8571090706040053e-01   9.8428006686104477e-02   1.1864187172623882e-01   2.2230561393028328e-02  -1.8890007311501982e+00  -3.2179031167401112e-01   3.1964182938671439e+00   1.7372385139980033e+00
   3.4599200000000000e-03  -7.0446414301294180e-01   4.4585515134611819e-01   5.8167111924263093e-01  -5.3133831237920881e-01  -3.6038803295923783e-01  -4.2897276299826381e-01   6.1113281594213686e-01  -1.6679595528059856e+00   1.0707431892362516e+00   3.2042232163095048e+00   1.7395716559013337e+00
   3.2702800000000000e-03   1.0761815529283907e+00   1.7540823291636337e-01   1.5554712994535591e+00  -4.4368653448424716e-01  -1.0212725380928220e+00   5.0685705138834236e-01   5.2329538010107024e-01   7.3945075082553324e-01  -1.8450896731479544e-01   3.2017324846885749e+00   1.7381257031533648e+00
   3.3682400000000002e-03  -7.0919011448167779e-01   3.1159948236957336e-01   4.8986783182327193e-01  -9.0271509318165510e-01   1.7154674334263409e+00   1.6734788855894941e-01   7.2379883028467096e-01   5.4591138548865137e-01  -7.3882256882016983e-01   3.2197594393469178e+00   1.7436984582405088e+00
   3.3745200000000002e-03  -1.3737854300684254e+00  -2.1580700767819264e-02   3.0159877385009576e-01  -8.7362001938739331e-01  -2.2296034189236427e-01  -5.4627872923685661e-01   1.6757652110573931e+00  -9.8792925476289872e-02  -3.7732194198595054e-01   3.2417720469014375e+00   1.7498128309208041e+00
   3.4964000000000002e-03  -1.1860212244564934e+00   4.4600835285795903e-01   1.1026532683510584e+00   9.2707003586035686e-01   5.4576201210692599e-01  -8.4990561724912794e-01   5.3599016100888230e-01   4.0265847553836703e-01  -8.0066874863703275e-01   3.1758086647622292e+00   1.7313685453548022e+00
   3.6165199999999998e-03   1.1733060352289495e+00  -1.5107449940424642e+00  -4.8032149287959885e-01  -1.5081202707336197e-01  -2.6246772171187222e-01   2.0831385991990256e-01  -1.2436392834839729e+00   2.6328194422355672e-01   3.1237836148937292e-01   3.2060499758564167e+00   1.7395771839176368e+00
   3.3808900000000001e-03  -1.8458770101773969e+00   6.2125921941070916e-01   6.9952824639620415e-01  -3.6287409217195571e-01  -1.1523415427146055e+00  -2.8249982928248912e-01  -1.7038800530405268e-01   2.1457762595180764e-02   1.3828528902897350e-01   3.1881957265851253e+00   1.7344887085101903e+00
   3.4610200000000000e-03  -1.4455073493496571e+00   4.9273110783254476e-01   6.1915035294914622e-01   6.6586755831554278e-01   4.2872768181744070e-01   1.6709912334921950e-01  -9.6945116419647237e-01  -1.2513747716299735e+00   1.3590359162374355e-02   3.1907334458864209e+00   1.7358139497951157e+00
   3.2564600000000001e-03  -1.7010634545001080e+00   9.3677425164597594e-01   1.9760058265181454e-01   5.9737201592614109e-01   5.7837584481499130e-02   9.9401505623729547e-01   6.0313559489195245e-01   1.0772014155672560e-01  -6.9737438675927288e-01   3.2078496264374867e+00   1.7402001313067368e+00
   3.7344700000000002e-03   2.5739370409645534e-01  -4.0874058774115936e-02  -1.2854607370685787e+00   7.8394255349584663e-01   5.2014415175292705e-01   9.5022593003160449e-01   9.9968830598375813e-01  -8.7269947513058055e-01  -7.2707816977770545e-01   3.2334010298935998e+00   1.7476955107147265e+00
   3.2133600000000002e-03  -1.3532139113210924e+00  -9.2909112674599270e-01   1.2335791998200529e+00   6.7683793229572664e-01  -4.8265025619564211e-01   1.9328678138833300e-01   6.6432256374468401e-01  -6.9057030867035429e-01   1.5715009823960596e-01   3.1459347636190662e+00   1.7229760335756081e+00
   3.5231500000000001e-03   1.5561615765719976e+00   9.0642427716011598e-01   2.0495349626500531e-01   5.0938208841130972e-01   1.0779384374170544e+00  -7.4744716539464895e-01  -5.2279956641093495e-01  -2.5248870759785896e-01   4.3903924626891028e-01   3.1744555605667415e+00   1.7313116411245169e+00
   3.4018199999999998e-03  -1.4142280698681797e+00   4.4013826521624810e-01  -4.3638147742396360e-01  -8.2569680540160217e-01   1.1659424052367608e-01   6.2716516692349356e-01   6.1338752847119093e-01   1.2956576019137618e+00   5.5138363324831152e-01   3.1748005767633511e+00   1.7311731556669085e+00
   3.4214200000000001e-03  -6.2242484886706001e-02  -1.0479080404994563e+00   1.6267072189814333e+00  -2.5327510640329376e-01   3.6684595603344211e-01  -4.4359939059690512e-01   1.1164740895501652e+00   2.5648706065879337e-02  -7.3761955023042092e-01   3.2404383227463720e+00   1.7490482954750439e+00
   3.1181700000000000e-03  -4.1471100429805663e-01   2.0687487512802025e-01   1.7878483697744234e+00  -1.7770335606724713e-01  -1.7755783994142746e-01   3.5983723286251745e-01  -5.3781063351464531e-01  -2.8548848203010713e-01   1.4746161556048687e+00   3.2341423834143552e+00   1.7472816689667880e+00
   3.2588199999999999e-03  -8.2447472000363886e-01  -6.3865898581103631e-01   6.0099157749446842e-03  -8.7050910329059117e-01   1.4801204921118170e+00   1.9490943161680502e-01  -1.1360911112384664e+00  -5.9332799949677695e-01  -4.6962735369848635e-01   3.1666962480378569e+00   1.7286602078837261e+00
   2.9608099999999999e-03   1.2344963625259943e-01  -1.1383801222448557e+00   7.5819813342640208e-01   1.3981415870888865e+00  -3.7687694947027089e-01   7.3266862415446110e-01  -1.0939320538931327e+00  -3.9821561347294709e-01   5.7788069894774718e-01   3.2424359313500588e+00   1.7488628371909754e+00
   3.4852199999999998e-03  -1.4381463100051493e+00  -3.8152842646185264e-01  -1.3060481352250275e+00  -3.5359701020138734e-01  -5.8273566854243386e-01  -1.0127989217318856e+00   6.1858032911413230e-02   5.6473034773542030e-01   3.0316864745939646e-02   3.1621309983215311e+00   1.7275446734159141e+00
   3.1084799999999998e-03  -4.1681036038961516e-01  -2.5058720718813064e-02   2.4503177784500529e-01  -9.1147873645310151e-01  -1.5464697579862920e+00  -4.0941873046391231e-01   6.5877502031505353e-01   1.3899931943596160e+00   6.9917289624448181e-02   3.1673365897570682e+00   1.7287933148941295e+00
   3.4438300000000002e-03   1.0325578374555182e+00  -4.0922788094981360e-01  -1.4113799163984693e+00  -1.2446484704692187e+00   3.7623474450398847e-02   6.9273764518025316e-01   5.0999425669743792e-01  -3.8125294735018983e-01   3.8633303559583998e-01   3.1784428892256829e+00   1.7320066276728052e+00
   3.4196200000000000e-03  -9.3934650188553881e-01   3.2743491270516206e-01  -3.9901020810297227e-02  -1.4038318504323910e-01  -9.4273289898322521e-01   8.0982804840782230e-01   5.6014768989342911e-01  -1.5438839909919881e+00  -8.0549542977868538e-01   3.1934471299222946e+00   1.7364622786951349e+00
   3.4884700000000000e-03  -1.8062144144310795e-02  -1.4393500919294670e-02  -1.1181360550715379e-01  -2.7296901378132260e-01   8.0681081540513966e-01  -1.3357499117413940e+00  -7.2431761442744713e-01  -1.6463111225420319e+00   3.4095255897449661e-01   3.1913468965942080e+00   1.7358660190945667e+00
   3.4001399999999998e-03   8.7752464741287739e-01   1.7834970504506915e+00   5.4402106149448259e-01  -9.6750550461303819e-01   5.2264240100564097e-01   2.8474729698698331e-01  -7.6917248755815737e-02   1.9115676396662681e-01  -5.3073912116478195e-01   3.1867991855768354e+00   1.7344290910351705e+00
   3.3538700000000001e-03  -1.1997626504716283e+00   9.1790041705598446e-01   1.0191118889366471e+00  -3.6118450084089587e-01   7.5377465741295080e-01   4.1783824044304613e-01  -1.1198457989473340e+00   6.5842832605835133e-01  -2.2588276062644844e-01   3.1966525987477286e+00   1.7372808709923140e+00
   3.5814900000000001e-03   6.3084081572915807e-01   1.2951498672115953e+00  -6.4582814593849713e-01  -1.2041134272453766e+00   1.6310985661766936e-01  -4.9985411975006849e-01  -1.1678592222252522e-01  -8.2597915384339837e-01   9.3184353455882230e-01   3.1828223813060590e+00   1.7336026150297483e+00
   3.1354800000000000e-03   6.0321272462831654e-01  -4.6559330758649409e-01   8.5739120163083449e-01  -1.9700677269623479e-01  -4.8963009925404277e-01   4.5729752958494779e-01   1.5751232429932038e+00  -1.1614840464453244e+00  -6.8573786376713841e-01   3.2573552875342657e+00   1.7532752555718760e+00
   3.5128000000000000e-03   1.6111180755432597e+00   1.1134865111758082e-03   5.8746614639570482e-01  -9.5210362951333483e-01   3.8494383424560458e-01   5.0941755910132969e-01  -4.0256703640138092e-01   5.1240331878605805e-01   1.0680776575449811e+00   3.1918003159839174e+00   1.7358446491313941e+00
   3.2861499999999998e-03   2.1668476389544181e-01  -9.3024516207538244e-01  -1.2166947913523336e+00   8.2585223783204420e-01   1.3565260538371457e-01   1.1525599894734526e+00  -6.9903211013607441e-02  -4.2934729777280539e-01   1.1471921616236436e+00   3.1833558079179287e+00   1.7332735659780105e+00
   3.2904200000000001e-03  -4.0324990447682385e-01  -8.8572228824004867e-02  -6.4583805438401831e-01  -4.0797626755119359e-01  -5.0039021173223774e-01   2.1858353518637248e+00   2.9886720005780537e-01   2.3390657115168988e-02   1.9421952803348705e-01   3.1775057265975040e+00   1.7316242125259895e+00
   3.0719300000000001e-03  -1.0046557549669488e+00  -1.2485780892784231e+00  -1.0334281646306200e+00  -8.8797239116246018e-01   9.0810039271935289e-02   8.1094214531534625e-01  -5.1726569208164497e-01   2.3236183932886356e-01   8.1860080091092413e-01   3.1985217907570100e+00   1.7371202850620628e+00
   3.8473499999999998e-03  -1.3947724890084252e+00   1.1224068083909788e+00  -3.0652114276227027e-01  -9.5553462868447636e-01   5.6056482415896747e-01  -6.0002301765363475e-01  -4.2707467606294208e-02  -6.3562700760398705e-01  -6.1205064035652246e-01   3.2062853407687459e+00   1.7400454852014429e+00
   3.1424900000000000e-03   9.1455272820936351e-01   5.8470755134022279e-02   1.1124549148261227e+00   8.8129772125384476e-01  -6.5818911395507873e-01  -4.3594944263249086e-01  -8.2246997413942879e-01   5.7552698564779359e-01   1.2425950690605987e+00   3.2115317628599538e+00   1.7410028054570472e+00
   3.2085099999999999e-03   8.6936541327494277e-01   9.6890687047035040e-01  -2.0785651579900241e-01  -1.1849039875502437e-01  -1.0100871024679379e+00  -7.1826039506555639e-02   1.2954291843924237e-01   1.1501882545515707e+00  -1.3412959773427933e+00   3.1549268007761380e+00   1.7256036865887072e+00
   3.5719599999999999e-03   1.1226168924236886e+00  -5.7400355576021189e-01  -1.9343521396910390e-01   3.2167463669743018e-01  -5.0347587372714420e-01   1.4477555175753074e+00  -3.0198923803396360e-01  -1.1826919390919173e+00  -4.2402324524993679e-01   3.1807208626199950e+00   1.7330345106542995e+00
   3.3940900000000002e-03   5.0115108383899831e-01  -2.1612883562242433e-01   9.2213958979436406e-01   5.0052585889386791e-01   3.5141130548372551e-01  -2.0063316890260898e+00  -4.1731171728319011e-01   2.7045240905625345e-01  -1.7211750200374587e-01   3.1666718338513382e+00   1.7287972991414240e+00
   3.3229900000000001e-03  -1.4773391915765532e+00  -2.2002604294831146e-01   7.3100807923582378e-01  -1.1440303238993683e+00   3.5864968121051988e-01   1.0641483258991740e+00   2.0275474253511933e-01  -5.9668273463667543e-01   3.3648611609706247e-01   3.1620384721890273e+00   1.7273962707735158e+00
   3.2494199999999998e-03  -5.3009526292677606e-02   7.0612988641085628e-01   9.3939428638966938e-01  -3.2633205752344807e-01   6.0331267237666419e-01   1.7298014446796637e+00   3.7764221847291507e-01   8.0787486243828988e-01   4.8794773907978750e-01   3.1500955316995372e+00   1.7244413329771502e+00
   3.1253299999999999e-03  -4.8570516703213729e-01  -1.4526220294298497e+00  -3.1502516345201315e-01  -4.1297842719469879e-01   6.6053990030133658e-01  -1.3159754697978572e+00  -8.5804316981938289e-01   3.2039527267356077e-01   6.2868605959549040e-01   3.1639662754758495e+00   1.7280719090912420e+00
   3.2972200000000000e-03   2.5649363353704152e-01  -5.9603201464860145e-01   1.7636821846014319e-01   1.2162129279666396e+00   6.2211581704471042e-01   1.7513133462851620e+00  -2.0639382824139618e-01   5.8168045660387591e-01  -3.8206397330599862e-01   3.1943479382164526e+00   1.7363133812684066e+00
   3.3505200000000001e-03   4.3213732061720633e-01  -2.1711016470525221e-01  -1.2382704651395331e-01   9.9165392577210398e-01   1.5022248261936002e+00   5.6174647869265315e-01  -7.2569125959537195e-01  -1.2790259338215380e+00  -7.0965377690288559e-02   3.1975279716332987e+00   1.7376308116164589e+00
   3.3174599999999999e-03  -2.4337468704627596e-01  -5.9986773747959343e-01  -3.5668227456858076e-01   1.1264929698761654e+00  -4.1386832651958255e-01  -1.2827838920825096e-01   1.8464588872732970e-01  -1.9700378457109584e+00   2.5485666396115003e-01   3.1838488955108359e+00   1.7339224956804207e+00
   3.5300100000000001e-03  -6.5218941614819503e-01   1.0887203065325153e+00   5.7964975022147813e-01   1.4428103737850904e+00  -1.1634595072619975e+00   6.5552498062626502e-02   7.9732591509240280e-02  -5.6040216785588659e-01   4.6641932733947511e-01   3.2331631861642034e+00   1.7474737414746295e+00
   2.9296700000000001e-03   6.2180220337587200e-01  -7.1915091319266244e-01  -5.7485541626969361e-01  -4.7964267740552818e-01   9.6928554571696923e-01  -2.6118347916732237e-01   1.8772203964819376e+00  -6.5965652967006114e-02  -5.9870400667886048e-01   3.2762133579299091e+00   1.7585920149189935e+00
   3.4213700000000000e-03   1.6831861393171813e-01   7.8964898415536711e-01   2.2001422896023254e-01   1.4716154120472231e+00   3.7146511270881144e-01  -9.9989755097094257e-01   6.3395048238834462e-01   7.7720842594578643e-01   9.2457492295489418e-01   3.1834575474090965e+00   1.7336311999224070e+00
   3.6072700000000001e-03  -1.0837698944603830e-01   8.6229801876900658e-01  -3.3708143277310126e-01   1.0130562859731185e+00   1.8276837911630750e-01  -1.3344510883597767e-02  -7.7109687503089797e-01  -8.4960501903192132e-01   1.6271622130964849e+00   3.2404630789858513e+00   1.7496751937755259e+00
   3.2737100000000000e-03  -6.3507713926996345e-01   8.6029965910339290e-01   4.4979284868799729e-01  -1.3626911032213824e+00  -5.6470790766041756e-01   9.8312390304086816e-01   3.8564786836862125e-01   5.1553146229236180e-01  -1.0214519841429008e+00   3.1927931632341116e+00   1.7356177680781903e+00
   3.2146800000000001e-03  -2.6698621253885054e-04  -2.0391889718287570e-01   2.3205798370883352e-01  -2.7740668001380492e-01   5.3463549245661768e-01   1.5839598184576180e+00  -1.5120040486080013e+00  -3.8637667409326121e-01   7.4933852464162098e-01   3.2012659369797483e+00   1.7383578317009898e+00
   3.3401400000000001e-03  -1.0689997169166245e+00  -3.7834656013238571e-01   1.4031496084242843e+00  -7.9692164108188257e-01   7.6137981188936810e-01  -1.0485169513905397e+00  -9.9474897111069563e-02  -4.5947059471012108e-01   2.3156961038194671e-01   3.1618939300823552e+00   1.7276643569358150e+00
   3.4371699999999998e-03  -1.3406947251713448e+00   4.3973503838284883e-01  -3.0442771504934918e-01  -7.9121478143939239e-01   2.6412834191797757e-01  -3.8083057106672447e-01  -1.1189284378432001e+00  -1.9798236596109925e-01   1.3329267096732107e+00   3.2300459567572211e+00   1.7468478632243734e+00
   3.5837700000000000e-03  -3.0746654031509218e-01  -4.5729956202399968e-01   2.0202826517050387e-01  -4.7334549404430726e-01   7.1161269060495269e-01  -1.3530338743783257e+00   9.8640295524853694e-01   1.3987532703074921e+00   2.5803256188873414e-01   3.2397790598211933e+00   1.7492159962599367e+00
   3.4793900000000002e-03  -5.2919438115505368e-01   1.2416734191379283e-01   9.1477749922644624e-01   1.6395457720123152e-01  -5.9489649632974906e-01  -1.2315588147459142e+00   2.5251192702928510e-01  -1.4017716982985409e+00  -9.3151072835833670e-01   3.2068769265590489e+00   1.7402631501034189e+00
   3.4960400000000002e-03  -3.0907114772050009e-01  -1.1913492511258077e+00  -1.6826275638438834e-01   4.3899727973837283e-01   3.6812262377678612e-01  -1.4328624375949730e+00   1.2533434426536780e+00  -3.9286396406045027e-01   4.9724862510610729e-01   3.2276947277195775e+00   1.7459786507194996e+00
   3.5875700000000000e-03   1.2859708063712936e+00  -4.5989544940909338e-01   2.3366144946448278e-01  -5.7452915706795604e-01  -2.9925383842650860e-01   1.4729528861238999e+00  -3.8848009516574356e-01   7.2230355916124378e-01  -7.6210877510006481e-01   3.2077672761501415e+00   1.7398994086151505e+00
   3.1684899999999999e-03   3.1946917521067222e-02   5.8594745272133730e-01  -1.0707824609655228e+00   4.1787520665355016e-01  -3.3174289788877886e-01  -3.3308586397365514e-01   2.5809570014359073e-01   2.0044242357555189e+00   2.6821854008498086e-01   3.1920471218592286e+00   1.7357487871286972e+00
   3.1467299999999999e-03   1.2347325602398653e+00  -1.1740120990614045e+00  -7.9804634627024373e-01   5.2273045703273768e-01  -8.1636496480952325e-01  -1.8029306473559953e-01   1.0577924956944009e+00  -6.2685299226017310e-01   2.0679902392849936e-01   3.2006402692998388e+00   1.7380461847886481e+00
   3.5215400000000001e-03  -6.7803305606529904e-02   1.3402197469679171e+00  -6.1909044577943584e-01   1.2029247401927288e-02   8.4573804677009889e-01   3.5362993054278639e-02  -1.6898107291608928e+00  -4.6620527160046132e-01  -1.4328910331158368e-01   3.2504130875609496e+00   1.7522423063120998e+00
   3.5848899999999999e-03   3.0417987478886133e-01  -1.5430053096359670e+00   5.6207029135265429e-01   2.2545929134337978e-01  -1.2544805199734326e+00   2.5583799673783791e-01  -1.7549757907615826e-01  -4.2064463604958541e-01  -1.0101130120289468e+00   3.1785681672069064e+00   1.7319688360338867e+00
   3.4915900000000001e-03   1.3603609995245058e-01   6.8761750757087803e-01  -1.0098582588096650e+00  -1.5437151595401102e+00   1.3917473223761859e-01  -7.4761495023330415e-01   8.6389285383102432e-01   7.0912887247931733e-01  -5.3646437454000906e-01   3.2476374287625212e+00   1.7514262981225452e+00
   3.2336399999999999e-03  -1.3435213151687546e+00  -5.1139873993379992e-01   8.7896099752040646e-01  -4.5828688518082067e-01   7.0987220480346155e-02   2.3712141485307528e-01  -7.0314524363330327e-02  -3.2885417359151076e-01  -1.6564742127883920e+00   3.1817297223968386e+00   1.7327767167426382e+00
   3.5986099999999999e-03  -5.0977353194801749e-03   7.2361790827836103e-01  -1.2007639371219125e+00   4.6063984735277196e-02   5.9338225114486742e-01  -1.7076355028676207e+00  -3.5624849542158377e-01   2.5739763001427457e-01   5.9850079344319096e-01   3.1902901217539856e+00   1.7356963789387163e+00
   3.2492699999999998e-03   1.5167549300040056e-01  -2.5863668173005588e-01  -7.7942060508697797e-01  -1.3629499152784379e+00  -2.3025199794143439e-01  -4.9646879579129277e-01  -3.1668954209432815e-01   1.1787268782752915e+00   1.2878891095231919e+00   3.1820621295559715e+00   1.7334717296909004e+00
   3.5470599999999999e-03  -3.8614851416669510e-01   8.4052306081966510e-01  -2.0425602989405029e+00  -3.2409209310183207e-01   1.8698324068962296e-01   3.9415143100259714e-01  -2.8240145179333445e-02   1.2170891243168173e-01   6.8242219112829894e-01   3.1868386022939026e+00   1.7345796659823856e+00
   3.3725500000000002e-03  -4.7266985485171609e-01  -1.3894264340483313e+00  -2.1576015469821483e-01  -5.9892955287039995e-01  -3.1426186055157068e-01   7.4829635695293339e-01   1.2036590594197154e+00  -1.0541284449022048e+00   3.7829246140430306e-01   3.2148750367200702e+00   1.7418428601205707e+00
   3.3656400000000000e-03   8.4604872030147582e-01   5.6837713002226253e-01   9.0552290102081634e-01  -2.7016049577501328e-01  -1.4734326345665966e-01  -2.4152809709337766e-01  -1.6873148326038339e+00   9.1290371562281525e-01  -5.1237344881035229e-01   3.2297637508544801e+00   1.7462811125372768e+00
   3.2823200000000000e-03   6.3027207986124167e-01   1.0604275879319347e+00   1.3694486651750311e+00   6.1183977742800588e-01   2.7751433694936539e-01   9.6934636267583496e-01  -1.0253279805275393e+00  -4.2943744485425878e-01   1.4512676859373333e-01   3.2304734976545086e+00   1.7464883234116342e+00
   3.3056600000000002e-03   6.8319319751501562e-01   1.4871984389711557e-01   2.8764584567511525e-01  -4.0001924785475054e-02   1.7671077855291695e+00   7.9068789624985047e-01  -9.4111035098729967e-01   7.9032561076237207e-01  -3.1329095429024206e-01   3.1831328385017801e+00   1.7331953711890806e+00
   3.4658400000000000e-03  -6.4040208068182214e-01  -1.0299717998675191e+00   1.3078116086354102e-01  -5.2221685580600319e-01  -1.3176322458313461e+00  -3.5267272081905437e-01  -1.4741029624846469e+00   2.8316682152124323e-01   2.3831938957127291e-01   3.2508063793397288e+00   1.7519962705467043e+00
   3.6639600000000000e-03   5.2228873286161170e-01   6.1637966604622862e-01  -1.0637475658250830e+00  -4.7319114896225989e-01   1.7472482230471611e+00  -2.3535110565856401e-01   1.6684183731217178e-01  -5.8479074838353295e-01  -6.5576618736321268e-01   3.2456427539987756e+00   1.7510939816417970e+00
   3.7080099999999999e-03   2.0787334389171200e-01   9.4870349536084320e-01   4.5418795833153647e-01  -3.1707721855084886e-01   9.5653972973563073e-01  -1.4076175597577436e+00   1.1747715605464688e+00  -4.8967136089372004e-01  -8.9670476432167374e-03   3.2114686901513365e+00   1.7413902177331841e+00
   3.4850900000000001e-03  -3.5437686866376356e-01   1.4791063433880656e+00   1.0242038883668951e+00   4.1129340073876186e-01  -8.7986042104412321e-01   2.1770989682389891e-01  -6.8748971457844768e-02   1.2220076557017321e+00   2.0621626151066530e-01   3.2162669295550703e+00   1.7428866953064264e+00
   3.8154299999999999e-03  -9.5950714660123182e-01  -1.0767721669612493e+00   5.9759762647849046e-01  -3.6165744510958914e-01  -5.8630075069657595e-01   1.0921996753319185e+00   2.7511941615425900e-01   1.1178873388069519e+00  -3.8500645065978201e-01   3.1947890194534843e+00   1.7365550085520325e+00
   3.3732800000000002e-03  -1.6006614562628607e+00   2.7304094913561366e-01  -7.3362540897289086e-01  -5.0425557639218899e-01  -3.7099404832929528e-01   8.7163328562518139e-01  -1.1984155631257054e+00  -6.7697125206415298e-02  -4.7615614055150002e-01   3.2293548964381764e+00   1.7460946929251788e+00
   3.2449599999999999e-03   2.0217826518402497e+00   5.7798413123985148e-01  -1.1830678915894297e-01  -5.7860275489787005e-01  -3.7193641777726283e-01   1.7263260198213132e-01   8.0942117645562339e-01  -5.3533257411375623e-01  -3.0460945670114153e-01   3.2037611751388431e+00   1.7389498620898527e+00
   3.4811099999999999e-03   1.4235883772481279e+00  -7.2418008403596648e-02   3.5777163507426588e-02  -9.0714057612802279e-01   6.5063731099932376e-01   3.3772425198249634e-01  -1.1640147988486307e+00  -9.5581721371685868e-01  -4.3884084083489827e-01   3.1930365152881697e+00   1.7363052160190722e+00
   3.3535000000000001e-03   6.7173699371523832e-01   4.8853115941012154e-01   6.5523835584821832e-01  -1.2670436843119126e+00  -4.8223512219424142e-01   1.3382813623027259e+00   1.7445869382511353e-01  -9.3117974754604926e-01   4.4036258550340107e-01   3.1659029359214141e+00   1.7285404408052996e+00
   3.2992000000000000e-03  -3.4972785397011361e-02  -5.1009523263818723e-01   2.7487466067181027e-01   9.7265643536144619e-01  -6.8507010666369650e-01   8.5504118602834939e-02   8.8073463090080428e-01  -3.5004336669133723e-01   1.8011278010749130e+00   3.1625571572357769e+00   1.7280279782946641e+00
   3.2521999999999998e-03  -3.0433591747856942e-01  -9.7607069801032631e-01   9.2300404287051796e-01   4.0702769499881232e-03   9.2183696174694030e-01  -3.0631010766589795e-01  -6.8947686972825439e-01   1.3235527596836676e+00  -8.6318048934331915e-01   3.1504641560251279e+00   1.7240219142942550e+00
   3.6070000000000000e-03   7.7109759771169595e-01  -1.0707654885975733e+00  -7.1188966251997554e-02  -5.8182712942254289e-01  -1.5203366317028382e+00   7.4071530223542981e-01   1.2190727621000617e-01   2.9055183074705704e-01   8.5745883042994409e-01   3.2036415775119136e+00   1.7391538110823683e+00
   3.3936900000000000e-03   6.2795049746518061e-01   4.4981203669484410e-01  -5.6143576051801347e-01   9.5874699111311978e-01  -1.3505162866147828e+00  -2.1801760492582528e-01   3.2625079676489716e-01  -8.5501991771892116e-01  -1.1438801926822251e+00   3.1672680014499131e+00   1.7291355036511737e+00
   3.2953600000000002e-03  -8.3867552709335336e-01   1.8277204841050651e-01  -1.1288439143861237e+00  -5.6125386716151471e-01   1.2261614910102312e+00  -2.9434018074879292e-01  -6.8829401811106028e-01   1.2501133795474286e+00  -2.1507539664548631e-01   3.1992030531304070e+00   1.7378688895563958e+00
   3.4114100000000001e-03  -1.5692372313067932e-01   1.1845575213993322e-01  -2.8082873634117117e-01  -7.0304894944397744e-01   1.4746553994543929e-01   9.8134501566577104e-01   3.6558386757670353e-01  -1.1465566072617424e-01   2.0341643715951259e+00   3.1772480713044753e+00   1.7317037119889767e+00
   3.2876699999999999e-03   1.7596699365011959e-01   2.9783744209291058e-01   7.5654858668223068e-01   1.1486908905610432e-01  -1.8168474353166972e+00  -1.1136384034862192e+00  -7.7075568215493062e-01   1.5664592693491566e-01  -3.4259568819765313e-01   3.2119597774828765e+00   1.7411531745152244e+00
   3.2009000000000000e-03   5.5370241151782928e-01   2.0069681658569225e+00  -7.3505396787118082e-01   7.2969671610096820e-01  -5.9207315642377278e-01  -1.7698572528145193e-01  -2.1581829057126112e-01   1.0736509741202047e-01   2.3926457707411539e-01   3.1640396026279358e+00   1.7282669870584149e+00
   3.0306899999999999e-03  -6.9002535846127533e-01  -1.6015618311330457e+00  -7.6215821068859968e-01  -8.9548952043487617e-02   3.2003869860111119e-02   2.1005679997212864e-02  -8.3902864001107025e-01   5.9315633219713704e-01  -1.2117970793629325e+00   3.2073649787152014e+00   1.7397101332021969e+00
   3.2216900000000001e-03  -1.2589619391102287e+00  -2.4422237116528686e-01   1.4849815788648330e-01   9.9940382765128433e-01  -7.5118578227309596e-01  -2.7452343690417641e-01   1.1168150680191589e+00   1.1065045758466958e+00   3.0797712761433116e-01   3.1584136544829442e+00   1.7262398367302096e+00
   3.2678099999999999e-03  -1.1799663844892156e+00  -1.0695943464318711e+00   4.8837320679130963e-01  -7.2644578571561025e-01  -5.9474315586437243e-01  -2.5594155317543005e-01   4.2342006400511001e-01   3.8919037822400621e-01   1.3710483184757027e+00   3.1788813532022799e+00   1.7319231490034357e+00
   3.3932500000000000e-03   1.3903696549915261e+00   2.1936453673352921e-01  -9.5561694407017905e-01   3.6845390289285640e-01  -2.5848841959396074e-01  -1.7219070327791841e-01   7.6851169592153351e-02   4.8268344239288652e-01   1.5692865268925180e+00   3.1604538424887556e+00   1.7272667401710975e+00
   3.3213800000000001e-03  -1.3971011097252539e+00   9.8678505055869592e-01   7.6836486772817281e-01   3.4517667722756451e-01   7.0207620783088287e-01  -9.2542362259270872e-02   5.9755658863166949e-01   9.2505904164242897e-02   1.1895446366534965e+00   3.1926010199281767e+00   1.7358457871847537e+00
   3.3790600000000001e-03   4.6575552170567908e-01  -1.0946206059862675e+00   6.9422322934087388e-01  -9.3210871114091687e-01  -6.5272189593366226e-02  -9.0687137949857854e-01  -9.9893045961053040e-01  -4.2918996082756189e-01  -1.0136238130291930e+00   3.1640662453357913e+00   1.7280119673572758e+00
   3.3770699999999998e-03   4.5685245209406677e-01   4.6851519435961447e-01  -1.2898416747907591e+00   1.3708499648526373e+00   1.0798015254727997e+00   2.6841196205980888e-01  -4.5475037639674881e-01   6.0317889700199923e-01   3.0333401385108694e-01   3.1782873187743910e+00   1.7319010917431283e+00
   3.2545999999999999e-03  -2.4274086681082790e-01  -4.9953181118814277e-01   5.2142649177306943e-01   3.5519177967265048e-01   8.7417432854974081e-02   8.6675091091948797e-01  -1.8466266416206703e+00   1.6400045331982412e-02  -1.0453527738142454e+00   3.2210232734164359e+00   1.7433499643540917e+00
   3.4420200000000001e-03  -7.9803807269812332e-01   1.7238814000168967e+00   5.1373799406316686e-02  -3.9259210484317442e-01  -4.7178451298301044e-01   1.0282313624906825e+00  -4.3556497918714576e-01  -4.6282409979764022e-01   7.3264884382155004e-01   3.2293306348693331e+00   1.7465349729749267e+00
   3.5591199999999998e-03  -6.2727749259999177e-01   1.0595819700196201e+00  -6.0699289174804139e-01  -2.5199301108347316e-01  -5.1094456115096432e-01  -8.6174716188398848e-01   1.0251127820036601e+00   2.6307220334671905e-01   1.3560501641829625e+00   3.2281519907001899e+00   1.7458381463129173e+00
   2.8461500000000000e-03   1.4547277612554348e+00  -5.7990224317012351e-01  -4.9577516638317570e-01  -6.1743447638530913e-01  -4.3193621878034544e-01  -1.0790848605231286e-01   8.7699385879289271e-01   1.4113537793425470e+00   2.0625784182196974e-02   3.1456406931088767e+00   1.7220568993077849e+00
   3.2881799999999999e-03   3.3991820400997641e-01  -3.5196106393981053e-01   4.8546712670304448e-01   8.3300224977402204e-01  -2.5506932675902555e-01  -8.0891453141726466e-01  -4.1973730854903418e-01   4.4249050057368683e-01  -1.9207874655915786e+00   3.1938863765137242e+00   1.7361011014264134e+00
   3.4101299999999999e-03  -1.3079013701722117e-01  -2.4630803152389508e-01  -1.3917189756836306e+00  -1.3691784586410971e+00   3.7846989347162040e-02  -6.7830854451305600e-01  -1.0921916052068474e+00  -4.2918091900806132e-01  -3.0639559751082923e-01   3.1513223911585651e+00   1.7250235971747443e+00
   3.0763200000000000e-03   5.4052414808967643e-02   8.4845436309141056e-02   1.6085445942705541e+00   1.3867115447028981e+00  -1.5351088805532620e-01   7.1482976489989147e-01   7.9840414218603450e-01   5.4316338872117076e-01   2.3590874974240436e-01   3.1776836254659768e+00   1.7315177135022579e+00
   3.0461899999999998e-03  -4.5354360949043065e-01   5.3026344428999388e-02   1.0035335566670269e+00   5.1019922756854152e-01  -1.3681095748715817e+00   1.0516048264602269e-01   1.0189454454595697e+00   3.8636971344001564e-01  -1.2017796306753870e+00   3.1550725819874161e+00   1.7252104468004350e+00
   3.4821700000000001e-03  -9.2004148136354283e-02   7.1372179614490394e-01  -4.0112949073653392e-01   1.5648992707735174e+00   5.6985190120261886e-01  -1.1393183408423424e+00  -1.7365117040231012e-01  -8.1024834933250889e-01  -6.8767357079070923e-01   3.2039750243434173e+00   1.7394748261877477e+00
   3.4286999999999998e-03   8.4385077353648708e-01   1.3780946280115287e+00   8.0124344805596204e-01   1.7915997743411047e-01   6.9590467979525079e-03   2.3437815362948261e-01   8.6492729340663910e-01  -2.9952189327103867e-01   1.2982136540348499e+00   3.1753952570507296e+00   1.7315526217806290e+00
   3.4666599999999999e-03   4.9709559150596472e-01  -2.6204749559183210e-01   3.5204293469443393e-01   1.2672794678415609e+00   1.5452058701881577e+00  -3.6487831301745860e-01   8.9212306760061411e-01   3.3379177913467967e-01  -6.9509180340800192e-01   3.2388601433980146e+00   1.7487725099847362e+00
   3.3038600000000000e-03  -9.3486532418339152e-01   4.5278556930838765e-01  -1.0886262500101171e+00   5.1598948889689655e-01   1.0244841568984355e+00  -5.2907132390272715e-01   1.3557740262539020e+00   5.2867227865514788e-01  -2.5420484927677678e-01   3.2235443040078926e+00   1.7444843967992638e+00
   3.5012799999999998e-03  -4.2126157146083976e-01  -1.4724113946537509e+00  -6.2621919549904170e-01   3.6536256276040285e-01   1.5602090221563123e+00   2.6101353378245812e-01   4.9801508918977405e-01   5.5035310510381397e-01  -1.9084548704988158e-02   3.2370417977418020e+00   1.7484452294337471e+00
   3.5030299999999999e-03   4.4776144123662931e-01   6.6311503789791593e-01  -9.0442910399698551e-01   1.2126810030208947e-01  -1.1406662488769455e+00   6.8434218198669949e-01   7.6278809597229491e-01  -1.1213366882387783e+00   8.8775952897673172e-01   3.1859187420914381e+00   1.7343316458685627e+00
   3.2403699999999998e-03   5.2039259024063408e-02  -7.5565769596252763e-01   1.2619627259193711e+00  -3.2264287413901377e-01   2.8222239665950088e-01   5.1820032325665144e-01  -4.2686276515478694e-01  -1.7976532832594005e+00  -1.9978688232858580e-01   3.2122734142744127e+00   1.7414337937836308e+00
   3.5003500000000002e-03   5.1580165603769224e-01   6.1576431735560905e-02   5.7254294836404362e-01   8.9173107077607239e-01  -4.9487869710492693e-01  -4.9333135830247282e-01  -1.5367660934799054e+00  -1.2529179388863387e+00  -3.2674190995267977e-01   3.2326708452566666e+00   1.7472778571016017e+00
   3.4174399999999999e-03  -2.4782149147210517e-01   7.4822426301294431e-01   1.9510757965960382e-01  -4.1480067585836322e-01   8.0531262696338457e-01   1.5432804048901176e+00  -2.7524107715495327e-01  -8.7149684920470594e-01  -1.0617650708599555e+00   3.1675443608427272e+00   1.7291555191672847e+00
   3.1584000000000000e-03  -6.7017856743589288e-01  -6.7676694164794504e-01  -5.2154329602216076e-01   1.3568692162243581e+00   3.7620326896906420e-01  -1.1233163814954226e+00  -3.2451416445822939e-01   1.1382958642368610e+00  -3.5593705001211406e-01   3.1646836201855653e+00   1.7279335811122463e+00
   3.5117199999999999e-03  -5.4928481655696537e-01   1.0845576133323409e+00   1.7001906514728282e+00  -2.9976184448148629e-01   1.1027342750466627e-01   3.2089691810399390e-01   7.5177414229295125e-01  -6.9036528987721724e-01  -3.7143545941679718e-01   3.1593499450183464e+00   1.7271820586067714e+00
   3.0936499999999999e-03   2.7539787557246892e-01  -2.3918054775677852e-01   1.6633149067235848e+00  -1.3038902585437209e+00   5.6428236414000077e-01   7.5118783057501426e-01  -5.4757200161578079e-01   1.4788265691162852e-01  -4.8653972707777343e-01   3.1834635559798747e+00   1.7333268091209932e+00
   3.5569999999999998e-03  -4.7480182631250817e-01  -5.6098147932732056e-01  -3.7844879768412082e-01  -4.4016157331320227e-01   1.0338865483812330e+00  -1.5391574791445319e+00   2.6703297772365236e-01  -8.0024117184904847e-02  -1.2589598600217766e+00   3.2511405736202668e+00   1.7524444857491128e+00
   3.2333700000000002e-03  -7.4029152668388409e-01   3.7192875562841504e-01   7.1358997349219866e-01  -2.6859604310057722e-01  -1.2027158039821637e+00   1.0388432200335571e+00   1.2790708644056477e+00   1.1352922703448988e-01   7.5650199142159547e-01   3.1922039443715993e+00   1.7360063192551547e+00
   3.3855700000000001e-03   1.1800052901702545e+00   3.4792743857516439e-01   1.0082154831875005e+00  -1.9451770673734131e-02   1.1533901770496056e+00   8.2328711952072575e-01   9.4608922533235440e-01  -4.8110632221312949e-01  -4.0196090113178756e-01   3.1843183605175187e+00   1.7339836681274352e+00
   3.4210800000000000e-03  -4.0606422395471486e-01   1.5716563533730990e-01  -9.3627089335900837e-01  -6.6685101818491688e-01   3.9194079383885577e-01   7.4409986828213870e-01  -4.1798912928386639e-01  -1.8374211648137324e+00   4.3026681342084516e-01   3.2015658488534147e+00   1.7387675587838209e+00
   3.1044300000000000e-03   1.8682101693841435e+00  -7.8203955856190277e-01  -6.4758877239513368e-01   3.7709801959760314e-01   1.0383777999828916e+00   4.7286214123873432e-01   2.3520943842438879e-01   7.6823826794184032e-03  -2.8407180028496095e-02   3.1811248462973993e+00   1.7325404608430961e+00
   3.1156299999999999e-03  -1.1360280655603570e+00  -1.1851671034562326e+00  -2.2011035495725889e-01   5.2708398733401363e-01   2.3715563387097871e-01   1.3614087823378085e+00  -3.0234397959632259e-01  -8.1720544787457960e-01  -4.7942964985417258e-01   3.1407134099330132e+00   1.7214082127925499e+00
   3.2106900000000000e-03  -3.2852222428702815e-01   1.7622936742925827e-01   1.5409686940337712e+00   1.3498356062416886e-01  -8.0520494023038569e-01  -1.1358818171532645e+00   1.0009686759524008e+00   1.8335899204244049e-01   6.6511490039232957e-01   3.1673823630304838e+00   1.7288202637400203e+00
   3.3603299999999999e-03  -5.7900233740441809e-01  -1.4297162558165284e+00   5.9763847822222960e-01   9.6814567884383218e-01   7.2327426503039538e-01  -6.8218761082880075e-01  -6.0348261509007906e-01  -6.2956613341401457e-01  -6.5046976027534475e-01   3.1564136453655456e+00   1.7263144462080344e+00
   3.3566899999999998e-03  -5.6398056856671687e-02   6.4220580797712745e-01  -3.2824520571873966e-01   1.7555670406265222e+00  -2.9144800208069382e-01   2.7185071079047807e-01   6.5425805451518826e-01   8.2939697080776031e-01  -9.7879166698738052e-01   3.1675596914605437e+00   1.7291710837648462e+00
   3.0517299999999999e-03   2.5369225939868650e-01   3.4215641047591200e-01   4.7665994783835497e-01  -9.4661485474216256e-01   2.0507864382340077e-01   2.8265830464377856e-01  -1.8446850736383485e-01   2.1187767923540552e+00  -2.6463771710666906e-01   3.1649454891914450e+00   1.7279037063804863e+00
   3.5093400000000001e-03  -1.0864067799182269e+00   4.5019845968784516e-01  -7.1882346810193198e-01   1.4819225426779470e-01   1.4955367635381707e+00   1.1694896885355035e+00  -1.0453958680906494e-01  -6.2255711948953130e-02   5.3604366275799464e-01   3.1871795390529067e+00   1.7347197560602303e+00
   3.5716400000000001e-03  -7.7629225006721125e-01  -3.6593590294898026e-01  -7.4481487692200776e-01  -1.3075157624540497e+00   1.1339523195687027e+00  -5.9456557484857353e-01   7.4677041304388325e-01  -3.3076001335350913e-01   8.3251606957448376e-01   3.2565945827527223e+00   1.7539105640764698e+00
   3.5303700000000001e-03   4.0967230362318952e-01  -1.4696681722573273e+00   9.4644672413465059e-01  -4.1562641251832289e-02  -6.2830138268410218e-01  -9.5610995131993604e-01  -5.9144410234141118e-02  -8.9193574200411330e-01   6.7494335055957955e-01   3.1840797991812630e+00   1.7339098531280102e+00
   3.3093900000000002e-03  -9.6643404419348411e-01  -2.8280858673850778e-01   4.4801314930109470e-01   9.6237081776765132e-01  -6.5018767524671639e-01  -1.1639536498967091e+00  -8.8963653968038159e-01  -2.4449958678394046e-01   1.1404680464652011e+00   3.2539246782553972e+00   1.7530112308790018e+00
   3.3392800000000000e-03   1.0064689713623227e+00   7.2246903853734501e-02   1.1209385036725998e-01  -1.8411009168896184e+00  -9.8384417361087673e-01  -1.9611254894434585e-01  -4.2168306242296594e-01   3.2432735221091735e-01  -3.6642232704379724e-01   3.1704022277210657e+00   1.7297278126160893e+00
   3.2172600000000000e-03  -1.9132335264847455e-01  -7.0099869848250407e-01  -1.2174636359184561e-01   1.2483803723832381e+00  -1.2839025955589507e+00   1.2740265204051269e+00   7.7787601722520461e-01  -3.4039751079918384e-02  -2.3502650312998596e-02   3.1921037404268184e+00   1.7353648447911572e+00
   3.5713400000000001e-03   1.0557297750795214e-01   1.5352421109745360e+00   3.3276754737628766e-01  -7.3602588682513848e-01  -1.2067749403224808e+00  -4.7103957645082967e-01   8.3444630197591829e-01  -5.5228183459843994e-01  -3.0522180482748917e-01   3.1836078174271711e+00   1.7339564134517376e+00
   3.5096900000000002e-03   8.1857080849729980e-01   5.9217557541650756e-01  -8.8222330933777168e-02   5.8587578939284712e-01  -7.2985059190498613e-01  -1.4890064211611678e+00   3.5809996665774280e-01  -9.7323712350099589e-01   7.6372800803689311e-01   3.1609711401090181e+00   1.7277114663537105e+00
   3.4122300000000000e-03   7.0798907429901026e-01  -1.5665858559743442e-01   1.5154750809767767e-01  -1.1479906267455775e+00  -6.2809773365539634e-01  -5.3968629177080596e-01   1.5368931569969897e+00  -2.0958850397026374e-01   1.0013856115598547e+00   3.2264812707616568e+00   1.7456991527760481e+00
   3.3245599999999998e-03   7.0555180693730357e-01   1.1358710772468485e+00  -4.7375069469315834e-01  -9.1022869988119404e-01  -7.9554381762215109e-01   9.1395597390581795e-01   5.2532786826098166e-01   9.6680706378392378e-01   6.6748940832434522e-01   3.1827330824630296e+00   1.7333455778844693e+00
   3.3156300000000000e-03  -6.8588643154811668e-01  -5.2799424435624809e-01  -2.0434694274582341e-01   1.0257324511195115e-01  -1.8887281990603713e+00  -6.0311666121185914e-01   8.6653615439719611e-01  -5.7179971791316264e-01   2.7691303854605465e-01   3.1651843398719031e+00   1.7287514037300351e+00
   3.1649800000000000e-03   6.4833822580707734e-01  -1.1573503733798840e+00  -4.0841924427831189e-01  -1.4481606607542206e+00   1.0331185506588698e+00   6.2376572544503073e-02  -2.6162171069242535e-01   8.1871893191015888e-01  -3.9309423888238310e-01   3.1816693512981953e+00   1.7328402853882194e+00
   8.2174799999999992e-03  -1.0173755375457347e-01   1.1423278173917124e-01   7.1621196164641063e-02   1.4742714871068571e-01  -1.7744336493714177e-01   3.7994573337992693e-02  -4.4699245387036013e-01   6.0415134048301962e-02   1.4445369200952349e-01   1.7367560365969075e+00   1.3069012170202472e+00
   3.1424199999999999e-03  -1.0393151062588384e+00  -4.8423921055400615e-01  -1.3465810875261384e+00   8.7801981408815333e-01  -5.6876796189272084e-02   9.7959251212016740e-01   5.0663056929849577e-02   1.0048756282413926e+00  -2.7007644827400817e-01   3.1657018431061767e+00   1.7278642135887485e+00
   3.1995399999999998e-03   8.9460649945867732e-01   4.3520764305198267e-01   4.2255115591387379e-02   8.2375059185696653e-01  -1.6049660921621820e+00  -1.4432715187971856e-01   1.0600735715896061e+00   6.4391317055225383e-01   4.1547365577202783e-01   3.1733945755545996e+00   1.7308425716354721e+00
   3.3565499999999998e-03   2.6531961132693166e-01   5.3730601572471259e-01   3.2950918428170584e-01  -1.3846890992797700e+00   1.1326807611669292e+00  -1.1151034751845461e+00  -8.7871118824572636e-01   4.4397610261705406e-01   1.6424777463465401e-01   3.1825109751853695e+00   1.7333250787846599e+00
   3.2587200000000001e-03   4.0681224780113934e-01  -4.6998744717108926e-01  -4.7085068891357523e-01  -5.4002064352228396e-01  -4.1833017718160520e-01  -1.3505830437310271e+00  -7.5825408013290874e-01   1.3658005737046681e+00  -7.0007192004638286e-01   3.1433653846202576e+00   1.7220566552297905e+00
   3.1913300000000000e-03  -1.4870242014344603e+00   1.1600663269179792e+00  -6.9758112690741858e-01   1.0037964895337952e+00   1.1552674221826625e-01  -2.8552137511477460e-01  -7.3027332681762525e-01   5.7072228283599535e-01   2.7610467295233299e-01   3.2239623566789448e+00   1.7444395368330599e+00
   3.0658600000000001e-03  -7.8414069248216367e-01  -4.6361843648933670e-01   1.4692906648250417e+00   5.5544448974314631e-01   1.3767440233629518e+00   9.3086587812247767e-01  -1.1764850619753751e-01  -6.6062619077094459e-02  -1.3888327288797017e-01   3.1869606296111126e+00   1.7341540778188509e+00
   3.4255000000000002e-03  -9.6939681329955130e-01   1.9250102660766072e-01  -4.2924219194289687e-01   8.6005987046138754e-01   1.2622894838831134e+00   3.4790892748829028e-01  -4.0243051122030943e-01   1.6100426749503538e-01  -1.4571422251001458e+00   3.1958823323370402e+00   1.7372020236669128e+00
   3.4029700000000000e-03  -3.2650184653236786e-01   3.0316199417208428e-01   5.2683861835092904e-01   7.5164662998344334e-01   3.1688421994090221e-01   1.4787864638591455e+00   5.7991108616222242e-01  -1.2594081733421929e+00   7.7635807693545755e-01   3.1604722375895884e+00   1.7275237971442536e+00
   3.6171400000000000e-03  -8.0634288589058467e-01  -1.0126100588863141e+00  -6.1417379009600981e-01   7.9407554475062725e-01  -2.0027888377972156e-01  -3.7345989853883516e-01   1.1232282511448834e+00  -4.3053340100688975e-01  -1.2533063372307738e+00   3.2279257140280762e+00   1.7462340680907786e+00
   3.2958800000000002e-03   1.9348866873644863e-01   6.2790566558315686e-01   4.8563416237534973e-01  -6.2851326570024302e-01  -1.4891559002640418e+00  -3.5775386711616497e-01  -3.8036916625680611e-01  -1.4081200305145863e-01   1.5540841166241948e+00   3.2096390978009586e+00   1.7407859288154712e+00
   3.3241899999999999e-03  -9.1343989426535509e-03   3.9471335484419268e-01  -2.4355480403391627e-01  -1.0772705145216552e+00   5.0785986202387257e-01   1.4574607312209947e-01  -8.8609625247154000e-01   5.1674084909732909e-01  -1.7704391825400763e+00   3.1539263482886288e+00   1.7252800104662345e+00
   3.4080400000000002e-03   3.9303786654697381e-01  -9.7983163141820917e-01  -1.9451114046635125e+00   4.1446905405817740e-02   3.7829750577287508e-01  -5.6928226893864908e-01   1.9454464233490751e-01   5.9138358695695759e-01   1.3880191851998855e-01   3.1720542932970477e+00   1.7300057523847121e+00
   3.3917299999999999e-03   6.5773572139834224e-01  -1.0694998845700541e+00   1.2622783215052029e+00  -8.4854921811244266e-01  -4.5589696054678630e-01  -6.7147232391030232e-01  -2.9699068677463270e-01   1.0380099136092635e+00   3.8476020270916195e-01   3.1933766145186984e+00   1.7362844379491646e+00
   3.3410400000000000e-03   5.3759835130965772e-01  -1.0936971990617541e+00   1.4121756303406332e+00  -1.6589889896389445e-01  -1.5386327278442188e-01   1.1939730983233092e+00   4.4337000774236635e-01  -1.3796840202304331e-01   8.3238771073958628e-01   3.1917407234604833e+00   1.7356047801793402e+00
   3.5203600000000002e-03   2.1654945409518175e-01   8.3576095218733026e-01   5.6446272353575033e-01  -3.6830196708088341e-02   4.0648254800018747e-02  -7.6737938704195888e-02   1.8461787577255384e+00   1.1225258394938642e+00  -3.1778483519124023e-01   3.2084138673027578e+00   1.7407161661428117e+00
   3.3975400000000001e-03   6.6624376954307574e-01  -1.0283677904746753e+00   8.1851569185457984e-01  -5.2824733228511145e-01   1.6933919622691986e+00  -5.9431773448375980e-01   1.4860819539828130e-01  -3.5919260249486634e-01   2.1580320953925261e-01   3.1933729549584839e+00   1.7360784448358224e+00
   3.4102700000000000e-03   1.3134783932187701e+00   7.3538474753280336e-01  -2.7492800628702374e-01   8.4173828276596774e-01   4.7494492495404994e-01   4.8198774072106948e-01  -6.2537990707549829e-01  -1.4110091888283866e-01  -1.3951677074939757e+00   3.1774592486463105e+00   1.7320167897634631e+00
   3.4967499999999999e-03  -1.0094779282885820e+00  -4.7101460484190771e-01  -1.2300631392997408e+00  -1.0311703337161628e+00   5.0663630942300464e-01   6.1350152751306997e-01   6.6718842954240498e-01  -2.0418059080222220e-01  -9.5489587735197889e-01   3.2027144231463804e+00   1.7391571346272174e+00
   3.3707500000000000e-03  -3.5915625855198346e-01   7.0908334160129793e-01   1.2257353407923199e+00  -9.6042079148161408e-01  -1.6468755342383118e-01  -1.0250951089797837e+00   1.0422707372919156e-01   7.1674064671772986e-01  -1.0701875719617020e+00   3.1659331904978396e+00   1.7283858258900615e+00
   3.1996300000000002e-03  -1.1243742428712360e+00  -5.6795919842447240e-01   3.3189108408286450e-01  -1.7599850918834705e+00   4.2936394466576933e-02  -3.5303270030832573e-01  -5.0763877603590823e-01   7.9677732995555828e-01  -3.6657399922289235e-01   3.1709316270654386e+00   1.7298688382126752e+00
   3.5974599999999998e-03  -3.3256816131959538e-01   7.2166718676489283e-01  -7.9566521839565163e-01   1.2817837534904553e+00  -4.3867668847134811e-01   1.2096219324861450e+00  -8.7142997255399968e-01  -7.3287511706616992e-01  -2.1262219715426478e-01   3.2390235968633756e+00   1.7493673603615536e+00
   3.3508499999999998e-03   2.4123442269883116e-01   1.1742292389871949e+00  -4.6593030725481828e-02   3.9806728031063049e-01   9.9748436352442393e-01  -9.5045244363252090e-01  -2.9890047109831630e-01   1.2115975542094883e+00  -9.2808623021429759e-01   3.1884785939600504e+00   1.7350912780864287e+00
   3.6918900000000002e-03   3.6407084857126149e-01  -5.7728681363401979e-01   5.7765705340819962e-01   9.2195473764001901e-01  -1.1023375125461237e+00   4.3357732367597235e-01  -6.8236251265724446e-01   1.5081347433506531e+00  -2.4387619328546636e-01   3.2769147542734931e+00   1.7589914347720150e+00
   3.3493899999999998e-03  -1.4178924867019620e+00  -1.0810171005803786e+00  -1.3942900859238611e-01  -6.9045589427273635e-01  -3.6877840535969802e-01  -5.9049022991848099e-01  -3.1552961054292850e-01  -1.2762385635056703e+00  -1.8106134511822183e-01   3.1872889509529174e+00   1.7345275254416750e+00
   3.5574399999999998e-03  -6.2406849621565785e-01   9.6069768723021731e-01  -2.7103664618683204e-01   5.2514985883571697e-01  -7.9512409469428802e-01  -1.5760782639673192e+00   5.9633661642858760e-01   5.1636179576372221e-01  -6.2999100949231079e-01   3.1943496625266481e+00   1.7365582650959566e+00
   3.2763900000000001e-03   8.3576313960550375e-01   2.4344501404690019e-01   9.9467249804634061e-01  -4.7342656644244979e-01  -7.7996882725761596e-01   3.3750370115520684e-01  -3.1352021907907568e-01  -6.6316081666180349e-01  -1.6127950990284414e+00   3.1530328167825665e+00   1.7247957993884517e+00
   3.2654500000000000e-03  -9.7561243705964917e-01  -4.7879691264157470e-01  -1.5797706425502653e+00   5.2919433394297766e-01   9.6160818768217260e-01  -4.8176392386980943e-01  -1.7578220730857538e-01  -8.5905399664422566e-01  -1.0421319223190904e-01   3.1691381633019771e+00   1.7290648761043790e+00
   3.2617300000000000e-03   1.1633660342796257e+00   3.9453627140826932e-02  -1.4166904890884828e+00   6.4943584237382868e-01  -8.6139373698191823e-01   1.0000819339733311e+00   6.8904131433916334e-03   6.1505606749548780e-01  -2.0002765173181669e-01   3.1847481050031319e+00   1.7337486346455770e+00
   3.2115700000000000e-03  -7.6001474620130383e-01  -5.3084435333680546e-01   2.8009801130423129e-01   3.1764293264060256e-01   4.9430301332071319e-01   1.3036405355168228e+00   1.6151519461418746e+00   2.8473050286733920e-01  -6.5001306621958876e-01   3.2479198257397073e+00   1.7509644786261866e+00
   3.3910400000000001e-03   1.2663125606677064e+00  -5.2312731418441238e-01   1.8729348437648424e-01   5.2211300536599869e-01   4.7270039462582109e-01  -8.4939991860024322e-01   4.8029712383168038e-01  -1.3295621245107578e+00  -9.3906123529594099e-01   3.2333812442546628e+00   1.7475583118910227e+00
   3.2110099999999998e-03   1.4837798615798675e-01  -2.4415549182854393e-01   6.5723421528492065e-01   1.0473970064933655e-01  -4.6218773717065859e-01   3.5504844797682866e-01   6.1513522437529056e-01   1.6095259929041417e+00   1.4502211421998203e+00   3.1833524738635233e+00   1.7331590112923658e+00
   8.3555999999999995e-03   9.6799516174629480e-02  -1.3232120741099698e-01  -3.7950018086174868e-02  -1.3425537301890986e-01   1.5190431281590500e-01  -3.7068123794332587e-02   4.1811221737058080e-01  -4.6318935438523723e-02  -1.3439692302554801e-01   1.7321679557792113e+00   1.3053045067356885e+00
   3.4827399999999998e-03  -6.2404715953620404e-02   9.0189919611285962e-01   6.7645986586271600e-01  -7.2147028840996774e-01   1.5472165022658673e+00   2.8068128736996051e-01  -2.0091799909011646e-01  -9.3754757135127187e-01   8.3718210327101183e-01   3.1964724630153212e+00   1.7373884587740964e+00
   3.3238400000000002e-03   1.0433028999085503e-01  -9.3480478511095122e-01  -8.6466632375181030e-01   4.8458414004698219e-01  -7.0976936213627828e-01  -1.6201943681765656e+00  -5.4873099933294367e-01  -6.1497856941925455e-01  -5.3486362038332680e-01   3.1854483301803138e+00   1.7343998177424125e+00
   3.3911100000000001e-03   5.9449305134156394e-01  -1.1051659743309104e+00  -7.6583795092074158e-01   1.6013982581869646e+00  -3.3856940603014647e-02   1.8809913525577723e-01  -5.2257471555619628e-01  -8.6857002690785643e-03  -8.4061990803656117e-01   3.1472438489181260e+00   1.7232897772755522e+00
   3.2943000000000000e-03   1.1280658002952080e+00  -6.6372079234469683e-01  -1.1044899211293790e+00  -5.1840334951677247e-01  -2.1369751510190110e-01  -1.8796407324442804e-01   1.6313268552093774e-01  -2.0494011568734322e-01  -1.5877852317048953e+00   3.1759765536742530e+00   1.7312725052414606e+00
   3.4348199999999999e-03  -1.0900101882768789e+00   1.6240372046881441e-01   9.6252633020931649e-02   6.4456383726175431e-02   1.1143428465053926e-01  -1.2972450024696018e+00  -1.5618186239066769e+00   5.3964433292874640e-02  -7.6506168430396360e-01   3.2156583000154337e+00   1.7425833867635945e+00
   3.5875600000000001e-03  -1.3306818349743765e-01   5.0751595926946036e-01   1.4944966906490428e-01   1.0246155867077831e+00  -2.2176080243992063e-01  -2.4429586412795451e-01   1.9684712000175510e+00  -7.4436289342199657e-01  -1.6840214690441124e-02   3.2302350800362292e+00   1.7469454151075696e+00
   3.1906700000000001e-03   7.6330980988920571e-01   2.9576006600056892e-01   1.8558313934907059e-01   8.6285648152231909e-01  -7.6916136234200672e-01   1.4752493794365700e+00  -6.4997383338136161e-01   4.7546146382063714e-01   1.0834015459604422e+00   3.2338085280763029e+00   1.7467685397457569e+00
   3.3528600000000000e-03   7.3797938036597222e-01   3.0975281516813807e-01  -1.3852853733998998e+00  -5.4028934780228710e-01  -1.4879262170130321e+00  -8.1835169956504683e-01   1.2801357354833026e-01   1.6677305923758357e-01   1.5996875617175244e-01   3.1529400809263439e+00   1.7247324547260063e+00
   3.1577599999999999e-03  -4.0480028520386546e-01  -6.1509389821750182e-01   1.3314100637271518e+00  -1.2989449975147074e+00  -1.2899618872137184e+00   2.7644530369204560e-02   2.8160201808974178e-01  -4.2821825345614573e-01  -1.6788882107975867e-01   3.1691147323634126e+00   1.7291231904541493e+00
   3.7085700000000000e-03   7.2057942281214293e-01   5.7709244099673429e-01  -4.4679128540142998e-01  -5.1264112545088969e-01   1.4661782738524274e+00  -8.4457411918915079e-02   8.8474528785521067e-01   9.5857864086156108e-01   8.6197962792027838e-01   3.2503858792587113e+00   1.7527422396626240e+00
   3.4001600000000002e-03  -5.6303620743960459e-01  -2.5129501205153359e-01   2.0039882083085740e+00   3.5835333689846971e-01  -5.9386987595094931e-01  -2.4937402354492222e-01  -9.1056137065067200e-01   1.6285627489863541e-01  -3.5690582936963527e-01   3.2239076446852728e+00   1.7447469737925367e+00
   3.5373200000000000e-03  -1.3967505938047677e+00  -2.3381130861589702e-01   4.9415077333894808e-01   8.2404119696755973e-01  -1.9241660843071967e-01   1.1075794234287759e+00  -6.8552657669592809e-01   6.1492523182366365e-01   9.5966703776134932e-01   3.2651042242262642e+00   1.7561131442479274e+00
   3.2254800000000002e-03   5.0229663160929416e-01  -3.2674079925400396e-01  -9.9886918541157554e-01  -4.2899901143099611e-01   1.4431143288482799e+00  -3.5603569874877374e-02  -9.4933836779217895e-01  -1.4118309943308008e-01   1.2099014985639664e+00   3.1771611145166156e+00   1.7318788215138168e+00
   3.4921000000000002e-03   1.1255658238781487e+00   3.4142448615868265e-01   1.5191825540236974e+00  -8.0612213648145881e-01  -1.1943493926585247e-01  -8.2860853330814199e-01  -1.4829243396359998e-01  -7.8610845167969901e-01   2.4542391643395997e-01   3.1631074077891910e+00   1.7279515511533050e+00
   3.5921000000000000e-03  -1.4412377848464306e-01   4.2253860641063484e-01   7.4599412859261438e-01   1.7479670017142606e+00   5.0906128644762627e-01  -4.2592148765528179e-02  -1.2135760885426805e+00   6.0209228647450663e-01  -1.3058856304800071e-01   3.2617127415681324e+00   1.7551935523554314e+00
   3.4083199999999998e-03  -2.6684066889354002e-01  -1.3036282433538934e-01  -5.7789405551806472e-01   5.8886497570368464e-02   1.5304303148687018e-01  -7.3980079986044708e-02  -7.5825479122804595e-01  -1.5706315559211594e+00  -1.5599100613877941e+00   3.1955014208777786e+00   1.7370146036214211e+00
   3.0271100000000000e-03  -2.6173452279387260e-01  -2.3688600853197861e-01  -4.7875250020023902e-01   3.5115026269663074e-01  -6.3531527328727166e-01   1.2817956848037459e+00  -1.5429556435134200e-02   2.5082497925920427e-01  -1.8536017158043205e+00   3.1565883424274532e+00   1.7258666159354652e+00
   3.1936099999999999e-03   3.5323449271809199e-01  -8.5727428943760164e-01  -3.0407927381975192e-01   3.8822279035669466e-01  -9.8319397270281816e-01  -1.4147529041878935e+00   1.9958802164318720e-01   9.4417127925829925e-01   1.0053273166337526e+00   3.1940324230059249e+00   1.7362971516863950e+00
   3.3703399999999999e-03   4.5938880158326739e-01  -3.2917140973846359e-01  -4.2087614908985038e-01  -7.6252178507928492e-01  -1.1350979971304771e+00   8.0003662776320428e-01   1.3943270142176225e+00   9.1521046639181453e-02  -9.4583354730693314e-01   3.2022951957179848e+00   1.7383381801688627e+00
   3.2468599999999999e-03  -6.5530492843202481e-01   2.0125961583986314e+00  -2.7242185759322779e-01  -3.7632234022519584e-01   6.0641263469390994e-01  -1.9352062350632845e-01   4.1361872181695969e-01   7.7993047859526332e-01  -1.0391587236521646e-01   3.1837707926073953e+00   1.7329504895632226e+00
   2.9177500000000002e-03   7.1118447959151831e-01  -5.0550980115377619e-01  -8.3602551361548860e-01   4.6218022291266148e-01   7.2161356781261188e-01   2.1453349557707199e-01   1.1652337769061757e-01   1.4622315547333034e+00  -1.2833917323634969e+00   3.1722650763035563e+00   1.7293178391680339e+00
   3.2572700000000000e-03   1.5156051117778406e+00   7.1490858121076695e-01   3.3971729201262107e-01   8.4061392407580904e-01   2.2881202961675884e-01   5.4833378282453737e-01   1.7070368552007908e-01   1.3709633123519673e+00   1.7641517395889206e-02   3.1625653669741793e+00   1.7275670413660569e+00
   3.3363099999999999e-03  -3.1125777392693349e-01   9.8874572748344125e-01  -6.1179560497560126e-01   1.0279390364163952e+00   3.5731922100409007e-02   1.0739634315633888e+00   9.4665700816436660e-01   6.4267290953658107e-01   9.6819346884874224e-01   3.1834905165276277e+00   1.7333961622709160e+00
   3.2787599999999999e-03  -7.0260430813898253e-02  -9.4516050366353954e-01  -1.1403282262491975e-01  -1.4116908310150977e+00  -5.4451870512230349e-01   1.1269120158816068e+00  -7.3249104676978172e-01  -5.6601224603114009e-01  -7.2142897130651762e-01   3.1591621924455375e+00   1.7261052464726401e+00
   3.4836799999999998e-03  -8.0468825128115748e-02   1.1721177421552369e+00  -4.6851729785447171e-01   2.5921754319876605e-01  -5.1846312270261381e-02   1.3740740430558016e+00  -9.3773421676603930e-01   1.1428034695590634e+00  -4.4420270908811632e-01   3.2312999845732406e+00   1.7469209358952371e+00
   3.3784599999999998e-03  -2.0927997581512803e+00  -7.8751643738768418e-01   9.0431889391770270e-02   9.9700308410726510e-02   7.4036831803466363e-01  -1.9645289742735458e-01  -8.9704870784718463e-03   4.8106371520561547e-01  -7.2529309915515053e-02   3.1764950463696584e+00   1.7312568232870138e+00
   3.3305900000000000e-03   6.0620214882884782e-01  -2.0575172578703207e-01   5.3716783872173313e-01   9.7397086962324309e-01   1.2930967930848407e+00   7.1601561931859659e-01  -6.9163563218259838e-02   2.8499003490284563e-01   1.3854145298647780e+00   3.1574413055098969e+00   1.7263068370157288e+00
   3.5205000000000002e-03   9.8424587451583969e-03   9.0469340239274321e-01  -4.7755216246852611e-02  -1.7346249252448376e-02   3.6989422561651225e-01  -1.6669523735315606e-01   1.1327880776585419e+00  -3.9269896308360941e-01  -1.8959703735744526e+00   3.2556252422608623e+00   1.7537743184193186e+00
   3.5564600000000000e-03  -1.3551607028875661e+00  -3.3339237724950677e-01  -1.5203435379731131e-01   1.2546914247339820e+00  -1.1025451211678876e+00  -9.9650528298612942e-02  -6.1163883785196815e-01  -2.5576261784280985e-01  -7.6971984383092440e-01   3.2013265203057211e+00   1.7385718832882273e+00
   3.3342300000000001e-03   1.0108983875131698e+00   1.1327611934452873e+00   1.1998647972186032e+00   9.5406245609944207e-01  -2.7870045285519052e-01  -7.0748376601265750e-01   4.3849870971539728e-01  -1.3782391742531487e-02  -7.7445680837934439e-01   3.2097196010001805e+00   1.7411361197858275e+00
   3.4558400000000000e-03   4.9638782931984732e-01   6.3749653623964331e-01  -5.5535783665308303e-01   1.3154374310462009e+00  -7.2238762154240910e-01  -8.2953407413033364e-01  -1.2234407367138451e+00   7.4101270320245272e-01   2.7393487007065769e-02   3.2564819515932935e+00   1.7536249078608361e+00
   3.4101900000000000e-03  -7.9698418123749515e-01   1.7017733196280888e-01  -7.5671046180595591e-01  -1.7014327271167291e+00  -1.0622470955810934e+00   2.6002920205897762e-01   3.3271156845026090e-01  -3.8753043869725462e-01   4.8838752446201955e-01   3.1630614539028628e+00   1.7279439431506334e+00
   3.5292300000000000e-03   1.4416689975193233e+00  -8.7559569718926411e-01   1.3932352624924709e+00   6.3851777406934540e-01   3.8446616132603212e-01   2.4419046984587064e-01  -5.4794136629806500e-01   2.0383828389490169e-02  -4.3183182939845638e-01   3.2232900726994482e+00   1.7444151838365192e+00
   3.1260099999999998e-03  -5.7536895148992606e-01  -6.1567290231966876e-01   6.7752925461632174e-01  -7.9401405472555409e-01   1.2456456279556964e+00   3.8601475673170377e-01  -4.0959803861274025e-01   1.0327474199356874e+00   1.1339967544193470e+00   3.1764661929094999e+00   1.7311876458977007e+00
   3.4385700000000002e-03   1.2254026650929106e-01   5.5038322007834306e-01   1.1553482760458107e+00   1.9984608911253001e-02   1.2894692673556238e+00  -5.3580361231653784e-01  -6.0999165851181691e-01  -6.8171541645337319e-01  -1.1837952826959761e+00   3.1650031879429892e+00   1.7286912889369141e+00
   3.4480900000000000e-03   1.3812660903298063e-01   1.4285306158863773e-01   1.4180219288938771e+00   1.1112106742740313e+00   7.0607134509474812e-01  -6.0470932692617985e-01   2.3551143934343660e-01  -1.1232795491307457e+00   6.1816084034497820e-01   3.1724577932504490e+00   1.7307517382896156e+00
   2.9414900000000002e-03  -9.9750240113864297e-01  -1.2469927751283152e+00   7.3130575865242398e-01   9.1439131747309360e-02  -7.8321644503293497e-01  -1.2485957391147038e+00   1.0183990949738636e-01   6.8952053672045222e-01  -6.0595832234750058e-01   3.1795155411564036e+00   1.7315552218430439e+00
   3.5593199999999999e-03  -8.7172432288712343e-01  -2.0597062124491730e-01   2.1159426488033756e-01   1.3075721566329415e-01   1.3389449620515794e+00  -6.8024454268184611e-02   9.5432084676028017e-01  -1.4434513769746660e+00  -4.9244879020981619e-01   3.2199290051742544e+00   1.7439754738849516e+00
   3.6715799999999998e-03  -2.6441738795512770e-01  -6.2750228055672286e-01  -1.2072393523809890e+00  -1.0087200558169469e-01  -3.6079403724881026e-01   2.2616022342843498e-01   1.6798835415687692e+00   6.6330051547924329e-01   6.1873717796344074e-01   3.2257199142917066e+00   1.7450825650489041e+00
   3.4168100000000002e-03   4.6272382872211776e-01  -1.1782409139427246e+00   2.9760871489500124e-01  -2.8301661963733460e-01   8.3340877284314330e-01   7.5711059649942347e-01   3.4033348170582489e-01  -2.9377076606036451e-01  -1.6276361387394576e+00   3.2256443524662397e+00   1.7448565787308536e+00
   3.4456800000000000e-03  -7.2290975615817510e-01  -5.0894148762710545e-01   2.3116285776385873e-01  -7.6843372664699913e-02  -1.2098397469125524e+00   7.8420893786272272e-01  -8.7008327060114377e-01  -1.1630590692678486e+00   8.9431897752598954e-01   3.1918627234535566e+00   1.7361108147565998e+00
   3.4876199999999999e-03  -9.0458885152869251e-01   9.7116315392989949e-01  -1.1391591593031414e+00   7.6575049781630725e-02  -1.1497022649056647e+00   3.6761547790141824e-01   9.4695016869219306e-01   3.2781044876204385e-01  -5.5910405801537566e-01   3.1936537332683899e+00   1.7363565285965494e+00
   3.4137000000000000e-03  -4.1506102288810942e-01   1.3430158813238564e+00  -5.5055138487641608e-01  -9.4412114382121293e-01  -8.3747206420845521e-01  -5.0862700526359506e-01  -1.0645085679990947e+00   7.9718190619059981e-01  -2.0144466710430877e-02   3.2007286872463880e+00   1.7382984505007029e+00
   3.2713999999999998e-03  -8.4657748712427583e-01  -1.0704350889725678e+00   2.4637177443356159e-01   2.6664282820384183e-01   9.2703117678253377e-01   1.1459401402343834e-01  -2.4234946672622298e-01  -1.0185480380130447e+00   1.4098298477598843e+00   3.1672291187342143e+00   1.7294150397803743e+00
   3.7785000000000002e-03  -3.6152797879297266e-01   7.0865998231099381e-01   7.4651898750044943e-01  -1.2099465734818171e+00  -5.0559779068211075e-01  -3.2801945466471000e-02  -1.3517898053222948e+00  -9.8980704798820140e-01  -2.3094615783326372e-01   3.2353837766998299e+00   1.7480539620909643e+00
   3.3386000000000002e-03   1.0221603474549570e-01  -4.4464772399603741e-01   1.0163928525426251e+00   3.8786211145453220e-02   7.6359073193111382e-01  -3.6416172339396163e-01  -1.8538123346410882e+00  -1.6903009742965455e-01   7.5788404034693757e-01   3.2365741345507351e+00   1.7481533621698535e+00
   3.3809299999999999e-03   1.3240855662095516e+00   3.2761313762788674e-01  -1.9323938872102389e-02   1.8424522957379907e+00  -7.2499845258973197e-02   3.7982697539326349e-01   2.8543835026192727e-01  -5.6396779004908570e-01   3.0286132853579273e-01   3.1837831010194360e+00   1.7336367047033840e+00
   3.1831300000000002e-03  -1.1228631097923686e-01  -4.5333509722773574e-01  -1.1984707599333400e+00  -1.0256634583580955e+00  -8.5953230869210728e-01   6.8683749611763245e-01  -4.2485251679718455e-01   1.3029581574142943e+00  -4.4674123046612946e-01   3.1877183930024189e+00   1.7344082998001904e+00
   3.3498700000000000e-03   1.4563597876238681e+00  -8.3132903624247353e-03   6.3140355030151651e-01  -7.5746568694242633e-01   7.8771543508309172e-01  -5.9713004519965385e-01   4.4360498297388445e-01   6.8522191225805618e-01  -1.1145757166182642e+00   3.2268698554525401e+00   1.7454656398770072e+00
   3.1979100000000000e-03   1.3658115151200401e-01   3.5615988812433952e-01   1.2756162307971297e+00   3.2793202168761548e-01   3.3424350611619680e-01   8.4567562838637611e-01   1.6976949682714779e-01   1.0110350811603874e+00  -1.4755788320792205e+00   3.1658534271433694e+00   1.7285031678026810e+00
   3.1947099999999999e-03  -6.6221125799578173e-01   1.0277239298011946e-01   3.3037971016626738e-01   8.1052985540377798e-01   9.9111394368399719e-01   4.8188447209775437e-01   3.7085348019377662e-01   1.8290366989449460e+00   8.7797191308913378e-02   3.1673860541436127e+00   1.7286200318830351e+00
   3.4634000000000002e-03  -3.1204910845550410e-01   9.1810321874683798e-01   9.6716704240101947e-01  -1.6386252612822905e+00   8.6664765466417409e-02  -2.3955503951767015e-01   5.0241106328665941e-01   4.5324829809561484e-01   8.5943903263132104e-01   3.1808132383225498e+00   1.7328960886977041e+00
   3.3831400000000002e-03  -6.7238210912128960e-01  -6.4166392907494385e-01  -1.0142298412593573e+00   7.6356480716262065e-01   1.0365119907446224e-01  -7.4685503749043175e-02  -1.7205389914980331e+00  -5.2486052211789791e-01   4.4113870820702417e-01   3.2235510004929049e+00   1.7446998096150870e+00
   3.3156599999999998e-03   1.1074720742700295e+00   1.0653168054796140e+00   3.1810791086047213e-01  -4.4187503869234124e-01  -3.9749172991959764e-01  -1.2821251383548269e+00   1.8634191774899606e-01   1.0704993386462973e+00   5.2652143518432226e-01   3.1753956827916654e+00   1.7312216404222123e+00
   3.1598400000000001e-03  -6.8027575386525851e-01  -4.1430019534132223e-01  -2.9853219820494487e-01  -3.7227170699743345e-01   7.2441835508277888e-02  -2.5817566854904600e-01   9.9690054621854662e-01   1.4121143484616172e+00  -1.4552464568376422e+00   3.2138958796786858e+00   1.7413180358666906e+00
   3.1846999999999999e-03   4.9826941426599286e-01   2.3286133136434867e-01  -1.0904026606343897e+00  -6.3854328282056960e-01  -7.2397122801671021e-01   8.3878131586237215e-01  -1.4605881553369069e+00  -2.1403983460916434e-01   9.0443843187148310e-01   3.2463770794776550e+00   1.7505792433424194e+00
   3.4020000000000001e-03  -9.4814116864834652e-01   2.7236771782992819e-01   6.5174553266492818e-01  -2.8384927619419232e-02  -9.3705532892763760e-02  -1.1258794251814841e+00  -6.7390482119416406e-01   1.4998033436121587e+00   7.5360086368466161e-01   3.2187763184040663e+00   1.7435412979254277e+00
   3.1153000000000001e-03   1.4770972915835108e+00  -4.4778392901965175e-01   9.1590879942725201e-01   4.5918629625635532e-01   2.5286641897610279e-01  -6.9604953225757538e-01   1.2793001176394441e+00   2.1826250723853077e-01   6.7650015980365519e-01   3.2168498977836104e+00   1.7426006679230819e+00
   3.2200000000000002e-03   3.2512170203076451e-01  -7.7030081795864314e-01  -1.5577089791243884e-01  -7.5321561535644233e-01   1.3899126404668123e+00   1.4851901767747491e+00   4.3386776199961113e-01  -5.3964376063504949e-01   2.5044575174676642e-01   3.1972198322465561e+00   1.7370646749342020e+00
   3.2089300000000000e-03   7.8141924256036888e-01   8.6752599653854789e-02  -2.3574822169227058e-01  -4.2271408525259885e-01  -4.3371790463195281e-01  -1.1723089572210510e+00  -1.6869428358534644e+00  -5.7611402227945044e-02   8.9347949318277453e-01   3.2325241021838163e+00   1.7469356077267211e+00
   3.0809700000000001e-03  -4.4986661638169056e-01  -1.2508639371276706e+00   1.1952671288564658e+00   9.7629460879576335e-01   4.6328846527035472e-01  -4.2618857624898637e-01   1.1050886422499719e-02   8.4359893233528715e-01   8.4176163363095069e-01   3.1621352498147504e+00   1.7273990366084524e+00
   3.4790300000000001e-03  -4.1408907251992401e-02  -1.7694623552328514e+00  -4.0491390338401467e-01  -1.1632137066084449e+00  -4.9156235816829741e-01  -6.1371484688112610e-01   6.7230055951752532e-01   1.4205738803189363e-01  -3.6678489107532136e-01   3.2247499422042369e+00   1.7447589504558749e+00
   3.7300699999999998e-03   6.3841211134486964e-01  -1.4267699353485017e+00   4.0570473175290878e-01   6.5857773392143404e-01  -1.7035263267894193e-01   1.6995159638474053e-01   1.0223059369871670e+00   1.1210371357667173e+00  -5.0067628265840669e-01   3.2207797539213630e+00   1.7434000926459516e+00
   3.1848200000000001e-03   4.9188395018918585e-01  -5.0553408103324253e-02  -7.4500101808161789e-01   6.1968401532124476e-02  -1.0758739236167596e+00   1.2613912572435854e-01  -1.7554122164825237e+00   1.2109027855280481e-02  -1.0290078187909255e+00   3.2388420331186496e+00   1.7484402516156812e+00
   3.4505400000000002e-03  -4.7612791985807995e-01  -3.6284434902597251e-01   7.8205415821274915e-01  -1.7211997299813896e-02   1.0139780663527893e+00   2.0515252018806274e-01   1.6644847830799607e+00   8.1295218684182990e-02   1.0117951979880528e+00   3.2034804144401789e+00   1.7391606107689674e+00
   2.9601400000000000e-03   7.4415795730999579e-01  -1.6778680361555645e+00  -1.4422655142013738e-01  -3.5835017504545585e-01   4.5275069788663919e-01  -9.3829224975204382e-03   6.0163619560027615e-01   3.4460837503149122e-01   1.3898009483577056e+00   3.1934301494910318e+00   1.7356782921083247e+00
   2.9186600000000000e-03   4.6015277465765203e-01  -1.5684238858200221e+00   4.1392663472757796e-01   1.1030654993546809e+00   5.8590730128650170e-01   5.1579422746317716e-01   9.4849271104704558e-01  -7.2943095906935529e-01   7.2040428398845571e-02   3.1729492467837361e+00   1.7298984776179456e+00
   3.2483700000000000e-03   1.1176089436498837e+00   1.2500779042409944e+00  -1.1761531286959990e+00   3.1701311544242694e-01   2.0879481779385400e-01  -3.0145243955510981e-01   1.2767228283373646e+00   5.4446479138584927e-02  -1.8879018414191928e-01   3.2550263873822707e+00   1.7528821679850288e+00
   3.2848000000000000e-03   7.3318596364485877e-01  -3.7762794669070904e-01   3.5069421181152527e-01  -4.2286570139865542e-01  -9.6238688939734895e-01  -1.3562825566481178e+00   1.2193569244861717e+00   2.6888814608781387e-02  -9.1085522793721296e-01   3.2377813759087419e+00   1.7484948744405238e+00
   3.1352900000000002e-03   1.1311068633368395e+00  -2.4117581424892920e-01  -1.2546368807808381e-01   3.9794604720084037e-01   3.8079296638815353e-02   1.2949060619898418e+00   1.5714496630736836e+00   3.1576107667985726e-01   5.6364719291576226e-01   3.2165818400174522e+00   1.7422403615477029e+00
   2.8981200000000001e-03   9.4326368905323338e-02  -8.6208455603846390e-01  -9.1136269917151502e-01   5.4943155290411494e-01  -1.5157447383694902e+00  -3.4040138895954525e-01   3.0244790533341720e-01   1.0261849398986205e+00  -7.9566523453971716e-01   3.1666303814164110e+00   1.7277489972683779e+00
   3.5371999999999999e-03  -1.8470344058365859e-01  -4.7492792095562208e-01  -5.3258696216749890e-01   3.4399395248377984e-01   2.0844412302349058e-01   2.8257949469085342e-01  -1.7456702464192000e+00   1.3391649071121776e+00   5.0410913568059823e-01   3.2637474587726616e+00   1.7553896609531392e+00
   3.4894200000000000e-03   1.9731232293320689e+00  -4.9931560872836378e-01   1.4131488058229724e-01   3.5462497314757785e-01  -8.7404973461379176e-01  -5.8630942233344996e-01  -4.4982792911365760e-01   2.1799547179817685e-01  -3.3254390527086802e-01   3.1793113766825547e+00   1.7321897781163202e+00
   3.1484899999999999e-03  -1.5037979194837259e+00   2.1723340400587476e-01  -1.1750872751344157e-01   6.4109681717609424e-01   1.8236936845728741e-01  -1.5255160734229614e+00   4.6183074857433848e-01  -7.1457523371403842e-01   4.5286317560369288e-01   3.1941808606920810e+00   1.7361072427818696e+00
   3.1719399999999998e-03  -1.8902381744788216e-01  -2.0166337328769748e+00   7.3789618941314028e-01  -3.7008217117778636e-01   3.3602179796153558e-01   7.4278213087908762e-01  -6.7209930574434540e-01   1.9879612816720829e-01   9.9898703826423269e-02   3.1989956146159364e+00   1.7370775103532323e+00
   3.4359000000000000e-03   3.4028824792514434e-01   6.4019872885541595e-01  -8.9932802242006238e-01  -3.5107391002168653e-01   8.1483738224801983e-01   1.2505886531690342e+00   8.2176677235352091e-01   9.1183673585835645e-01  -8.2301158517780970e-01   3.2024869773119615e+00   1.7388268395979531e+00
   0.0000000000000000e+00   0.0000000000000000e+00   0.0000000000000000e+00   0.0000000000000000e+00   0.0000000000000000e+00   0.0000000000000000e+00   0.0000000000000000e+00   0.0000000000000000e+00   0.0000000000000000e+00   0.0000000000000000e+00   3.1734051062830111e+00   1.7302355772458970e+00
