   3.2269099999999999e-03  -5.8319921376132333e-01   7.0013736545982597e-01  -5.0440700901559854e-01   5.5917584277470533e-01   3.4669354299505573e-01   1.5229863144670928e+00  -4.7582858296695571e-03  -1.3906030327792129e+00   2.4718859101112560e+00   1.5237872273131026e+00
   3.4593100000000002e-03  -9.1043133295059486e-01  -8.4677657097383480e-02  -8.9338464338669488e-01   1.2006081635290047e+00  -8.8089702190585251e-01  -1.2154983913652038e+00   4.8224691049616014e-01  -3.8299558989897281e-01   2.5187667874412201e+00   1.5379884581413981e+00
   3.0401299999999998e-03  -4.9716660617500030e-01   2.0958285640548593e-01  -4.2049909660323148e-01  -8.7099773383123996e-02  -8.0823118865906152e-01  -1.5561781489607179e-01  -2.1854592857207873e+00  -1.7831925231247608e-01   2.5106162379955839e+00   1.5353797720285245e+00
   3.1769799999999998e-03  -1.6988672868149102e+00   3.6837344302200253e-01  -6.9877680659420927e-01   5.8226900878776278e-01   1.0285240301195311e+00  -1.0317136876062549e+00   8.9016927842233723e-02   4.1491020847370574e-01   2.6402209204395048e+00   1.5746932295377671e+00
   3.3240800000000001e-03  -8.7327515021587210e-01   5.6506568538845547e-01   1.7230984144667452e+00   8.8342379282036324e-02  -4.3382628425896297e-01   4.4040624099939546e-01   1.1186634903120705e+00  -8.2882697349513142e-03   2.4854469201447951e+00   1.5277658944124954e+00
   3.1941999999999999e-03  -1.3916303643406569e+00  -8.4537803023088176e-01  -1.4808750995500266e+00   1.5387166224325427e-01  -4.6824635462266634e-01  -3.1874169721377232e-01  -7.2682874957501176e-01   3.5044433441239953e-01   2.5121953473304530e+00   1.5358297618300665e+00
   3.2286200000000002e-03   8.9687453006117723e-01  -8.5948844667595214e-01   1.6553954826900905e-01   3.0403936229864076e-01  -4.8190304824314287e-02   1.0572205893578501e+00  -1.7683261553626659e+00   6.0226018599877910e-02   2.5376676859024982e+00   1.5438821180853251e+00
   3.2380000000000000e-03  -1.0682879844006825e+00   9.2796537414590874e-01   2.1046424083343473e-01   3.1890294513808981e-01  -1.2819687280878074e+00   1.9527586125889185e-01   4.5672926145055193e-01  -1.2620686737762139e+00   2.4398824610532124e+00   1.5134337838955541e+00
   3.3147900000000002e-03   2.6075308484581783e-01   1.3496786302661623e+00   1.5951601730749379e-01  -3.8009785557637299e-01  -9.5907420257954723e-01  -9.8831172061807737e-01  -1.0155742410042481e+00   1.0657838665042481e+00   2.6429813144799588e+00   1.5762668500388153e+00
   3.2583299999999998e-03  -6.1192598196154879e-01   2.8976393729508237e-01   7.4571049192731798e-01  -1.8786850553097892e-01  -1.7095679510506840e+00  -1.3121730802925282e+00   4.8130471548462173e-01   1.1180758797239815e-01   2.5612093682081256e+00   1.5511336776853815e+00
   3.4843200000000000e-03  -5.0133399755563057e-01   1.4928551942068633e+00  -6.7451314772418958e-01   8.1467939558107916e-01   4.7814410700361054e-01  -6.6027855585619732e-01   3.1787684166632546e-01  -1.2179585966474673e+00   2.5503567233237860e+00   1.5480822751572203e+00
   3.0815100000000000e-03   6.4254603313772773e-01   7.0864975301511224e-01  -9.2488453248638081e-01   7.9699977201662509e-01   1.3480989178082523e+00  -9.4982600139098927e-01   7.3299279695401875e-01   3.7482076618977395e-01   2.4694584934353676e+00   1.5224103481745599e+00
   2.8443800000000001e-03  -2.1951736702199470e-01   1.2285338682305695e+00   8.6007260405462826e-01   4.9827089506073274e-01   9.6471987628702682e-01  -1.6697910569269944e-01   1.5206173325548831e+00   2.8389973292369985e-01   2.4888743376408957e+00   1.5273911786910814e+00
   3.2744800000000002e-03  -1.4565113399810397e+00   4.0488630404131754e-01  -2.1122817583858314e-01   1.5265389871118074e+00  -2.8549851607333693e-01   1.0832302397755450e-01  -8.7499706332432092e-01  -5.6454260037607740e-01   2.5181449061555332e+00   1.5380284892705001e+00
   2.8759400000000000e-03  -9.6625746206692814e-02  -4.4075513590115961e-01   1.0485855169769036e+00   1.8898072312218970e+00  -3.5206266312440054e-01  -9.0562086675761799e-01   2.9415338822131678e-02   8.0909336858232220e-02   2.4515327500342963e+00   1.5162865782481623e+00
   3.1676199999999999e-03   1.6228145056441767e+00  -8.5608840897078586e-01  -5.5303117511708877e-01  -1.2337966716328801e-01  -1.1708117411960350e+00  -2.3179330954237318e-01   2.6796088443314309e-01   7.2169140100961238e-01   2.4734853159709229e+00   1.5234640914528819e+00
   3.0389800000000002e-03   1.3481868479731196e+00  -2.9890983215084399e-01   3.4086336189109023e-01   1.0584307492160297e-01   1.4797333720284789e+00  -1.2272791905178255e+00  -2.5230570050276407e-01   4.0386701409935361e-02   2.4433845039003517e+00   1.5146229384879204e+00
   3.0434899999999998e-03   8.0571509949232067e-01   1.8844931601202786e+00  -1.3707577652691966e-01   9.1505466095222643e-01  -1.0374726033988874e-01  -4.4898055555203908e-01   4.2513901089507483e-01   5.4935339260607297e-01   2.4689857373111033e+00   1.5217708823612859e+00
   2.9671400000000001e-03   4.2231602096842813e-01   5.3997252601449297e-01   6.5197408844862492e-01   1.0208751999297504e-01   8.3673114924353775e-01  -9.8724961311297865e-01  -7.2739152758583037e-01  -1.6957222938260346e+00   2.5032412242044697e+00   1.5326795070178101e+00
   3.3074200000000002e-03  -1.1878447991296244e+00  -1.8043272730087185e+00  -1.3819065601486472e-02  -8.3350341060281374e-01  -3.1962456940397227e-01   5.0340384018205109e-01   1.3397131678961968e-01  -2.0982309642440886e-01   2.5117212865858347e+00   1.5355013881393240e+00
   2.9751999999999999e-03   7.3409923706292246e-01   1.0463452757412663e+00  -5.7253140896418953e-01  -1.1497811025723889e-01   8.9979587132201744e-01   7.0193225204604082e-01   1.1751050226932276e+00   1.0634514971518669e+00   2.4679742856830815e+00   1.5216207167932749e+00
   2.9992700000000001e-03  -9.8845779306319603e-01  -9.1136858671268506e-01  -7.6596764726561051e-01   8.6877378896902246e-01  -1.1225478891437233e+00   1.1101273054227898e+00   1.9340337706626956e-01  -6.9966046897501855e-01   2.5913961626970892e+00   1.5597090737741046e+00
   3.0726500000000001e-03   1.3581538682803856e-01  -1.8027548313555773e-02  -1.0511367726894603e+00  -4.1708652072919628e-01   9.1630973540129701e-01   1.0519987139882925e-01  -5.7260571592476321e-02  -1.9783055692338194e+00   2.5672098145061844e+00   1.5526307545506841e+00
   3.2467799999999999e-03   3.6088052349006239e-01   6.6726152946416484e-01  -5.6762946630974986e-01   1.0711514063369498e+00   4.3919687526659401e-01   3.6224846742805866e-01  -1.4939632968299243e+00  -1.0708531379175203e+00   2.4720206848042583e+00   1.5235647570528323e+00
   3.1141500000000000e-03  -6.7413279582950195e-02  -8.1178842286192598e-02   1.0510779917867316e-01  -1.3252017867593756e-03   1.5045252651528498e-01   7.3880733878486893e-01   2.2789115331526966e+00   2.4621354297433517e-02   2.4708503872374274e+00   1.5227734060026221e+00
   2.6630800000000000e-03   2.7432321393270914e-01  -2.4791022804098617e-01   1.1301363520950070e+00   5.4222552461506091e-01  -4.6583231622509119e-01  -7.4569509176540083e-01  -2.5502736654398733e-01   1.9483427078887128e+00   2.6138757854371075e+00   1.5652863535639396e+00
   3.2659600000000000e-03  -1.6883995099840852e+00  -4.8718467387909886e-01  -4.7260694744852028e-01   4.7010348047803246e-01   8.6310838719761540e-01   1.2056271949318114e+00  -1.2723964225208478e-01   1.7856369836905070e-01   2.4822216366484988e+00   1.5267451833344692e+00
   3.1845799999999998e-03   2.1633534833492832e-01  -3.3696309569964256e-01   5.0118766272586512e-01  -9.7388667070270607e-01   1.9215559828762663e+00   4.4601360530073388e-02   5.0389635728028619e-02  -7.4387317352549043e-01   2.4210077298428287e+00   1.5074284566279221e+00
   3.1046099999999998e-03   4.4324482871613635e-01   1.4570504080291802e+00   7.8398324249939011e-01   2.5949247198744879e-01  -1.6176347363319485e+00   4.9542793206797220e-01   3.6663763187828109e-02   1.4724671491352170e-01   2.5098654857177167e+00   1.5347000967426423e+00
   3.1806199999999999e-03   8.5645403011672983e-01  -6.7770664267018654e-01  -1.5714900895405681e-01  -1.7827459945398680e-01  -7.5877934048833240e-01  -3.1557567849910728e-01  -1.2200629394279541e+00  -1.5831088674370561e+00   2.5294063545100638e+00   1.5409728621435836e+00
   3.0130999999999999e-03   1.2522512369545997e+00  -1.0221211219386719e+00   3.4374370803855281e-01  -1.9596373279730792e-01   5.5997409915642249e-01  -3.2888811896364017e-01   5.0669455014602294e-01  -1.6199022755296983e+00   2.5727179262068005e+00   1.5541982279322715e+00
   3.4263300000000000e-03  -9.0303430139747953e-01  -2.2173956855733462e-01   1.9469973961142770e-01   8.1304462804977107e-01  -7.2175987894429816e-01  -1.4456482699329443e+00  -1.0320666581313660e+00   7.7204605902172041e-01   2.5401039467998534e+00   1.5447980173586222e+00
   3.2589199999999998e-03  -7.5340469624725637e-01   4.9330427023830165e-01   6.4377007240016981e-01   2.5545228969266620e-01   5.2124926685322215e-01   1.3358006860976459e+00  -1.5025100577206614e+00  -1.5492908004943071e-01   2.4409337544863234e+00   1.5141331931837574e+00
   3.1308299999999998e-03   3.9513118105779788e-01  -1.2508956566046141e+00   6.5381864340328377e-01   9.5705047218102124e-01   6.0175043680280893e-01  -6.9256633431414028e-01  -9.9733404645064583e-01   8.6281336243332740e-01   2.4265244920625930e+00   1.5091167640388159e+00
   3.2641699999999998e-03  -7.0888882732366709e-01  -4.8963974152021522e-01   6.5759020447637451e-01  -1.1115278216988510e-01   1.2042073246699745e+00  -1.4439263281723307e+00  -8.7461916287615826e-01   6.0050985337102136e-04   2.3927306494498493e+00   1.4985720247902203e+00
   3.7020299999999998e-03  -4.7385094128504501e-01   1.2738274020600007e+00  -4.1453754827216915e-01   1.2468431402575078e+00   1.1818263918936771e+00   6.7053855459671707e-01  -2.4700782283296668e-01   4.6700654634931643e-01   2.5434795006296183e+00   1.5461812482544486e+00
   2.8446000000000001e-03   1.3347432841295026e+00   7.8444974265868905e-01   3.8389429258542385e-01  -4.1268645466699633e-01  -1.3252764426383195e+00  -1.1468087759160186e+00   6.4238133860100244e-01   7.2165806907770774e-02   2.5925293429459555e+00   1.5593186445593579e+00
   3.4353299999999999e-03  -8.9611345259132166e-04   5.7459104550031381e-01  -2.8664843615321145e-01  -1.8853773193641046e+00  -5.1333748650814481e-01  -1.1710196565415227e+00   3.7471175289406528e-01   1.9514327206993426e-01   2.5138345470651138e+00   1.5369778846623845e+00
   2.9503400000000001e-03   6.5702682529805301e-01  -5.2182650083506543e-01  -5.7904260311665989e-01   5.1940334529025300e-01  -7.8660320706870335e-01  -9.0372827814518178e-02  -1.4888807033981359e+00   1.2854269528965254e+00   2.4839496657374935e+00   1.5262169791885967e+00
   3.0517399999999998e-03  -1.3221308822118634e+00   6.7152552435016666e-02   9.9802145799233433e-01  -1.3770270552405766e+00  -6.2705448657838980e-01  -3.1307014699281926e-01   4.0284443759350252e-01  -8.9246393075290231e-01   2.5723880580894578e+00   1.5541675212110539e+00
   3.1873299999999999e-03  -6.7445739822985973e-01  -1.4348483709913358e+00   9.0094157852974111e-01  -1.9815512782376701e-01   1.1162501124851167e+00   6.8979278759727980e-01  -7.9083000267886572e-01   4.0953082709590624e-02   2.4604768204736192e+00   1.5196422310133728e+00
   3.2490900000000001e-03   1.1017183775147535e-01   5.6966921375333313e-01   3.2596629621127704e-01  -5.9714196100630124e-01  -1.0053558320160121e+00   1.2168402811255379e+00  -1.2741667129862542e+00   9.0632986532189086e-01   2.4775986034859279e+00   1.5251546608063364e+00
   3.0041500000000001e-03   4.3931350563502863e-01   5.6031972142836928e-01   1.6064005330404036e+00   4.9270734954212225e-01   1.3023884649860926e-01  -1.3445616899867028e+00  -9.0570218015693915e-01   2.0601354914770406e-01   2.5329936046646484e+00   1.5418563829337648e+00
   3.1134700000000001e-03  -1.2886576522678130e+00  -1.9125265314608439e-01   1.2798332047695116e+00  -8.8341482416196004e-01   1.3762501347801306e-01   1.1115858591513965e+00  -1.8067103288745984e-01   8.4624621297522939e-01   2.5990162611297984e+00   1.5623731178302052e+00
   2.8181999999999999e-03   3.0495223356856443e-01  -6.3194471254435258e-01   5.3760909814334412e-01  -8.7553946461369780e-01  -5.5151362653323832e-01  -1.1241683649650842e+00   9.3006674774275588e-01   1.4403988312423106e+00   2.5260087512299418e+00   1.5392535147605899e+00
   3.0487399999999999e-03  -8.6488400735824408e-02   1.2447727690267711e+00   3.9452499897454235e-01  -4.2084952978461632e-01  -6.3970973975696521e-01  -4.0356067569782411e-01   1.4072899105911831e+00   1.1601145957443639e+00   2.4603069967973439e+00   1.5197923692536048e+00
   3.2117700000000001e-03   1.4696124907541400e-01   7.0572705028757032e-01   5.8328608810205118e-01   1.4634408567004060e+00  -2.3743931030075879e-01   9.4770673653563553e-01   9.5394085985185761e-01   9.9443046050336081e-01   2.5131924459019612e+00   1.5362171928731236e+00
   3.2713000000000000e-03  -7.9640921985421331e-01   1.3320473230501979e+00   3.8408187220352585e-01   3.4655335052356373e-01   5.7057913207522826e-01  -7.6315609147840890e-01  -1.4124199548492393e+00  -8.3220100402955494e-02   2.4270860688341380e+00   1.5091811890830922e+00
   3.1023900000000000e-03   8.1894491988120233e-01   3.6402815494093368e-02  -2.0967475818202411e-01   2.7193759695787806e-01   2.0290284505105127e-01  -1.1111750513421930e+00  -1.9052183538351202e+00  -4.0159337147121620e-03   2.4246471976008026e+00   1.5087968082606964e+00
   3.7630400000000000e-03  -1.2680518317214240e+00   1.4301509867348910e-01   1.2533580295739764e+00   9.8750924192020517e-01   6.7565085045961759e-01  -1.9000650696539167e-02  -2.8484915382203146e-01   8.0396687746263218e-01   2.4447295308234058e+00   1.5156893599523045e+00
   3.7055999999999999e-03  -2.0249230539645800e-02  -3.7673209914112649e-01   6.4522164327011642e-03   1.3657380199375273e+00  -2.1383431012134008e-01  -1.3951268246086906e-01   1.6274458397922639e-01  -1.8878763775483016e+00   2.5269004154966663e+00   1.5413928564803676e+00
   3.5334400000000001e-03  -1.4042096227330027e-02   9.4867805040129793e-01  -3.2484022804948814e-01   8.5387513835064446e-02   4.6398020920029946e-02  -2.1444984194204917e+00   2.2585175354973504e-02  -5.0180630436408864e-02   2.5061180107022825e+00   1.5342931370299702e+00
   2.9575500000000002e-03   1.2582206452894669e+00  -1.5564501274225023e-01  -8.0047651161315003e-01   1.1778409958649076e+00   1.0928563996540241e+00   2.7385387938694905e-01  -9.5992429378526878e-01   5.2285106340234611e-01   2.5809577520149563e+00   1.5563437155316502e+00
   3.4346699999999999e-03   5.6479645392573563e-01  -3.2166447617676619e-01   8.6075641732595776e-01   1.0399233782318315e-01   5.8141157561253931e-01   1.1582723525753362e+00  -5.3799225313441645e-01  -1.5408068669437767e+00   2.4435951296449825e+00   1.5146745951487386e+00
   3.3443900000000000e-03  -8.6907591523254935e-01  -6.8833685183289783e-01   4.7692470993288633e-01  -1.2085339683967580e+00  -5.3081109139882976e-01   8.0144556579900397e-02   1.2972048495060131e+00   8.7970953253172468e-01   2.4805289720615860e+00   1.5265731595995295e+00
   3.3887000000000001e-03  -9.6618252816808914e-01  -1.1915248953726012e+00  -9.8017345758029539e-01  -5.8995259101165154e-01   1.3153463584312621e+00  -2.8262916098375251e-01  -2.4616851992267993e-01  -2.3650521621868340e-01   2.4361856385859921e+00   1.5128715548273082e+00
   3.1567800000000001e-03  -5.2922403788012939e-01  -8.9205977496014444e-01   6.5110757214002213e-01  -1.9527185807969774e+00   5.4004841905290679e-01  -4.0359238059046088e-01  -3.3843233837173903e-01   2.6083937035725929e-01   2.5426416534405232e+00   1.5451045006849760e+00
   3.1460899999999998e-03  -6.8462354647636370e-01   3.9378836476917523e-01   1.8947169694837231e+00  -6.2792752723663947e-01   7.9353392080134100e-01  -6.6545881258449433e-04  -5.3510920043462984e-01  -6.0468567944319929e-01   2.5167801024336107e+00   1.5370991154263418e+00
   3.8154500000000002e-03  -2.7314256572172196e-01   2.9191795540517257e-01   1.0248630632322511e+00   3.1081459202616496e-01   1.3122435674443176e+00   1.4795476265062926e+00   5.6738094025149965e-01  -5.8156056911239637e-02   2.5103215104956025e+00   1.5363421606003131e+00
   3.1247100000000002e-03   4.0796700580670753e-01   2.7564562263102366e-01   9.7414218561362997e-01   5.3997077677876471e-01   1.5344059476477088e+00   3.1801472368646327e-01  -1.3546240407718597e+00   4.8096878477411537e-02   2.4691914636971797e+00   1.5223705773410205e+00
   2.7353700000000000e-03  -2.6483983830512825e-01  -1.2261988533053403e+00   1.2403046554130432e+00   8.3027869021780021e-01   6.2250719610047800e-01  -1.7313415706777996e-01   1.1334185998358113e+00   9.2149768820623890e-01   2.6196431431741103e+00   1.5676813085589860e+00
   3.3109099999999998e-03   3.8730383162283455e-01  -1.0137992168191401e+00  -6.6733239183765880e-01  -6.7404183839625986e-01  -9.9337692432122870e-01   1.1164305089277029e+00   1.0631647606443004e+00  -8.5247200808206983e-02   2.3989657224350185e+00   1.5003139197032553e+00
   3.1749999999999999e-03   7.4597905038715484e-01   3.0795898976449571e-01   3.8345532657768015e-02   9.7140617764189452e-01   1.6754146209046186e+00   3.6633354174693761e-01   1.9326108554545970e-01  -1.0562806285326556e+00   2.4610719693316594e+00   1.5197516759188980e+00
   3.3512600000000000e-03  -1.0443243622319087e+00   7.1249571314403870e-01   1.4291022423594819e+00   1.0098379527943038e-01  -1.0227595742271185e+00  -3.2303528144902491e-02  -9.6028270403502347e-01   1.6379455968152441e-02   2.4613648151935430e+00   1.5199028524238896e+00
   3.1245100000000000e-03  -1.0229415275790674e+00   6.7376213229396420e-01  -6.6109352868880339e-02  -1.1579987245992842e+00   1.0074245503400046e+00  -1.0128723595393538e+00  -8.9968642558333908e-02  -9.5535619070919964e-01   2.4748548315316232e+00   1.5241226132422370e+00
   3.1551499999999998e-03  -7.9331080222991057e-01  -2.3300044968146605e-01  -8.5976803123804080e-01   4.0146420272703937e-01   2.4501445970128025e-01  -1.2943390197990956e+00  -1.0378854114945653e+00  -1.1512905314835824e+00   2.4571056234148534e+00   1.5186430401743947e+00
   3.6154300000000002e-03   1.4011947171907144e+00   7.3265560507110417e-01  -8.2497377060312060e-01   2.5408147077810156e-01  -1.0702920375927520e+00   1.8475815749188193e-01  -1.0563021859624298e+00  -6.9577987710254538e-03   2.4816174224695793e+00   1.5270747902111097e+00
   3.0162100000000001e-03   1.0722997959527560e+00   2.7225461966574649e-01  -1.2811778888688357e+00   9.0690367618109002e-01  -7.0617532171042452e-01  -9.8586878283357482e-01   6.2123639885669835e-01  -4.8811637246969913e-01   2.4684532768934386e+00   1.5219154712064233e+00
   3.1821699999999998e-03  -1.4066763257402604e-01  -2.2138121027074328e-01   3.2067318027744318e-02  -8.4108207650800171e-01   9.5256335639487089e-01  -2.3215089336307736e-02  -1.8060423817191993e+00  -8.1250834786732673e-01   2.4104446320851460e+00   1.5043787963428761e+00
   2.8950600000000001e-03   1.3009630275841269e-01  -1.9390335910837322e+00   3.8451312538380356e-01  -4.5918806628913839e-01   9.2678709641541857e-01  -1.0632885883665575e+00   4.4428665592244715e-01   9.7084658325527526e-02   2.6348861134741508e+00   1.5731819444285466e+00
   3.2225600000000002e-03  -2.2826467559795832e-01   6.2223765042695289e-01  -1.2985320472189046e+00  -1.1401892067261559e+00  -1.1939348019354469e-01   4.3353870810637019e-01   1.3119864495154954e+00   6.2248659932546213e-01   2.4734278979076056e+00   1.5237429385990870e+00
   3.3940500000000000e-03  -1.2974367425448534e+00  -1.4217675183330216e+00  -1.0092980782198799e-01   1.1854138087744772e+00   3.5110728323862833e-01  -6.8562699426170526e-01   5.4236707692127205e-02  -1.9371643065384425e-01   2.5241137489467191e+00   1.5396481257581600e+00
   3.4908399999999998e-03  -1.4977181254907179e+00  -4.6836623127285182e-01   9.2103923414740885e-01  -4.5755343009636978e-01   1.0587608380192544e+00  -3.0338902000385942e-01   9.8568980347231250e-01   8.0043285596528117e-03   2.5147750584390840e+00   1.5371802825815353e+00
   3.1297800000000000e-03   4.6826953724072851e-01   1.8054006147694582e-01  -3.8881864839323660e-01  -1.0688759870208207e+00  -1.7929477807346765e+00   8.9040188083634716e-02   2.3513845075319861e-01   1.0499722216384548e+00   2.5355621549416130e+00   1.5426168121366048e+00
   3.3095500000000001e-03   1.9955282577371755e-01   6.3157508891906700e-01   3.9339354274360466e-01  -1.1667879052862555e+00  -1.0798440508627269e+00   1.9259647818889256e-01   1.3752429708417753e+00  -7.2368370834655116e-01   2.4363661092408808e+00   1.5123998635580713e+00
   3.2954099999999999e-03   1.2285325561780429e+00  -1.9395264566420972e-01  -1.1829852089145279e+00  -7.7794228626183426e-01   4.4482684754091353e-02   1.3347855633032095e+00  -2.7483407795380616e-01   9.0260633938349821e-01   2.6729149728381119e+00   1.5849764978544592e+00
   3.0696400000000002e-03   8.8548570095984561e-02  -3.3494685314279737e-01  -7.8341866775566815e-01  -3.4572399818227612e-01  -1.1463612711516624e+00  -9.2282455719526346e-01   1.6489582982347673e+00   1.1511688999089609e-01   2.4542657983529557e+00   1.5172741421295843e+00
   3.3004100000000001e-03   1.4833369472889860e-01   1.5950059973779820e+00   1.7460238161995753e-01  -4.8536261243747725e-01   1.2779409849201784e+00   5.8935703022652730e-01  -3.2503907640994789e-01  -8.9267976325642961e-01   2.4782678237907501e+00   1.5256773561928878e+00
   3.0150600000000000e-03   8.6663700817792333e-01   7.0863839617471835e-01  -4.9421680315878241e-01   1.1461931644633443e+00   6.1358606403395444e-01   6.5566066812717905e-01   1.2691674926883998e+00  -7.7937096313784004e-01   2.4890312369142866e+00   1.5280801234755901e+00
   3.7489600000000000e-03  -3.9833324628723238e-01  -3.6308581756444497e-01  -1.6239740767672455e+00   1.3590866401521762e+00   7.4884632063953416e-01   1.3315096529484063e-01   5.6316679597243367e-02  -5.5928986419491555e-01   2.5405315638745165e+00   1.5452439155007538e+00
   3.0219100000000000e-03   8.7905485932178218e-01  -2.6142273370643121e-01   5.1209536285393253e-01  -1.9114014533346482e-01   1.5233341965042497e+00  -1.4881253931583716e-01   1.5852127269854714e+00  -8.0124130406277097e-02   2.5288123486096299e+00   1.5407666380128391e+00
   3.1245399999999999e-03  -1.0161404612350848e+00  -3.4420620515037043e-01   5.1534361046382660e-01   9.0662211979150409e-01  -5.7521611903756809e-01  -6.7549627382510313e-01   1.3961531126420996e+00   8.3604077856612036e-01   2.4501525455237689e+00   1.5163470205203757e+00
   3.2391199999999998e-03  -1.1880868937585962e-01  -5.8718647820205327e-01  -4.8178698117352349e-02  -7.2854244406069923e-01  -8.2552397868125960e-01   8.3388929161046188e-01   2.2795685550606859e-01  -1.8607696160893226e+00   2.4807574142261761e+00   1.5261171211077662e+00
   3.6515499999999999e-03   2.3332544261906796e-01   9.0406858125293532e-01   1.7972861013654656e-01   1.0172345553210005e+00  -1.1186893443380814e+00  -1.0850691933243715e+00  -7.7691154865636680e-01  -8.2277026176812218e-01   2.5143216920042351e+00   1.5372272336072557e+00
   3.6362199999999999e-03  -1.4614223525368578e-01   9.5081903768984777e-01  -1.4327438222870221e+00   9.5249076462250537e-01  -1.4983592547312349e-01  -7.5647275595431740e-01  -9.2029283833909725e-01   4.8677950136265885e-01   2.4816799743242854e+00   1.5271823321599143e+00
   3.4646299999999998e-03  -4.9160485406047949e-01   1.8603013280296608e+00  -7.1623213797385588e-01  -5.8186659227322302e-01   6.8442553819472640e-01  -5.1600067773694247e-01   1.1767663398456384e-01   6.5362195999048356e-01   2.5117192616477659e+00   1.5361363265017889e+00
   3.2768400000000000e-03  -6.5849317750249647e-01   1.6649195623863353e-01  -8.5498347555506371e-01  -9.2852101916779994e-01   3.7188634604345533e-01  -1.2223014169632249e+00  -1.1974396953549227e+00   7.1114973488671629e-01   2.4357225315132420e+00   1.5125079781712116e+00
   3.6287099999999998e-03   8.8514584537132146e-01   3.1087172203579538e-01  -2.9432204069960449e-01  -8.9800976463335025e-01   6.5130563008707831e-01   1.4053356775703116e+00   8.5840592093639889e-01  -8.2299163662891772e-01   2.4912349116736814e+00   1.5299500086467368e+00
   2.9680100000000001e-03   8.2751940475331165e-01   2.0965907408849582e-01   1.6142583499395129e+00   3.2570199875113176e-01  -5.0642427154453074e-01   1.4131287735097282e+00  -3.0001729959649165e-01   2.9483620788790055e-01   2.5003363337108859e+00   1.5314713049986128e+00
   3.1671199999999998e-03  -7.8381318432246039e-01   4.7357694366001896e-01  -5.0570274807904736e-01   4.9822427035943295e-01  -1.9065351387834084e+00   8.7707204796097768e-02  -7.6784010462171604e-01   4.5967055832891224e-01   2.4837865327380162e+00   1.5268815845387973e+00
   3.5868900000000001e-03   1.0870523005367945e+00   1.5741613140926383e+00  -1.7114417043382171e-01  -1.2595992260082716e+00  -2.3597774853542067e-01   4.3226928387246533e-01  -7.4041333028621717e-02   2.2878258930266132e-01   2.4757309142636177e+00   1.5250962745236514e+00
   3.0921899999999999e-03   6.1173753541092235e-01  -1.0518293285397071e+00   5.4426028782584057e-01   7.3132117431635590e-01  -1.1791869579531882e+00  -1.2152222583931525e+00   6.5910835946520119e-01  -3.9023310955900997e-01   2.4953323386734709e+00   1.5299399963127509e+00
   3.1849399999999998e-03  -1.0754358696302661e-01   2.8618242323566007e-01  -1.3011101193463717e+00   1.6472498969155480e-01  -4.3377410186756848e-01   3.3460561738024330e-01   1.4008095530364950e+00  -1.2926992280550385e+00   2.4807009255587591e+00   1.5257685698081112e+00
   3.4761800000000002e-03   6.2385088048825510e-01  -1.5191292908559006e+00  -3.4500595376824655e-01  -1.1722271831209850e+00   3.6794070435516346e-01   7.7334586543870953e-01  -3.6032962249454537e-01  -6.7229551955988842e-01   2.4471699938473863e+00   1.5159658391323809e+00
   3.1300400000000002e-03   1.7479303979679519e+00   6.6622690527737435e-02   8.2710637489465322e-01  -1.3690799707746176e-01   1.7274732431569564e-01   1.1236410973586643e-01  -1.0390378060366359e+00   9.9570305884532118e-01   2.5247331594104110e+00   1.5391262853836656e+00
   3.1119199999999998e-03   4.6447592268918442e-01   1.1057476964858874e+00  -6.4604360874440381e-01  -3.1180438649946868e-01   6.5460430525484170e-01   5.2509233471727212e-01  -1.6436872879944371e+00   8.4151491361045361e-01   2.5620679715059156e+00   1.5513687366902325e+00
   3.1580300000000000e-03   2.0625444873175211e-01  -5.2665858673361465e-01  -5.4977340766152039e-01   1.3878912427230988e-01  -4.8205893569563690e-01   5.6836947234068780e-01   1.1697536233110530e+00   1.7745751942000751e+00   2.4475496303306721e+00   1.5158009186656245e+00
   3.4602100000000000e-03   3.3300042385335432e-01  -8.9521493510656580e-01  -7.6928538777676347e-01   1.6114598822482573e+00  -8.4814199245269073e-01  -3.0955145220099201e-01  -9.8994909324494851e-01  -2.4238041078870426e-01   2.6174556155448503e+00   1.5684197780728324e+00
   3.8209600000000000e-03   2.0329797515017120e-01   7.3476923078036693e-01   5.2150906553624687e-01   1.4847378484060940e+00  -3.9696774586018546e-01   2.6962968898216449e-01  -1.2840598339731761e+00   7.9521758330409364e-01   2.5155733749023681e+00   1.5378367603388416e+00
   3.5448400000000001e-03   2.9602667764372798e-01  -3.3841434712555324e-01  -1.0635146557873540e+00  -3.1803725263573335e-01  -1.3215634782845993e+00  -1.4678541315386027e+00  -6.3300889376723524e-01   9.8042694414431555e-03   2.5304935498884875e+00   1.5419149448386189e+00
   3.0636299999999999e-03  -3.1451910715651732e-01  -3.3631068691524674e-01  -4.0009514488604109e-01   1.6953931982986839e-01   1.4095889452124306e+00  -1.3882901786398327e+00   6.7277677588930695e-01  -1.0340062274036155e+00   2.4845845424177462e+00   1.5270522473851851e+00
   2.8375700000000002e-03   3.5735799074027830e-01  -1.8282111175137306e+00   8.5165001624386560e-01  -5.4530407088858324e-01  -4.2019183924434672e-01  -1.0447174612044521e-01  -4.6294358621933707e-01   1.0037982029297798e+00   2.4824804328637051e+00   1.5257862828450059e+00
   6.2202500000000001e-03  -4.1611474460057846e-01   1.4511052002726621e-01   2.6596646277896696e-01  -7.2181564018377709e-01   1.1718566378130376e-02   2.8719862658279788e-01  -1.1497317842807429e-01  -4.6159578149133275e-02   1.3628032216584953e+00   1.1549590520949486e+00
   3.1081199999999998e-03  -1.2100816902040235e+00  -9.3387399415404482e-01   1.4675731516419932e-01  -3.5716710447437322e-01   4.5611808409329774e-01  -9.1069356461524376e-01  -2.0821125374830421e-01   1.4520875209121551e+00   2.4479426086181002e+00   1.5156514435842241e+00
   3.4378700000000000e-03  -1.0370981593980806e+00   1.4868069379223692e+00   3.5415957017364197e-01   1.1516271315909150e+00  -4.5178331610398309e-01  -6.7685751777950431e-01   1.9478975761375614e-01   6.2982525338812945e-01   2.5573919152228282e+00   1.5500880337184360e+00
   3.2066799999999999e-03  -1.7767316415668750e+00   1.3251577211780858e+00   5.0960096762334195e-01  -3.2944285406399813e-02   5.8665585943708298e-01   3.8919628225137920e-01   1.4893443608730156e-01  -3.6428897700400109e-01   2.5051928936043231e+00   1.5335805444045905e+00
   3.0612600000000001e-03  -4.1716005878676431e-02  -6.9302370985050477e-01   1.6598078691428311e+00   7.0988781903975384e-01   1.0931948491147581e+00  -6.1372194382004619e-01   2.3109617710380057e-01  -8.0196397121225449e-01   2.5403023700744178e+00   1.5442708301073063e+00
   3.3182400000000001e-03   1.3617618555383548e-01  -2.5474195670882055e-01  -2.0030219665234510e+00   3.4655940599138885e-01  -1.0726747981369393e+00   1.3058990236222917e-01   2.0184788328551609e-01   4.8276295543710018e-01   2.4657488500873961e+00   1.5215463902478517e+00
   2.8073700000000000e-03  -4.0658664936663558e-01   8.3806106012083903e-01  -1.2688365792386820e+00   1.1010361592247777e+00   3.7628923153596450e-02  -2.8492683824596077e-01   1.4773121150435014e+00   6.2366199760324581e-01   2.6295861248712993e+00   1.5712843721139353e+00
   3.2244200000000000e-03   1.0727644595411281e+00   2.3900520320518179e-02   1.3510832323136041e-01   8.8925531442713712e-01  -5.3388006686133908e-02  -5.7573635377669430e-01   1.5928927536156539e+00   8.2759444595851805e-01   2.3912337406509501e+00   1.4988487375760415e+00
   3.2494799999999999e-03   6.7512501134774125e-02   1.5305180127805218e+00  -1.0458052581377175e+00  -1.9420714725071467e-01  -1.2293342426227236e+00  -6.4258757010605327e-01   5.0248447379332761e-01  -2.0255258986007862e-01   2.4692741084933130e+00   1.5223535876279917e+00
   3.2425100000000001e-03  -1.1765895410403069e+00   7.0714745402774382e-01  -1.2549363081482015e+00  -2.5184880850873187e-01   7.7864646010109118e-01   2.9376182697207254e-01  -1.0568060216626525e+00  -5.1194654329313127e-01   2.4138620841503808e+00   1.5058876144144435e+00
   3.6939000000000000e-03  -1.2368653637379770e+00   2.7494173537084438e-01   1.0166700957627592e+00   6.3381850007499718e-01  -8.7988711268290026e-02  -1.2499674455334249e+00   2.7420505982555476e-01  -9.0645317437610595e-01   2.4744980060082855e+00   1.5247609448792709e+00
   3.1050900000000000e-03   1.1021834819060625e+00  -1.2902964300742035e+00   7.8908801460049205e-01   2.3187784608268999e-01   1.2354289120643105e+00   9.2713885845394051e-01  -7.7254966017872712e-02   1.6572978888425977e-01   2.5467186301081135e+00   1.5463184250404678e+00
   3.2252200000000000e-03   6.8844096696143708e-01  -4.4512038511298713e-01   1.0893559895346603e+00   8.8535783430533060e-02  -1.4236388011107155e+00   3.1801958501641764e-01   1.2063736891955701e+00   5.4417866489142430e-01   2.4729490355741390e+00   1.5239069599057207e+00
   2.9385399999999999e-03   4.7846599665273321e-01  -3.4045388640715579e-01   5.5431700445035301e-02   1.6986180361448222e+00   8.6647080061103776e-02   1.5659527382890095e+00  -3.1780252590113928e-01  -3.7458046664334926e-01   2.5160038531674109e+00   1.5363469772919143e+00
   3.3856300000000001e-03   9.4772104767387400e-01  -2.5261110367702527e-01  -2.0011223957295671e-01  -1.5128591986135822e+00  -5.3609673614693010e-01  -1.7849547580646813e-01  -1.3656089951351664e+00   3.6267926303556769e-01   2.4538921356718713e+00   1.5180838587401966e+00
   3.4087100000000001e-03   1.4191009649814174e-01  -8.1681341376885341e-01  -1.3051768692927510e+00   5.1097398755019652e-01   7.1642494172253368e-01  -1.4025837582740162e+00  -3.4274178675075984e-01   5.4585162438524715e-01   2.4494027801170883e+00   1.5166545570587560e+00
   3.1282699999999998e-03   1.2632653226372856e-01   1.9636168275506474e-01   3.7437707513318613e-01   7.3134916299755226e-01  -1.2729781453792695e+00   1.0915555541291109e+00  -1.1436827770647271e+00  -1.0389776892208109e+00   2.5266115643583782e+00   1.5400560142804971e+00
   3.2154800000000002e-03  -9.6655682431427126e-01  -4.2426807634639790e-01  -7.7427263798417467e-01  -5.3297229283795067e-01  -8.1752207917259978e-01   1.2440293092392392e+00   6.9261174827326633e-02   1.1727534881360935e+00   2.4238428646378822e+00   1.5083318204968237e+00
   3.3310300000000000e-03  -4.1188440529865716e-01   2.2823763997249213e-01  -1.9631967429832702e+00  -5.3023064535268982e-01   2.8360407924960773e-01  -1.0719740167999534e+00   4.8261357970124574e-01  -3.6989271018394099e-01   2.5779810783046742e+00   1.5562444165894154e+00
   3.3588600000000000e-03  -2.8338103882673510e-01   7.5765095720371489e-01  -1.5150456838356963e+00  -1.0943402150547041e+00  -7.1257462984466102e-01   1.3266164775081854e-01  -7.5454706392692250e-01   5.5221883212433354e-01   2.4256093975681581e+00   1.5093867885281729e+00
   3.4805900000000000e-03   9.0140349678299383e-02  -9.9136138150209246e-02   2.7134586410682093e-01   5.1159648810633718e-01   6.9308543343573081e-01   1.4054725452913484e+00  -6.2589177948193064e-01   1.6961087256039933e+00   2.6597547190160626e+00   1.5816531054108580e+00
   3.2712100000000001e-03  -3.9312058753934620e-02   1.3453105032332922e+00  -7.9476664801242436e-01   2.9754456377039601e-01  -5.4887665190325008e-01   6.9427572448209640e-01  -7.9104190882122630e-02   1.5307766178851938e+00   2.4646356139483094e+00   1.5213528388802482e+00
   3.0486500000000000e-03   5.1425739132554082e-01  -7.4963401796274615e-02   1.3928536085658203e+00  -3.3859678226372730e-01   4.6371220548767350e-01   6.8107281302484080e-01   1.0563210047097567e+00   1.2988902464642109e+00   2.4778420302553137e+00   1.5247701842728338e+00
   3.1367299999999999e-03   7.2318281670739962e-02   8.8173953517380943e-01   3.5698874999796526e-01   1.0067919282449891e+00  -9.3690357764915988e-01  -5.4087696984494771e-01   1.4876487116893982e+00  -6.4527532361236561e-01   2.4599792052884353e+00   1.5195286837918809e+00
   3.1186299999999998e-03   8.9042605236048511e-01  -5.7796074554121946e-01  -1.6580313455599269e+00   5.6865056273071396e-02   2.9156772545695819e-01   1.3021817919579884e-01   1.2753104284711367e+00   1.7195961252395564e-01   2.4429460674831920e+00   1.5137417214462665e+00
   3.0569199999999999e-03  -1.0187465438447580e+00  -8.4117034424034354e-01   1.5392848202864090e-01   2.0039974725387386e-01  -1.4989809827958964e+00  -5.7638290967092709e-01  -6.5857193584065088e-01  -1.1234362785153462e+00   2.5664833823556279e+00   1.5520706633452008e+00
   3.3423099999999998e-03   1.4218577969318031e+00   5.1577850582260043e-01  -1.2351920428428795e+00  -6.8772053722705428e-01   2.9526655570971982e-01  -7.8961210209182742e-01  -4.0399300605621591e-01   7.5386276085913184e-01   2.5085779966876260e+00   1.5350400346634174e+00
   3.1737699999999998e-03   1.4776341307632934e+00  -3.2361275910354653e-01   8.2708888816674975e-01   1.2130218987959078e+00   1.2496659600307912e-01  -4.0006471164325846e-02  -8.2924038321088178e-01  -7.9428674192454862e-01   2.4795893890122409e+00   1.5260435890612156e+00
   3.1045399999999998e-03  -1.4039199792654729e+00   4.8997825931802391e-01   5.1991345485162120e-02   7.0489564423767082e-02   5.5340079478797710e-01   7.9608731001617927e-01   1.0951102635120407e+00   1.2646359569501320e+00   2.5405128461268176e+00   1.5443540408844598e+00
   3.2708799999999999e-03  -7.6362822992392909e-01  -5.0661892161635436e-01  -5.6977268342275089e-01   8.8634217227515577e-01   9.0181653553596197e-01  -6.0773788370908167e-02  -1.6303319748300462e+00   6.3505420758087328e-01   2.5039633161185848e+00   1.5334973639557050e+00
   2.9995600000000001e-03   2.9596920927496950e-01   2.2224058051121356e-01   5.2166295955065445e-01   5.0496793929384864e-01  -8.9045318620309755e-01   1.5704772653995522e+00   9.9507696820597658e-01  -1.0255017259712964e+00   2.5088092424398818e+00   1.5343595046076857e+00
   3.4305199999999998e-03  -9.7446365608686622e-02   8.9725980367557551e-02  -3.8993984543647342e-01  -1.1420402670831091e+00   1.3055700391609235e+00  -1.1469408499749170e+00   5.5485101605880138e-01   7.7211758218509563e-01   2.4066796888761122e+00   1.5032794727808438e+00
   3.1291900000000000e-03   2.0555052364266549e-01   6.1544715124179383e-01   4.7579899826526489e-01  -7.3158354611276666e-01  -4.8828480270464181e-01   1.6852100151965064e+00   8.4796484695191376e-01   8.5552625091374190e-01   2.4494380099166841e+00   1.5159972283807146e+00
   6.1593200000000002e-03  -5.4394675403878889e-01   2.4862587995620619e-01  -4.5163485970672956e-01   2.5501398094641703e-01   1.7385602458445970e-01  -2.1174307974973927e-01   4.1981356414705601e-01   2.3478319647757462e-01   1.3672659768815654e+00   1.1567261537559910e+00
   3.0033400000000002e-03   1.0589195666999822e-01  -5.7453316308033697e-01  -4.7646238085672127e-01   1.1633758906743072e+00   1.2087225276904934e+00   8.5722930031031175e-01   1.0926144854426763e+00   7.4364163399610561e-01   2.4851724487358871e+00   1.5271228600369111e+00
   3.2896399999999999e-03  -1.1096891209285444e+00   7.7396384484975989e-02   2.7264591633631030e-01   6.7966630763707458e-01   1.5161233117204740e+00   9.4598232950282440e-02  -4.8710846079268871e-01  -1.1135267861749774e+00   2.4208063988484145e+00   1.5074680040013873e+00
   3.4940700000000002e-03  -2.7431592584667308e-01   9.2060087354156361e-01   7.8956574048148509e-01  -1.5627090457721189e+00   8.4454178803874369e-01   2.6975492003414153e-01   1.0227084905662809e+00   1.8874217212797109e-01   2.5655327986362360e+00   1.5528193052453507e+00
   3.0692800000000002e-03  -1.1394960691134683e-01   2.6747481976407789e-01   2.6160369989920523e-02   1.6251193425426880e+00   9.4527038348902703e-01  -1.2161160797333983e+00  -7.0924059804848516e-01  -2.8399310970057201e-01   2.4291709317353325e+00   1.5096794227763033e+00
   6.2709200000000001e-03   4.1767260004671114e-01   1.6800923879146390e-01  -4.3298413652668483e-01  -2.7105763265610122e-01   6.5688457052978433e-02  -3.2717369657753220e-01   3.7312232000721993e-02  -5.9279530374158440e-01   1.3721903420631729e+00   1.1588926910869828e+00
   3.2076800000000001e-03   2.3207657977550900e-01   7.4354216218695157e-01  -1.5517209218732581e-02   4.0005061196711067e-01   9.7852848089683209e-01  -9.3745652636867827e-01  -8.9590821741456106e-01   1.5431241718790882e+00   2.4915029014548806e+00   1.5295667743708401e+00
   3.0355999999999998e-03  -1.5771326402334478e+00   1.6871095221133819e-01  -3.1740270882534694e-01  -6.0801638061277241e-01  -8.5139502994927263e-01   1.1135850007210726e+00  -7.9888670557836861e-01  -5.2534151401115969e-01   2.4875036998067661e+00   1.5280844573802037e+00
   3.4023899999999999e-03   1.1388131908824464e+00   1.1448771698425473e+00   3.4653302900032622e-02   5.4019628323734425e-01   2.5630547604222342e-01   1.6535507954093580e+00  -4.3647324321883674e-01  -7.5520355879228184e-03   2.5728523577518070e+00   1.5548278455861448e+00
   3.3965300000000000e-03  -7.8347266788172609e-01  -1.0477124107154012e+00   5.3144063532399533e-01   1.6034448639959950e-01  -8.8142739798478487e-01  -1.2431590778305240e-01   1.3879094054936885e+00  -9.8168509455840303e-01   2.5022285279912992e+00   1.5328529760298142e+00
   3.1279200000000002e-03  -7.6180305529162751e-01   3.9586155095306114e-01  -2.9748832328290731e-01   3.5064092201136110e-01  -1.5650594867370282e+00   6.2879857601969091e-01   1.3292427586426188e+00   4.3178800548656449e-01   2.4532043509289276e+00   1.5171247092297795e+00
   3.1983699999999999e-03   1.4867240310780576e+00  -6.1673764329884628e-01   3.7251505983646338e-01  -1.5693568621320837e+00   5.7925056012053300e-01  -1.4105173488026077e-01   2.8384985191237488e-01   2.6072692965017585e-01   2.4770971564155762e+00   1.5247327901613237e+00
   2.9546899999999998e-03  -7.3651887798791693e-01  -1.1604131114632568e+00  -6.1920342938837214e-01   3.2769337165246964e-01   1.9203857287893425e-01   8.5248578173346035e-01  -1.2466391423161602e+00  -1.2706349666507721e+00   2.6239582178943941e+00   1.5700862944232681e+00
   3.2859400000000002e-03  -1.0147630601769977e+00   4.3044083356015866e-01   2.1297609217959176e-01  -6.5418728113359048e-01   1.7265494644844197e+00   2.7898027371429363e-01  -6.1536599315996077e-01   7.7776663584470662e-01   2.4809119100823280e+00   1.5264702661012273e+00
   3.2353799999999999e-03   4.1696673079345237e-01   4.2824709889090506e-01  -6.2840315980475270e-01  -9.0845213127779745e-01  -1.1128329242274690e-01   1.2864862279026370e+00  -1.2444616408093143e+00  -9.2700901213204745e-01   2.4429887927595151e+00   1.5145126759883671e+00
   3.2256600000000000e-03  -9.5727146950258979e-01  -1.0455034373269787e+00   4.7828215114748263e-01   6.7216722991229449e-01  -7.5709578957064394e-01   8.2753531577956352e-01  -1.2602402151127301e+00   6.5121200176856386e-01   2.5719659932694201e+00   1.5540866205484276e+00
   3.6267999999999999e-03   1.2643459350051864e+00  -5.4005852724854975e-01  -1.1242852438841806e+00   5.6498100606876134e-01  -3.2032929369885343e-01   1.0087512377269798e+00  -1.7192478995535462e-01  -9.3728756109406552e-01   2.4770394759153742e+00   1.5252075004108403e+00
   3.0043499999999998e-03   2.2679410285995503e+00   3.5009930290455066e-01  -3.2476244465503851e-01   1.7485668713524546e-01   4.7654615311372855e-01   2.9724324869537962e-02   4.7638087714028582e-01  -8.3237821541695942e-02   2.4823669333505323e+00   1.5262200544220943e+00
   2.9811400000000002e-03  -1.0442397349920534e+00  -2.4216962122449298e-01   1.3872060367679775e-01  -1.2454379766932979e+00   9.9292926429777584e-01   1.1280273716202969e+00  -1.7176265858803330e-01  -1.0667753177273824e+00   2.5700042438864688e+00   1.5534732037322077e+00
   3.2631900000000000e-03  -9.5790822508537632e-01  -4.7650589775923252e-01   2.1114993373931387e-01  -1.2055171383108210e+00  -1.2594560694184056e+00  -4.4263159361988319e-01  -7.9264916215567494e-01   8.5012590389755716e-01   2.4960223475980765e+00   1.5311692204816785e+00
   3.2144800000000000e-03   1.7475665421591738e-01  -2.7042692854555200e-01  -7.8954493846787732e-01   9.3549679319946774e-02   1.6131104606636935e+00   1.4924902025152065e+00  -6.2527892431446175e-01  -2.2441456387086664e-01   2.5636572078178133e+00   1.5519908470397210e+00
   3.2783399999999998e-03   1.0193186329065642e+00  -1.1591431580086311e+00  -2.9826717839375189e-01   1.4269261825551376e+00   6.7950653739631717e-01  -4.8710378940798532e-01   5.5475900804339606e-01  -1.8557452932569371e-01   2.4332724867960911e+00   1.5114030224131980e+00
   3.0315699999999999e-03   1.1354529283860075e+00   1.7703348714111947e-01  -1.2302677759125882e+00   1.3085176814605226e+00  -6.8837195478606977e-02   4.2194928383767782e-01   5.3469058792444658e-02   1.0377405133401025e+00   2.4883994872395494e+00   1.5282805712365162e+00
   3.6971700000000001e-03  -1.7020424473479545e-01  -8.5611638816420421e-01  -1.9817850950114058e-01  -1.0526085999047878e+00   1.1109969207234747e+00   1.1118407226015392e+00   7.8917750787075414e-01   7.9743695404881254e-01   2.5252033769149507e+00   1.5407228546562457e+00
   3.4990099999999999e-03   6.6066664805598485e-01   1.2405399312936751e+00  -1.7684523270733650e+00   8.0769059536582269e-02   5.1350064904273984e-01   5.6662819721096491e-01   7.2430516715557038e-03  -3.1493566823513752e-01   2.5403512207255527e+00   1.5449414330720792e+00
   2.7966599999999999e-03   6.2423816056951353e-01  -1.9778092680826811e+00   3.1291369396817502e-02  -2.2357708483767161e-01  -5.3694852281560450e-02   1.5542818744188033e-01   1.3847571234115132e+00   2.9437361585107208e-01   2.6460690286518522e+00   1.5758224415150965e+00
   3.1952800000000000e-03  -1.0082038297389742e+00  -3.2128239254441882e-01  -6.5699719831142700e-01   1.5799218328870399e+00  -4.9269198496688144e-01   5.1803765240762623e-01  -1.0107127512685838e-03   1.1126637787304783e+00   2.5029927138303765e+00   1.5329035946569531e+00
   3.1261000000000001e-03  -2.2440372411187418e-01   1.8721788226118297e+00  -1.0931108552183653e-01   1.0874460666637933e-01  -7.5281195676908585e-03   9.0654471570504924e-01   1.1333247018841603e+00  -2.5606245932848781e-01   2.4662361565841930e+00   1.5213905350047641e+00
   3.2077600000000000e-03   1.2500488854404113e+00   6.1543592826180205e-01   1.6072619682077434e+00  -3.2326169615097033e-01   8.2222556688682058e-01   1.7377639440122053e-01   1.1811156675892048e-01  -5.5233130012885079e-01   2.4623431839531857e+00   1.5202943539777463e+00
   3.8448100000000002e-03   9.7066882625746198e-02  -1.1944151178077105e+00  -1.1973749344612934e+00  -1.2979786529763213e+00  -1.4960150041408968e-01  -3.7377384046964168e-01   1.9333213291363380e-01   8.0588953215100634e-01   2.4524829175451419e+00   1.5185397851013009e+00
   3.1153900000000000e-03  -2.8310424953383861e-01  -6.3873477776974374e-01  -4.5051720556270360e-02   6.4274524907621733e-01   2.0969293671251612e+00  -2.2011992739998962e-01   7.5534880836331253e-02   6.6871155013582084e-01   2.4757904078181756e+00   1.5242951170632357e+00
   2.9491600000000001e-03  -1.5294059820741008e+00   1.0112833346858303e+00  -1.4893530935268224e+00   3.3342580827906010e-01  -3.4372637309063214e-01   5.0310449228125564e-01   3.5569729524624688e-01   4.0834084081577356e-02   2.5811945238921403e+00   1.5568714603903262e+00
   3.5824699999999999e-03   7.9908772925507743e-02  -1.6008227672437600e+00  -1.2554136442493273e+00   2.6103061800248777e-02  -3.9909110021319727e-01  -5.2780955371223037e-01   3.0415419094135682e-01  -1.0466632413517327e+00   2.5416500081594307e+00   1.5454613070333205e+00
   3.1794900000000001e-03  -1.2614417263810754e-01   1.4622150916826263e-01  -1.0800689821553184e+00   5.7190644052171058e-01   1.0511212723345818e-01   1.8053753054918136e+00   8.3743194095065598e-01   3.3387249479937986e-01   2.4290711843709221e+00   1.5098051304057760e+00
   3.1623500000000000e-03  -2.8245691215433194e-01   1.8652672735794412e-01  -1.3207345425953254e+00   7.2673923010148855e-01  -2.7248271499272431e-01   1.3565551456927125e+00  -1.2322048741590861e+00   3.3844838742644640e-01   2.5272430516863760e+00   1.5405104520665800e+00
   3.3030199999999998e-03  -1.0566578164102339e-01  -7.6079325058253622e-01   1.3911522946298607e-01  -2.3455840455629284e-01  -1.0587064124370729e-01   2.2043581646597490e+00  -3.2070714199985889e-01  -1.8353714116956404e-01   2.4685430839549252e+00   1.5223305659301833e+00
   3.1387400000000001e-03   1.2215851279815337e+00   8.2107687577085242e-01  -8.2324752656010647e-01   9.6749376474416990e-02  -9.6565953942946270e-01   6.0348019845510270e-01   1.1438549337838642e+00   2.5314308963343035e-01   2.3899482097563753e+00   1.4974704124052944e+00
   3.3155500000000000e-03  -1.4527109895056249e+00   7.5070693735857774e-01  -2.3856277568455922e-01   9.6511290373506572e-02  -2.4578449050855766e-02   2.1147647311211282e-01  -1.0304840723053601e+00   1.3687006423742594e+00   2.4745839357844273e+00   1.5245388404118296e+00
   3.3676800000000001e-03  -2.9643082767588075e-01  -1.4540271144018410e-01   1.0989085606885376e+00  -4.3921230933319183e-01   1.3103917812909033e-01  -1.3217114331986396e-01  -1.7066421943768730e+00   1.1257259283375041e+00   2.4857879397338474e+00   1.5281226185141332e+00
   3.0729799999999999e-03  -1.0074094829895628e+00  -1.3832049365637231e+00   1.3767074404190811e+00   1.8116157594599258e-01  -5.9247394404042564e-01  -6.8082616038793808e-01  -1.4233103126216259e-01   1.2184107667714071e-01   2.4588909876666718e+00   1.5189097964321385e+00
   3.2333499999999999e-03   1.1946542465811301e+00  -4.3113212930545750e-02  -1.3716392755066209e+00  -1.2844608885202147e+00  -6.9649765282559317e-01  -9.4304964025219193e-02   2.5755083326718259e-01  -8.2992805059109964e-01   2.6517442443751968e+00   1.5785825083576086e+00
   3.1555600000000000e-03   6.0873290990696327e-01  -2.8221782743798873e-01  -2.7372148631326076e-01   6.7341121376635682e-01  -1.4406689805849444e+00   1.4162789997498355e+00  -1.9816320021369954e-01   7.6126585033200245e-01   2.4490805259327413e+00   1.5160554120695233e+00
   3.6161499999999998e-03   2.1095163890269586e-01  -1.7702096693992904e+00  -1.0700764000053462e+00   5.1239518075200996e-01   2.4065792252509899e-01   8.5496159737782085e-01  -2.5601469698125850e-01   5.8879777119674026e-01   2.5668200814662478e+00   1.5533241706824914e+00
   3.0428600000000001e-03   1.4433190620500114e+00  -4.2039265782802510e-01   2.7807769021326117e-02  -1.2313363678405966e-01  -5.6650087844896324e-01   4.5632811027759845e-02   1.4256280698175334e+00  -1.0993145408494351e+00   2.4911453428297250e+00   1.5288970704634681e+00
   3.1362899999999999e-03  -3.1368564025987089e-01  -1.7448646548342372e+00  -2.5689540129521610e-01  -3.2459349714995439e-01  -2.5835329797333445e-01  -7.8444714767770951e-01  -1.3999702067579078e+00   3.5621904552854404e-02   2.5296205605616358e+00   1.5413608913079784e+00
   3.6320100000000002e-03  -1.0621014724372015e+00  -9.0802133692649456e-01  -2.0615960084889345e-01  -6.3759335057602717e-01  -2.6434630988318436e-01  -1.6773213658421091e+00   4.5007339053395529e-01  -1.3356564545629571e-01   2.4627562182949028e+00   1.5213367572027559e+00
   3.4388900000000000e-03   5.5602641656320828e-01   4.9225793637148163e-01   1.5346010738597173e+00  -1.4221180055656339e+00  -7.9862986724892304e-01  -7.9566968854556178e-02  -1.5133445450343699e-01   5.6177627846489242e-01   2.5799685459304533e+00   1.5571742625611020e+00
   3.3267800000000001e-03  -1.6955162880624004e+00  -3.1358218122075365e-01  -7.1281823755889073e-01   8.6020431954277644e-03   1.6799364731465263e-01  -1.5708956412102315e-01   4.6537196044493900e-01  -1.3746500794296550e+00   2.4593869664768948e+00   1.5196427456731276e+00
   3.0316599999999998e-03   8.4512652230919763e-02  -1.4646746157022903e+00  -7.3292228669717896e-01   7.4673141561469603e-01  -4.2016723218376578e-01  -1.1272729309925806e+00   4.7205868882931667e-01   9.4607050835992645e-01   2.4845183863910472e+00   1.5268328860878677e+00
   3.2554699999999999e-03   1.0853032880912418e-01  -3.5212789494038138e-01   1.4503269265890406e+00  -5.4022244643914408e-01   1.2834641917165825e+00  -3.4110204337650679e-01  -2.3344468330932719e-02   1.1072976694761474e+00   2.4239862998786057e+00   1.5084071198891880e+00
   3.3175399999999999e-03   5.7672836953648488e-01  -2.2107176128414960e-01  -3.7934019888774628e-01   3.1856381262030337e-01  -2.0188527224038930e+00  -2.2051212914992898e-02   3.2714072832645713e-01  -8.7701844849955668e-01   2.4432311020089741e+00   1.5142272558499739e+00
   3.0582700000000001e-03   1.4072289393228554e+00   8.8521319932339776e-02  -9.8525012413551605e-02   1.0855871417282505e+00  -2.8461947705178314e-01  -1.3821368044322841e+00  -3.9435272564620122e-01   7.0497422120305642e-01   2.4758897387201872e+00   1.5246177849790881e+00
   2.7197900000000001e-03  -7.4057481530495439e-01   1.4713866482292889e-01   3.9558749209409039e-01   1.5752980173388298e+00   1.1617448756511166e+00  -4.8190465510200098e-01   1.1142099552696239e+00  -1.5897746116524855e-01   2.5112239262354881e+00   1.5341145375133662e+00
   3.8134800000000002e-03   4.0616241604353848e-01  -7.2621017710114396e-03   1.6187797055858868e+00   2.4659385728817453e-02  -9.2920245756426700e-01  -3.1331056410988872e-01   7.2420909213168710e-02  -1.3216906930514043e+00   2.4953739273930169e+00   1.5314292802241627e+00
   2.7405500000000000e-03   3.8219747524942238e-01   5.3792463438839688e-01  -3.0888578504055003e-01   2.2904809554474412e+00   6.5405591085828899e-02  -2.7537395057343572e-01   1.6911832185954428e-01  -2.1226745050625725e-01   2.4676710888738556e+00   1.5206575476534550e+00
   3.2171999999999999e-03   6.2172691519068979e-01   7.1252695000203967e-02   9.0235383148379067e-01  -1.2791731360420266e+00   8.2598261026767839e-01   1.3148739633037807e+00  -7.4287920168392585e-01   2.8743330919682836e-01   2.5277143537584994e+00   1.5408278613190873e+00
   3.4254600000000000e-03   1.0883778260616177e+00   1.2280615976673506e+00  -9.4403770391765132e-02   1.3175082328849080e-01  -4.5530721314484662e-01   2.8567739614361387e-01   9.7009211614045229e-02  -1.7026679139375980e+00   2.5830829256932231e+00   1.5581385577365261e+00
   3.1011400000000001e-03  -7.2480674291820446e-01  -5.1965275048564796e-01  -8.7412315271868291e-01  -1.5303576894345845e+00  -3.7541871288263051e-01  -3.5269954870757020e-01  -8.1464520344552005e-01  -9.7320936769712851e-01   2.4630987458658300e+00   1.5205927058102842e+00
   3.6569699999999998e-03  -2.1277811434827099e-01  -7.0841320582329270e-01  -4.4539317849622917e-01  -1.4520891857593865e+00   4.3961311972182726e-01  -2.2566645046759723e-01   1.3402055886828870e+00  -8.4547512840099870e-01   2.5099610630682494e+00   1.5359241100513530e+00
   3.6295699999999999e-03  -7.4834749692778119e-02   1.8115977540063379e+00   9.2695124865003942e-01  -5.1256837194189009e-01  -3.0484522524389546e-01  -7.9102043458426685e-01   2.0059707705506519e-01  -6.5234948499222212e-01   2.4897748310938526e+00   1.5298606439557165e+00
   3.5187299999999999e-03  -3.9295548141647496e-01   5.0164265055021084e-02  -1.6916275483573573e+00  -3.6211320507073610e-02   1.0441907328416498e+00   2.8692838601478743e-01  -3.4519043074993060e-02   1.3097465228866703e+00   2.5970706937058994e+00   1.5623405528599335e+00
   3.3376999999999999e-03  -1.2564449504097597e+00  -5.5252103079537773e-01   1.2275571532446876e+00   4.9844886163312918e-01  -8.9228187809504131e-02   9.3211389965515001e-01  -5.7565866297811241e-02  -1.1045843113543592e+00   2.4950633200482497e+00   1.5306871534768236e+00
   3.3822700000000002e-03  -1.1728854052806637e+00   8.5041874602251932e-01  -2.3287488048249544e-01  -4.0784069027866582e-01   1.2175347172712582e-02  -9.4351112610617993e-01   1.5919938555228796e+00  -2.8212597170843723e-01   2.5501953461537354e+00   1.5478318530515698e+00
   2.9182800000000001e-03   5.8419554010293684e-01  -7.2233061170155033e-01  -6.5827331242632969e-01  -1.2669998379732199e+00   6.4465255197558280e-01  -1.3729854591664712e+00  -5.6618552545536482e-01  -7.8804920945364187e-01   2.5549692923217977e+00   1.5484756164645652e+00
   3.1026199999999999e-03  -1.9589475566337853e+00  -4.1351154616540736e-01   4.2199994543599129e-01  -3.7994380121592697e-01   2.9970284382423290e-01  -3.1511947499351350e-01  -1.1558082868791308e+00  -2.2811607406977252e-01   2.5041150040103255e+00   1.5333981025091910e+00
   3.2832400000000002e-03  -1.4869264153148140e-01  -1.4300316851563535e-01   5.7397829484431706e-01   6.1708289775396463e-01   4.8612682331920398e-01  -1.9322131674730885e+00   7.0448235396071024e-01   7.2224275724904574e-01   2.5005095097791150e+00   1.5318656030563749e+00
   6.2420200000000000e-03   2.2737379217381204e-01   1.5033339852517721e-01   2.4433488407674064e-01  -6.1117045918440714e-02  -5.4014163983470054e-01  -4.9944227634803662e-01  -1.1939432447055882e-01   4.9667522825609128e-01   1.3750906969143433e+00   1.1600719135265491e+00
   3.6300799999999999e-03  -7.0157404155328473e-01   5.5487111869687256e-01  -8.7788293464890954e-01  -2.0403930324858244e-01   1.6062794965261518e+00   4.3587258856490113e-01   1.0880725508333897e+00  -3.9461424305913967e-01   2.5345828874833667e+00   1.5437115179647123e+00
   3.5701200000000000e-03   8.5819429461373620e-01   1.1696494143709457e+00  -5.3886680003565646e-01  -7.5108159331008306e-01   7.1764785633108985e-01  -7.0524785508721866e-01   1.1715173503836382e+00  -7.0074799279918853e-01   2.5976508515252461e+00   1.5624235773942101e+00
   3.3617700000000000e-03  -1.9264831747567331e-02   2.0383409096699695e-01  -2.5384961131973433e-01  -4.4161031762363490e-01  -7.3327678298098586e-01  -1.3509689879923945e+00   5.7146572838459753e-01  -1.7365216771699963e+00   2.5918932107248684e+00   1.5605166184768096e+00
   3.0386300000000001e-03  -8.3878126814890985e-01  -1.4110895648564625e+00   2.6532193180066631e-02   2.0629721409538895e-01   5.4020403084484325e-01   4.6375279188101826e-01   5.3373701603253478e-02   1.5422811561136578e+00   2.4305758506469428e+00   1.5099290121714042e+00
   3.0994799999999999e-03  -1.1578504895188346e+00   2.9832813570171185e-01  -8.4962868851892148e-01  -2.2026528939560594e-01  -7.6988483563011845e-01  -1.0125310210788976e+00   4.5717605582001331e-01   1.4088589330447641e+00   2.5619920871649833e+00   1.5509960504280278e+00
   3.1637200000000001e-03   6.0450398888384216e-01   8.9337223538725896e-01   5.7098415628991228e-01  -1.3008343724582194e+00   9.3663219413662879e-01  -8.5005030785056890e-01  -9.3312074187842853e-01   2.0746660847007445e-01   2.4382983486641807e+00   1.5132100957466754e+00
   3.7118799999999999e-03  -3.1314347163433670e-01   4.9470533982166803e-01   7.5355549927239240e-01  -1.5745050903405536e-01   6.2599466086469036e-01   1.3855637202561646e-01   1.1646566103224476e+00  -1.7076718646728690e+00   2.5138803631200530e+00   1.5370618819625126e+00
   3.2431900000000000e-03   2.8596723947673514e-01   3.6105374779953958e-01  -1.0525662604333788e+00  -1.8040678401662980e+00   1.0724808248655311e+00   2.4645862798643273e-01  -2.2032713307424970e-01  -2.9369865821766896e-02   2.5040246087357438e+00   1.5334653654053463e+00
   3.5746100000000002e-03   7.3097079751435412e-01  -5.0426012566042244e-01   9.4479316306159633e-01   2.1653563128550579e-01  -1.6229241490520661e+00  -4.3084484033289183e-01  -1.0974110090312850e+00   2.7103348640187513e-01   2.5912558495327374e+00   1.5603366553155313e+00
   3.6043799999999999e-03   1.9517461621071092e-01  -9.1451175022880482e-01   1.4920364448627024e+00  -9.9041406358133866e-01   1.5352006586356945e-01   8.5105846891279635e-01   8.9053924390784789e-01  -5.4232599854192076e-01   2.6095512607998863e+00   1.5662413700655284e+00
   3.3214700000000000e-03  -4.8489335697234398e-01  -5.3862469831376547e-01  -1.7422535456388368e+00  -7.4197085842036248e-01   1.5801786535807721e-01   1.1062337617771261e+00   1.6766829445781078e-01  -5.1052555141696498e-01   2.4521880366994271e+00   1.5172758983750068e+00
   3.2987799999999999e-03  -5.5567268178966733e-01  -4.3424718081981994e-01   9.3789903772548644e-01  -5.4257806277596632e-01  -1.7318710586157309e+00   9.0890282789801580e-01   1.2087472942991191e-01  -7.7570820820649866e-02   2.4262221216131139e+00   1.5090937265389484e+00
   3.3630200000000000e-03  -6.7664823355215309e-01   1.2388919980128048e-01   9.2645414789076319e-01   1.5927744297960075e-01  -1.0701822406729580e+00   3.7552756849502272e-01   4.3483242826948376e-02   1.6692181231870276e+00   2.4103054487522666e+00   1.5044751444688629e+00
   2.9699200000000000e-03  -1.3294016780310744e-01  -5.9790856974591700e-01  -4.8002373366885609e-01   8.0654345015372009e-01   3.2815954349202731e-01  -9.4851284700009519e-01   1.7092309303847097e+00  -8.6078727770136165e-01   2.5204416944149020e+00   1.5374361864829844e+00
   3.1336500000000000e-03   6.4671983214959938e-01   3.4675575549761456e-01   6.0343817996515614e-01  -1.7690532650719413e+00   1.0429221270607435e-01  -1.5689672013056835e-02  -1.3810398851833741e-01  -1.3957445120447158e+00   2.5526067832664094e+00   1.5480808567294471e+00
   2.8149899999999999e-03   2.5371353850914293e-02  -2.0893075151947902e+00   5.5209385701647895e-01   9.0785943762455235e-01  -2.2098870411243260e-01   1.3301367697483155e-01  -2.0906689381057814e-01  -7.6142829704143955e-01   2.5818451257409234e+00   1.5563799679589518e+00
   3.0941200000000001e-03   1.6541958797336307e+00   3.2844536354929166e-01   4.8624142816291027e-01   1.2738766039844498e+00  -1.0095034984564293e+00   2.0757039083181672e-01   1.4983303217128410e-01  -2.6753403402211140e-01   2.5055197917443413e+00   1.5334222874623775e+00
   3.1313000000000001e-03  -5.8540159385514468e-01   1.0965235377701763e+00  -5.2272250467318859e-01  -8.0606170949400624e-01   6.1618545707263306e-01   1.6693505674498130e+00  -1.6763784773545520e-01   5.0423705799844831e-01   2.5108365938851507e+00   1.5356922798980819e+00
   3.0418200000000002e-03  -1.8674197082038166e-01   1.0894396892823288e+00   1.1473364355773352e+00  -8.0149565134346412e-01  -3.6651593231198432e-01   1.4145741453152760e+00  -9.5268689352386346e-02  -8.8474230495608375e-01   2.5716271625927782e+00   1.5539837663862790e+00
   3.1267199999999999e-03  -4.1273339421652216e-01  -4.9515981821486288e-01   1.1025285613325624e+00   9.5146054500062049e-01  -5.6486861560855070e-02  -3.4347521446669971e-01  -1.5980228740346416e+00  -8.5025906957237918e-01   2.5233577208154307e+00   1.5389686927108148e+00
   3.2499100000000000e-03   1.0708246009762612e-01   7.8017639568195651e-01  -8.8468618552258060e-01  -4.6716819265931342e-01  -1.2626536309774934e+00   1.4643861835734469e+00   9.1991453512009227e-02  -3.9992618032601052e-01   2.4064689065676581e+00   1.5029501857609602e+00
   3.1900600000000002e-03   2.2416226446294954e-01  -1.0868030968470197e+00  -8.5659504488368166e-01  -5.9577928502069155e-01  -1.4715720142450752e+00   6.7992536207007137e-01  -9.6563364008923946e-01  -1.1495021284537739e-01   2.5351323146087630e+00   1.5426480589698430e+00
   3.1983300000000001e-03   1.2179839509039245e+00  -8.2096038263602544e-01  -2.7825880745872345e-01   9.8202997833473412e-03   8.3764915988387523e-01  -2.8564494523501305e-01   3.7769604044060695e-01   1.6530110834303513e+00   2.5256777477149077e+00   1.5399224339514170e+00
   3.2181300000000000e-03  -1.4926052381999551e+00   9.3632827205533553e-01  -4.9747063601458891e-01  -3.8578694678762870e-01  -7.6766349998469718e-01  -1.0570184788419767e+00  -5.3599861215599309e-01  -3.6768280864307601e-01   2.4324697883440369e+00   1.5112555591160655e+00
   2.9990899999999998e-03   4.2343239646221542e-01   1.3036089972714531e+00  -9.2213754151628613e-01  -8.0349056050878165e-01  -4.9928123295746460e-02  -8.9571952270953470e-01  -1.0871809515281885e+00  -9.0721525917030055e-01   2.5867563961455415e+00   1.5586395905807069e+00
   3.1819499999999998e-03   5.8022646204261819e-01  -9.5544456044236503e-01  -3.3412447308356158e-01  -7.8662557836445846e-01   1.3055159829887499e+00  -1.0822054917595966e-01  -1.1402535578560649e+00   9.6377468083292783e-01   2.5301291092931093e+00   1.5415135339281680e+00
   3.1743600000000002e-03  -7.8489039800050331e-01   6.9173918198984174e-01   3.7184480830862138e-01  -2.1287994847865313e-01  -1.8237891067114040e-01   2.0408628343161327e-02  -9.3445091692871651e-01  -1.8719617223867511e+00   2.4407655996566970e+00   1.5139370416623190e+00
   3.1353100000000001e-03   1.5631887364130621e+00  -5.7165330562957994e-01   1.3761558723043882e-01   3.4532979247901352e-01   2.1196178905169893e-01   1.4398790912647637e+00   8.5037319966849811e-01   3.6843726965861734e-01   2.5280937353792803e+00   1.5402819588178460e+00
   3.2116499999999999e-03  -3.4237500171484841e-01   5.0020944457927173e-02   7.8785838312972356e-01  -8.8018460540138432e-01  -5.8973854332602316e-01  -1.4699314046957181e+00  -1.1783568232260970e+00  -5.8320120996736358e-01   2.4688382704082765e+00   1.5226223466579283e+00
   3.5819500000000000e-03   3.0149117383046653e-02   4.2967434677815297e-01   1.6404232980332927e-02  -1.4346741878314795e+00   2.5298688824472865e-01   1.6959515383467980e-01  -1.3341247805221568e-01   1.8236803638421166e+00   2.5209652416719637e+00   1.5391511069926893e+00
   3.1872599999999999e-03  -7.0505179444252042e-01  -7.4204507520218621e-01  -6.1466911575908256e-01  -1.0581805660568093e+00   3.1897427301580783e-01   9.5702493011374545e-01  -1.3686924732369024e+00   6.8513333527585918e-01   2.5111680880226763e+00   1.5358235436822993e+00
   3.0277300000000002e-03   1.1530306417305733e+00  -5.6252388116768237e-01  -5.5452975704356244e-01  -4.8332065972717392e-01   1.3447596401188763e-01  -1.6210577431192075e+00   9.8957096071340700e-01  -1.0721666014427604e-01   2.4742150239765954e+00   1.5236241243908057e+00
   3.0960599999999999e-03  -6.4224968849800579e-01   1.2604182170090228e+00  -7.9186640445138101e-01  -1.2533370194223388e+00  -9.4155969606774692e-02   3.2708718382966301e-01   4.0523435878039626e-01  -1.1675325696169534e+00   2.4854102364201403e+00   1.5274465807957611e+00
   3.1826300000000001e-03  -3.0263473069216262e-01  -7.7521651020776738e-01   1.1158766860570766e+00  -1.0204682575437833e+00  -6.8554282868981031e-01   6.7448689414136642e-01  -1.2493856331157667e+00  -6.4822086748907082e-01   2.5255652423828843e+00   1.5399845002225159e+00
   3.6884900000000000e-03   1.5964123429069017e+00  -6.0180965071062319e-02   4.6478585062820715e-01  -7.9765513734055360e-01  -8.9726080332393998e-01   9.3595745062764690e-01  -1.5396108212372783e-01  -4.3334514058990908e-01   2.4133869963627879e+00   1.5053995372916187e+00
   3.2239100000000000e-03   1.0676920899856131e-01   7.1995548087557792e-01   1.0168263021412829e-01  -1.0989189024064643e+00  -1.7040521538102895e+00  -1.1693693008269730e-01  -7.2624333089913862e-01  -7.9443467733740858e-01   2.4902351868220705e+00   1.5291569392351108e+00
   2.9684199999999998e-03  -9.2283473529966797e-02  -1.8110657298991681e-01  -7.7613123126686362e-02  -2.1848124790956232e+00  -6.0549269940017636e-01   1.0216847149456940e+00   1.0989553671671377e-01   1.0775772670743726e-02   2.6123202680442108e+00   1.5661262946402661e+00
   3.2237799999999999e-03   1.5382178181585360e-01  -1.0722464115027019e+00  -4.9086539222902409e-01   4.6230389279206491e-01   5.4809584928395294e-01   1.1746571667821673e+00   8.7695716269365898e-01  -1.1842578620419644e+00   2.4052803176921302e+00   1.5026066120239456e+00
   3.1111799999999998e-03   6.8608900433584183e-02   1.0129965753466972e+00  -8.8407206855046394e-01   1.5117300292970604e+00  -9.8209655175578559e-01   6.8997259819043144e-01   7.9067442046617711e-02  -4.0178817746121298e-01   2.4472181351971467e+00   1.5152776757653879e+00
   2.8879900000000000e-03  -8.0196562477063438e-01   1.1423669635240716e+00   3.9067662101235628e-01  -1.6335249707191160e+00   4.0116734244691490e-02   1.4590165793700455e-01  -1.2218778149549043e+00   6.0600517182791393e-02   2.6018219307474832e+00   1.5634003928974809e+00
   2.9935000000000001e-03   1.0227075841519255e+00   8.0726202206405451e-01   8.3038470819574439e-02  -4.0978126914326279e-01   1.8183870239402737e+00   5.3060216392174953e-01   4.8508874740978002e-02   7.7007301398882666e-01   2.5693417440579278e+00   1.5527216499585965e+00
   3.1469100000000002e-03  -3.2105183902219780e-01   3.0546373530069493e-01  -1.5723073895074227e+00   2.9594375293561737e-01  -9.6316837729065607e-01   1.1951959290252735e-02  -6.2231988323700316e-01  -1.3570792338402713e+00   2.5129834683962957e+00   1.5362099800908955e+00
   3.0585199999999999e-03  -1.1675280552401304e+00   1.3681753960804202e+00   2.1798499756891945e-01  -1.0270146317604458e+00  -1.0284075215977952e+00   3.7289012913521974e-01   2.8802357670125539e-01   6.0573841485568092e-01   2.5247117139738600e+00   1.5394960085695786e+00
   3.2320600000000001e-03  -2.1724271235304435e+00  -2.4428812373137881e-01   3.1476527551993549e-01   2.3936986604732577e-01  -7.6361245646332254e-01  -2.4389993018720607e-02   3.0336944544903921e-01   3.0116161232106331e-01   2.4684329554171773e+00   1.5222497130781505e+00
   3.0984799999999998e-03  -1.7218039248468389e+00   3.8123892712701724e-02  -7.3491541459484711e-01  -1.4200459232404012e+00   4.0187894885886161e-01  -2.0274900033979446e-02   3.0412900489433731e-01   5.1510397028000765e-01   2.5577876779269824e+00   1.5497267636148568e+00
   3.3038899999999999e-03   8.7111808872335894e-01  -9.9179188586559386e-01   1.3040046964545624e+00  -6.5492718862577093e-01   3.3936623377367398e-01  -4.1614874930890855e-01  -1.0165500430767376e+00  -4.8349082586719055e-01   2.3833534753415719e+00   1.4958438713595092e+00
   3.1399200000000000e-03  -1.0408313509059743e+00   8.0581613181792167e-01   4.9095973403203569e-01   8.1070358111428509e-01  -5.7235038219353829e-01   1.6513991201753520e+00  -1.6499337022027058e-01   3.8310034222547840e-01   2.4935163698236327e+00   1.5301248003252308e+00
   3.1767399999999999e-03  -2.8048087910326486e-01   1.1356597185550088e+00   8.4814823823895857e-01   1.9253908858624608e-01   1.6200874854970613e+00  -8.9593895207090590e-01   2.0821884968143337e-01  -6.4304373082704008e-02   2.4398321441421578e+00   1.5128179838985651e+00
   3.4027699999999998e-03  -1.1442214548941032e+00   8.1657379993654922e-01   9.9644034185513164e-01  -7.3924260198844871e-01   1.5768149886173335e-01  -1.1669866940912101e+00   4.7507729730997164e-02   9.6257752094297300e-01   2.5378368508285019e+00   1.5439295045000683e+00
   3.0984200000000002e-03   1.6193874926433049e+00  -8.2486600289661460e-01   1.3857620145115408e+00   9.1484183587677237e-02  -8.3581151806319531e-02  -6.1698332593170080e-01   4.6199814899144998e-01   2.7875640701695681e-01   2.5143939934502537e+00   1.5368757883815034e+00
   3.3232700000000001e-03   1.0160428063784543e+00   4.1639338318416352e-01   9.8311897280128435e-01   1.3258021178855681e+00   1.0440261545004610e+00   7.8034563999583625e-02   1.7824994756731863e-01   7.7342006144728526e-01   2.4704522051547051e+00   1.5230336493746421e+00
   3.3887600000000002e-03  -6.3627741075549804e-01  -1.1229473846193370e+00   6.8651931340951278e-01   5.7875456759191890e-01  -3.3489561811263119e-01   1.3885156318103191e+00   8.2815812672751210e-01   5.4570475612490121e-01   2.4327512813232475e+00   1.5113698651161440e+00
   3.2779900000000002e-03   1.6547635627531903e+00  -1.4513731218918313e+00  -4.9522724673730606e-01   2.8170495634744424e-02  -1.2971725076847207e-01  -3.7990234422906272e-01  -6.1379349828441065e-01  -1.7173190681714127e-02   2.4621361703339835e+00   1.5202645001843995e+00
   3.2860599999999999e-03  -1.0296547772327467e+00  -2.9073369220429679e-01  -9.7176547183876472e-01  -9.4358109931837353e-01  -1.4126204179852375e+00  -1.6353823259947853e-01   5.7563733453009047e-01  -3.9034557218298177e-01   2.4088452284329174e+00   1.5035233067762115e+00
   2.9749099999999999e-03   1.5269730032030432e-01  -1.2083375639545416e-01   1.1589874383876759e+00  -4.2126546189482122e-01  -8.5495956206227880e-02  -9.8307426740190340e-01   1.8230050488504814e+00  -2.7334909606331442e-01   2.5185654765912719e+00   1.5373949533184541e+00
   6.2979200000000003e-03   4.2096882465063490e-01   2.9015022997996143e-04  -2.4858569044638912e-01   4.6527073842845726e-02   3.9412651108075464e-01   4.6998950796175842e-01  -2.5690628137534871e-01   4.8538156418494455e-01   1.3760978889939777e+00   1.1604734830951280e+00
   3.1478100000000000e-03   1.0102683822541476e+00   6.3817606170152219e-01   6.6616131722614091e-01   8.8501669593923893e-01   3.1978540683489814e-01  -1.2495984051617599e+00   8.1282626587978690e-01  -9.0649108243121679e-01   2.4786049702861628e+00   1.5255321479162689e+00
   3.1699699999999998e-03  -1.2802104510347914e+00   1.2447413922288189e-02  -2.7951414092258942e-03  -6.8391530237854370e-01  -1.2154720879682536e-01   1.3552031065281587e+00   1.2414286556390153e+00  -5.3847551848357900e-01   2.4809216155997458e+00   1.5260940286248210e+00
   3.2639000000000001e-03   3.2523595018478774e-01  -9.0949243995275164e-01  -5.8436912911328820e-01   1.4832225916574369e+00  -8.0550430573401099e-01   3.6851158334618495e-01   1.1706839259653723e+00  -8.3660992457325556e-02   2.4450633095555609e+00   1.5151188399713991e+00
   3.2155899999999999e-03   8.1577929829866935e-01  -1.0981627731691745e+00   5.2610128868688988e-01   1.3297856248018718e+00  -4.6553925273285773e-01   4.3820120652181060e-01  -6.6275980458478420e-02   1.0907729434397184e+00   2.4062723824285883e+00   1.5030224358978399e+00
   2.9751800000000000e-03   5.6223092251277529e-01  -4.9970952376278227e-01   1.3335244659473682e+00   1.2426017526875770e+00   1.5314567317337888e-01   5.5942960257753871e-01   1.2053950267260518e+00  -7.0092062662174404e-01   2.5797969870419797e+00   1.5564547889764360e+00
   3.7660200000000001e-03   4.5223454761272786e-01  -1.1818794261068941e+00   4.1334234187940466e-01  -1.2904281605352883e+00  -1.1505964105794526e+00  -6.4650944645384723e-01   2.5100644938442346e-01  -5.2927077250771493e-01   2.4868912308146940e+00   1.5290047235118045e+00
   3.2046300000000000e-03  -4.8716364401520357e-01  -1.4770144352201366e+00  -2.0538112710094925e-01   2.3276735024269554e-01  -1.6382659514408555e+00  -2.2632171872308615e-01   2.1723523597626693e-01   7.5810667857540359e-01   2.5299687818934307e+00   1.5411171888917896e+00
   2.9521500000000002e-03  -2.6160584564144945e-01  -1.7331717487507411e-01  -4.2287707686667719e-01   1.6431981944499909e+00   4.4591947171653967e-01  -6.5577998011220928e-01   5.4917232298995450e-02   1.4783811539174616e+00   2.4657946636343975e+00   1.5207449536642088e+00
   3.1611999999999999e-03  -5.2106332803835276e-01  -2.1277232814826630e-01   9.6677122531982462e-01   1.5142952007276975e+00  -1.4735590297897674e+00   3.1832606886778353e-01   9.7272086119914392e-02  -1.7639337660494744e-01   2.5164818520209127e+00   1.5367317528200723e+00
   3.0416599999999998e-03   1.4590615955074751e+00   7.8746089560743271e-01   3.1519179818124454e-01   3.5705150207477207e-02  -5.6350753325872915e-01   3.5585086707503166e-01   3.0173789488689758e-02   1.6265341572123375e+00   2.5349366557497830e+00   1.5424794791728302e+00
   3.0984200000000002e-03   2.5891863658934283e-01   3.7157113311565841e-02   1.1171701560164820e+00  -1.0737670241203479e+00   4.8079322345019387e-01  -1.5435211464409775e+00   5.2280219668841810e-01  -6.2387034651793960e-01   2.4601080949278527e+00   1.5194714012471919e+00
   2.9008300000000001e-03  -4.3154127596276792e-01  -6.0205441651483349e-01  -5.9296757846716153e-01  -1.9756050496134769e-01   9.4067581629894848e-01  -7.4442795536126072e-01   1.6817447259914922e+00   9.3834332310205748e-01   2.5574343041204690e+00   1.5493306682506025e+00
   3.0811699999999998e-03   8.7069021920334977e-01  -1.4668774832288169e+00   7.2148836374469272e-01   2.6080558242923169e-01  -1.0393840412713675e+00   8.5182051223931865e-01  -7.8959847757830881e-02  -6.5536301570134436e-01   2.4744611845137316e+00   1.5235590046915111e+00
   3.2718999999999999e-03  -3.4336027007844505e-01   1.9546240531898618e+00  -2.8673393012226472e-01   2.4139694030760794e-01  -5.2847647795151298e-01   5.1882360827083873e-01  -9.6185564298274029e-01  -3.3305449747129146e-01   2.4516969447161983e+00   1.5172102226083866e+00
   3.3544899999999999e-03   7.9992629136322346e-01   9.8500073635340368e-01   1.0411998317986106e+00  -2.4692890146667143e-01  -3.2472042910031035e-01   2.2396802170402105e-01  -1.5488306595383987e+00  -5.2022376332925913e-01   2.4459116821374964e+00   1.5154909368588985e+00
   3.1812899999999998e-03   9.6324787185990690e-01  -8.3311048701057877e-01  -1.1837014824392884e+00  -3.8326492722854377e-01   1.5186091254666203e+00   6.7485334475099232e-02   4.6889662578796326e-01  -2.3471549373229847e-01   2.4898105725585751e+00   1.5287074153164852e+00
   2.9163100000000001e-03  -3.3885426636811766e-01   6.3315944266156976e-01   2.9016418579708303e-01   3.2100589167161908e-01   8.4444871345953731e-01  -3.1015339451786017e-01   6.6056253992708625e-01   1.9628621103336830e+00   2.4604063121075637e+00   1.5190620851780827e+00
   3.0736200000000000e-03   1.1723189281734214e+00  -3.9672892903422057e-03  -1.0345337360442583e-01  -1.3614910115635359e+00  -1.2139247721894875e-01   1.2823367731878374e-01   1.4055903557141196e+00   6.5486207077404812e-01   2.4415461402480778e+00   1.5133553820519678e+00
   3.0534000000000000e-03   1.7212802344863773e+00   3.3072714168730621e-01   3.8251116943062879e-01  -5.9420099268271620e-01  -5.1765548029140629e-01  -1.1455471646223920e+00  -4.8061393906098604e-01  -6.8319670483035533e-01   2.4995745518744341e+00   1.5318997942509567e+00
   2.8341799999999999e-03   4.0065361251511855e-01   8.7991888023492570e-01   1.8213721878017561e+00   7.9181745564071149e-01  -5.8098133623254389e-01  -6.3417394137468752e-01   4.9093838298103470e-01   5.5491589358551108e-01   2.5626674044193045e+00   1.5507933607747979e+00
   3.0253699999999999e-03   6.9287907192607434e-01  -5.9704608497929990e-01   3.1475192036663252e-01  -7.8556927616621985e-01  -2.1998121423732533e-01  -1.7419727570821386e+00  -6.5261184766699754e-01   9.9058451290170313e-01   2.5592269840283097e+00   1.5500087020773248e+00
   3.1844500000000001e-03   3.5334956132704370e-01  -9.4555269943372733e-01   3.1924287687252856e-01   5.6429357654472878e-01  -1.5312004256124687e-01  -1.8145508657499279e+00  -4.2040189057983790e-01  -8.2421951315369502e-01   2.4302089015196224e+00   1.5103517041163073e+00
   3.1585799999999998e-03   4.0922641820933592e-01  -1.3080510174096807e+00  -2.9121152336068257e-01   6.1994069760563109e-01   1.2467302384164618e+00  -2.3371225580080462e-01  -9.2546173298327239e-01  -9.5337531764820527e-01   2.4408430480589862e+00   1.5137403038341921e+00
   3.6514300000000002e-03  -4.5846913763535384e-02   1.6251705199199633e+00   1.2342667707813535e+00  -8.5974345805277880e-02   4.1356386158475011e-01   5.2995953383619787e-01  -3.3120706981286008e-01   9.8537932034874665e-01   2.5340090832277697e+00   1.5434535422676943e+00
   2.9596800000000001e-03   1.2902356854509940e+00   1.1335540152300432e+00   1.0186823024380969e+00  -1.4251590820745214e-01  -7.2789703382986543e-02   5.5097066443863374e-01   1.1968163879950779e+00  -2.3290686413416040e-01   2.4715460332880594e+00   1.5223088591756426e+00
   3.2541800000000002e-03  -6.4640194053267674e-01  -1.2095943743765365e+00   6.5275707177337694e-01  -5.3281920877722355e-01   3.7082606198911261e-01  -5.6502736260849418e-01  -1.6179211631742232e-01  -1.6210899047845657e+00   2.4617436255482001e+00   1.5205854879176566e+00
   3.1143799999999999e-03   4.8338195442069486e-02  -6.3219373694670877e-01   2.0318747244037665e+00   5.8379237675570628e-01  -1.4012070856673459e-04   5.9722836896882947e-01  -5.8707626697528381e-01   3.4110310726372317e-01   2.4565907966189156e+00   1.5183974236441082e+00
   3.0544499999999998e-03   1.1084720780547892e+00   1.0333042538174131e+00   7.4146370182673482e-01  -5.7325550222268462e-01   5.3632806550162626e-01  -1.0862866621180356e+00   5.9106916160423195e-01   9.1360764475737144e-01   2.4711750543611393e+00   1.5231005312316865e+00
   3.0636100000000000e-03  -4.5845237735058531e-01  -7.5427975347932019e-01   4.4054965302941096e-01   1.7981653898490824e+00   8.8823667696686504e-01   7.3527803029599703e-01  -4.6291171481783139e-01  -2.0873361560498790e-02   2.4720816530237295e+00   1.5230316979224474e+00
   3.0121300000000000e-03   3.3149269371232948e-01   3.5946423048404408e-01  -2.3337698255466249e-01   1.1824403840847608e+00  -1.6244001861815347e+00  -7.0329421033537076e-01   3.0382743144326446e-01   1.1036167243524944e+00   2.5734634556411575e+00   1.5546769071298161e+00
   2.9718399999999999e-03   1.7660724239220837e+00   1.4538592799653779e-01  -2.9787425728751238e-01  -5.5542040620606925e-01   8.9794566786527397e-01   3.9229909090940840e-01  -1.0122265904747334e+00  -7.9479931856357244e-01   2.5653126177887939e+00   1.5518744869469925e+00
   3.2315500000000001e-03   6.3451536147271881e-01  -1.0552596514695769e+00   5.3490355766434272e-01  -9.1515902609932220e-01  -5.2725391718819803e-01   1.0676514397121948e+00  -2.1350305625584143e-01   1.2386812638709344e+00   2.4611954263072922e+00   1.5201271766203821e+00
   3.1624700000000001e-03  -1.4436578032926189e-01   1.2973815205622758e+00   1.3193341695415559e+00   1.3807426168751298e+00   2.3564808247851549e-01   4.0259822255197392e-01  -1.8706527726315708e-01  -9.6092741562628758e-01   2.7797614417310137e+00   1.6176868251363263e+00
   3.1767800000000001e-03  -1.2039381436013488e+00  -1.0935816713121485e+00  -1.1989510275109720e+00   2.1558967438254781e-01   1.1178961326828092e-02   1.2502668135302847e-01   1.2862355444345901e+00   3.0264223319161437e-01   2.5333211761466798e+00   1.5423375572258922e+00
   6.2815299999999996e-03  -2.6610158272680040e-01  -4.7557925436808596e-01  -1.8101343820376958e-01   3.3575077382292284e-01  -3.6418347356393216e-01   1.5361059269657873e-01  -4.7284450403747808e-01  -2.2970402802459941e-01   1.3683722547173922e+00   1.1572795458365157e+00
   2.8001100000000002e-03  -7.5622464809475876e-01  -1.4161174986215062e+00   2.4280033614229982e-01   2.8288065647351596e-01   1.3004036068556493e+00   5.4714342953657347e-01   9.8298562879622831e-01  -7.0630674094047619e-01   2.5810187566119942e+00   1.5558678085211288e+00
   3.2216300000000001e-03   5.0714265067396402e-01  -5.2835999689965019e-01  -1.8664731933442391e+00  -2.2717258696428644e-01   2.7152131842607108e-01  -5.8330662169767719e-02  -1.2956449864669639e+00  -1.9573406012005432e-01   2.5082143274439552e+00   1.5350188125926481e+00
   3.0692100000000002e-03   1.5064903279388209e-01   6.3728782955086483e-01  -9.6571084704582255e-01  -1.8398656168519607e-02   1.8048503179185775e+00  -7.0015778820559482e-01  -8.2431194933782026e-01  -2.4581706729976119e-01   2.4775762842821272e+00   1.5248913543419793e+00
   2.9681099999999999e-03   5.7028193643822156e-01   5.8869713321826456e-01  -1.1265305415010882e+00  -1.6657199514879209e-01  -2.4904566825593627e-01  -1.1822339137456896e+00   6.5211234249900563e-01   1.4198666970037443e+00   2.4938687530130017e+00   1.5295765699950798e+00
   5.9950899999999998e-03   8.6439875411181671e-02   4.8006137903110258e-01   5.1394728230826003e-01   5.2807890853363770e-01   1.3347592692452876e-02   2.4860533149972638e-01   7.4787196081567753e-02  -3.3100252583669970e-01   1.3615280444640629e+00   1.1543875400135155e+00
   2.8083000000000001e-03   1.2530534555711894e+00   1.1031570080196582e-01  -1.1958260468639077e+00   7.4610893661707611e-01   4.4469136283180666e-01  -9.8211060050844134e-01  -3.6050130201567943e-01  -1.2063748725226084e+00   2.6164445470114543e+00   1.5670225290916517e+00
   2.9325599999999999e-03  -3.1356329492014869e-02  -4.7274898083483868e-01  -8.5667990647413039e-01  -2.2207222575798566e-01  -3.8447812679213367e-01  -1.8345453068211801e-01  -7.2255441564330924e-01   2.0440979428761512e+00   2.5042786910289978e+00   1.5326925179165463e+00
   6.1387100000000003e-03   1.1074012934101096e-01  -6.9048952565944166e-01   3.4472378269284920e-01  -3.1461463828613805e-02   2.4684557438514249e-01  -1.0567466853747881e-01   5.0820929909251567e-01  -1.8786333007076762e-02   1.3700497684266992e+00   1.1579214847287853e+00
   3.1451800000000000e-03   1.2650163314969929e+00   1.6212723012034822e+00   7.0523002094807982e-02   5.8820220080080099e-01   6.1487425641717264e-01  -4.4405242175937143e-01  -7.2763396811133996e-01  -1.7378328682399335e-01   2.4692497608313602e+00   1.5222744594247712e+00
   3.1461300000000000e-03  -1.2611411265630310e+00   2.3552616308442370e-01   3.8123656631926989e-02   1.3832299703745499e+00   9.5325858911670697e-02   6.9731220275776706e-01   1.1761420232538151e+00  -5.5922529170831659e-01   2.4831967918112801e+00   1.5269529019403825e+00
   2.7112000000000000e-03  -3.1298788783072740e-01  -5.2281931414871319e-01   2.0570804797488922e+00  -6.4219278789140521e-01  -3.6176139492852960e-01  -8.0400184966149701e-01   2.5471522451474049e-01   4.2039067669140640e-01   2.5053306685764918e+00   1.5324666209674824e+00
   0.0000000000000000e+00   0.0000000000000000e+00   0.0000000000000000e+00   0.0000000000000000e+00   0.0000000000000000e+00   0.0000000000000000e+00   0.0000000000000000e+00   0.0000000000000000e+00   0.0000000000000000e+00   2.4449470323625957e+00   1.5137455787585634e+00
