6.6354861314253951491381225779967860e-06	-4.5325844164221665864218170440337677e+00
1.4343974237975351199335885450446762e-05	-4.2147128716157728404661448132403093e+00
2.6195100843144903804614606481541617e-05	-3.9945633684872426291715664114332695e+00
4.0836260022441804756079622753794123e-05	-3.8242111901141949556381114074360341e+00
5.7974041505311119973245821075324231e-05	-3.6842125958105324732534217486658435e+00
7.7379547876075408424508838336287572e-05	-3.5647350965457580854139016090555646e+00
9.8865296822943855598280374757513926e-05	-3.4601020767276161379986851487124511e+00
1.2227272843765646748875163336088250e-04	-3.3667315130603706302935121764564070e+00
1.4746464401746329957889785172916233e-04	-3.2822138371004867148958508295252230e+00
1.7432027246982647214405718925069319e-04	-3.2048480199624912199113309345907214e+00
2.0273187012796399772179672217424092e-04	-3.1333870257229821951066957846571241e+00
2.3260227709984638229300280407198047e-04	-3.0668884742124927405364301517086125e+00
2.6384310174420547548333959383878230e-04	-3.0046222313234059487662297845200236e+00
2.9637333486518596159189252596132696e-04	-2.9460106839986952882657635858781738e+00
3.3011826790621226400320108318216299e-04	-2.8905887169287458985716516358412248e+00
3.6500863230132278505213670066051961e-04	-2.8379760584238241010691772944484198e+00
4.0097990357588054527941528608922187e-04	-2.7878576650662746156276255212125835e+00
4.3797173070052394747703405310123798e-04	-2.7399694884892269555641713111356363e+00
4.7592746237040711422772791041439245e-04	-2.6940879400043633134421540695202932e+00
5.1479374946160379674169718216741236e-04	-2.6500219542197285553439513789673607e+00
5.5452020818546257227484708876078499e-04	-2.6076069164065307834302266977151273e+00
5.9505913220227908300372574861464125e-04	-2.5666999505293615285277995713854204e+00
6.3636524466142674690717958879317013e-04	-2.5271762167493558067929655307972958e+00
6.7839548312541172471050219979196817e-04	-2.4889259687942045687491897306323325e+00
7.2110881182162523018173823472825012e-04	-2.4518521908810355065914551796789430e+00
7.6446605679075272410244960057692833e-04	-2.4158686819958324378591640096990198e+00
8.0842976036325223281660985468832846e-04	-2.3808984892948091835324121372673855e+00
8.5296405206392735727012842362226601e-04	-2.3468726167226115795996078925165450e+00
8.9803453356838515527381065670824823e-04	-2.3137289526107155573428581435835448e+00
9.4360817574941674119405314035490275e-04	-2.2814113730127887753414497747891566e+00
9.8965322618188262294872720671844510e-04	-2.2498689872006883045327493146635523e+00
1.0361391257406117958886973488652335e-03	-2.2190554990146027732425023472381595e+00
1.0830364331414028479544735984703329e-03	-2.1889286632829520646490601996068198e+00
1.1303167564512252083514385683111199e-03	-2.1594498207614716394086176479488459e+00
1.1779526907383789626754283834779046e-03	-2.1305834983153680095335299506423134e+00
1.2259177611530071237189213985498978e-03	-2.1022970636216466517336291274034809e+00
1.2741863708278723682913311619825773e-03	-2.0745604256748319175449733102688209e+00
1.3227337530725487703480851071739895e-03	-2.0473457739669253514994070236909113e+00
1.3715359274041613490067255221919969e-03	-2.0206273504774231231719692048653921e+00
1.4205696590169306794629199058075463e-03	-1.9943812496235692161313449551797931e+00
1.4698124213429614398569316378782872e-03	-1.9685852421393392263109621158302649e+00
1.5192423613994911941588629044587292e-03	-1.9432186195156024177333005986744729e+00
1.5688382676544323424189459590020847e-03	-1.9182620561755441284626387660596290e+00
1.6185795401735064223496845358582810e-03	-1.8936974870035607108581409585772384e+00
1.6684461628394112344350237024650030e-03	-1.8695079982118033885428854390614282e+00
1.7184186774569552469945736522947700e-03	-1.8456777298315100738587774645944329e+00
1.7684781595784994232044644210816390e-03	-1.8221917883681864732285656431416453e+00
1.8186061959018272174762620586171223e-03	-1.7990361683700671621797493924604919e+00
1.8687848631081045197489593625474490e-03	-1.7761976818356692848831100615402784e+00
1.9189967080212149396094685704317706e-03	-1.7536638945347098815625214674850457e+00
1.9692247289817322978959753294494143e-03	-1.7314230684420763504926242151913874e+00
2.0194523583393491456923483948311181e-03	-1.7094641095908699833388493511810687e+00
2.0696634459769099362321113382980239e-03	-1.6877765207409967917682489494503518e+00
2.1198422437874632928058332017105672e-03	-1.6663503583369797316897062382216492e+00
2.1699733910330884838106399903665655e-03	-1.6451761932947607649378940014009817e+00
2.2200419005207852555986933179617827e-03	-1.6242450752140181451800876488259134e+00
2.2700331455365450722042288633005864e-03	-1.6035484996614043296802064585952415e+00
2.3199328474839327268923666935514415e-03	-1.5830783782123236929477960514412071e+00
2.3697270641781752892757112301066163e-03	-1.5628270109754239183253457467109199e+00
2.4194021787509452608402584140833447e-03	-1.5427870613557112569774813497500476e+00
2.4689448891247927644460016956433902e-03	-1.5229515328398217849065653034651458e+00
2.5183421980195763187191312072434931e-03	-1.5033137476110797712905216579570587e+00
2.5675814034563056514975763563268425e-03	-1.4838673268230486255506810258104807e+00
2.6166500897265800773708715191148058e-03	-1.4646061723787507431714813680330092e+00
2.6655361187983145426736487599764519e-03	-1.4455244500789568137417155623414377e+00
2.7142276221307208641372373922708791e-03	-1.4266165740172260723107679083130767e+00
2.7627129928735788378186319265861958e-03	-1.4078771921119749764917795813152055e+00
2.8109808784277126682881836148220141e-03	-1.3893011726769836164703932370718578e+00
2.8590201733453018695412235153814441e-03	-1.3708835919416058424766879389915435e+00
2.9068200125502194732568293979728841e-03	-1.3526197224406928879920231248971212e+00
2.9543697648600191416271305943810492e-03	-1.3345050222020107896913802148717378e+00
3.0016590267925000056867538869151093e-03	-1.3165351246658495522309403976737255e+00
3.0486776166409756252828230002703936e-03	-1.2987058292776908285812230392649497e+00
3.0954155688034719729457048740015300e-03	-1.2810130927003110019129141119465418e+00
3.1418631283520882104775328138719553e-03	-1.2634530205966261738601756060015234e+00
3.1880107458296816723913298552561310e-03	-1.2460218599390027002238002748041017e+00
3.2338490722618924218641396647668354e-03	-1.2287159918047208308704659990901113e+00
3.2793689543733097438427754806692740e-03	-1.2115319246208414401815756791666791e+00
3.3245614299973090325280906951446880e-03	-1.1944662878249320244089081549076888e+00
3.3694177236697581473399044842188403e-03	-1.1775158259109977360835539867541333e+00
3.4139292423974123373965971103275093e-03	-1.1606773928325710181369466917407599e+00
3.4580875715923906693393335309290160e-03	-1.1439479467372699831682747351875557e+00
3.5018844711646585053265311873972304e-03	-1.1273245450092679969394420166327878e+00
3.5453118717649335510953564469496200e-03	-1.1108043395980487334950459603758519e+00
3.5883618711708905689410744846331313e-03	-1.0943845726135732669589165144806895e+00
3.6310267308099649615413380804979070e-03	-1.0780625721695771288060220105885685e+00
3.6732988724124507396599318189727329e-03	-1.0618357484581621512254114105794078e+00
3.7151708747889563039976337789569802e-03	-1.0457015900401649463806120653516462e+00
3.7566354707266241923583368364344722e-03	-1.0296576603369840216030273869850304e+00
3.7976855439988404632659357392596400e-03	-1.0137015943106423568360322772489330e+00
3.8383141264834575233692674451405563e-03	-9.9783109531986207055774308202629669e-01
3.8785143953848326150568816141437998e-03	-9.8204393214084176313298059690159204e-01
3.9182796705552443745789375515617950e-03	-9.6633793614226346283652485787782476e-01
3.9576034119114932308838153707010870e-03	-9.5071099860482215547968048094489731e-01
3.9964792169427192044729517196789504e-03	-9.3516106817627323383582027178324240e-01
4.0349008183056840401597552370849270e-03	-9.1968614845363775937979727899525178e-01
4.0728620815039646272047584132198749e-03	-9.0428429568479748530512061667428306e-01
4.1103570026476922966484005847458794e-03	-8.8895361658225591004570351666639811e-01
4.1473797062906487308754687187115984e-03	-8.7369226624234250185756050947553854e-01
4.1839244433416946942416970630721241e-03	-8.5849844616359852016767619578377801e-01
4.2199855890476633498615072865928637e-03	-8.4337040235850804245178215723041369e-01
4.2555576410449962603490791579261206e-03	-8.2830642355313003222941106533888719e-01
4.2906352174775379187565947602622597e-03	-8.1330483946954939781365908564629594e-01
4.3252130551780344096765727405567148e-03	-7.9836401918639956544955962697281459e-01
4.3592860079110041034970583959647417e-03	-7.8348236957301845451890868473416006e-01
4.3928490446747636415814863576604147e-03	-7.6865833379308600900042872600345168e-01
4.4258972480605013411362264331675582e-03	-7.5389038987385652526080796027168053e-01
4.4584258126663929653761363297317786e-03	-7.3917704933734466263737291379680427e-01
4.4904300435648519650685337174988286e-03	-7.2451685589005181306567891897042384e-01
4.5219053548210981701632567219990599e-03	-7.0990838416803087956931977386293041e-01
4.5528472680613158367104756027586817e-03	-6.9535023853428378257353150132291459e-01
4.5832514110887542517032665824210259e-03	-6.8084105192566837348423575716969359e-01
4.6131135165462020612920912923777923e-03	-6.6637948474666097767737520744536374e-01
4.6424294206233403896123153019271464e-03	-6.5196422380747851000580416461247933e-01
4.6711950618075499106855119278835987e-03	-6.3759398130421091531728189225069335e-01
4.6994064796768135612876110383657488e-03	-6.2326749383875141663868649909828591e-01
4.7270598137334197588363123524786649e-03	-6.0898352147643946639461648810633351e-01
4.7541513022772310207418360286345146e-03	-5.9474084683945008900161501184816134e-01
4.7806772813173399619415799760474384e-03	-5.8053827423407411590949626203507835e-01
4.8066341835209889543595789689106364e-03	-5.6637462881013723320940958385413683e-01
4.8320185371986814328320688835096914e-03	-5.5224875575090232567425523022905259e-01
4.8568269653244620827250780675876190e-03	-5.3815951949188980403106839874542768e-01
4.8810561845903900910284588126138758e-03	-5.2410580296713489886282252352981979e-01
4.9047030044942744217696116845186457e-03	-5.1008650688147971276290584680405114e-01
4.9277643264597828161034681670758682e-03	-4.9610054900757152684030681621855491e-01
4.9502371429880770373206000520010541e-03	-4.8214686350630781254371146368065641e-01
4.9721185368401658937390364087448612e-03	-4.6822440026953293130900415930270416e-01
4.9934056802492048835624742895177381e-03	-4.5433212428385191348857966101736127e-01
5.0140958341620070144394118205717331e-03	-4.4046901501448327176285069236915142e-01
5.0341863475090635498315568744715354e-03	-4.2663406580812577869517846849445138e-01
5.0536746565024062120533769803777260e-03	-4.1282628331386375952639927559155331e-01
5.0725582839606738104985817144788793e-03	-3.9904468692118193789774932889426367e-01
5.0908348386607764408706760540310136e-03	-3.8528830821420442551246270280500611e-01
5.1085020147155793904932180615078530e-03	-3.7155619044131325308376743227830946e-01
5.1255575909770567551753495371044195e-03	-3.5784738799934007148351103257225617e-01
5.1419994304643915899977149253089424e-03	-3.4416096593156046804291227145585660e-01
5.1578254798165252415437327108983982e-03	-3.3049599943875389074068478172336438e-01
5.1730337687686834009942238904241095e-03	-3.1685157340262358877084762162080612e-01
5.1876224096524304315069959254747055e-03	-3.0322678192090038772775210358325919e-01
5.2015895969188267119252619273461263e-03	-2.8962072785348163794594350556029415e-01
5.2149336066842861519402807671407592e-03	-2.7603252237898241320358860377132652e-01
5.2276527962987527187354367643836364e-03	-2.6246128456110009374289593215165709e-01
5.2397456039358358169185997990387886e-03	-2.4890614092421593454999738701399166e-01
5.2512105482045647251252784953447623e-03	-2.3536622503767818224047934675943374e-01
5.2620462277824420549798722305500607e-03	-2.2184067710823084037031411195567263e-01
5.2722513210694954002285706919215219e-03	-2.0832864358007036611839559042023751e-01
5.2818245858630450231923971394016867e-03	-1.9482927674202947798150029688398779e-01
5.2907648590529236180423477556161414e-03	-1.8134173434140292600157900882437234e-01
5.2990710563369019301231531176657451e-03	-1.6786517920394457976228423233030661e-01
5.3067421719560913306568042261832450e-03	-1.5439877885957857694314672075755314e-01
5.3137772784501113784142389703326835e-03	-1.4094170517337959422376524308170981e-01
5.3201755264318269749914725263616859e-03	-1.2749313398138859627852311978649900e-01
5.3259361443814759677649974847634466e-03	-1.1405224473084072708890134532148681e-01
5.3310584384600240030844996676839038e-03	-1.0061822012439136672854718072386070e-01
5.3355417923415991095846400899443779e-03	-8.7190245767934818543720070672051027e-02
5.3393856670648739246834297577460901e-03	-7.3767509821617645317602835340706073e-02
5.3425896009032786927105472928190991e-03	-6.0349202653655364439791239957369594e-02
5.3451532092539431863867699488860719e-03	-4.6934516496567064111400182065244276e-02
5.3470761845452805597263510046574571e-03	-3.3522645105447535066879743013989889e-02
5.3483582961631408545600071586110888e-03	-2.0112783417900742206694694933624136e-02
5.3489993903954764790815637590462762e-03	-6.7041272152619021721125587240634521e-03
5.3489993903954764790815637590462762e-03	6.7041272152619021721125587240634521e-03
5.3483582961631408545600071586110888e-03	2.0112783417900742206694694933624136e-02
5.3470761845452805597263510046574571e-03	3.3522645105447535066879743013989889e-02
5.3451532092539431863867699488860719e-03	4.6934516496567064111400182065244276e-02
5.3425896009032786927105472928190991e-03	6.0349202653655364439791239957369594e-02
5.3393856670648739246834297577460901e-03	7.3767509821617645317602835340706073e-02
5.3355417923415991095846400899443779e-03	8.7190245767934818543720070672051027e-02
5.3310584384600240030844996676839038e-03	1.0061822012439136672854718072386070e-01
5.3259361443814759677649974847634466e-03	1.1405224473084072708890134532148681e-01
5.3201755264318269749914725263616859e-03	1.2749313398138859627852311978649900e-01
5.3137772784501113784142389703326835e-03	1.4094170517337959422376524308170981e-01
5.3067421719560913306568042261832450e-03	1.5439877885957857694314672075755314e-01
5.2990710563369019301231531176657451e-03	1.6786517920394457976228423233030661e-01
5.2907648590529236180423477556161414e-03	1.8134173434140292600157900882437234e-01
5.2818245858630450231923971394016867e-03	1.9482927674202947798150029688398779e-01
5.2722513210694954002285706919215219e-03	2.0832864358007036611839559042023751e-01
5.2620462277824420549798722305500607e-03	2.2184067710823084037031411195567263e-01
5.2512105482045647251252784953447623e-03	2.3536622503767818224047934675943374e-01
5.2397456039358358169185997990387886e-03	2.4890614092421593454999738701399166e-01
5.2276527962987527187354367643836364e-03	2.6246128456110009374289593215165709e-01
5.2149336066842861519402807671407592e-03	2.7603252237898241320358860377132652e-01
5.2015895969188267119252619273461263e-03	2.8962072785348163794594350556029415e-01
5.1876224096524304315069959254747055e-03	3.0322678192090038772775210358325919e-01
5.1730337687686834009942238904241095e-03	3.1685157340262358877084762162080612e-01
5.1578254798165252415437327108983982e-03	3.3049599943875389074068478172336438e-01
5.1419994304643915899977149253089424e-03	3.4416096593156046804291227145585660e-01
5.1255575909770567551753495371044195e-03	3.5784738799934007148351103257225617e-01
5.1085020147155793904932180615078530e-03	3.7155619044131325308376743227830946e-01
5.0908348386607764408706760540310136e-03	3.8528830821420442551246270280500611e-01
5.0725582839606738104985817144788793e-03	3.9904468692118193789774932889426367e-01
5.0536746565024062120533769803777260e-03	4.1282628331386375952639927559155331e-01
5.0341863475090635498315568744715354e-03	4.2663406580812577869517846849445138e-01
5.0140958341620070144394118205717331e-03	4.4046901501448327176285069236915142e-01
4.9934056802492048835624742895177381e-03	4.5433212428385191348857966101736127e-01
4.9721185368401658937390364087448612e-03	4.6822440026953293130900415930270416e-01
4.9502371429880770373206000520010541e-03	4.8214686350630781254371146368065641e-01
4.9277643264597828161034681670758682e-03	4.9610054900757152684030681621855491e-01
4.9047030044942744217696116845186457e-03	5.1008650688147971276290584680405114e-01
4.8810561845903900910284588126138758e-03	5.2410580296713489886282252352981979e-01
4.8568269653244620827250780675876190e-03	5.3815951949188980403106839874542768e-01
4.8320185371986814328320688835096914e-03	5.5224875575090232567425523022905259e-01
4.8066341835209889543595789689106364e-03	5.6637462881013723320940958385413683e-01
4.7806772813173399619415799760474384e-03	5.8053827423407411590949626203507835e-01
4.7541513022772310207418360286345146e-03	5.9474084683945008900161501184816134e-01
4.7270598137334197588363123524786649e-03	6.0898352147643946639461648810633351e-01
4.6994064796768135612876110383657488e-03	6.2326749383875141663868649909828591e-01
4.6711950618075499106855119278835987e-03	6.3759398130421091531728189225069335e-01
4.6424294206233403896123153019271464e-03	6.5196422380747851000580416461247933e-01
4.6131135165462020612920912923777923e-03	6.6637948474666097767737520744536374e-01
4.5832514110887542517032665824210259e-03	6.8084105192566837348423575716969359e-01
4.5528472680613158367104756027586817e-03	6.9535023853428378257353150132291459e-01
4.5219053548210981701632567219990599e-03	7.0990838416803087956931977386293041e-01
4.4904300435648519650685337174988286e-03	7.2451685589005181306567891897042384e-01
4.4584258126663929653761363297317786e-03	7.3917704933734466263737291379680427e-01
4.4258972480605013411362264331675582e-03	7.5389038987385652526080796027168053e-01
4.3928490446747636415814863576604147e-03	7.6865833379308600900042872600345168e-01
4.3592860079110041034970583959647417e-03	7.8348236957301845451890868473416006e-01
4.3252130551780344096765727405567148e-03	7.9836401918639956544955962697281459e-01
4.2906352174775379187565947602622597e-03	8.1330483946954939781365908564629594e-01
4.2555576410449962603490791579261206e-03	8.2830642355313003222941106533888719e-01
4.2199855890476633498615072865928637e-03	8.4337040235850804245178215723041369e-01
4.1839244433416946942416970630721241e-03	8.5849844616359852016767619578377801e-01
4.1473797062906487308754687187115984e-03	8.7369226624234250185756050947553854e-01
4.1103570026476922966484005847458794e-03	8.8895361658225591004570351666639811e-01
4.0728620815039646272047584132198749e-03	9.0428429568479748530512061667428306e-01
4.0349008183056840401597552370849270e-03	9.1968614845363775937979727899525178e-01
3.9964792169427192044729517196789504e-03	9.3516106817627323383582027178324240e-01
3.9576034119114932308838153707010870e-03	9.5071099860482215547968048094489731e-01
3.9182796705552443745789375515617950e-03	9.6633793614226346283652485787782476e-01
3.8785143953848326150568816141437998e-03	9.8204393214084176313298059690159204e-01
3.8383141264834575233692674451405563e-03	9.9783109531986207055774308202629669e-01
3.7976855439988404632659357392596400e-03	1.0137015943106423568360322772489330e+00
3.7566354707266241923583368364344722e-03	1.0296576603369840216030273869850304e+00
3.7151708747889563039976337789569802e-03	1.0457015900401649463806120653516462e+00
3.6732988724124507396599318189727329e-03	1.0618357484581621512254114105794078e+00
3.6310267308099649615413380804979070e-03	1.0780625721695771288060220105885685e+00
3.5883618711708905689410744846331313e-03	1.0943845726135732669589165144806895e+00
3.5453118717649335510953564469496200e-03	1.1108043395980487334950459603758519e+00
3.5018844711646585053265311873972304e-03	1.1273245450092679969394420166327878e+00
3.4580875715923906693393335309290160e-03	1.1439479467372699831682747351875557e+00
3.4139292423974123373965971103275093e-03	1.1606773928325710181369466917407599e+00
3.3694177236697581473399044842188403e-03	1.1775158259109977360835539867541333e+00
3.3245614299973090325280906951446880e-03	1.1944662878249320244089081549076888e+00
3.2793689543733097438427754806692740e-03	1.2115319246208414401815756791666791e+00
3.2338490722618924218641396647668354e-03	1.2287159918047208308704659990901113e+00
3.1880107458296816723913298552561310e-03	1.2460218599390027002238002748041017e+00
3.1418631283520882104775328138719553e-03	1.2634530205966261738601756060015234e+00
3.0954155688034719729457048740015300e-03	1.2810130927003110019129141119465418e+00
3.0486776166409756252828230002703936e-03	1.2987058292776908285812230392649497e+00
3.0016590267925000056867538869151093e-03	1.3165351246658495522309403976737255e+00
2.9543697648600191416271305943810492e-03	1.3345050222020107896913802148717378e+00
2.9068200125502194732568293979728841e-03	1.3526197224406928879920231248971212e+00
2.8590201733453018695412235153814441e-03	1.3708835919416058424766879389915435e+00
2.8109808784277126682881836148220141e-03	1.3893011726769836164703932370718578e+00
2.7627129928735788378186319265861958e-03	1.4078771921119749764917795813152055e+00
2.7142276221307208641372373922708791e-03	1.4266165740172260723107679083130767e+00
2.6655361187983145426736487599764519e-03	1.4455244500789568137417155623414377e+00
2.6166500897265800773708715191148058e-03	1.4646061723787507431714813680330092e+00
2.5675814034563056514975763563268425e-03	1.4838673268230486255506810258104807e+00
2.5183421980195763187191312072434931e-03	1.5033137476110797712905216579570587e+00
2.4689448891247927644460016956433902e-03	1.5229515328398217849065653034651458e+00
2.4194021787509452608402584140833447e-03	1.5427870613557112569774813497500476e+00
2.3697270641781752892757112301066163e-03	1.5628270109754239183253457467109199e+00
2.3199328474839327268923666935514415e-03	1.5830783782123236929477960514412071e+00
2.2700331455365450722042288633005864e-03	1.6035484996614043296802064585952415e+00
2.2200419005207852555986933179617827e-03	1.6242450752140181451800876488259134e+00
2.1699733910330884838106399903665655e-03	1.6451761932947607649378940014009817e+00
2.1198422437874632928058332017105672e-03	1.6663503583369797316897062382216492e+00
2.0696634459769099362321113382980239e-03	1.6877765207409967917682489494503518e+00
2.0194523583393491456923483948311181e-03	1.7094641095908699833388493511810687e+00
1.9692247289817322978959753294494143e-03	1.7314230684420763504926242151913874e+00
1.9189967080212149396094685704317706e-03	1.7536638945347098815625214674850457e+00
1.8687848631081045197489593625474490e-03	1.7761976818356692848831100615402784e+00
1.8186061959018272174762620586171223e-03	1.7990361683700671621797493924604919e+00
1.7684781595784994232044644210816390e-03	1.8221917883681864732285656431416453e+00
1.7184186774569552469945736522947700e-03	1.8456777298315100738587774645944329e+00
1.6684461628394112344350237024650030e-03	1.8695079982118033885428854390614282e+00
1.6185795401735064223496845358582810e-03	1.8936974870035607108581409585772384e+00
1.5688382676544323424189459590020847e-03	1.9182620561755441284626387660596290e+00
1.5192423613994911941588629044587292e-03	1.9432186195156024177333005986744729e+00
1.4698124213429614398569316378782872e-03	1.9685852421393392263109621158302649e+00
1.4205696590169306794629199058075463e-03	1.9943812496235692161313449551797931e+00
1.3715359274041613490067255221919969e-03	2.0206273504774231231719692048653921e+00
1.3227337530725487703480851071739895e-03	2.0473457739669253514994070236909113e+00
1.2741863708278723682913311619825773e-03	2.0745604256748319175449733102688209e+00
1.2259177611530071237189213985498978e-03	2.1022970636216466517336291274034809e+00
1.1779526907383789626754283834779046e-03	2.1305834983153680095335299506423134e+00
1.1303167564512252083514385683111199e-03	2.1594498207614716394086176479488459e+00
1.0830364331414028479544735984703329e-03	2.1889286632829520646490601996068198e+00
1.0361391257406117958886973488652335e-03	2.2190554990146027732425023472381595e+00
9.8965322618188262294872720671844510e-04	2.2498689872006883045327493146635523e+00
9.4360817574941674119405314035490275e-04	2.2814113730127887753414497747891566e+00
8.9803453356838515527381065670824823e-04	2.3137289526107155573428581435835448e+00
8.5296405206392735727012842362226601e-04	2.3468726167226115795996078925165450e+00
8.0842976036325223281660985468832846e-04	2.3808984892948091835324121372673855e+00
7.6446605679075272410244960057692833e-04	2.4158686819958324378591640096990198e+00
7.2110881182162523018173823472825012e-04	2.4518521908810355065914551796789430e+00
6.7839548312541172471050219979196817e-04	2.4889259687942045687491897306323325e+00
6.3636524466142674690717958879317013e-04	2.5271762167493558067929655307972958e+00
5.9505913220227908300372574861464125e-04	2.5666999505293615285277995713854204e+00
5.5452020818546257227484708876078499e-04	2.6076069164065307834302266977151273e+00
5.1479374946160379674169718216741236e-04	2.6500219542197285553439513789673607e+00
4.7592746237040711422772791041439245e-04	2.6940879400043633134421540695202932e+00
4.3797173070052394747703405310123798e-04	2.7399694884892269555641713111356363e+00
4.0097990357588054527941528608922187e-04	2.7878576650662746156276255212125835e+00
3.6500863230132278505213670066051961e-04	2.8379760584238241010691772944484198e+00
3.3011826790621226400320108318216299e-04	2.8905887169287458985716516358412248e+00
2.9637333486518596159189252596132696e-04	2.9460106839986952882657635858781738e+00
2.6384310174420547548333959383878230e-04	3.0046222313234059487662297845200236e+00
2.3260227709984638229300280407198047e-04	3.0668884742124927405364301517086125e+00
2.0273187012796399772179672217424092e-04	3.1333870257229821951066957846571241e+00
1.7432027246982647214405718925069319e-04	3.2048480199624912199113309345907214e+00
1.4746464401746329957889785172916233e-04	3.2822138371004867148958508295252230e+00
1.2227272843765646748875163336088250e-04	3.3667315130603706302935121764564070e+00
9.8865296822943855598280374757513926e-05	3.4601020767276161379986851487124511e+00
7.7379547876075408424508838336287572e-05	3.5647350965457580854139016090555646e+00
5.7974041505311119973245821075324231e-05	3.6842125958105324732534217486658435e+00
4.0836260022441804756079622753794123e-05	3.8242111901141949556381114074360341e+00
2.6195100843144903804614606481541617e-05	3.9945633684872426291715664114332695e+00
1.4343974237975351199335885450446762e-05	4.2147128716157728404661448132403093e+00
6.6354861314253951491381225779967860e-06	4.5325844164221665864218170440337677e+00
0.0000000000000000000000000000000000e+00	5.1896108927215068931648852198580619e-05