   2.5362000000000002e-03  -3.9116945247453744e-01   1.4790336661738177e+00  -1.4656274397554649e+00   1.3108911603388995e-01   3.4699787023932127e-01
   1.1364500000000000e-03   2.2995486606222419e+00   1.6891050424624592e+00   2.5812385821329953e-01   3.0698071872857990e-01   5.1207780464456976e-01
   2.7815900000000000e-03   1.8098064035026840e+00  -2.3915712962277591e-01  -7.1077311859827130e-01   1.1139352611611607e-01   3.2034815310179138e-01
   1.2136800000000000e-03  -1.5773008314047547e+00   4.0162200999736082e-04   2.3326968234093592e+00   2.9403446860452886e-01   5.0089730849751901e-01
   3.1205000000000000e-03  -1.7257939906452440e+00  -4.6652429444352900e-01  -4.0919581005296041e-01   1.0070263714106217e-01   3.0527591738394388e-01
   2.6213400000000002e-03  -5.8991226435649613e-01   2.0045472416667911e+00   2.0190724574862884e-01   1.3103984802308213e-01   3.4702460977278982e-01
   2.6551200000000000e-03  -6.2533938453852955e-01  -1.7560078134249169e+00   9.7736435380454234e-01   1.3139153926517227e-01   3.4790057299803501e-01
   9.5580000000000003e-04   9.9375952438221760e-01  -2.6840172731605079e+00  -7.9808265507127230e-01   3.3821518618233182e-01   5.3636348169697645e-01
   5.4292699999999999e-03   6.1169785768383311e-01  -3.6090505559000097e-01   7.0312335457589825e-01   6.4909416193605143e-02   2.4589565774797800e-01
   2.5135200000000000e-03   1.3044638400122326e+00   1.6934234957026635e+00   2.4892059974161501e-01   1.3692291632122230e-01   3.5472369723883029e-01
   5.0577900000000004e-03  -7.9873344573089575e-02   8.3317639537842880e-01  -5.2109286236359920e-01   6.2826407665046394e-02   2.4141591422272815e-01
   5.2265999999999996e-03   9.1474370717496301e-01  -9.1065624570468434e-02  -1.1968839456244118e-01   6.0507445801372212e-02   2.3743408935490595e-01
   3.8527100000000001e-03  -2.3766361375664907e-01  -2.6051160849899757e-01  -1.5247651709657499e+00   8.5272531938846374e-02   2.8118806301304317e-01
   4.8556099999999998e-03   1.0311153567374594e+00   4.2199018785333070e-01   1.4609889845556178e-02   6.6484040168967432e-02   2.4843875759902542e-01
   2.5704299999999999e-03   1.7808769746184343e+00  -7.5723306470326002e-01   6.6668711793744762e-01   1.1938533996170142e-01   3.3147831692358865e-01
   5.0595700000000002e-03   7.6332071500266807e-01  -5.2595207794309518e-01  -4.3020937314969843e-01   6.4161148866081819e-02   2.4407087848649126e-01
   3.2937499999999998e-03   5.9354113123486252e-01   4.3434613230503882e-01  -1.6074041013766429e+00   9.7226968962679614e-02   2.9998582110675165e-01
   3.8958899999999999e-03  -2.4657522844621482e-01  -1.4873048229054091e+00   4.5850724784633662e-01   8.6360945875738157e-02   2.8320632507172661e-01
   4.0217400000000002e-03   1.7139046242564399e-01   1.4370767726288771e+00  -4.4375427503646064e-01   8.3274361929623800e-02   2.7789569556621713e-01
   3.7762600000000000e-03   1.2554843574377696e+00   8.9403147582978085e-02   8.3350620860748503e-01   7.9363870202773329e-02   2.7146851621618745e-01
   5.9051900000000003e-03   3.4370344682951093e-01   1.1800265702334692e-01   5.2470358359006275e-01   5.6820513860506572e-02   2.2993630139566315e-01
   2.4260499999999999e-03  -1.6020404345411925e+00   1.4748001825715056e+00   1.9606712500571159e-02   1.3851594215155247e-01   3.5668182246043795e-01
   2.7866599999999998e-03  -5.2907381711127528e-02   7.6136630809979222e-01  -1.9267642753663410e+00   1.3010942840789538e-01   3.4605430873496423e-01
   5.3898699999999997e-03  -3.9943683964606741e-01   5.4273665088264078e-01   6.7853355713393337e-01   6.3168356929428890e-02   2.4243178157449422e-01
   4.1842800000000003e-03  -7.1134976409010808e-01   1.0153552228904104e+00   8.3742982902379204e-01   8.3615418385178678e-02   2.7856882402165761e-01
   3.8474700000000000e-03   1.1685544986793639e+00  -5.7585450197987509e-01  -8.8618177772956708e-01   8.5758378511277475e-02   2.8221350562441433e-01
   1.0891600000000000e-03   8.7144489513639911e-01  -1.6034718070556477e+00   2.2441052799371604e+00   3.1111642842679071e-01   5.1511749877403734e-01
   2.6162999999999998e-03  -8.9059703822678604e-01  -3.1637554672463086e-01   1.8225323876692514e+00   1.2146507488879715e-01   3.3438864628427356e-01
   4.7771100000000002e-03  -9.4347609502871588e-01  -3.5965622215727416e-01   2.6505224228830010e-01   6.2053576556683594e-02   2.4021501187923647e-01
   2.4838199999999999e-03  -7.2160736295526118e-01   7.4029585148490396e-02  -2.0433529010617040e+00   1.3954719038434649e-01   3.5788037253262112e-01
   1.4563899999999999e-03   1.6126812319774739e+00   5.6002573800017152e-01   2.0731888549240685e+00   2.5171006913521199e-01   4.6772584497319919e-01
   3.3224000000000001e-03   1.2763793385845068e-02   6.8772316798282251e-01   1.6329128336911840e+00   9.7119470440624009e-02   2.9995603171190716e-01
   3.5394100000000002e-03  -1.4199045431633233e+00   8.0522868396164915e-01  -7.6144400887554059e-02   8.6929043757846755e-02   2.8390596358239006e-01
   2.8010399999999999e-03  -6.5312922515533689e-01  -1.1432332835770533e+00   1.6404672553404300e+00   1.3401180128650594e-01   3.5183992592421737e-01
   2.5045200000000001e-03   7.9721345888919204e-01   1.9334350589098714e+00  -4.1464722106119706e-01   1.3063696280717371e-01   3.4690798018020952e-01
   2.2744499999999999e-03  -1.7672952786136178e+00  -7.0835140109045036e-01  -1.1619140716384568e+00   1.4419288859070833e-01   3.6364870579431230e-01
   3.8870699999999998e-03   3.5027316005589493e-01   7.7908862118827904e-01  -1.2114069386171180e+00   7.9262761322380262e-02   2.7105739122303268e-01
   1.3330600000000001e-03   2.6400257104744833e+00  -3.1151339600714745e-01  -7.3527289300202259e-01   2.7297146939277106e-01   4.8602921721608600e-01
   2.6219400000000001e-03  -1.1112653628753886e+00   1.6726451172081962e+00   6.9110487440437063e-01   1.3386386891828636e-01   3.5096757799249789e-01
   4.1862999999999996e-03  -2.0284645498564974e-01   2.7465676794379033e-02   1.4936663078206909e+00   8.4127478737400091e-02   2.7962783973335770e-01
   6.3781899999999997e-03  -5.2948300280858540e-01  -2.1295678528984474e-01  -1.3058339822899401e-01   5.8031524192788557e-02   2.3258641712290881e-01
   2.8291100000000001e-03  -1.8705138899916218e+00   8.1841219439452481e-02  -9.1499846640761873e-01   1.3386251236113780e-01   3.5061746261184012e-01
   4.6886100000000002e-03   1.6159180430107578e-01  -7.0780587187413535e-01   9.4969686944979237e-01   6.9992909986317395e-02   2.5463562568453796e-01
   2.4604800000000001e-03   1.4003991580421820e+00  -1.4209079732058705e+00   6.6830192491970308e-01   1.2605750732659599e-01   3.4013675958000750e-01
   9.7703000000000004e-04   7.7804510858411646e-01  -2.4921569731726674e+00   1.4149582534296126e+00   3.4765979067470248e-01   5.4252761864678467e-01
   4.6566100000000003e-03  -1.0927740572455613e+00  -3.1871225533786041e-01  -2.7140451501233276e-01   6.6479846119199590e-02   2.4878632390099265e-01
   1.7286400000000000e-03  -6.8508453355052235e-02  -1.8660521983522917e+00   1.6728316478902641e+00   1.9637844396051676e-01   4.1813085063428002e-01
   6.2505399999999997e-03   4.4959408337633161e-01   2.2517062042328070e-01   2.3266850713578972e-02   5.5628429826877469e-02   2.2769588469484539e-01
   9.4822000000000005e-04  -2.4184004090067415e+00  -1.8128762893786698e+00  -6.7639696537551391e-02   3.7969923067173306e-01   5.6746378852678270e-01
   4.1248099999999996e-03  -4.4350458700825282e-02   2.9461641581833220e-01  -1.4211866568546083e+00   7.9655052598207265e-02   2.7178180780482386e-01
   4.3211500000000002e-03   1.1176967217727083e+00   9.8525900294480051e-01   1.4866394702671795e-01   8.5459394429221680e-02   2.8175616651629887e-01
   1.2074300000000000e-03   1.6705372463282560e+00  -1.7473088350448787e+00   1.4879828671980209e+00   3.0319199270255676e-01   5.0921019445741944e-01
   1.2540600000000000e-03  -1.5806211220477426e+00  -7.1459671625403887e-01  -2.2204053340408318e+00   2.9803547272891379e-01   5.0557740272540819e-01
   3.0198199999999999e-03   1.4998566719958013e+00   2.4577663441228001e-01  -9.9408100671228461e-01   9.7484408649347098e-02   2.9994391386398062e-01
   2.5343499999999999e-03  -2.1416142979650306e+00   2.2756888620756453e-02  -7.3834842811024343e-02   1.3482320534149986e-01   3.5214821130378521e-01
   1.1331700000000000e-03  -1.5285090660208425e+00   4.7121492561962347e-01  -2.4527557861070846e+00   3.4826959052702661e-01   5.4573392062092563e-01
   4.1694899999999997e-03   1.3244029473685488e+00  -5.2383000359596854e-01  -2.9586983879749351e-01   8.0487044301747093e-02   2.7316113931219549e-01
   9.6498999999999999e-04   2.1769678499082237e+00   1.3416020201752441e+00   1.5136432034212224e+00   3.4252181041003821e-01   5.3870078115200126e-01
   3.9626300000000000e-03   8.8784567334952658e-01  -9.6119865541275007e-01   6.7074112326679847e-01   7.9632093125840214e-02   2.7143381958268675e-01
   2.2508200000000002e-03  -8.3611270810541605e-01   8.6310983697537857e-01  -1.8778664326560170e+00   1.4205837689866715e-01   3.6117968639306852e-01
   3.7446500000000000e-03   1.3952149709192894e+00   6.0820756087368943e-01  -4.2366943264517753e-01   8.6592209369579634e-02   2.8301259522997613e-01
   9.5341999999999996e-04   1.7675970522437843e+00  -2.2477929979931845e-02  -2.4257180094017108e+00   3.6471464151522526e-01   5.5616047502487043e-01
   1.1944300000000000e-03   2.2527052024409806e+00   1.5052535332084187e+00  -9.2270098024688185e-01   3.1325488412871316e-01   5.1839221143595915e-01
   2.4107400000000002e-03   1.2095269990480171e+00   1.1865593642976338e+00   1.4024725483726710e+00   1.4170367844837201e-01   3.6086554511457164e-01
   3.2726800000000000e-03  -1.0684270685695441e+00  -6.4457713804080541e-01   1.2540128887813111e+00   9.5586267335387387e-02   2.9785640667573743e-01
   2.6104300000000000e-03   1.5214491276434872e+00   1.0135761157663590e+00  -1.0457581774965254e+00   1.2994919747678998e-01   3.4581698865246324e-01
   9.4959999999999999e-04   2.8899290990198203e+00   7.1197481196704393e-01  -2.5790630863562120e-01   3.6153785495989882e-01   5.5154837281846647e-01
   3.6659499999999999e-03  -1.2869832472200697e+00   6.0255787141149286e-01  -6.8668606669361087e-01   8.4042205158046931e-02   2.7901048712485421e-01
   3.1860500000000002e-03   8.2228043312344490e-01  -6.7675188944582920e-01  -1.4489216362132538e+00   9.7988645684642342e-02   3.0113442959059350e-01
   4.5286500000000004e-03  -7.5079854028107440e-01  -3.9565843328827632e-01   8.0848797765865976e-01   6.5601384151004430e-02   2.4706976233713368e-01
   2.7073100000000001e-03   2.0130078735114894e+00  -6.0320124177253454e-01  -2.4885201894114271e-02   1.3246433216940762e-01   3.4920116114920979e-01
   1.0625400000000001e-03   9.8995028685201047e-01   1.6924213264180454e+00   2.2397009731516593e+00   3.6393725972598351e-01   5.5842486502598165e-01
   3.4964100000000001e-03  -1.1957780339485480e+00  -8.6828230135140050e-01  -6.0452028100564170e-01   8.3428841135850237e-02   2.7796624769651607e-01
   5.4301699999999998e-03   4.8606550547878734e-02   4.1232471331089010e-01   9.8332524002362576e-01   6.8599189995007817e-02   2.5260583924112640e-01
   3.4455800000000002e-03   8.7734748826568076e-01   1.2063215237484803e+00   7.1932234878724832e-01   8.7892404368085472e-02   2.8519803294500962e-01
   3.9118699999999996e-03  -7.8644872741838734e-01  -3.1545633241134957e-01  -1.2731587544504075e+00   8.2529756195545478e-02   2.7673887567788935e-01
   5.3628599999999997e-03  -3.1292785304658916e-01   2.6913622974907968e-03   9.0567208550484291e-01   6.3193223396166856e-02   2.4240461849393855e-01
   2.7410799999999999e-03  -3.3442671810660929e-01   1.8616611337102442e+00  -6.7908511507704139e-01   1.1808524484447966e-01   3.2947572376375456e-01
   5.2086199999999997e-03  -4.3162694499915172e-01   9.3127528333356427e-02  -9.4960195045320517e-01   6.5690835990917185e-02   2.4721423251182656e-01
   1.2651299999999999e-03  -7.5152483669993853e-01   2.6159275961929294e+00  -5.1084361249057941e-01   2.7036516970875513e-01   4.8260965695527158e-01
   2.6193900000000001e-03   1.3283946267008182e+00  -9.3635563172367609e-01   1.2679873473317125e+00   1.2349089153470290e-01   3.3678307063473190e-01
   1.0377200000000000e-03  -4.9004714337370797e-01   1.5954171865886673e+00  -2.3971045939058482e+00   3.1872142598884134e-01   5.2205918365211457e-01
   2.3825700000000001e-03  -6.2682618535150014e-01  -6.7102221241376414e-01  -1.9451726593943048e+00   1.3329464442340647e-01   3.4979327798447490e-01
   3.5893800000000001e-03   7.6434162539293093e-01   1.3199391165834211e+00  -8.9626493158084541e-01   1.0135307481364383e-01   3.0658085859271261e-01
   3.7394199999999998e-03   5.5639939794310644e-01   8.8394074060912520e-01   1.2510990562660720e+00   9.0582158546771235e-02   2.8979198017061220e-01
   4.0481400000000004e-03   6.6279876632902168e-01   1.3079188894118674e+00  -1.7058966103587292e-01   8.1246128973693779e-02   2.7431878375465452e-01
   5.9836700000000000e-03  -5.3320509605907500e-02   4.8587867926315031e-01  -6.0672636878650224e-02   5.4242434520837705e-02   2.2470798037201103e-01
   2.4011599999999998e-03   1.8022787043749300e+00  -9.3571229438902348e-01  -7.4426387226643376e-01   1.3436328692940683e-01   3.5139903971618464e-01
   3.6578000000000001e-03   1.3159449451075993e+00  -8.7573703125577085e-01   1.6764444587824262e-01   8.5228353672898813e-02   2.8093428913500212e-01
   5.0648899999999998e-03   8.9362732929825905e-01  -5.3586946655625467e-01   1.9998532254836204e-01   6.5312204965194437e-02   2.4649400332730548e-01
   1.1332099999999999e-03  -2.0346802740962922e+00  -1.5890590290943889e+00  -1.3992699271669169e+00   3.5856015277414949e-01   5.5323463209277279e-01
   4.1157800000000003e-03  -8.0615597343438550e-01  -1.6064776652245077e-02   1.2479734552884434e+00   8.1535714505065734e-02   2.7519492889609315e-01
   2.7798699999999998e-03  -1.1319094991713325e+00  -9.2599208930719268e-01  -1.4157895320379628e+00   1.2431134145404528e-01   3.3777960267763268e-01
   2.7182000000000000e-03  -1.3597472899208729e+00  -1.1023241847146742e-01  -1.5931964787325685e+00   1.3170181055253180e-01   3.4847649591468677e-01
   4.2270700000000003e-03   1.4383560106290805e+00  -2.0803800279912524e-01   2.5753072059894538e-01   8.2335416103555326e-02   2.7652451704643277e-01
   2.1253600000000002e-03   2.0699978848828815e+00   5.2490988810981321e-01  -6.6853796660556231e-01   1.3715678513841678e-01   3.5513053342595824e-01
   3.9960400000000002e-03  -4.9117061635353559e-01  -1.2524981270830735e+00  -6.1350378359339142e-01   7.9932600856656558e-02   2.7231151352861727e-01
   1.0926600000000001e-03   3.6142335567496331e-01   2.4774976241115558e+00   1.4492030328608261e+00   3.1910717046897252e-01   5.2151136886965377e-01
   1.1184999999999999e-03  -1.1844708241254520e+00  -1.9297487864144560e+00   1.8346616807409746e+00   3.4207756941444950e-01   5.3791193566058348e-01
   1.4356400000000000e-03  -2.0848778118893798e+00   1.5184542738446256e+00   8.6169435040724562e-01   2.6257126824262783e-01   4.7717115655212755e-01
   2.5712500000000002e-03  -1.2400274052589662e+00  -1.3322485663089843e+00   1.0548055476404377e+00   1.2811599881996905e-01   3.4350073096020844e-01
   3.9528599999999999e-03   1.1880934928349203e+00  -4.6935365313215616e-01   7.6989671965347783e-01   8.1066816696348951e-02   2.7402652736922167e-01
   5.2218100000000003e-03  -6.5571159164740611e-01  -2.8307438742663266e-01  -6.3848157501357961e-01   6.2262974409611198e-02   2.4062188560085601e-01
   9.9305000000000010e-04   5.8000918854403860e-01   2.1651662213081027e+00  -1.9157226556334648e+00   3.3464842252166566e-01   5.3379805956206272e-01
   2.2600599999999999e-03   9.1192366528721625e-01  -1.8723912500027746e+00   6.5546271004494416e-01   1.3465140211150312e-01   3.5109901739454136e-01
   1.1354200000000000e-03  -2.4080805981227473e+00  -2.7929106954551897e-01   1.5538807165429054e+00   3.2044306537179734e-01   5.2198798997604345e-01
   5.3720299999999999e-03   9.7736294931613024e-02  -7.1697403188972580e-02  -9.2333595160861093e-01   6.2308128966371570e-02   2.4069743636043006e-01
   5.0801199999999996e-03   5.7967755960025055e-02   1.0015283375682515e+00  -4.9013751077564796e-02   6.2878004780149307e-02   2.4178762053449213e-01
   1.0846000000000000e-03  -2.3443366193561395e+00   1.0212760648223453e+00  -1.3807679895191780e+00   3.2364351464973135e-01   5.2592330895408079e-01
   2.6116500000000001e-03  -1.5398433195982244e+00  -8.8582351605544257e-02   1.3939748497185480e+00   1.2458316870969982e-01   3.3889221309382439e-01
   6.1053699999999997e-03   1.9216051189858444e-01   3.1691098542463730e-01  -4.5094999894814181e-01   5.6567430481514018e-02   2.2953228434976450e-01
   9.1587999999999999e-04   2.6364589273907773e+00  -1.3629040599014479e+00  -4.2557290310645818e-01   3.4743871125524578e-01   5.4274570322199922e-01
   2.7052000000000001e-03   5.2322550850333549e-01  -1.3320640233166077e+00  -1.4909435342091835e+00   1.2652736296153774e-01   3.4116555765245388e-01
   2.5684700000000002e-03  -1.2107089231181967e+00   1.1386214151802601e+00   1.2807131677335448e+00   1.2840196471704221e-01   3.4339232327652031e-01
   2.3894599999999999e-03   3.0325972267801160e-01   1.3332539195422506e+00  -1.6363667210427433e+00   1.3023307483140717e-01   3.4543836414998846e-01
   2.7860699999999999e-03   1.3918518421187496e+00   1.4183757528441379e+00  -4.3649331705786260e-01   1.2353072361485842e-01   3.3704750840194236e-01
   4.4388700000000001e-03   4.1261237940464995e-01   7.3627261506610009e-01   7.7869144482265040e-01   6.4331384870368144e-02   2.4434597610576028e-01
   3.9961299999999996e-03   2.0612230390744252e-01  -6.8137016431389830e-01  -1.2823459043822436e+00   7.9387388693968094e-02   2.7131109482064980e-01
   1.1299000000000001e-03   2.3546352711568979e+00  -1.4369345671266438e+00   6.1657334828487942e-01   2.8140205542649926e-01   4.9098737104701051e-01
   2.7702600000000001e-03   7.2289305025430350e-01  -1.4689963978630660e+00   1.2923629924753766e+00   1.3100974655974301e-01   3.4759971034917192e-01
   2.4570999999999998e-03   8.4003702817840364e-01  -1.7450221042026175e+00  -9.2608564159223528e-01   1.3157007242043922e-01   3.4803592219406215e-01
   2.2574299999999999e-03   2.6917510337336953e-01  -2.1387537492317610e+00  -4.6124289037359234e-01   1.3580136399675563e-01   3.5355708831936522e-01
   3.7227800000000002e-03  -6.9023570727218320e-01   3.3887964216919919e-01  -1.4361502418538237e+00   9.0194937728164101e-02   2.8881522918225955e-01
   5.6403199999999999e-03   1.4505216023461723e-01   5.7186111139688689e-01   3.5740412568173952e-01   5.6736337445449245e-02   2.2962021846895764e-01
   5.9196600000000002e-03   4.7432723469814198e-01  -2.5701776886161615e-01   1.2586973752341787e-01   5.5060180746976370e-02   2.2635181212225547e-01
   2.2941699999999999e-03   9.0725985681443400e-01  -7.7741347514259840e-01   1.7912656189849236e+00   1.2835061618274585e-01   3.4339925710488994e-01
   1.2879400000000000e-03  -1.4726105352088397e+00   1.5245215263893201e+00  -1.8173784998676816e+00   2.8644513950741796e-01   4.9610677830863409e-01
   3.8737300000000001e-03  -1.2832631973210080e+00  -8.4936191495085533e-01   2.6691712786971404e-02   8.2534948254686116e-02   2.7689249015541678e-01
   5.4069100000000000e-03   1.9160093997326472e-01  -1.5591074118913612e-01   1.0140786550020833e+00   6.7224212988080276e-02   2.5007298640993958e-01
   2.1666699999999999e-03  -9.6894428002828581e-01   1.6584899707906475e+00  -1.0638542350917184e+00   1.3062609882708948e-01   3.4654452447159778e-01
   2.3777000000000000e-03  -1.5965189230465138e+00   1.2729817603998177e+00  -7.9576040273427306e-01   1.3918700171061152e-01   3.5753647176794151e-01
   2.4541500000000000e-03  -2.0168538615121907e+00  -3.9964029879066686e-02   6.7570636360306890e-01   1.2891493776006549e-01   3.4434728009603932e-01
   3.2466100000000000e-03   9.0325334676914462e-02  -1.5954272884460425e+00  -8.9842713827612186e-01   1.0442614327883550e-01   3.1061224617419808e-01
   1.0280000000000001e-03   2.2487723728082805e+00  -1.0490054547975944e+00  -1.6538519561933913e+00   3.6289359525613502e-01   5.5700406130113611e-01
   2.5850700000000001e-03   1.6086459383391585e+00   1.1653717440276976e+00   6.8904617585457806e-01   1.2913383317424551e-01   3.4449759124731194e-01
   4.8060200000000003e-03   1.0364010317615018e+00  -1.2854877909891340e-02  -6.6373696647877956e-01   7.2332363057612717e-02   2.5914291412703294e-01
   1.0488800000000001e-03  -2.8804455290428619e+00   3.4387661229852906e-01  -4.9457659573275142e-01   3.3459972305851021e-01   5.3608512015146004e-01
   2.5207099999999998e-03  -1.7696326099925468e+00   5.6986880179497468e-01   1.0272001513274172e+00   1.3078892067322373e-01   3.4665786054575837e-01
   1.3626300000000001e-03   1.7790748096401796e+00  -1.9082579444333290e+00  -8.3917501732658195e-01   2.6209326064841393e-01   4.7753605589932768e-01
   3.7071500000000002e-03   6.1470841203257043e-01  -8.1268881909590152e-01   1.1624253784647858e+00   8.2280140836681767e-02   2.7619883549039531e-01
   4.7678599999999996e-03  -3.7738473044055182e-01  -1.0981592334533934e+00  -2.1682409144578470e-02   6.7510873398911375e-02   2.5050345832534809e-01
   5.4993200000000002e-03   4.9848396089662927e-01   7.1479492601164829e-01  -1.0227268948480711e-01   6.0993090901724070e-02   2.3822358235126151e-01
   4.2917500000000004e-03  -1.4562997041339407e+00   1.6491256239393459e-01  -3.0460031334318483e-01   8.5306159589899400e-02   2.8140345265443151e-01
   1.1288400000000001e-03  -5.6471357547099155e-01   2.3888754448323541e+00  -1.5275262727034649e+00   3.2230908337882719e-01   5.2477220058502227e-01
   5.2780400000000003e-03   7.4663767318252661e-01   3.6629675374147791e-01  -4.5397713406013251e-01   6.1805536891415123e-02   2.3979143190809607e-01
   1.6482400000000000e-03   1.2609172372272079e+00   1.9087588779006188e+00  -1.2111411998162038e+00   2.2566262875420623e-01   4.4502126259175229e-01
   4.6625599999999996e-03   6.0507801724762222e-01  -3.3569641381796228e-01  -9.3141237654183739e-01   6.6089515009381872e-02   2.4806875636897821e-01
   1.3173499999999999e-03   5.5600118166271129e-01  -2.7040452625633002e+00   3.2500664006275803e-01   2.8058229795763667e-01   4.9205579949137235e-01
   9.8535000000000007e-04  -1.9032034670661974e-01   2.9136148579121901e+00   3.1152912180293291e-01   3.3327444123207256e-01   5.2951136834717893e-01
   1.1268900000000000e-03  -2.0851550700295647e+00   8.9113529648874967e-01   1.7878207410261815e+00   3.1394654705412833e-01   5.1863679612676472e-01
   4.2732200000000003e-03  -5.3648118279443824e-01   5.3203586319605867e-01   1.2525438243058975e+00   8.1966065009068736e-02   2.7587765844133078e-01
   5.0466199999999999e-03  -6.3076336136786204e-01   5.9309733701719114e-01  -7.5931959382661041e-01   6.9113250569660556e-02   2.5369553166894399e-01
   2.6473600000000001e-03   1.5475022638076001e+00  -2.0282259504297218e-01   1.4318060313703320e+00   1.3276813920430225e-01   3.4978668591490336e-01
   2.3776800000000001e-03   9.1901550412202360e-01  -4.4663016002967931e-02   1.9421004632260808e+00   1.2937153351392569e-01   3.4510373544599937e-01
   3.8944200000000000e-03  -3.1232810183139464e-01   8.2050113572011885e-01  -1.2515613316259147e+00   8.2655394264376916e-02   2.7684021520766189e-01
   1.1090600000000000e-03   1.6488544462455419e+00  -6.0415559472408753e-01   2.3344752889926434e+00   3.4633679111435089e-01   5.4194207853013232e-01
   1.1177800000000001e-03  -2.2660742125649014e+00  -1.4430951365609994e+00   1.0983984331513403e+00   3.2742736324572130e-01   5.2848961533147298e-01
   1.6175600000000001e-03   7.8892098258111898e-01   5.3072205494143965e-01  -2.3346101414195979e+00   1.9231448233546555e-01   4.1511003107552685e-01
   2.4583999999999999e-03   1.2827549479408944e+00  -1.1872811283840057e+00  -1.2376362828605876e+00   1.3238632171053932e-01   3.4883148282298759e-01
   4.6426699999999998e-03  -9.2249872790838050e-01   5.8013539199985720e-01  -1.6331670803336473e-01   6.4493698308912065e-02   2.4458988441090804e-01
   5.4416500000000001e-03   9.0166359154543019e-01   3.3913382601061685e-02   4.1137146316785422e-01   6.5236781438047953e-02   2.4626859373442248e-01
   2.5698100000000001e-03   9.9177222696147593e-02   2.1091679343257335e+00  -1.5964767603527011e-01   1.3167307635583833e-01   3.4789675061608133e-01
   4.4255299999999996e-03   4.8263985598005688e-01   1.0733446956053776e+00   3.2514583642717865e-01   6.7197232743143168e-02   2.5001290926179837e-01
   3.6343299999999999e-03  -9.5012206110230868e-01  -1.3739721110912770e+00  -2.3283404721518750e-01   9.3976099953739928e-02   2.9504428431875229e-01
   4.0329600000000004e-03  -1.0816500764972286e+00   4.7846773330711562e-01   9.3803352095808279e-01   8.2697600020357032e-02   2.7705362737636224e-01
   5.1627799999999996e-03   5.0281139307863776e-01   2.5750139360555291e-01  -9.4551275250623945e-01   6.7805517496508594e-02   2.5125446642403260e-01
   4.1544499999999996e-03  -1.2844548246998324e+00  -1.1026950140563012e-01   7.6572449547267796e-01   8.3221500304391738e-02   2.7802104438293518e-01
   2.5003000000000000e-03  -2.6113002814364528e-01  -5.1960684806579205e-01   2.0534326570081074e+00   1.3180897786889398e-01   3.4810193352476715e-01
   3.8889500000000000e-03   4.2371967003865368e-01   2.3714348681170488e-01   1.4418367557765224e+00   8.1306100995007194e-02   2.7489437706560993e-01
   1.0217600000000000e-03   1.1829124567642093e+00  -1.9796307056515863e+00  -1.8230289161978639e+00   3.3756206332893079e-01   5.3466492752528083e-01
   3.7930899999999998e-03   3.7789415273716742e-01  -1.4714117603061064e-01  -1.4561115603501942e+00   7.9129757983727109e-02   2.7108183637298572e-01
   2.6136900000000001e-03  -1.1601993025072677e+00   4.9608072542629195e-01   1.6307357346354625e+00   1.2317326593981050e-01   3.3660397074443921e-01
   1.1785000000000001e-03   2.8211362583758879e+00  -3.6844399869810157e-01   4.6654740856653237e-01   3.2342003628330257e-01   5.2605585566313173e-01
   5.8535899999999997e-03  -4.2977825891566263e-01  -1.9029461348969096e-01   3.5063926850753219e-01   5.4990689207016719e-02   2.2637580196882309e-01
   4.1064600000000001e-03  -7.2288252413561027e-01  -7.9978229126306399e-01  -8.4243757742340508e-01   7.4063299157510101e-02   2.6179905024802441e-01
   4.8829700000000004e-03  -1.2579498709017270e-01  -9.3602225413164153e-01   5.1124757474429605e-01   6.4291917149181366e-02   2.4448972726379220e-01
   2.4999900000000001e-03   1.6286941170248139e+00  -3.8686557460713428e-01  -1.4529593651780599e+00   1.4858430391893201e-01   3.6940761316682980e-01
   2.6229600000000001e-03   2.2734677314484839e-01  -6.9825965393778366e-01  -1.9969375754784264e+00   1.3515752012838231e-01   3.5232571783837469e-01
   2.5710199999999998e-03  -1.5448603188688101e+00  -1.4208476203226974e+00   3.4522963305016352e-01   1.3185542722570467e-01   3.4866059837929214e-01
   1.0275000000000000e-03   5.6180721181516935e-01  -3.5752812361527470e-01  -2.8598334778221086e+00   3.3897301628138732e-01   5.3609586311860624e-01
   3.6965300000000000e-03  -1.8064656134733015e-01  -1.6154666181016912e+00  -1.9487290884308062e-01   8.9338466543055439e-02   2.8791845411007538e-01
   3.5392800000000001e-03   8.1896256853790900e-02   1.2210179897681002e+00  -9.6896534567218218e-01   8.0655678925165952e-02   2.7337934356156568e-01
   1.4994699999999999e-03   1.1741885087033943e+00  -1.0214674587985175e+00  -2.1715650457975140e+00   2.4269084197548055e-01   4.6089753986191739e-01
   4.5895099999999998e-03   6.2117679101154710e-01  -1.0119881883449164e+00  -8.5115417749062638e-01   8.4693098730964644e-02   2.8082005182938663e-01
   4.8425600000000001e-03   6.4456717363865523e-01  -8.9594967817485205e-01  -1.6703490824481987e-01   6.6972617161847020e-02   2.4925490308698192e-01
   1.6571200000000000e-03  -1.4741096668143017e+00  -1.9844038553833150e+00  -3.8844034138973133e-01   1.8801850333712944e-01   4.1048197393975844e-01
   1.0212299999999999e-03   1.7142602380069354e+00   1.2855219214029148e+00  -2.0337648446477772e+00   3.5067398073506689e-01   5.4603897425015013e-01
   5.2586500000000001e-03   2.3309604526497382e-01  -5.8532474719666006e-01  -6.6583851387687676e-01   6.0352444886845005e-02   2.3706189070479650e-01
   3.9262300000000002e-03   8.3779547462529613e-01  -1.2850529692414421e+00   1.8765523427122852e-01   8.4997756652165066e-02   2.8062246281527975e-01
   2.5598299999999999e-03   2.0983220801995097e+00   1.4108837358308324e-01  -7.5977313019297309e-04   1.2789044410793485e-01   3.4328696818088278e-01
   3.1494299999999999e-03  -4.4682123919556554e-01  -8.6300600862774279e-01  -1.3358521058721979e+00   8.2669373657467835e-02   2.7642563707776369e-01
   2.6636400000000001e-03   1.8434307431023627e+00   9.8618833542674411e-01  -6.1119031669389694e-02   1.2960454065872182e-01   3.4536497169209945e-01
   4.9591499999999998e-03  -4.9241795193727328e-01   7.8775077064925214e-01  -2.5218186335531101e-01   6.0779427242597682e-02   2.3761656595958319e-01
   3.6809600000000000e-03  -7.1528129759341780e-02  -1.2477282937842793e+00   1.1268159558874908e+00   9.4366292811953800e-02   2.9577023465875590e-01
   3.8501099999999999e-03   1.4707434295192727e+00   8.4677394140731790e-02  -2.4361868536216685e-01   8.0025909718118848e-02   2.7216678734227739e-01
   2.5906599999999998e-03  -8.4586656972615271e-01  -1.8710655059178203e+00   2.2652789292938619e-01   1.2265502446485119e-01   3.3598675730706618e-01
   2.5189800000000001e-03  -5.8476663444757815e-01  -2.0043083530122945e+00  -5.9228704861690540e-01   1.3929634411599967e-01   3.5812292319762812e-01
   1.0277000000000001e-03  -2.5240727958225544e+00   1.5410546880045060e+00  -1.9827080885250609e-01   3.4313571788970010e-01   5.4263325528283668e-01
   1.0560100000000000e-03  -4.4733000321454830e-01  -2.6958003270707671e+00   1.0911367663850735e+00   3.4622772536485352e-01   5.4164936857760526e-01
   3.8990499999999998e-03  -4.7356577315305781e-01   1.2045543112905646e+00  -7.5431710888607972e-01   7.9859266565915049e-02   2.7229093174759328e-01
   1.4041399999999999e-03   8.2930293959271661e-01   2.5765445689411952e+00   3.7350285421062052e-01   2.6244463669271634e-01   4.7785739013062478e-01
   1.0985400000000001e-03  -1.4031931099689334e+00   1.8910296489948613e+00   1.6629440795688930e+00   3.1506402741368211e-01   5.1759084898498575e-01
   6.0623400000000003e-03   8.9791437780875727e-02  -3.2072087956677653e-01   4.6555109541679157e-01   5.6138881519487052e-02   2.2858074155449826e-01
   4.5002999999999996e-03  -5.5628985520731304e-02   9.8491695765607989e-01   5.6142498363336180e-01   6.3949487926882348e-02   2.4373833878338255e-01
   4.1262499999999997e-03   3.7917871683489351e-01  -1.2754937006515981e+00   6.8309765539052780e-01   8.2268663149664370e-02   2.7652571940491494e-01
   3.1548700000000002e-03  -1.3897838366496544e+00   1.0053705095320862e+00   5.8387613989400433e-01   9.8331833577155539e-02   3.0187933435204878e-01
   2.9936099999999998e-03   6.1779630618161063e-01   1.7360866181783940e+00   3.1261442573973897e-01   1.0326192149416899e-01   3.0894029782092447e-01
   4.0087500000000002e-03  -1.0566873542758213e+00   1.9682739296042953e-01  -9.8399589055991421e-01   7.9753737949565709e-02   2.7163252242766728e-01
   2.2538400000000000e-03  -1.3708742006539829e-01  -1.2813712892586153e+00  -1.7166389393751815e+00   1.2720819576458442e-01   3.4155704405440734e-01
   4.2157399999999999e-03  -5.9806021161865153e-01  -1.0086889771304346e+00   9.0585917710401809e-01   8.2330421630080391e-02   2.7667654859088459e-01
   4.7060599999999998e-03  -2.4397306131585414e-01  -4.5848822506050141e-01  -9.5466128110821458e-01   6.2624133519059197e-02   2.4156966010826100e-01
   2.6007800000000000e-03  -5.8107807154392643e-01   1.1008942116624654e+00   1.6890834962019390e+00   1.2839751905320831e-01   3.4392254868813260e-01
   9.8613999999999993e-04   2.5078697756976682e+00   1.9103474830267855e-01   1.5467108478668397e+00   3.4059973396110921e-01   5.3582290520623188e-01
   2.5065100000000000e-03  -1.1663473107558748e+00  -1.4674735050898908e+00  -9.3837715757263529e-01   1.2620890737605345e-01   3.4023575701171249e-01
   1.4053600000000000e-03  -2.5776909265712287e+00  -7.3095351420131105e-01  -6.7040023097429258e-01   2.8045722273774121e-01   4.9262228662506147e-01
   3.9708199999999999e-03  -1.4338866780124296e-01   9.8466514202782152e-01   1.1166707626178320e+00   8.0921041913848163e-02   2.7402742140406755e-01
   5.0182800000000000e-03  -4.2623481506632213e-02   4.7504248863377108e-01  -8.7423347711440991e-01   6.2091383076684589e-02   2.4027099512339389e-01
   2.5615000000000000e-03  -5.6970343991769679e-01   3.3555835058788008e-01   2.0161479959693311e+00   1.3155026803051861e-01   3.4773730441073591e-01
   2.5331099999999999e-03  -1.7619176901014906e+00  -7.0306498835344378e-01   9.1376731587901705e-01   1.2791867308469035e-01   3.4305617242962466e-01
   6.3774000000000001e-03  -4.9979427027099599e-01   2.9803791142574237e-01   9.4377644169215374e-02   5.8204272870251823e-02   2.3289724695423503e-01
   2.5959600000000000e-03   7.0687969435831416e-02   2.4510401206006126e-02  -2.1158472948274296e+00   1.3084173484800676e-01   3.4714654617228646e-01
   4.2698099999999998e-03  -4.1006885343729454e-01   1.3819357305808162e+00  -1.5769355697830850e-01   8.1006482832993817e-02   2.7423304273115312e-01
   3.9106699999999998e-03  -1.2459724612780658e+00  -3.1210328104151858e-01  -8.4739141505552196e-01   8.4342866184336354e-02   2.7954082371270150e-01
   2.3792100000000001e-03   2.9456750910416946e-01   1.9010002796498504e+00  -1.0326721242523560e+00   1.3860026722450500e-01   3.5653317449514715e-01
   5.2561900000000000e-03  -7.5945255053847038e-01   1.4372689649240653e-01   6.0691839079121612e-01   6.3548662156017691e-02   2.4311321602350006e-01
   5.9189799999999999e-03  -1.2396621887501531e-01   1.7817916944236079e-01   4.3846767175186052e-01   5.4422477004258042e-02   2.2483392466855887e-01
   2.2345199999999998e-03   8.1255302368008742e-01   1.7785257286407314e+00   1.0822532870279147e+00   1.4350540424260727e-01   3.6290468101144974e-01
   3.8313900000000001e-03  -1.5221912210367352e+00  -2.7795110648135546e-01   2.1528623361364319e-01   8.4115241828559409e-02   2.7944412486781561e-01
   1.0126400000000000e-03  -1.9783297257626831e-01  -1.4598467657387508e+00   2.5151492464532410e+00   3.2724722740774292e-01   5.2378760326376284e-01
   1.0344499999999999e-03   2.1447255402245524e-01  -1.5779703331352830e+00  -2.4872523563608642e+00   3.4963274111066306e-01   5.4497410957438386e-01
   4.1844899999999999e-03   9.4774217599184574e-01   6.1968602942586870e-01  -9.9504628388453942e-01   8.4417712009505375e-02   2.8009115827087272e-01
   1.0217300000000000e-03  -1.7389827011404015e+00   2.2006062287568668e+00  -8.9749709561957325e-01   3.3682328858420274e-01   5.3588373196747818e-01
   3.9484699999999999e-03  -4.5580506792067821e-02  -1.0364250264119947e+00  -9.4313512483890760e-01   7.4748683459797211e-02   2.6294069162402789e-01
   3.1342499999999999e-03   3.5615026174350323e-01  -1.7680317399691381e+00   1.9921899298384901e-01   9.8330365923078533e-02   3.0174246063006716e-01
   2.3802500000000000e-03   1.6931297094864155e+00  -1.3969175992646206e+00  -5.9238718923078373e-02   1.3939119740396935e-01   3.5806754947905323e-01
   1.3165399999999999e-03  -9.2642313759144501e-01  -1.6298265703328336e+00  -2.0954179180497969e+00   3.0430722108552993e-01   5.1102173277186491e-01
   2.4698099999999998e-03   1.0510677917730811e+00  -1.9020549266923750e+00  -1.5190906327309911e-01   1.3828433461528469e-01   3.5690362863640174e-01
   6.2024100000000002e-03  -1.0698156599013417e-01  -1.9341079880514753e-01  -4.6148628303277056e-01   5.5727735277278270e-02   2.2782475730018714e-01
   9.0401999999999995e-04  -1.0793653915701036e+00  -2.7768537664450323e+00   2.2259947897818651e-02   3.4096344734913198e-01   5.3597179842310383e-01
   2.4571300000000001e-03   1.8186034650673036e-01   1.3415464658302056e-01   2.1242157053563422e+00   1.2864531965398740e-01   3.4442089021645322e-01
   1.0087200000000001e-03  -2.7828795344220576e+00   6.0317463395549153e-01   7.8498075219280428e-01   3.3470411134281369e-01   5.3557833622390016e-01
   3.6160699999999999e-03   2.3393191062409277e-01   1.3947767771812858e+00   8.5068113818483782e-01   8.9735572277230599e-02   2.8843326865162822e-01
   3.7700099999999999e-03  -1.1961432789150186e+00  -7.6842971316882469e-01   6.0800678737742586e-01   8.2278328442553506e-02   2.7625870870404362e-01
   2.8786200000000001e-03   1.7325217332982890e-01  -1.0413349661974800e+00   1.7032052339042354e+00   1.2061319922193950e-01   3.3334857414841196e-01
   1.3038600000000000e-03   2.3405788130509686e+00   3.8207341847684190e-01  -1.4991402828464304e+00   3.0265882974763436e-01   5.0933860916694174e-01
   3.5985300000000000e-03   9.8555448252696087e-01  -1.7802307591061231e-02  -1.2660772166552801e+00   8.4568173116134807e-02   2.8023793371578826e-01
   3.8353599999999999e-03  -8.4040732506704585e-01  -1.2406201953485665e+00   3.9233413342538231e-01   8.3852381484128102e-02   2.7882443217685748e-01
   3.6784600000000001e-03   5.2003652957932622e-01  -1.4465825526003822e+00  -3.7180937895800731e-01   8.3495793640464125e-02   2.7851538008782223e-01
   4.8631400000000002e-03   6.5765865526992617e-01   2.3864219493771663e-01   9.1707605587150720e-01   6.7727591445894728e-02   2.5109098546564140e-01
   4.6001799999999997e-03  -3.3355675732810119e-01  -5.6164050732045878e-01   1.3247537079078224e+00   8.7096795718477532e-02   2.8456357930178139e-01
   3.6359000000000001e-03  -4.2521426695033376e-01   1.4389113276726273e+00   5.3487559302560650e-01   8.4654148692406034e-02   2.8014777857230022e-01
   2.7126899999999998e-03  -4.5512233812889180e-01   1.6461632227843601e+00   1.2037187831278844e+00   1.3019769798832817e-01   3.4633556537216614e-01
   1.2700000000000001e-03  -1.4960372521031085e+00  -2.1892506910982061e+00   7.8408944450920781e-01   2.6976157858417155e-01   4.8202993187740828e-01
   9.3273000000000000e-04   8.3407647572173127e-01   4.1216318082276321e-01   2.8491476131855875e+00   3.6311072030641545e-01   5.5342696039402861e-01
   5.0906399999999996e-03  -7.4466114872592848e-01  -7.4709200595449710e-01  -2.0295425651122584e-01   6.6151222807802945e-02   2.4799630801444697e-01
   2.4385700000000001e-03   1.6889737380326904e+00   5.5599169113285907e-01   1.1317319571720994e+00   1.2403658181485468e-01   3.3812648546733332e-01
   2.6082700000000002e-03  -1.0205609257229029e+00   1.7610875849058796e+00  -3.0983093394689465e-01   1.2289430739723126e-01   3.3599519403501177e-01
   1.5013900000000000e-03  -2.4225480094267220e-02   1.0100197346062458e+00   2.4634275553084835e+00   2.4343137307647517e-01   4.6029728923991842e-01
   5.5231799999999999e-03  -2.8309330233317115e-01  -6.8226797518475424e-01  -4.3364095606465064e-01   6.0231068152660515e-02   2.3690979503306228e-01
   1.0519500000000001e-03   1.5985096762480864e+00   2.2000915173703306e+00   1.0972387685367990e+00   3.3017441697361538e-01   5.3156384554681024e-01
   1.4368800000000000e-03   4.9972645782867858e-01  -6.2895163933337206e-01   2.5657276512391811e+00   2.4866536959486038e-01   4.6448290452856755e-01
   4.7302000000000004e-03   9.7642027433241754e-02  -1.0625618280252562e+00  -4.1738128579625305e-01   6.6772409995521961e-02   2.4903999430194743e-01
   9.0797000000000002e-04  -1.6817735629049821e-01  -2.9079822463409393e+00  -6.3426485907606300e-01   3.3483996909661401e-01   5.3369622792180882e-01
   1.5746600000000001e-03  -1.6214577928383382e+00  -9.3459622495469930e-01   1.7822670254133335e+00   2.1724460389355393e-01   4.3553619731192716e-01
   3.8655000000000000e-03   1.1339740867009860e+00  -1.1578779161325679e+00  -4.7084053820029426e-01   9.7857889941690215e-02   3.0099503736141137e-01
   5.0595600000000003e-03  -9.9763411859824547e-01   1.1055502061250634e-01   1.1212503122821159e-01   6.3219201149742069e-02   2.4238707944894022e-01
   1.0870500000000000e-03  -4.0565575782351315e-01   6.7013200848609934e-03   2.9056800368574964e+00   3.4503409434997157e-01   5.4170947649342593e-01
   2.2818299999999999e-03   7.0113465776759609e-01   7.7284499479907687e-01   1.9455133363355064e+00   1.3673705658981639e-01   3.5475345624922161e-01
   1.0840900000000000e-03  -2.8233323224632745e+00  -5.3198973149531470e-01   4.2038164016005281e-01   3.2234430511484707e-01   5.2512300751196517e-01
   2.3948400000000001e-03  -2.0127310867906929e+00  -8.1189243266874733e-01   1.9682357452860885e-01   1.3795751893065089e-01   3.5563943000037623e-01
   5.5224999999999996e-03   4.0171001438795140e-01  -7.4845337017060221e-01   3.7449921911531669e-01   6.3039164549459653e-02   2.4220830446357905e-01
   2.5406999999999999e-03  -1.5265887538630867e+00   6.0022273687921224e-01  -1.4195822921906556e+00   1.4064731526039806e-01   3.5957739805519218e-01
   1.1230400000000001e-03  -1.1053523546713671e+00   1.0438617411459210e+00   2.4562046497712475e+00   3.1791494518158658e-01   5.2105346801277563e-01
   7.1038700000000000e-03  -6.4029757661316208e-03  -4.2214435270764031e-02  -5.9169701440033654e-03   5.5618260341542894e-02   2.2773887025922743e-01
   2.3629499999999999e-03  -1.9831869800243014e+00   7.0279052696401656e-01  -5.1353960085823291e-01   1.3385091338502367e-01   3.5053756223073901e-01
   6.2426399999999998e-03  -3.3591317365008549e-01   2.5049155913569615e-01  -4.1636305308602095e-01   5.7652062624019999e-02   2.3170017309667723e-01
   5.2804499999999999e-03  -4.2406241845869097e-01   8.4811235818960484e-01   2.3334825655311511e-01   6.3718424823287184e-02   2.4323171672542240e-01
   1.1223200000000000e-03  -3.4034252172854162e-01   5.3516611823542459e-01  -2.8100145171415822e+00   3.1090910021196966e-01   5.1660359339570161e-01
   2.4439599999999998e-03   2.7869749589522715e-02   2.0380629794833514e+00   7.1246679539226565e-01   1.3485716895797786e-01   3.5230949450931925e-01
   6.2873699999999996e-03   4.3193253556919758e-01  -1.1135399945233114e-01  -4.1849619307506941e-01   5.8135251819384941e-02   2.3278844618384120e-01
   2.1220300000000000e-03  -2.4510587884058513e-01  -2.2446256060077165e+00   2.2083033547526990e-01   1.4631188189866826e-01   3.6602042545091595e-01
   3.9792800000000000e-03  -1.4735918740530189e+00   3.4193326567239335e-01   3.6476545808590494e-01   8.5843423747570965e-02   2.8225272172075638e-01
   4.9920600000000004e-03   4.2631283608581577e-01   8.2602632528572562e-01  -6.2640285202044255e-01   6.7775768471351305e-02   2.5100968426310510e-01
   2.3533999999999998e-03   8.8520152048016953e-01  -1.9118199792154958e-01  -1.9528286739262835e+00   1.2922442765060754e-01   3.4505634383117001e-01
   1.0273100000000000e-03  -1.1074114519226419e+00  -2.4057533471579533e+00  -1.2854102689640843e+00   3.4198588158521503e-01   5.3855582804216706e-01
   1.0268499999999999e-03   1.6648355723893267e+00   2.4087735193905009e+00  -3.4002810971639946e-01   3.4292024154369194e-01   5.3890493850447097e-01
   3.7182700000000001e-03   3.0225994655731769e-01  -3.8768444339045383e-01   1.5817116988700843e+00   9.1929928200495975e-02   2.9176641177610468e-01
   1.0897500000000000e-03  -5.8201311673839573e-01  -6.0887916333759384e-01  -2.7880207656663591e+00   3.2790004242319937e-01   5.2969171212211741e-01
   4.9822299999999998e-03   7.0815949675099110e-01   5.5505144177925125e-01   3.8592395565798471e-01   6.1058786428964437e-02   2.3820640648414124e-01
   1.0365100000000000e-03   1.7285966664268995e+00  -2.4005629509866542e+00   3.1306725191476326e-01   3.5594529538228398e-01   5.5224370790445632e-01
   2.5766399999999998e-03   2.4614087356954054e-01   1.4464327795486982e+00   1.6063836196147618e+00   1.4188004845236943e-01   3.6156281028139453e-01
   2.4176499999999999e-03   1.6251886778831667e-01  -1.9368813365497279e+00   8.8280251290752132e-01   1.2746181895463138e-01   3.4284745756881702e-01
   1.6712599999999999e-03   2.3683185363635859e+00   6.8656183556773220e-01   6.1106831082976376e-01   2.0431510189225074e-01   4.2508554497444412e-01
   4.0114000000000000e-03   1.0850073812882342e+00   6.6851497616055966e-01   7.7521227010574234e-01   8.1411985443113288e-02   2.7483002235491022e-01
   4.7691299999999999e-03   1.8782149963688791e-01  -1.1463488520109066e+00   9.7686681131217160e-02   6.7641983040329229e-02   2.5084222271967260e-01
   5.9440200000000004e-03   2.2408739231547198e-01  -5.5709069940990774e-01  -1.5252305679053618e-01   5.6968754124902779e-02   2.3013291824330948e-01
   6.1787400000000003e-03  -1.6568758295562233e-01  -5.7882995509283885e-01   8.6539560577795049e-02   5.8291553221102924e-02   2.3275603537860437e-01
   4.0072099999999998e-03   8.4181123240614175e-01  -2.3743304230754203e-01   1.2443573003794808e+00   8.2993732504457643e-02   2.7763606946366221e-01
   2.2426500000000001e-03   1.3857622658819073e+00   4.4537463567358804e-01  -1.6671521782304357e+00   1.3622868004058303e-01   3.5437265114308991e-01
   1.0254999999999999e-03  -1.0297769974154440e+00  -8.9251991471161796e-01   2.5332829969387269e+00   3.0095549953825984e-01   5.0391412038012806e-01
   4.7550800000000001e-03  -2.6645465331028589e-01  -5.0170993755663851e-01   7.5238292990565736e-01   5.8193722260010315e-02   2.3241134187183068e-01
   9.0529000000000000e-04   5.8056221061526203e-01   1.3097085614969786e+00  -2.5966003673667113e+00   3.3100872381044555e-01   5.2825934791486062e-01
   1.1355400000000000e-03  -1.5816676963777470e+00   2.4326444564109644e+00   2.9847058828755052e-01   3.3847945962661086e-01   5.3747911394803438e-01
   4.9693699999999999e-03  -6.0967850969316528e-01  -7.2601827816356568e-01   3.3868949198081999e-01   6.2257636198279051e-02   2.4058602083282235e-01
   1.1088999999999999e-03   4.8082961288963394e-01   2.7819471839384295e+00  -7.8070756837038913e-01   3.4474088039149409e-01   5.4286983492265584e-01
   3.7255500000000002e-03   4.8587107738977009e-02   1.5096150902487386e+00   1.9422788359618462e-01   8.0114411032163518e-02   2.7260539194584282e-01
   1.6334600000000000e-03   6.2777195929075769e-02  -2.2118019512078648e+00  -1.5049819595697138e+00   2.6511925718551427e-01   4.8067534295025549e-01
   1.1171300000000000e-03  -2.3796808560546494e+00  -8.1392482651745077e-02  -1.6820649767631144e+00   3.3497751413495602e-01   5.3486965627367589e-01
   4.1220299999999996e-03  -9.0214992957791640e-01   1.2042352958890368e+00   1.6306865599094475e-01   8.4207057471809149e-02   2.7967245261039070e-01
   2.3096499999999999e-03  -2.0495588148748052e+00   7.5236451305009977e-01   2.6154763052072533e-01   1.3811979173880926e-01   3.5608016653990748e-01
   3.1293800000000002e-03   1.0669096029844061e+00   4.0562225744224856e-01   1.3956488118126811e+00   9.6247475560191337e-02   2.9867450473256785e-01
   2.2937900000000000e-03  -1.7599891262741563e+00  -1.2167102789859301e+00  -4.5246678069951896e-01   1.3422667767262531e-01   3.5136265751045587e-01
   1.2074799999999999e-03   2.2508962703853030e+00  -8.1423158798712192e-01   1.4081680434738570e+00   2.6727085168749026e-01   4.7847309097130364e-01
   3.8309699999999999e-03  -9.7672842121524517e-01   1.1104636152549456e+00  -4.6142518447749292e-01   8.3039938708380098e-02   2.7758406291488680e-01
   4.0074700000000000e-03   1.5433777980856249e+00   4.6425668082487487e-01   3.4632507146350971e-01   9.5075045677716644e-02   2.9704659804468803e-01
   4.7013300000000001e-03  -9.1653005393189491e-01   6.3030739728114760e-01   3.8163663093385924e-01   6.7266513355515062e-02   2.5022446506534607e-01
   5.2014599999999998e-03  -8.4727065448919847e-01   1.5562726101290361e-01  -4.4321729788310843e-01   6.2390351578098462e-02   2.4083113241484067e-01
   3.3014400000000001e-03  -9.5506157755468624e-01   9.4467737740642532e-01  -1.1597591082683920e+00   9.7813869860126981e-02   3.0072645637105733e-01
   2.6178700000000000e-03   1.9509771454349540e+00  -8.2213902196232647e-02   7.3969221392662488e-01   1.2624212700674722e-01   3.4114581191139770e-01
   2.5536600000000001e-03  -5.5477709951361476e-01  -1.5496348282662313e+00  -1.2337937744711758e+00   1.2128382037361883e-01   3.3364074756350326e-01
   1.0352099999999999e-03  -3.6140277573251273e-01   1.9595397140816826e+00   2.1221974312359819e+00   3.2000479644850660e-01   5.2090499282051195e-01
   1.1737000000000000e-03  -7.7151233175337941e-01   2.4673423652583546e+00   1.0917783666209078e+00   2.7536342070091435e-01   4.8604075572004513e-01
   3.8889300000000001e-03   9.4847390138594179e-01   9.0577126986760526e-01  -4.4423446651712206e-01   7.2018805469001690e-02   2.5838729587084125e-01
   2.3929600000000000e-03   9.5527750750890472e-01   1.0995733964281937e+00  -1.5805511167877375e+00   1.3184320031804669e-01   3.4790272596350708e-01
   0.0000000000000000e+00   0.0000000000000000e+00   0.0000000000000000e+00   0.0000000000000000e+00   1.0849797926647563e-01   3.0331406530871252e-01
