   2.1136100000000001e-03   8.0304816807485335e-01   7.6606501926125048e-01   5.4436839018706573e-01  -1.1109411083695035e+00   2.0054679774851505e+00   1.0287546014663611e+00   9.6582806341888505e-01
   4.2254399999999996e-03  -8.0466515973069652e-01   2.0233127667819883e-01  -8.3919097725461378e-01  -1.1238406631038940e+00  -4.5822637160740143e-02   5.0252033514452399e-01   6.9313398070407395e-01
   4.1308899999999999e-03   1.4660928251778580e+00   3.7877913139328978e-01   4.4539683622411702e-01  -3.0410752601453400e-01  -5.1158071543540767e-02   4.9545106001118933e-01   6.8830871683542938e-01
   2.3541800000000000e-03  -1.2729786502539309e+00   9.5603810423803159e-01  -1.9471251267461967e-01   1.4565421904592311e+00  -1.2640180317249523e+00   9.4396155683731175e-01   9.2800167353521712e-01
   2.2940199999999999e-03   1.8834147917305866e+00  -9.5612070142392080e-01   9.0252710635086630e-01   4.5082802227031427e-01  -1.0551574950530429e+00   9.9490914819125209e-01   9.5181180392723108e-01
   2.3681499999999999e-03   1.2769029331558857e+00  -9.6462629410186795e-01  -1.3080924042288768e+00  -1.3142023928713107e-02   1.4472464562785070e+00   9.6746530201824188e-01   9.3844002019051254e-01
   2.1067299999999998e-03  -7.4563993470185973e-04   1.4330992028770873e+00  -5.7399467760083658e-02   1.5956026982598978e-01   2.1660312769334458e+00   1.0154488711848226e+00   9.6033515654982204e-01
   2.2615900000000000e-03  -2.8806393124514401e-01  -1.5046815899191630e+00  -1.9676251355685332e+00  -6.6126091210973914e-01  -3.6374190403591355e-02   1.0128630008883592e+00   9.6010369679664154e-01
   2.0530800000000001e-03  -1.9648133640363608e+00  -3.0302635421432678e-01  -1.3104054171943003e+00   4.6580578355410845e-01   9.8438065285109111e-01   1.0296189864900758e+00   9.6603271084303555e-01
   4.4662399999999998e-03  -6.3082891413932307e-01  -4.9573305931226186e-01  -2.3963173019282907e-01  -9.2705224961201904e-01  -9.9217819298509680e-01   5.0236947964538914e-01   6.9341775989278143e-01
   2.5642000000000000e-03   1.8370915619425709e+00   1.2021089188646832e-01   2.8257912547431152e-01  -5.8635627692491699e-01  -1.3831709894655158e+00   8.6783425970345773e-01   8.9095299031989561e-01
   4.9670299999999999e-03  -3.4944230955712113e-01  -7.3683971635720991e-01  -1.0452798115056428e+00   5.2931799851928629e-01   4.0626826094719903e-02   4.7035271248673166e-01   6.7132617618983148e-01
   3.4782900000000002e-03  -5.5037897775049627e-01  -2.0694267441399100e-01  -3.4485282376352222e-01   4.8924349866800679e-02  -1.7412290442686549e+00   5.6805467982358604e-01   7.3343284129280906e-01
   4.3413000000000002e-03  -2.8920728342030959e-02  -1.4321919625230581e+00  -3.0959871343175727e-01   3.5366377083243433e-01  -4.7248437476031740e-01   4.9323515670908680e-01   6.8692077108250804e-01
   2.1310900000000000e-03  -1.2937834930477070e+00   1.8063015914980043e+00  -3.6583633786677472e-01  -4.8650352082420778e-01   1.2227597187966739e+00   1.0208496697994662e+00   9.6320294101067483e-01
   2.1345299999999999e-03  -1.6474992203759459e-01  -1.8595401546710177e+00  -1.3949449864315641e-01  -1.3139767189696214e-01   1.8525698171702254e+00   1.0709012658604171e+00   9.8551302051175349e-01
   2.0386300000000000e-03   1.8740382382733234e+00   1.8069837966771549e-01   6.4949112613556070e-01  -1.7293305840625823e+00  -5.4074808761399508e-02   1.0450064264760970e+00   9.7410389707851630e-01
   2.1180800000000000e-03   8.3497812337762978e-01  -8.5937404175897558e-01   1.2702760837714275e-01  -2.2048974396043102e+00   6.2663838844135034e-01   9.9448234054954976e-01   9.5146418285064449e-01
   4.9375000000000000e-03  -9.7715817880499045e-01   1.3871316707285933e-01   5.2144041072783409e-01   6.9040098631852731e-01  -5.4724878465780324e-01   4.6721346861654639e-01   6.6921730323034967e-01
   4.6087999999999997e-03   4.3275263759806692e-01  -9.5630634546127213e-01  -1.0162575066926047e-01  -6.7311528256389364e-01  -6.5001364017635399e-01   4.5358404576563777e-01   6.5920294388835210e-01
   2.0694799999999998e-03  -4.1403990722772738e-01   1.2964395050592825e-01   1.7379872794976639e+00   9.2116622674492721e-01   1.6652486123447052e+00   1.0226300003709370e+00   9.6347249166181892e-01
   5.7662800000000004e-03  -1.7433985324820767e-01  -2.1857399106112181e-02  -5.1518177538935983e-01  -2.3150240665504104e-01   2.6768877316864498e-01   3.5442030695400523e-01   5.8442626876267390e-01
   2.1496000000000002e-03   9.3044531140888787e-01   1.0147698879803778e-01   2.2094533116934265e+00   4.9030121595947651e-01   9.1197742609849541e-01   1.0295782889466585e+00   9.6719688170119034e-01
   2.4391100000000000e-03  -7.1174892891765229e-01  -4.3859434289296506e-01  -2.9311242062484710e-01   2.2331985026123711e+00  -6.9412419834762051e-01   9.5859740754114353e-01   9.3473948832492093e-01
   2.1706000000000000e-03  -4.9728639401903052e-01  -2.5489725142755398e-01  -9.3299911387691847e-01  -9.2122226062471824e-01   2.1239224474367120e+00   9.8299560361763338e-01   9.4423976404468113e-01
   4.5708199999999997e-03   3.4039662126546061e-01  -6.8257980480621960e-01   6.8468739418899005e-01   7.5058614011138802e-01   7.2815120918225618e-01   4.6525353550201026e-01   6.6766037294905589e-01
   2.1477599999999999e-03   1.0404279385350435e+00  -1.7401923634612755e+00   1.5738809154138955e+00  -2.8509388030199645e-01  -1.4779195990320787e-01   1.0032952324908475e+00   9.5469035456386642e-01
   3.1973599999999998e-03   8.6982151570798283e-01  -2.4925800773478898e-01   1.0498603296662032e+00  -2.1176996698027133e-02   1.5773491374634980e+00   6.8570859479177759e-01   7.9916347421243250e-01
   4.3270000000000001e-03   4.0174230358797386e-02   4.3506022402705918e-01   4.5450916245132644e-01   5.5741269315521980e-01   1.3415401824373649e+00   4.9396752830126178e-01   6.8754515273838768e-01
   4.5593500000000002e-03   6.4549981469505169e-01  -9.2538921883078240e-01  -3.9685776742374645e-01   7.9507859302955175e-01   3.3085901985748772e-01   4.6995411600884290e-01   6.7088977812445327e-01
   4.1938699999999997e-03   6.5456679772014385e-03   3.9389820577586770e-01  -7.2138483007289855e-01   6.9386567066618554e-01  -1.0531242170669692e+00   4.6358291993220208e-01   6.6643729536370810e-01
   3.9914399999999997e-03   7.8014717515291465e-01   5.1996900586843545e-02  -2.5327721057813152e-01   1.0193744347137907e+00   9.5608534680937152e-01   4.9247375656535841e-01   6.8613202973849630e-01
   2.3858400000000002e-03   8.8853069201677781e-01   1.2434982280216793e+00  -4.4966650543868952e-01   1.2363862137134058e+00  -1.3212781340441071e+00   8.5655812285660604e-01   8.8445913850642777e-01
   2.6083500000000002e-03   1.9124662093531604e+00  -1.3543455995565665e+00  -5.6193661572328291e-01   1.1960297491393100e-01  -2.3589025559161269e-02   8.8309797743697782e-01   8.9892239005425323e-01
   2.1670299999999999e-03   5.1026972221652400e-01   9.8614695179241851e-01   1.5517750699744499e+00  -1.6111771603251170e+00  -5.3130775110343942e-01   9.7012045005702741e-01   9.3920704578708358e-01
   2.5551599999999999e-03  -2.4199033086741889e-01   2.0441246501243096e+00  -4.2009620617984555e-01   9.2068532748776399e-01  -8.6591796141103106e-01   9.1966015358104036e-01   9.1620001054188815e-01
   4.7464100000000004e-03   1.0148840148980207e+00  -5.3639445550714637e-01   5.1442992937672849e-01   4.3569860744391625e-01  -9.8277962665583557e-02   4.3801405175537811e-01   6.4805040409931691e-01
   2.7807800000000001e-03   2.0513125011123712e-03   2.2788328253474682e-01   5.5877198700043582e-02  -2.3482221134621040e+00  -1.7333621350453726e-01   8.6238495341902677e-01   8.8865008485273678e-01
   5.0388100000000003e-03   1.7522443833911834e-02   4.4832248275350162e-01   9.9102071758726340e-01   4.8644954982330801e-01  -4.8183986995848438e-01   4.3758489140413742e-01   6.4782172503488422e-01
   2.2170900000000001e-03  -1.1070065532406210e+00  -7.0374156853233605e-01  -1.4736193382773297e+00  -1.1933402835996885e+00  -1.0974567321137290e+00   9.7254300624257706e-01   9.4132569440014557e-01
   4.5522000000000002e-03  -1.2522761217722627e+00   4.9618983141383285e-02  -4.7106578212554573e-01   1.2532443508650884e-01   8.0982474637992075e-02   4.4127174075540748e-01   6.4971329401785349e-01
   2.4999900000000001e-03  -7.9108264472788059e-01   1.6728162039621617e+00   7.9921997749745233e-01   1.4455856914229164e+00  -2.2419244801713825e-01   9.4842642688083634e-01   9.3036275601665130e-01
   2.4280600000000001e-03   1.7570198369403978e+00   1.3451451932170233e+00   9.5456277737342909e-01  -5.2159356013172287e-01  -5.5153526807016007e-01   9.8730433794110251e-01   9.4890572740025203e-01
   2.1111300000000001e-03  -2.4817216921210630e+00  -5.6199859129365293e-01   2.2346299290714733e-01  -5.9659762865080135e-01   6.3560182830273065e-02   1.0269625629074342e+00   9.6676770910452436e-01
   2.1571799999999999e-03   9.4381656697743788e-01   5.6748751975262113e-01  -1.6485522434459052e+00  -9.2283936430662750e-01   1.4596494674457661e+00   1.0517218294657533e+00   9.7776798548228061e-01
   2.5246000000000001e-03   2.6055431574454074e-01   1.3732890526732531e+00  -1.0086552340978130e+00  -1.7361817079735109e+00  -2.6788347540615060e-02   9.0624239609689294e-01   9.1007609779359511e-01
   4.5705700000000004e-03  -1.2424278609249553e+00  -4.5066579242458554e-01   6.2518549274811486e-01   2.1408571480302882e-01   3.1904780970771052e-01   4.7939459087391906e-01   6.7762048947490283e-01
   4.9981899999999996e-03   5.8234174731540855e-01  -5.6920233351881599e-01   1.0111244249146600e+00  -4.4238592353923373e-01   2.8936412247551896e-01   4.6516419275683885e-01   6.6787031918254902e-01
   2.8546700000000001e-03  -8.8040187888206678e-01  -1.0356564097797465e+00   9.2766875439575236e-01   5.8092796975086414e-01   1.4829420400751772e+00   8.0512945333055264e-01   8.6000404132082464e-01
   2.1821599999999998e-03  -3.1479414062803873e-01  -1.9734109316168478e+00   2.3713890583851274e-01   1.4597324483114740e+00  -7.9368567127256073e-01   1.0426244234828321e+00   9.7393769190930057e-01
   2.8772300000000002e-03  -1.9981507791461670e-01  -9.7601652333944533e-01  -7.4632876289555905e-01  -1.9216698628751019e+00  -2.6273745379328522e-01   8.1491120902781256e-01   8.6573674653136534e-01
   2.3766000000000000e-03   4.4665173111856488e-01   9.5504953993922792e-01   1.1343016385723008e+00   1.6215395142688713e+00   1.0646535254645413e+00   9.1873773680079096e-01   9.1617139511067747e-01
   2.4843700000000001e-03  -1.6032724671736858e+00  -5.2085397041684123e-01   2.1268393366811222e-01  -5.1156605459849724e-01   1.6942041355391930e+00   9.0919885188766814e-01   9.1178911194131407e-01
   2.1940599999999998e-03  -3.0927488223774574e-01  -3.7609346718771408e-01   1.6785473947805212e+00  -7.6948876812125111e-01   1.7757690930062537e+00   1.0310179021020109e+00   9.6827835703202569e-01
   2.3406600000000000e-03   1.1478265540765304e+00   8.3351473339710780e-01  -1.7867482066978286e+00  -1.0098089545213726e+00  -4.2933172173019313e-01   9.6567332539587325e-01   9.3807561095685488e-01
   4.8914600000000003e-03  -4.5380367540105498e-01   1.2495234523142237e-01   5.2445213708257465e-01   1.1304684567622669e+00   5.1743478521655961e-01   4.7107517685864136e-01   6.7165110222906810e-01
   4.1192499999999996e-03  -9.2238392878579134e-01  -1.0372813860338882e-01  -1.1555374756286196e+00  -1.5530283296969435e-01  -6.3746904059713039e-01   4.9727891971857335e-01   6.8942955615497226e-01
   4.2001100000000000e-03  -2.5961820233178018e-01   1.2454368032006591e+00   2.3082472339773052e-01  -1.1838118355470084e-01   8.8901314829768918e-01   4.8331204484489859e-01   6.8016133859952477e-01
   2.5567300000000001e-03   3.9890827879866031e-01  -1.0229754838966765e+00  -1.2298524575421834e+00  -1.4181494181001404e+00   1.1101049001455807e+00   9.1561399504740348e-01   9.1401284110479686e-01
   4.3766700000000000e-03  -1.7984316006450410e-01  -5.3934415470732122e-01  -3.3724291872206519e-01   7.6189523393196068e-01   1.0257617554957057e+00   4.5300667320442395e-01   6.5858846374185698e-01
   6.2018899999999998e-03  -1.4196506806636988e-01  -5.6259414557211718e-01   2.4481919232510690e-01   4.1180826286443380e-02   2.5009905372333018e-02   3.6463307865835709e-01   5.9264548576669618e-01
   4.7588900000000000e-03   3.1188550786480357e-01  -1.3987787363364030e-02  -6.6850122345842566e-01  -1.1435645923533573e+00  -3.4891387840333515e-01   4.5551747374651896e-01   6.6089677765024046e-01
   2.3869500000000001e-03   1.2740184731061241e+00  -6.4651228080947043e-01   1.2035705462981776e+00  -1.2177829136112730e+00   1.1298185908548140e+00   9.4960299476221588e-01   9.2975223709929422e-01
   2.4853000000000002e-03   2.2224018328531545e-01  -6.0838900440858323e-01   2.2687159023601797e+00  -5.5152347099767640e-01   3.4996869315459295e-01   8.9905713511781193e-01   9.0726926292218257e-01
   2.2536499999999998e-03  -6.1957779502331434e-03   9.6625476582833292e-01   1.4173195022281653e+00  -3.2526377293437392e-01  -1.8155683910347931e+00   9.4708998994439209e-01   9.2873604521948472e-01
   2.1499800000000001e-03   9.4575998899704983e-01   1.7494682898898609e-01   1.2184832649906223e+00  -1.2011224655677126e+00  -1.6545127698856588e+00   9.8353966215016664e-01   9.4570606792620293e-01
   2.6072700000000001e-03  -9.6417493806873300e-01   1.2176865527143315e+00  -1.5591131033329890e+00   3.0899435437278855e-01  -9.9358171630418812e-01   9.0606903716678167e-01   9.1014355802853608e-01
   2.1679899999999998e-03  -5.4168976154958615e-01   1.7606791629128453e+00   1.5760121016118471e+00  -6.9507684806233561e-01  -5.1052387977929359e-01   9.8154745449764469e-01   9.4556991691438519e-01
   4.2984099999999999e-03   1.3185850270581734e+00  -4.8542787791596204e-01  -8.3795414235513732e-02  -1.1925734366652141e-01   7.0945596712846914e-01   4.9085791718014887e-01   6.8578947012283764e-01
   2.6157799999999998e-03  -1.6286612791603741e-01  -1.9102902985400207e+00  -3.2148847688184945e-01  -1.1916056731417923e+00   6.5340214979168143e-01   8.5071090891102696e-01   8.8218114615791154e-01
   2.5246999999999999e-03  -3.8380863278727578e-01  -1.9049014777254683e+00   1.2341597442791588e-01   1.2221373078677793e+00   9.4978365602294834e-01   9.4440343130090110e-01   9.2938042615661109e-01
   2.0127100000000000e-03  -1.5583341731923093e+00   1.7406790624203252e+00   1.1162536473645077e+00   5.6158763508503155e-03   5.1604501503375511e-01   1.0511771704038284e+00   9.7564330547850819e-01
   4.0791300000000003e-03  -1.1234784058793714e+00   7.8772723347230822e-01   3.4616496318444268e-01   4.8951009898039083e-01   5.1656576544587895e-01   4.8185247163267386e-01   6.7915695197076553e-01
   4.3088800000000002e-03   6.0171854760572441e-01   9.1923909573779605e-01  -6.6771277274666241e-01   1.0307806630976963e+00  -9.5399911649697178e-03   5.1415044006271882e-01   7.0103068949507319e-01
   4.4717999999999997e-03   4.5982073913319316e-01   1.2047868523327183e+00   7.5305157021821856e-01  -3.8103920755203347e-01   1.8017170616679043e-01   4.8638596105298215e-01   6.8236330608950191e-01
   2.1025499999999999e-03  -1.9693170100428542e-01   1.0195986519028746e+00  -7.3112038515585198e-01   4.4703431041187053e-01  -2.2363315241444410e+00   1.0145120230142932e+00   9.6037961927480375e-01
   2.9160700000000002e-03  -5.2799409889856541e-01   2.0541629133101309e+00  -6.2314748839513066e-02  -6.9870710396116997e-01  -3.1890415734899265e-02   7.6357973702210991e-01   8.3979478950732256e-01
   2.2602600000000000e-03  -1.3351484184681806e+00   6.1630134166108685e-01  -7.4731039980803948e-01  -8.9962944410901680e-01  -1.7247449121729501e+00   9.7849046610334600e-01   9.4414134961632734e-01
   2.6158100000000001e-03   3.8182949590352483e-01  -9.7985162773994294e-01   5.8969668614221295e-02   2.1469933662238616e+00   3.2827266402800831e-01   8.8325624693385307e-01   8.9923040118913999e-01
   2.4603699999999999e-03   9.7183297217085418e-01  -1.0825082207897892e-01  -1.0137944927702192e+00   7.7402625211697373e-01  -1.8582990470962477e+00   9.1429246091919014e-01   9.1325818447113172e-01
   4.0611900000000001e-03  -4.5380208269198752e-01  -1.3382143996048914e+00   3.8665404735552339e-01  -6.8094456381389135e-01  -1.1769081202725243e-01   4.8925811578552203e-01   6.8423986905781486e-01
   2.3911000000000002e-03   2.0723765340003442e+00   1.1342292966732541e+00  -1.5529621708443797e-01   8.0412069219778537e-01   3.9515997227253902e-01   9.8283599070880201e-01   9.4672274154309688e-01
   2.7165300000000000e-03   3.0520018749348332e-01   1.8708799639096063e+00   1.0075525220064485e+00   5.0109380951417737e-01  -7.9241397662704727e-01   8.3246237558022418e-01   8.7381301903757058e-01
   2.4282700000000002e-03  -9.4934184446536396e-02   1.2509565857523166e+00  -1.4700627036961860e+00   2.0537576739339114e-01   1.5209136147483582e+00   9.1854131688007135e-01   9.1472752259219403e-01
   3.8706100000000000e-03  -2.7180824711351349e-02  -2.5566442548747731e-01  -1.5982827446782844e+00  -5.0909468871729024e-01   7.6224021176150597e-02   5.1167350055823824e-01   6.9890783867716899e-01
   2.6668400000000002e-03   5.2289729536110963e-01  -2.0231888163843985e+00  -1.0296211307701686e+00   5.1904527935306380e-02   5.7855906467741525e-01   8.8461313616945403e-01   8.9959590897651220e-01
   2.3596600000000000e-03   1.0503801026900830e+00   1.3594409014317652e+00   4.7126537792330120e-01   1.8032578503670789e+00  -2.9800374865623225e-01   1.0067880136964544e+00   9.5723209717346724e-01
   2.5801399999999999e-03   1.1991707077736249e+00  -1.5061866162616016e+00  -8.6139326446117193e-01  -1.2064689230506949e+00  -7.5804316555717732e-02   9.0170052527468880e-01   9.0683024856410621e-01
   2.3063300000000001e-03  -1.2855106460772880e-01   1.4278815707097512e+00  -1.7017668079007959e+00   1.1942548560194883e+00   1.9412177880099005e-01   9.7236258684742982e-01   9.4074053100964727e-01
   2.4807399999999999e-03  -1.3758401826296032e+00   6.0687335471965004e-02   3.5161510099588877e-01   1.1847617062357878e+00   1.5893626870864708e+00   9.0191489382700696e-01   9.0665372980881853e-01
   4.2698800000000002e-03  -9.6488710583957860e-02   7.9272826998333512e-01   2.7155081607563669e-01   4.0057100582743793e-01  -1.2902104140312727e+00   4.9255324075509394e-01   6.8670268198715367e-01
   2.5901299999999999e-03  -1.2623509496543823e+00   9.2299938638371193e-01  -1.8162149507347503e+00   6.7246667497427208e-03   5.0573200329757417e-01   9.1652477040000335e-01   9.1582976584642395e-01
   4.2873900000000003e-03  -1.0183616967168108e-01  -4.0498268925965204e-03  -5.9771999994123459e-01   1.4974070740363479e+00   2.5447473642117424e-01   5.0887894681223278e-01   6.9752302436885105e-01
   4.3555000000000000e-03  -5.6827297126235765e-01  -9.3603307436529803e-01   9.4342831120926798e-02   1.0412826816422973e+00   6.7222060678258602e-02   4.7572346918419522e-01   6.7460785163758175e-01
   2.0669700000000000e-03  -1.2933866571309324e-01  -2.5364081194845052e+00   6.3265492253487154e-01   4.2128156248953642e-02   2.2931080247227958e-01   1.0372282219855902e+00   9.7112777012021745e-01
   2.0427000000000002e-03  -4.8041736756326553e-01  -1.5529225383303638e+00   1.7538420870772302e+00   8.7792546869408916e-01  -7.7730263305140257e-01   1.0676236336151681e+00   9.8512788246310057e-01
   2.3871800000000000e-03  -1.8432591667014799e+00  -7.2724373174978674e-01  -5.2778072341067614e-02  -4.0982335200995795e-01  -1.5518252230177330e+00   9.9472806090229515e-01   9.5193678779024493e-01
   2.3113100000000000e-03  -1.2010688838181138e+00   3.4962813249343860e-01   5.4768882576603717e-01   4.8028958537290589e-01  -2.0641163419212205e+00   9.5963457178066602e-01   9.3396668640008174e-01
   4.1824200000000001e-03   9.8163009699842796e-01   3.4016209047626145e-01   2.9531099663937582e-01  -9.0165825254709786e-01   7.8643113180065982e-01   4.9858539145443698e-01   6.9037628300452913e-01
   4.6363000000000003e-03  -2.8096438507142624e-01   3.9915662436881161e-01  -1.3322723799712362e+00   5.0916980943226664e-01  -1.1261344707185569e-01   4.8159098110810922e-01   6.7914641975876100e-01
   4.3088299999999996e-03   5.7150096642703074e-01  -1.4175350100037734e+00   2.0041068856775748e-01  -5.2636917453411286e-02   3.9030288176382599e-01   4.9339632932731475e-01   6.8718807528521397e-01
   2.9464199999999999e-03   6.9101062582680259e-03   1.3954229840164920e-01   1.0424716145703299e+00  -1.8709808848633356e+00   8.8252754510244646e-01   8.4361851388396925e-01   8.7973860823467487e-01
   2.1546099999999999e-03  -1.5697771365479016e-01   2.0696149563031376e+00  -1.4867073867176221e+00  -3.5955318645721873e-01   8.6673220955907539e-03   1.0056073881830250e+00   9.5455647024533374e-01
   2.5969399999999998e-03  -6.1092266940963413e-01  -1.8808058356095150e+00   4.4453059250490978e-01  -2.4037086054996917e-01  -1.3458967416652643e+00   9.0942471970850258e-01   9.1165297907283016e-01
   3.6721499999999999e-03  -3.8894824845285264e-01  -1.3460897946047656e+00   1.0891556124627588e+00   3.2396827910381665e-01   2.9912372366540302e-01   5.5715291208259088e-01   7.2744976804155070e-01
   2.3967400000000001e-03   1.0021033877503525e+00   4.1770283292429550e-01  -1.0946845583386047e+00  -7.5500137089491226e-01  -1.8311683821075433e+00   9.6658430326220379e-01   9.3780109188723726e-01
   2.4835899999999999e-03  -9.7779695111274234e-01   1.0537880927728711e+00   1.6332428662444018e+00   5.5650748087126922e-01  -9.7146657426440230e-01   9.0659573954742445e-01   9.0883108564429360e-01
   2.5075000000000002e-03   8.0279183689095124e-01   1.6644208020928259e+00  -2.5850923938267495e-01   1.1723430445765370e+00   1.1414615601452049e+00   9.4253664717365271e-01   9.2682135560800516e-01
   4.7705800000000000e-03  -3.5804835766069820e-01  -9.7605639176771852e-01  -7.7352445991304142e-01  -6.4213239294446622e-01  -3.4549395379043710e-02   4.6726362748247685e-01   6.6935168912175635e-01
   2.5351699999999998e-03   1.8567906558599978e+00   3.3948075898769614e-01   1.2366641245873915e+00   9.1430459531111408e-01  -8.6910094238240032e-02   9.0067761516046740e-01   9.0662786214906688e-01
   4.4441899999999998e-03  -6.9671631592728822e-01   8.6476313893360079e-01  -4.0020032241282494e-01   8.8648920047020086e-01  -1.7386021800547166e-01   4.6545796332589545e-01   6.6776977053612796e-01
   2.3585799999999999e-03   1.7336594601726066e-01  -1.6805981789682620e+00  -1.0666529872920194e+00   1.4511676027388001e+00  -3.4901681820266206e-02   9.1183139572218763e-01   9.1204104367003269e-01
   2.3192299999999998e-03  -9.5083493917873385e-01   1.8844300185231520e+00   2.7839550630014004e-01  -1.3751181604700194e-01  -1.4332516812692142e+00   1.0143385036393577e+00   9.6107465071028209e-01
   2.4363499999999999e-03  -8.8594592437799080e-01   1.1216160486728439e+00  -7.9760785140064697e-02  -1.9398419781687088e+00   5.7127925443696626e-01   9.2552179620914377e-01   9.1891867209828093e-01
   4.5459300000000001e-03  -7.2147640810433278e-01  -2.7475196032332544e-01  -4.8780280894651246e-01   8.9732513663741043e-01  -6.9569089861887146e-01   4.6175993925303294e-01   6.6522909825344534e-01
   2.4056799999999999e-03   9.8920994126071515e-01  -2.2009967209226935e+00  -1.5599086888568571e-02   1.2595936760477050e-01  -7.0062754487488732e-01   9.6496855609167431e-01   9.3785601583921308e-01
   2.3696199999999998e-03   1.8498002505502973e+00   1.1596888925891760e+00  -4.8613908143582957e-01  -1.0963324754801469e+00   5.2494978732725817e-01   9.8335644563465963e-01   9.4704411268373734e-01
   2.8215499999999999e-03   8.0191768508015981e-01  -1.0143884126883558e+00   1.1146811102002482e-01   5.5604947257502624e-01   1.7420979122581415e+00   7.6114382043784468e-01   8.3746099440026711e-01
   4.4285200000000000e-03  -4.6322515323544011e-01   8.3932237232045181e-01  -1.3058560707900702e-01  -9.9653644168423161e-01  -6.8265771071928827e-01   4.8598291431890800e-01   6.8219828158598217e-01
   4.3448499999999999e-03  -7.7732365685746174e-01  -1.2934108553289725e-01  -1.0667428907264587e+00  -1.8181667072167138e-01   8.7470610481376354e-01   4.9990202956996804e-01   6.9183623413342288e-01
   4.6737400000000000e-03   5.2457024783657091e-01   1.3784492361467279e-02  -1.1259739949892922e+00   3.3564080526853357e-01   7.3007672942707103e-01   4.7370463476328206e-01   6.7368679769778561e-01
   2.8119199999999999e-03   9.1143010929156065e-01  -4.9490754147521754e-01  -1.6094766470503608e-01  -7.9531740379313698e-01   1.9155228518191898e+00   8.3703873550826946e-01   8.7486947165376461e-01
   2.5983600000000001e-03   3.4594894196069892e-01  -2.4546642673157548e-02  -9.1133246023629699e-01   4.1858900846162939e-01   2.1458424264019680e+00   8.6863762967555502e-01   8.9060584691819134e-01
   6.0352599999999998e-03   5.3856855297822015e-01   7.9073316746304398e-02   9.4958023520262169e-02  -3.1465446242909917e-01  -1.8755246476432449e-01   3.6164088337596806e-01   5.9027886686751341e-01
   2.1481500000000001e-03  -1.3082447946083384e+00  -9.0338179535781260e-01   2.0106223801615872e+00  -6.6564847980723485e-02   5.4911040416155488e-01   1.0545669303554477e+00   9.7901885935050670e-01
   2.2400599999999999e-03   1.2565917265270787e+00  -4.3497576244764874e-01   1.1097736825605251e+00   1.5567271786688441e+00   1.0083035656538304e+00   9.6626708260295280e-01   9.3733507905865965e-01
   4.4730600000000001e-03   6.8783402517872427e-01   1.8830464206668612e-01   5.2027438387078018e-01  -1.2611072488191997e+00  -2.5495038420375377e-01   4.9310121195844347e-01   6.8716376662119361e-01
   2.1316799999999999e-03   5.4885101084138699e-01  -6.5763435942187976e-01   2.0442364065577241e+00  -2.2153355770805497e-01  -1.2835239541304362e+00   9.7144326428415984e-01   9.3976604587686474e-01
   2.6139800000000001e-03   3.3689852538693676e-01   1.8306886394435713e+00  -5.4722143912556198e-01  -9.4695273187486784e-01   1.1373316395472868e+00   9.1474747730088990e-01   9.1403035283783052e-01
   2.7392900000000001e-03   8.0687293183478370e-01  -1.6066287478049985e+00   8.8157983553848263e-01   1.1877403388861234e+00  -1.2162385222584042e-01   8.2382924786117784e-01   8.6993448766405357e-01
   4.3183199999999996e-03   8.5289179489215727e-01   4.7779234677128174e-01  -3.4182919268343320e-01   7.7286417544317310e-02  -1.1004959294941732e+00   4.6850260818462780e-01   6.6990844016743534e-01
   2.1126299999999999e-03  -5.9665094368075033e-01  -1.5925008878673641e+00   1.6955383313979335e+00  -8.2720421407756706e-01  -5.5725653022129318e-01   1.0142824045756147e+00   9.6032749926080940e-01
   4.9259700000000000e-03   1.3910387593684612e-01  -5.3442031140991675e-01  -9.0175164172220212e-01  -4.3923543347593054e-02  -9.3524984954942381e-01   4.6349995443169217e-01   6.6669122475752329e-01
   2.4793900000000002e-03   8.0046873560526077e-01   8.4595346966304233e-02  -5.2175765771867944e-01   2.1135042305430005e+00  -7.7580977974300891e-01   9.0481824579815873e-01   9.0882218643068879e-01
   2.6358699999999998e-03   1.1132001699851879e+00   1.5565595113725379e+00  -1.2715361675015382e+00   5.8104458869861327e-02   5.3840660952548902e-01   8.4929657658919178e-01   8.8102251638976092e-01
   2.2503300000000000e-03   4.6275765770850386e-01  -1.5329704798005035e+00   1.5521198566393035e+00   3.8491551070387886e-01   1.3182144881940918e+00   1.0590919072102609e+00   9.8133979889337042e-01
   1.9409700000000000e-03   7.6518147231844538e-02   1.1466025717242057e+00   8.1159782048385876e-01   1.4853338562381897e+00  -1.7066678908478474e+00   1.0662678363385047e+00   9.8337820292527767e-01
   3.4524199999999999e-03  -2.9848520373928916e-01   1.1456939123352339e+00   1.5468546136265866e+00   3.9570843123286936e-01   4.5596766656127508e-01   6.6726390199380214e-01   7.8848828207705757e-01
   2.3117699999999999e-03  -4.9483678874376424e-01  -4.7902721796573997e-02   2.3593092609800599e+00   6.0321752936075324e-01  -2.2931302026629979e-01   9.3157011479081886e-01   9.2011198556638318e-01
   4.4016300000000001e-03   1.4160906631740669e-01  -8.7733408766805310e-01  -7.5433457142616689e-01  -2.3538461276336126e-01   1.0790682263431235e+00   5.0299674944032957e-01   6.9347614201650187e-01
   2.9258900000000000e-03   1.3486168687325060e+00   6.8158862569162737e-01  -5.0655553684772980e-01  -6.3193288952848814e-02   1.6057222140617988e+00   7.8998521803385424e-01   8.5286124804267027e-01
   2.6528200000000002e-03  -1.6811306132920076e-01   6.0626287340422447e-01  -4.7967195491652992e-01   1.6689867897722761e+00   1.5630806926974221e+00   9.0135485320436404e-01   9.0806452078307565e-01
   2.3777999999999998e-03  -1.4224283966628862e-01   7.5643659010311459e-01   6.9826647728285229e-02  -8.9136105218311645e-01  -2.1436498403340898e+00   8.8352871666183208e-01   8.9850567523633051e-01
   2.5466800000000000e-03   1.8554170464820803e+00  -9.7945445389562391e-01   1.0290956217205758e+00   2.3049633027957855e-01   6.7216589998084464e-01   9.0189640145602701e-01   9.0844848977188453e-01
   2.1118600000000001e-03   1.1501134736126402e+00   3.5513116407675482e-01  -3.3463293010081446e-01   2.1745525179961827e+00   7.2948456936623529e-01   1.0240174669831450e+00   9.6565705910187816e-01
   2.3402900000000001e-03  -2.4794567122964198e-01  -8.7258167850496415e-01   3.7205964907842359e-01  -1.4899606089418205e+00   1.7353967114461206e+00   9.2903825059428702e-01   9.2093458042055565e-01
   4.4940700000000002e-03   9.5746986012941182e-01   9.3867966738901021e-01   3.7835572280997387e-01   4.7317192707750316e-01  -4.5045224203085693e-01   4.8679342227366890e-01   6.8228303915201760e-01
   2.5435599999999998e-03  -6.5339424759270537e-01   8.9762570412664522e-01  -1.3489623684798935e+00  -1.2319776438546302e+00   1.1648984239424827e+00   8.9216979376710781e-01   9.0304110392345449e-01
   2.6813100000000001e-03  -1.2149960568402838e+00   4.4458029231521873e-01   1.5342955721738358e+00   1.1817418440234648e+00   3.4756772588699852e-01   8.5131245984517090e-01   8.8233339728541282e-01
   5.5273700000000002e-03  -3.0774403672017475e-01   1.8158259456712136e-01  -1.9597655601734779e-01  -1.1702264720867381e-01  -5.7770720956458521e-01   3.5483631657900183e-01   5.8458477756145144e-01
   2.7830799999999998e-03   5.5431857406643315e-01  -6.6693125612217330e-01  -1.5684421554518211e+00  -1.1190875703876884e+00  -1.0411068882303625e+00   8.4870203259230037e-01   8.8273285025724646e-01
   4.4244300000000000e-03   1.3632724508138689e+00   1.2386056473825396e-01  -3.7863022480495756e-01   5.8809620887942837e-01  -5.9552670774929588e-02   4.8192834825504471e-01   6.7921020512128760e-01
   4.2855300000000001e-03   3.9060417857828197e-02   8.7058747303105966e-01  -1.1911387822733528e+00  -4.8655992372108042e-01   3.2538643943787038e-01   4.9315927220056488e-01   6.8685274357072601e-01
   2.7020400000000002e-03  -3.1099465528936138e-01   1.3942938736607463e-01   6.8415062486011402e-01  -1.7005181582634257e+00  -1.3297092984933976e+00   7.8433947102199253e-01   8.4982689991959426e-01
   2.2532899999999998e-03  -1.0607178174892670e-02   1.7928274160847624e-02  -1.7265901728273603e+00  -1.8375889209823772e+00   3.1741508720400041e-01   9.6702808162656739e-01   9.3790399392015533e-01
   2.6521800000000001e-03   7.2314370357182500e-01  -2.5077271326676340e-02   3.5568400409956014e-01   1.8900337988649116e-01  -2.3207011802098330e+00   9.4310334407859953e-01   9.2806079648740947e-01
   2.8802699999999999e-03  -1.0651557186711553e+00  -1.0384236459536809e+00   3.5423644526313980e-01   9.6088352341085170e-01  -1.4748032616422633e+00   8.4340744293877334e-01   8.7949702217901438e-01
   5.0208600000000003e-03  -2.8602011882459193e-02  -4.5881762161996004e-01   3.0222010206347943e-01   2.7055298113384052e-01  -1.1235600670715231e+00   4.3431797431008012e-01   6.4551988571717556e-01
   2.1388800000000001e-03   7.5718654051113735e-02  -2.1466106610276495e-01  -1.7466108629587469e+00   1.9330578886865921e+00   1.0944350217408601e-01   1.0382164132757317e+00   9.7243533362265444e-01
   4.5871100000000001e-03  -5.7983989652404588e-01   2.5701041315868717e-01   7.3237893844233404e-01  -3.9606203298564252e-01  -1.0261417326861839e+00   4.6812927406447480e-01   6.6972650881518114e-01
   1.9703400000000001e-03   1.2590002918942440e+00  -1.8960696234497338e+00  -2.6368690463377455e-02   1.0519813421029280e+00   8.2193750828493573e-01   1.0351096731102112e+00   9.6888548929619323e-01
   4.3429000000000002e-03  -7.1521946409942239e-01   1.2363159524470151e+00   5.1046657571350929e-01   9.5701485606238354e-02  -3.5773377016070085e-01   4.8415370100786620e-01   6.8091143744386784e-01
   2.4978900000000000e-03   1.8013830545143052e+00  -5.4858874149163528e-01   1.1986803553816661e-01   1.4726509555064469e+00  -3.6878128981757609e-02   8.5047794644273100e-01   8.8328917267332485e-01
   2.1180299999999999e-03  -1.5466200920939981e+00  -1.8704408292910982e-01  -1.0264564907010576e+00   7.7657384708851296e-01  -1.6446707748160962e+00   1.0297354046619880e+00   9.6618642471878213e-01
   2.6686499999999998e-03  -5.7442382048682861e-01  -6.6271762060239092e-01   1.0136803490852488e+00  -4.3613866889267566e-01  -1.9836740950969203e+00   9.1823858002310221e-01   9.1575164029474099e-01
   2.1328800000000002e-03   1.4990090582916713e+00   7.8090678423393700e-01  -1.4963628071854145e+00   1.2697368243600089e+00  -3.6847158036826444e-01   1.0394092568351316e+00   9.7217191914059820e-01
   3.4730600000000000e-03   1.5516007233575986e+00  -9.9093913653363874e-01   5.0512049614743026e-01  -8.6291785900157125e-01  -3.0034010875294914e-01   7.2615486953447905e-01   8.2012705308882627e-01
   4.7435000000000003e-03   8.6477705974084239e-03   3.1420203746944436e-01   7.7820831989591244e-01  -6.5402383024431787e-01   9.9673536731293244e-01   4.7221079234206725e-01   6.7263433736614331e-01
   2.8799899999999998e-03  -1.5288993004591062e-01  -7.5852969226902434e-02   1.4691550738570525e+00   7.7290214867424722e-01  -1.5324730616293005e+00   7.8093938549317099e-01   8.4808134538056534e-01
   2.1162099999999999e-03   7.3788058699185566e-01  -4.0922329038240507e-01   1.0730233019536544e+00   2.1166548434022485e+00  -8.9628476732727036e-01   1.1035591822791961e+00   1.0012377551219647e+00
   4.9395100000000003e-03   7.3185284967021813e-01  -7.7181437598835023e-01  -8.1322970272758344e-01  -1.7966723614790489e-01   2.2601761141986677e-02   4.4899410912955967e-01   6.5602760597997212e-01
   3.5406800000000000e-03  -1.3390716256026409e+00   4.3055597511469601e-01   1.3545060468106702e+00  -2.6640855393846080e-01  -3.1638169651782025e-02   6.3009228341103329e-01   7.6852296009384935e-01
   2.2049100000000000e-03   5.7141750676615988e-01  -1.9343015055642805e+00   5.4391315010789287e-01  -1.3913147551617806e+00  -3.6247210344772901e-01   9.4926333166431420e-01   9.2945715848492505e-01
   2.4028600000000002e-03  -9.4864001197480752e-01  -4.8842820215015575e-01  -2.2690105922470685e+00   4.9596991310666538e-01  -3.3604080039498585e-01   1.0362502825772759e+00   9.7178092415204098e-01
   2.3455300000000002e-03   1.8392977826477672e+00  -2.8634686208536403e-01  -1.3713947750538011e+00   9.8422683336828493e-02  -9.0162884171618185e-01   9.2430006816327281e-01   9.1736406307636387e-01
   5.2569599999999998e-03  -3.8718833888896775e-01  -1.4181338310638741e-01   2.8790718078803063e-01  -1.0926572678045658e+00  -8.5385086324849993e-02   4.2797915340563919e-01   6.4062757982503982e-01
   2.5223799999999998e-03  -9.5448198572536475e-02  -1.7176333528258816e-01  -4.3713782797471214e-02   1.5189632492509706e+00  -1.9302961389208158e+00   9.2765013003208063e-01   9.1965384027202546e-01
   4.2247400000000003e-03  -6.9915972375740459e-02   5.7880819535949801e-01  -1.0165178978557534e+00  -5.3473066156878601e-01  -9.9661323663737167e-01   5.0392864148247662e-01   6.9417951273373668e-01
   4.5947399999999999e-03   7.5274875210542647e-01   3.3387898599638799e-01  -1.0767819650104882e+00  -4.1290192833793239e-02  -2.7746025221582132e-01   4.4340379825116305e-01   6.5193142543031224e-01
   2.3402900000000001e-03  -1.5727167336648995e-01  -8.0708883148725474e-01   1.6825747908650230e+00   1.6174619946761846e+00   5.3324650407140428e-01   9.6703701593703528e-01   9.3859432452387559e-01
   2.5674500000000002e-03   7.1344149973844839e-01  -1.5313203642446300e+00  -1.5433431879977417e+00   2.7365754314717972e-01  -8.3743227378679030e-01   9.2407920061687543e-01   9.1776406870954486e-01
   6.3444800000000004e-03   1.8283711331132288e-01   7.3671536660360998e-02  -1.2745540462193916e-01   6.0031095827458802e-01  -8.8049632850736012e-02   3.6750550299563728e-01   5.9520449481230742e-01
   2.3603500000000002e-03  -2.6139177061498620e-01   1.2821745423358697e+00  -4.9582513613153500e-01   2.1388398096243142e+00   9.8247224315823098e-02   1.0118043513612949e+00   9.5937295698783276e-01
   2.5138700000000001e-03  -1.5950159140369229e+00  -1.7413113672012612e+00   6.0991964868324933e-01   3.4519072848051174e-01  -2.8357059626231207e-01   9.3378253818213464e-01   9.2381714869998333e-01
   2.4051500000000000e-03   5.6767708281760454e-01  -6.1508336869434421e-01   1.5528642397669679e+00  -1.8056808135476545e+00  -3.2345423045784166e-01   9.9274402692954777e-01   9.5165642862166533e-01
   3.8818500000000001e-03  -1.1426885130840778e+00   7.4318515331321178e-01  -3.3868050072410794e-01   9.2821994669579258e-02  -1.0070727938139872e+00   5.2741470224748421e-01   7.0907249582960985e-01
   2.3667499999999999e-03   8.0868183145457317e-01   1.2954670101455161e+00   4.5095082185617247e-01  -1.8319198216963539e+00   4.3338441488786228e-01   9.0399727677884134e-01   9.0811926180876945e-01
   1.9499299999999999e-03  -4.8784416229310296e-01   1.5788831269685877e+00   3.9779414514323197e-01  -1.8095162354127974e+00  -9.6100886927576945e-01   1.0515812963952718e+00   9.7814922659955916e-01
   2.4987899999999999e-03   1.2187822083701378e+00   1.7422814989685480e+00   3.9885183299338106e-01  -2.9657931330823722e-01   1.0255150180410293e+00   8.7268764727488446e-01   8.9348637251927265e-01
   2.1355599999999999e-03  -1.0374553007149518e+00  -4.4282977217717798e-03   1.1551285597720662e+00   1.8445929486292594e+00  -9.9051583842655033e-01   1.0193763187651343e+00   9.6252729695061190e-01
   4.6943999999999996e-03   7.7007854619179694e-01  -3.2643286689483790e-02   8.9886806663463270e-01  -1.2343884011918406e-01  -8.9251739937170838e-01   4.7787698347820318e-01   6.7666787176879262e-01
   4.4272000000000001e-03   8.0343502146265666e-01   7.3593461469191573e-02  -8.2800295143543934e-01  -8.2145714169522199e-01   6.0642645440641263e-01   4.8309885392556473e-01   6.8004823833720218e-01
   2.6761500000000000e-03   3.0504231244508789e-01   6.9819145009618977e-01   1.7261622661620621e+00   1.4677714291581760e+00  -2.5022387763562354e-01   8.9186128456814928e-01   9.0252904398863176e-01
   2.2828700000000002e-03  -1.3683941162166788e+00  -1.6597677339082297e+00   7.1651223134893538e-01  -7.2177141690089064e-01   9.2162852698043429e-01   9.8636084732272722e-01   9.4750242793031303e-01
   2.4555200000000001e-03  -1.6695544028209912e+00   5.4703440701449846e-01   1.3981047513413664e-01   1.7119223316609684e+00   1.5753747665056311e-01   9.1513548593514271e-01   9.1344773166090720e-01
   5.0392700000000002e-03  -2.5220257239555877e-01   6.5082234674951311e-01  -5.5330281335671727e-01   5.5811000447742898e-01   8.1470863559905371e-01   4.4619710974398225e-01   6.5421976923700420e-01
   2.3846499999999999e-03  -7.0876012172294134e-01   7.2364885880357599e-01   2.1188490410824370e-01  -1.2561784315058677e+00   1.8797682301202143e+00   9.2228187526359229e-01   9.1761942815555653e-01
   2.3789900000000001e-03  -1.7353212736312786e+00  -4.7992691122502229e-01   1.4380769530062718e+00   3.6368659204994264e-01  -9.8764711614029055e-01   9.7307679041343642e-01   9.4182128298138224e-01
   4.0284600000000002e-03  -1.4162177074628995e-01   5.3489281212058137e-01   2.3224795509316862e-01   1.4542581916160242e+00  -6.5845692734278560e-01   5.2290457566296511e-01   7.0631994797860420e-01
   2.9036399999999999e-03  -1.4866978784971578e+00  -7.4422980083145884e-01   1.0011500728099672e+00  -9.8092308746957424e-01  -5.7457559629536181e-01   7.7079031029542111e-01   8.4317946230331842e-01
   4.4135499999999996e-03   1.0523420303514481e+00  -6.7825777519951091e-01  -1.9281814397905855e-01   2.3325483099849673e-01  -8.8337981411782929e-01   4.8991719351987534e-01   6.8481365445923592e-01
   2.2457499999999999e-03  -2.2396465920243983e-01  -3.8491814326115059e-01  -2.1191410781721687e+00  -3.2366847947644783e-01   1.3387112336824991e+00   1.0081942088637754e+00   9.5708222323001402e-01
   2.4479100000000002e-03   1.0838137640466039e+00   9.9787278640567556e-01  -9.1088214232075804e-02  -1.6543589977189770e+00  -1.1577392021976514e+00   9.4239309789756132e-01   9.2817506371218683e-01
   2.4962800000000000e-03   2.0265299229774142e-01  -1.3231232672825950e+00  -4.3690603143145273e-01   4.1083697948445014e-01  -1.9519791946208107e+00   9.0382130396342908e-01   9.0781056324965614e-01
   4.8788000000000000e-03   2.5299447200767280e-02   7.7534813171532291e-01  -1.3528354377649063e-01  -1.0180234385129985e+00   3.9323885749385384e-01   4.4392480233824644e-01   6.5248978431115656e-01
   2.4587300000000001e-03   5.3068026891759867e-01  -8.1434949449568791e-02  -2.1900006260051676e+00   3.7946764120745319e-01  -8.7353292083367451e-01   9.0647784224301275e-01   9.0898439043925794e-01
   2.1555900000000002e-03  -2.9944463710587044e-01  -1.8349040124090493e-01  -1.7277229991212908e+00  -5.7927252818660922e-02  -1.8757101403752303e+00   9.9631265004598679e-01   9.5124786241225912e-01
   2.4965000000000000e-03  -1.8308720978975340e-01  -8.7090046416031663e-01  -1.3618248389535350e+00   1.3079172093235443e+00  -1.2427978653170224e+00   8.9100181953162594e-01   9.0184537089416428e-01
   2.3918300000000002e-03   8.5647641904819369e-02   1.8020915351075715e+00  -8.1871207276619729e-01  -7.4657450818885462e-01  -1.3194323861534158e+00   9.3609849424315350e-01   9.2430709931188926e-01
   4.7904599999999999e-03   6.3006759388173550e-01   3.0755902206783969e-01   1.0631255871861041e+00   2.6237814484671029e-01   3.4881216477507659e-01   4.4589556847829254e-01   6.5353042711245790e-01
   4.1876400000000003e-03  -1.1812451879723997e+00  -6.3444152868793779e-01  -1.1210546244473334e-01  -8.0156084005472150e-01   3.8521850446813688e-01   4.9717891247867674e-01   6.8942094075007632e-01
   4.2424600000000000e-03  -1.0647964225255571e+00   5.0197088198022499e-01   1.2847610971717080e-01  -7.0428054179549915e-01   7.1238917035266358e-01   4.7880754162710609e-01   6.7692100205342831e-01
   4.9897900000000000e-03   5.0454612884732164e-01  -7.0754355830698823e-01   6.9286889224186743e-02  -1.0595930422367357e+00   4.1856081929327565e-01   4.7463817201204894e-01   6.7448056376012577e-01
   4.4771899999999998e-03  -2.8195055604103042e-01  -2.3947222997957376e-01  -3.5612219598985639e-01  -1.1611988917568787e+00   8.6722874588984467e-01   4.8688715415596834e-01   6.8261934921528700e-01
   2.5594500000000000e-03  -1.5799293415239513e+00   1.1069081617269726e-02  -2.0584226660760796e-01  -1.8553351060323473e+00  -5.4193471559460571e-01   9.6252030117698495e-01   9.3875097290324916e-01
   5.1484900000000004e-03   7.1536201154932699e-01   8.6507131764437517e-01  -2.7936728758452001e-01   4.6807891492825812e-02   5.4681845350519043e-01   4.3832892197752232e-01   6.4842832423696162e-01
   2.1592800000000000e-03   1.5970689487642296e+00  -7.6310410939891460e-01  -1.3359452142582462e+00   1.2683076124418424e+00   2.4059737861492048e-01   9.8071143745967904e-01   9.4472574328232939e-01
   2.6719199999999999e-03   1.8733446382598253e+00   2.6283855976076587e-01  -1.2984095869770724e+00   4.4346793233218948e-03   5.0312557534382540e-01   8.3440103174285962e-01   8.7470714729519672e-01
   2.2474900000000000e-03   1.0086883685452743e+00   1.5441637033701756e+00   2.0587299608722992e-01  -5.9717752370713723e-02  -1.7641995342546277e+00   9.8878111566044125e-01   9.4864925661902477e-01
   2.2124300000000000e-03  -6.7999885253387615e-01   2.9352270160127647e-02   2.0943036236187997e+00  -8.4792147269417428e-01  -9.7989521619856179e-01   9.7908076141751532e-01   9.4380354570411440e-01
   4.1330799999999999e-03   6.6276639830278938e-01   1.1798228667617879e-01   5.0591293158990280e-01   1.3587792337842337e+00   1.1080672016441105e-01   4.8819349616022417e-01   6.8348195797228817e-01
   3.2822500000000000e-03   7.9299163350925195e-01  -5.4754970936008551e-01   1.7333239873998116e+00   7.4255445401350162e-01  -2.8622943884140634e-01   7.2314934184895929e-01   8.1867587263898789e-01
   2.5160299999999998e-03  -1.3550705688612150e+00  -9.7424362855242075e-01   8.8097342059599726e-01   1.6060347599973475e+00   2.4517261978906896e-01   9.5552554970933479e-01   9.3461981965809837e-01
   2.0845799999999999e-03   2.1122981527300930e+00   4.6999941620874885e-01   9.1703941511246190e-01  -3.2322891870440962e-01   1.1231123595028234e+00   1.0343660794286826e+00   9.6952871333898705e-01
   2.2226400000000001e-03  -4.2968316435391435e-01   6.0296544757923587e-01  -2.2266385989439086e+00  -8.5341106687676871e-01  -6.3276418328096551e-01   1.0072650028841763e+00   9.5713136509675634e-01
   2.2827300000000002e-03   5.0567634066748790e-01  -9.4739550743346723e-01  -1.0377581888726239e+00   1.4639932297069835e+00   1.4261791812561870e+00   9.5938160449997623e-01   9.3504179348980543e-01
   2.7399000000000000e-03  -1.1774661058527920e+00   6.2978604733613253e-01  -5.9611581278257075e-01   1.4499613583096199e-01   1.8191365624057791e+00   8.3318505803269927e-01   8.7346150396563071e-01
   4.3397200000000000e-03  -9.6343128847117446e-02  -8.5667653429202539e-01   4.5876159419695151e-01  -3.6549742279680675e-01   1.1535580517779473e+00   4.8526476986631933e-01   6.8134262780599653e-01
   2.6710100000000001e-03   9.4735542894727154e-01   7.5273411200823059e-01   1.6988956231962309e+00  -9.2964214655223454e-01   7.1933222971912303e-01   8.7302367303848261e-01   8.9400259980813890e-01
   2.6584600000000001e-03  -1.4823727952424328e+00   2.8719418223604570e-01  -1.3340935025925060e+00   1.3317938122608615e+00  -2.1891308711128679e-01   8.9904996059178433e-01   9.0764499841599455e-01
   4.6692100000000000e-03   1.2976553734812096e-01   1.1180969690188987e+00   3.7771582473747956e-01   8.7144209383987381e-01   2.9028091042053172e-01   4.7928240532083743e-01   6.7752072436938704e-01
   4.8523100000000003e-03  -9.7997945499695549e-01  -8.0262252821827862e-01   4.3352767083846364e-03   3.0497511538620233e-02  -6.1876002188454149e-01   4.6223272980793018e-01   6.6568164051532464e-01
   1.8915099999999999e-03  -2.2223334888647388e+00  -1.1184007443252333e-01   1.1536633104706961e+00   4.5766905626571958e-01   7.2582781849235778e-01   1.0407406993215407e+00   9.7090270815355650e-01
   2.3742699999999999e-03   1.9107801297091955e+00   1.1974177181322443e+00  -6.9372539880299533e-01  -2.0583005757274367e-01  -7.9496155339902264e-01   9.4382933531720170e-01   9.2724609940219649e-01
   2.5607400000000002e-03   1.6453027795948867e+00  -1.3627445975307148e-01   1.6843501633641349e+00  -5.5598128860001039e-01  -3.1451273877512315e-01   9.0795456407305208e-01   9.1065162855335013e-01
   2.2547600000000002e-03  -1.2908897165130286e+00   1.3705954737964137e+00  -1.1534577760238196e+00  -1.2325861131489362e+00  -4.1007316837289387e-01   9.8314603531482991e-01   9.4673049811372112e-01
   4.2636300000000000e-03   8.4245104953964944e-01   1.0719022667678570e+00  -3.8256820792849955e-01  -7.1943115815123171e-01  -2.9901267379305285e-01   5.0251705997884100e-01   6.9317698763186331e-01
   2.2180799999999999e-03   1.2864863317022779e+00  -1.7931561686745969e+00   1.8584243111571594e-01  -7.1533324267805554e-01   1.1376394432025896e+00   1.0155967281250280e+00   9.6115071163748667e-01
   2.6269100000000001e-03   6.3573011184295669e-01   1.3241924985666287e+00  -1.5521547332349315e+00   2.9558007932213992e-01  -1.0112305671465942e+00   8.6024791328368477e-01   8.8707934767860763e-01
   3.9524800000000004e-03   1.4439228327256484e+00  -1.3593620343600163e-01  -5.3221972264451833e-01  -7.9425655084048585e-01  -4.3619978542928572e-01   5.6087638272300722e-01   7.2910313272394323e-01
   4.5996700000000001e-03  -3.2350796828637624e-01  -1.3467323786653335e-01   1.3091249435797674e+00   2.7724058496027770e-01   6.4332501124855268e-01   4.8650630534809397e-01   6.8244661992160294e-01
   2.3671600000000001e-03   1.3893520267407387e-02  -1.9328642734267421e+00  -7.5155136711819570e-01  -9.2125985648133191e-01  -1.0246674206297188e+00   9.2271471225828938e-01   9.1764454262692241e-01
   2.2493200000000000e-03  -2.4809675937739090e-01   6.4427086709353365e-01  -1.4339020506477955e+00   1.6155230830868124e+00  -1.1478275088052396e+00   9.6587989381180328e-01   9.3849284564716517e-01
   2.9473500000000001e-03  -1.1351390584083532e+00   6.8212880386922770e-01   1.0780115084984307e+00  -1.0558303505698999e-01   1.5282392823520661e+00   8.1532881776295907e-01   8.6610730538646241e-01
   5.2057800000000001e-03   4.3104417404306022e-01  -1.0690746405661132e-01   6.3578389799299528e-02   2.6888141886562494e-03   8.2357155384353131e-01   3.7568613559400793e-01   6.0089857837329996e-01
   2.2598599999999998e-03  -1.9374537337385573e+00   2.9317713504844845e-01  -7.4390758015723490e-01  -1.0323439415171174e+00   9.0926408364676969e-01   9.2437147750014026e-01   9.1882282471332311e-01
   4.4014800000000001e-03   6.6797432513340457e-02   2.5897554779101001e-01   1.3661575787882683e+00  -5.8793089420622868e-01  -1.8964174926869842e-01   4.7586648054391056e-01   6.7489624573594353e-01
   2.2955100000000002e-03   1.0378630525878922e+00   5.6511007398808466e-01  -1.4853794865235033e+00   1.1560855760081798e+00   1.1992059504569252e+00   9.6490164072598716e-01   9.3744209153487912e-01
   2.4319699999999999e-03  -1.8763773570166704e+00   1.2677489812761558e+00   2.9923454641697916e-01  -9.4540270861406894e-01  -1.4397693412200671e-01   9.2270183020809804e-01   9.1845727024234891e-01
   2.7513600000000000e-03  -2.0840176054323400e+00  -4.1502806828545252e-01  -7.2617516694002890e-02   9.1023989119220750e-01  -5.1529201554246240e-01   8.6840038171735900e-01   8.9127471873084019e-01
   2.0770200000000002e-03   2.0613501559144529e+00  -3.7534452576267874e-01  -2.4289540774052318e-01   7.8679998730572642e-01   1.3159923471307129e+00   1.0084365571023579e+00   9.5775038102061094e-01
   3.8998000000000001e-03  -5.5352728304800525e-01   8.9277381140160128e-01   8.0180841815935200e-01  -1.0028572670034981e+00   5.2240171910261937e-02   5.0131715365390528e-01   6.9212393379115977e-01
   2.2828499999999999e-03  -8.3224499576827460e-01   1.4830006158056179e+00   5.8189314075388177e-01   1.1920807606806663e+00   1.3575224510749389e+00   9.8336427207676502e-01   9.4571384028907235e-01
   2.2286699999999999e-03  -3.2196121163288499e-01   3.0285360078088858e-01   6.7139730871559111e-01   2.4148320929851534e+00   3.8946410466463727e-01   9.8870576761060636e-01   9.4973002192072919e-01
   2.3695200000000000e-03  -2.1295556329240632e+00   8.1625085191154789e-01   5.7212896544641056e-01   4.3673995263083970e-01  -6.9882447057401298e-01   9.4229572710664100e-01   9.2591473259220991e-01
   5.2402600000000001e-03   6.4419252355280218e-02   1.2052880798844861e+00  -3.6911437070148923e-01   6.4374153881239807e-02  -3.6698085221666721e-01   4.5067353332828147e-01   6.5745045056866813e-01
   2.5811400000000000e-03   9.9632951681249859e-01   2.1423263363741150e+00  -3.0515253575810530e-01   4.1951770837808355e-01  -2.2695368110452352e-01   9.1586336262785162e-01   9.1300082417638684e-01
   2.1274800000000002e-03  -1.0140303906952388e+00  -6.4934237114263604e-01  -6.5465856292576108e-01   2.0497595887867823e+00   9.0574813380869001e-01   1.0364003562067123e+00   9.7128532400314582e-01
   2.1564599999999998e-03  -5.9047595123527952e-01   6.8793197293541375e-01   2.2345822152859767e+00  -7.1055307619990493e-01   7.0621270785294565e-01   1.0350284287258444e+00   9.6886714619933489e-01
   2.2529799999999999e-03  -1.6775577293096178e+00   1.8180291841409786e+00  -5.2610493754600529e-01   4.9589842061266265e-01  -1.8997448243305295e-01   1.0168559733739115e+00   9.6182716905280941e-01
   2.4680700000000002e-03   5.1521891660509023e-01   4.2002107111730835e-01  -4.6122758123158392e-01  -1.9662479675469837e+00   1.2546639725696838e+00   9.1883642904474383e-01   9.1628214425954835e-01
   2.3698199999999999e-03  -2.2036602065753041e+00   3.6001673605757056e-01  -1.0242134545224406e+00  -2.8982270648564162e-01  -5.5637802456921248e-01   9.8682697448364887e-01   9.4837461533428935e-01
   2.3239200000000002e-03  -1.9510896440840420e-01   3.6400969404653577e-01  -9.6571260667108261e-01  -1.9452418244736100e+00  -1.2926893087523352e+00   9.8484990401081063e-01   9.4783788771000077e-01
   2.5909100000000001e-03   6.2257529320072502e-01   8.9676861349477666e-01   2.0999249514524423e+00  -2.6447192620119651e-02  -5.2362603399401764e-01   8.9932028717946211e-01   9.0596967499333281e-01
   2.3876300000000000e-03   7.9798884697515560e-01  -1.2933972881598359e+00   7.6262411125120710e-01  -7.1080427901794052e-01  -1.6622814686695191e+00   9.2070171190429262e-01   9.1688964385959604e-01
   2.2069899999999998e-03   1.3266601053669513e+00   6.0371369070879155e-01   1.3941705243850320e+00   6.4786674790486432e-01  -1.4782697300944339e+00   1.0041017768877305e+00   9.5622483077511577e-01
   2.3147200000000001e-03  -1.8550068312010737e+00  -1.2449032694337372e+00  -1.3141572484543701e-01   6.1878141596035485e-01   8.9644001881363156e-01   9.2408893522104552e-01   9.1756571457725977e-01
   6.0105499999999999e-03  -3.3397806862081325e-01   3.8104428153959496e-01   4.4232404223816973e-01  -3.8445204696904239e-02   1.8525158202986791e-01   3.6490900064220438e-01   5.9285845790257941e-01
   2.1798700000000000e-03  -1.5054296679456041e+00  -1.6571330524110131e+00  -3.4953976672244269e-01  -1.2186910881063866e+00  -3.6437252871771258e-01   1.0162108271873365e+00   9.6140206365004532e-01
   2.4717500000000000e-03  -7.1102067495037058e-01  -1.0292215774710674e+00   6.8619344713223096e-01  -1.9554829306467683e+00   2.4374252098055321e-01   8.8770790344984163e-01   9.0069103413530294e-01
   2.6309300000000001e-03  -8.9102900174817135e-01  -1.4547245471756511e+00  -1.0953865751533978e+00   1.1215841566400225e-01  -1.2573302459772615e+00   8.7090697020610319e-01   8.9180772891951055e-01
   2.3801299999999998e-03   1.0527667430845648e-01  -1.5493406953877125e+00   1.2475947696965350e+00  -1.0595875919429334e+00   8.6571123963480634e-01   8.5828618660562328e-01   8.8573206086087453e-01
   2.4610299999999999e-03   9.2335580861259814e-01  -6.7566675373697560e-01  -5.8744206292938445e-02  -1.9117435950711124e+00  -1.1423515649372702e+00   9.4893654879708467e-01   9.3065484556521483e-01
   4.3596199999999998e-03  -1.7879246755107381e-01  -5.1656957582490204e-01   8.8394480473297532e-01   1.0933848366322434e+00  -4.0521824988651506e-01   4.9078770073614192e-01   6.8494866137720056e-01
   2.4899200000000001e-03  -2.2057972847535340e-01  -1.7843640822137785e-01   4.5838819637406553e-01   3.3644539466930780e-02   2.4188056734078081e+00   9.4166944183091883e-01   9.2622897936368132e-01
   2.0504899999999999e-03  -2.6312404579408828e-02   2.4252784744759253e+00   7.5437343325636796e-01   3.4211985543025375e-01   5.8511407254984893e-01   1.0461502944937326e+00   9.7317024070931502e-01
   2.0297200000000000e-03  -1.0684942108418540e+00  -4.5738422389266520e-01  -4.9010176743546874e-01  -2.1380316367314731e+00   9.2943424683776110e-01   1.0542651144124864e+00   9.7893146874554404e-01
   2.1128200000000001e-03   6.9841703033475200e-01   2.2435818317785778e+00   3.2386403924213619e-01  -9.3703530287815262e-01  -4.0374909403996628e-01   1.0077787054740268e+00   9.5619107845105977e-01
   4.1245300000000004e-03   4.4654519898453628e-02  -6.4746067741175839e-01   8.7509471212513101e-01  -9.1179239791204536e-01  -7.3020901981998909e-01   4.9099229965820557e-01   6.8506547028071008e-01
   2.2194900000000002e-03   1.2526068924498190e+00  -6.5819867157209211e-01  -2.0037172648697021e+00  -6.8573839713920159e-01   2.0819868021653032e-01   9.8177123448894055e-01   9.4449224799768372e-01
   2.4443500000000001e-03   4.8559264046726003e-01  -8.5612808938749119e-01  -2.0291007190843504e+00   6.2273292813136294e-01   4.3832210006401567e-01   8.3123073360616151e-01   8.7254564510181121e-01
   2.1516299999999999e-03  -1.3565924133080804e+00  -4.0746751011129989e-01  -1.7901927993640647e+00  -1.0766143282357361e+00   3.3221864618606128e-01   9.6383988563531542e-01   9.3635457851924819e-01
   2.2138100000000001e-03  -9.4167277726242848e-01   3.2266116374257364e-01   1.3552543192472146e+00  -1.8595406781714341e+00  -2.2993432438545891e-01   9.5858270035074977e-01   9.3205815405751735e-01
   2.2539399999999998e-03  -3.0089121341440056e-01   1.7298686034555486e+00   1.0835119767248618e+00  -1.1587041576782839e+00   1.0111459114852248e+00   1.0058504080358908e+00   9.5683785065784221e-01
   4.2782999999999996e-03  -1.3641391633363167e+00   1.6520824111348800e-01   2.0447907002932447e-01  -5.1722080502768064e-01  -4.0897655987827858e-01   4.7692478246183284e-01   6.7550315394793214e-01
   2.3815199999999998e-03  -2.8754154486731607e-02  -5.4820630433020412e-01   5.1136871966775799e-01   1.6652607183927595e+00   1.6848423670719554e+00   9.2899603728496272e-01   9.2026718756930559e-01
   2.2100200000000000e-03   2.0134087257575706e+00  -4.8722163943872165e-01  -4.4943016617176518e-01  -1.1170048527588305e+00   9.6215222460811123e-01   1.0084087189764770e+00   9.5788706520616562e-01
   4.5675200000000003e-03  -8.8378538569635356e-01   1.0025336092791057e+00  -6.0957108917174008e-01  -2.3453544530333734e-01   1.9041313079521760e-01   4.7754565852065933e-01   6.7625983228818887e-01
   2.1003599999999999e-03   1.5315594527566216e+00  -1.1322864009611104e+00  -5.8918982227203154e-01  -5.6927205706501793e-01  -1.5926941689748844e+00   1.0303289023908626e+00   9.6657880528666551e-01
   4.2903200000000002e-03  -6.6345172669173313e-01  -4.3333580422754081e-01   1.0638043008265394e+00  -7.9618418164488669e-01   4.9928264236807413e-01   5.0978927132311835e-01   6.9743040002395862e-01
   2.1459100000000000e-03   1.3029909402133784e+00  -1.3069417882800771e+00  -4.7442138734519818e-01   1.4015511639719052e+00  -1.1069255257050379e+00   1.0313045398043408e+00   9.6872858134519502e-01
   2.2263800000000000e-03  -1.3216570826217378e+00   1.1505753437303274e+00  -8.7953595534436546e-01   1.2152053776966307e+00   9.6544741552242930e-01   9.2111687913343876e-01   9.1516072406085791e-01
   3.9275500000000001e-03   8.2772951509717174e-01   4.6097013430065392e-02   3.8425525586911585e-01   9.8046304568923170e-01  -1.0468328919571090e+00   5.1798915135675172e-01   7.0285848459197708e-01
   2.1893199999999998e-03   1.3108317661607898e+00   2.4597881983365828e-02  -9.3990928182178768e-01  -1.9759728892763326e+00  -9.3147800366449179e-02   9.7775312938679249e-01   9.4241858920774169e-01
   2.3632400000000000e-03  -7.1710834848548821e-01  -1.4425433346392016e+00  -1.4916551451521485e+00   6.8059440289769180e-01   9.3709802276708121e-01   9.1735798462028861e-01   9.1536636988667364e-01
   4.0213300000000000e-03   2.7411648803241417e-01  -7.4092564745494283e-01  -1.0181260928610862e-01   1.2049256853826762e+00  -6.9917316452729994e-01   4.8534832445017312e-01   6.8133231733494404e-01
   2.1696300000000001e-03   1.2221655205722817e+00   1.6155365078006587e+00   1.4203605783453845e+00   5.6314907751381893e-01   3.7144827249456175e-01   9.8975692457319375e-01   9.4707155417171329e-01
   2.2431299999999999e-03   4.3224565796352588e-01   6.5842430988098244e-01  -2.3823908471623318e+00   1.5840364284055253e-01   3.8309302022788011e-01   9.7268844106698160e-01   9.4065959662967691e-01
   2.1943800000000001e-03  -1.6112313285013669e+00   6.2723482379863693e-01   8.9369504345242334e-01  -9.3538078639254507e-01  -1.4022721718907187e+00   1.0028757906360763e+00   9.5529434019769721e-01
   2.3296300000000001e-03  -1.7184313984852311e+00   1.4180238954235586e-01   1.0237057529226781e+00  -1.3570168815550907e+00   8.8335696030664934e-01   1.0311035585463784e+00   9.6858828443278533e-01
   3.9527299999999998e-03   3.2958092401251105e-01  -1.2120495288077784e+00   8.0842913985256970e-01   1.3134434331610775e-01  -6.4455977115726393e-01   4.9293436848920757e-01   6.8631067390823974e-01
   2.2342000000000000e-03   5.6615436067531855e-01  -1.1989754444503531e+00   9.2107981768225544e-01   9.1839555516842486e-01  -1.7164997283013748e+00   9.5066036261059506e-01   9.3027442989976650e-01
   4.3432399999999999e-03   3.4734155075401024e-01   9.8875879498108832e-01   5.6995229101536871e-01  -5.8900232485790438e-01  -8.8018201073879476e-01   4.9751939677846657e-01   6.8973065917325660e-01
   2.7366500000000002e-03  -5.5391939666130385e-01   7.6520718777398022e-02  -1.6857347700191816e+00   1.0263798680570968e+00   1.1054071636561089e+00   8.1882316228203156e-01   8.6696399265847957e-01
   4.4298999999999996e-03  -5.4879850525903295e-01  -5.3169381725216125e-01   1.1905489702578640e+00   2.0536511467210469e-02  -5.0504458411212794e-01   4.7302706227327906e-01   6.7290796618102378e-01
   2.3487899999999999e-03  -1.3495895991240496e+00  -1.3370712344122984e+00  -9.0736636309221830e-01   1.3032168475496149e+00  -3.3443680618571114e-01   9.3974350163484144e-01   9.2494974336779534e-01
   1.9537700000000001e-03  -6.1698631483273070e-01  -1.1702651178555263e+00   3.7079133293420785e-01  -1.8437824081415601e+00  -1.3190499044649706e+00   1.0468639935108088e+00   9.7392668000717408e-01
   2.3667900000000001e-03   3.6637249754093876e-01   1.1819132247184321e+00   1.3675229206523043e+00   3.8466367450849775e-02   1.6369293188581200e+00   9.0099625192483102e-01   9.0691600100338532e-01
   2.3717800000000000e-03  -1.1957129210459008e+00  -1.3630712117047574e+00  -9.9693650069039363e-01  -7.6965317801822430e-01   1.1577496637363334e+00   9.3310252995681553e-01   9.2266066140175440e-01
   2.8250699999999998e-03  -3.2965419680253294e-01   1.9648150558232709e+00  -5.4955501993376499e-01   6.1971602344841781e-01   6.1739107610023691e-01   7.6277886145066831e-01   8.3879491720133070e-01
   4.2887500000000000e-03  -6.8163251962957594e-01  -1.2335829578206989e+00  -2.0187925334923568e-01   1.1281577009113923e-01   6.0132962609438267e-01   4.7982124137052512e-01   6.7780521333037058e-01
   2.9134199999999999e-03  -1.6947874162499492e+00  -1.0258362723380834e+00  -1.0171846933665445e+00  -7.6808620961318588e-02  -1.4086733726284539e-01   7.6277791431295816e-01   8.3893391169651510e-01
   2.1475999999999999e-03  -8.1946140273368262e-01  -2.3318472401647701e+00  -7.2171019715415963e-01   1.4660896580363711e-01  -3.4283037398278864e-02   9.9084433703185815e-01   9.4924073740596338e-01
   2.1226299999999999e-03  -8.8279332847316622e-02  -7.5112300484576711e-01  -5.1813248107954690e-01  -1.0035405267269957e+00  -2.2432042265833765e+00   1.0315387427900369e+00   9.6861123480484623e-01
   2.1433600000000000e-03   2.0348212747702079e+00   3.4000326831516964e-01  -3.8980528066765101e-02   9.8901319215369354e-01  -1.2561981524380956e+00   1.0264516142251749e+00   9.6625608569398524e-01
   4.3284700000000001e-03   4.5233389002231000e-01  -2.8465639886741695e-02  -1.6448294327625332e-02  -7.6046897520921608e-01  -1.2883452393145225e+00   4.8487888839134513e-01   6.8127391269316173e-01
   4.2920700000000003e-03   8.0469435260931921e-02   4.7404702677638988e-01  -4.5283343421480549e-01  -4.4715029670328538e-01   1.3881536949428954e+00   4.9659457187924411e-01   6.8927760296694729e-01
   2.0847700000000001e-03   2.6107348242243749e+00  -1.2796937676016604e-01   2.9992833018580096e-02  -9.1748613809082946e-02  -1.4145709014475225e-01   1.0270322324800640e+00   9.6572021456116430e-01
   1.8235599999999999e-03   1.1040671531386756e+00   4.7569177993487483e-01   4.3536345717593344e-01   9.3960745540325719e-01   2.2034112763861615e+00   1.1071730161120883e+00   1.0009383210467417e+00
   2.2561299999999999e-03  -8.5562034682352095e-01  -7.8526975891891582e-01  -6.9394389758188213e-01   6.3020659031744597e-01   2.0095269098044453e+00   9.2787450847289665e-01   9.1895969982180825e-01
   4.7387699999999998e-03  -7.1810473982597367e-01  -1.3115923285601891e-01   9.7042555123365071e-02   1.4391557366856914e-02   1.1007836180146069e+00   4.3631525583809949e-01   6.4676737080847313e-01
   4.0007999999999997e-03   6.7152100908666701e-01  -2.7994834186406148e-01  -1.0563678946766950e+00   9.4673110221158396e-01  -4.1477768553306860e-01   5.0036593504922677e-01   6.9140595838970664e-01
   4.0265600000000002e-03  -1.0886634257433694e+00  -1.8182643243861749e-01  -4.2255561836379224e-01   8.9147014499751365e-01   5.5383367787401172e-01   4.8330139298017749e-01   6.7978669500015265e-01
   2.3943699999999998e-03  -2.2298776213303038e+00   6.6321707926550366e-01  -1.0660006588224968e-01   2.2421053430089627e-01   7.6413105958125327e-01   9.0043145390532353e-01   9.0757949978046437e-01
   3.5756400000000002e-03   1.2282509005648830e+00   5.5887206260211741e-01   5.3532758616935050e-01   5.8539355080074984e-01   8.5294524783758174e-01   5.3329142467071944e-01   7.1241924139919244e-01
   0.0000000000000000e+00   0.0000000000000000e+00   0.0000000000000000e+00   0.0000000000000000e+00   0.0000000000000000e+00   0.0000000000000000e+00   7.1570920556258955e-01   8.0366333236640997e-01
