6.0992684076428117153918812016802915e-06	-4.5503763057143072520865459542920856e+00
1.3191865039890055067918584422014271e-05	-4.2336520086678942601704087512439166e+00
2.4102923258466396625757389582482456e-05	-4.0143544105237975156085795331993646e+00
3.7591620282326555766853309359356150e-05	-3.8447019139873090462587378319236043e+00
5.3389864463504637093758971580143019e-05	-3.7053086657564155984606339760248652e+00
7.1288474356698523998100953933774961e-05	-3.5863716953360017532394864804374442e+00
9.1116089688437986435826940323649123e-05	-3.4822316313431838085827235469547837e+00
1.1272776425566082452233019009956960e-04	-3.3893174710568285018959897868352560e+00
1.3599806134775435142570720521140864e-04	-3.3052271542075695078205036587784380e+00
1.6081654835374883565062161926550404e-04	-3.2282650181319382664794922772770530e+00
1.8708469155479736587508153345001991e-04	-3.1571880078473403625463656774455510e+00
2.1471362438321001905705693137354911e-04	-3.0910567858837298350628775673298413e+00
2.4362248928247465997589090572472010e-04	-3.0291436012517794001220003511536817e+00
2.7373717199601508171691616794993195e-04	-2.9708727458715026032849398446325334e+00
3.0498931348291614823217283499198540e-04	-2.9157806537561426693274185178859465e+00
3.3731552381073952349455172063765686e-04	-2.8634883321331068517692347736820828e+00
3.7065674651302828718683974558254599e-04	-2.8136818069939626153438169957440997e+00
4.0495773734239553728408130877659426e-04	-2.7660979343677494036742613440621468e+00
4.4016663154866305719195138659814577e-04	-2.7205138981051571045070654438121435e+00
4.7623458073341734718204015938322272e-04	-2.6767392986364475895049310835800733e+00
5.1311544514402338090034922922454986e-04	-2.6346100996963650421330843065618118e+00
5.5076553068616803911353659704433506e-04	-2.5939839314671921933269188288973853e+00
5.8914336240506088212566624454830385e-04	-2.5547364000277004198060240099204827e+00
6.2820948800311790486252880815563561e-04	-2.5167581542720978862818961195444662e+00
6.6792630631937063570699828802812840e-04	-2.4799525305441165179186645119145521e+00
7.0825791672346976761623152051606557e-04	-2.4442336432018084975816878800358495e+00
7.4916998616483695224944130486347627e-04	-2.4095248231859982745662937134568454e+00
7.9062963122817599405095740331248304e-04	-2.3757573309197002637054015628258974e+00
8.3260531302492520374405676897322005e-04	-2.3428692874795394468574880547940414e+00
8.7506674312858255324914606664655331e-04	-2.3108047809331667808170497103100963e+00
9.1798479906373875814404364929133115e-04	-2.2795131143733519369909524049963747e+00
9.6133144810154134687359755965211075e-04	-2.2489481694264576776670385210765462e+00
1.0050796783112170522779077961478465e-03	-2.2190678645177066941558908353855517e+00
1.0492034359780442376358894605052771e-03	-2.1898336913960745806719249686868983e+00
1.0936775686302986170762224909277583e-03	-2.1612103166857057576730589616656376e+00
1.1384777730269706789438450536053471e-03	-2.1331652377758271993485685687096931e+00
1.1835805475489540341396872982911552e-03	-2.1056684843608364195591235158042586e+00
1.2289631485124354837229073165687633e-03	-2.0786923585247706419055732195357741e+00
1.2746035499871412649545630960263293e-03	-2.0522112075252633908581709996947218e+00
1.3204804067561002177034180075964580e-03	-2.0262012244431717197379759899995393e+00
1.3665730200994226210708808927451324e-03	-2.0006402726797212577622160673682712e+00
1.4128613061236684750826921542233492e-03	-1.9755077309448083216092235745529737e+00
1.4593257663918267197723310068139337e-03	-1.9507843559199643502029540818585564e+00
1.5059474606376701771214107690084447e-03	-1.9264521602221632764842595677985008e+00
1.5527079813730437834359502156702863e-03	-1.9024943036594141649851474125982294e+00
1.5995894302181049140631015508641714e-03	-1.8788949960710455525261279775709282e+00
1.6465743958031748784589320070394352e-03	-1.8556394102966773650293446864232840e+00
1.6936459331071030834539233701996743e-03	-1.8327136040275480881102568139897141e+00
1.7407875441112420482386997906128109e-03	-1.8101044494696602757365661013649131e+00
1.7879831596605766666939270087780505e-03	-1.7877995698961707040762991812674746e+00
1.8352171224344917292252924023202867e-03	-1.7657872822914505137230531476641338e+00
1.8824741709393056448317134740161351e-03	-1.7440565453952145017771392858219835e+00
1.9297394244432212669826655850134749e-03	-1.7225969125452688092215604213388578e+00
1.9769983687818957584849139356616005e-03	-1.7013984887943658209052393688683815e+00
2.0242368429695373513655059131878286e-03	-1.6804518918425259736265076285812463e+00
2.0714410265564059302453814708312892e-03	-1.6597482163827507319331199584249528e+00
2.1185974276789192954229617767503617e-03	-1.6392790015067649023700811542645421e+00
2.1656928717533273603690551286048815e-03	-1.6190362008594964233094973700608978e+00
2.2127144907681809769404786816990729e-03	-1.5990121552674316335356212403890425e+00
2.2596497131346497779313384609075647e-03	-1.5791995675976116968856417276756010e+00
2.3064862540571856567766111673211052e-03	-1.5595914796315630238928174377271197e+00
2.3532121063901297810778427459509122e-03	-1.5401812507624706339520189560610440e+00
2.3998155319486600965391337423223603e-03	-1.5209625383449051139960202356654402e+00
2.4462850532450069104852695476814800e-03	-1.5019292795448208739828465500110971e+00
2.4926094456231558914858104643544546e-03	-1.4830756745537114745444575423843178e+00
2.5387777297673365695178792845993459e-03	-1.4643961710450391748834114890395629e+00
2.5847791645614829002128491620144059e-03	-1.4458854497636080610861088283053826e+00
2.6306032402785706685590761299743741e-03	-1.4275384111496431631789422139493056e+00
2.6762396720803020874057414604117698e-03	-1.4093501629091602452194907226436505e+00
2.7216783938090364737713156714137790e-03	-1.3913160084509241717215441339480961e+00
2.7669095520551711506161353508581095e-03	-1.3734314361180370556419527599179679e+00
2.8119235004843709505469257879005159e-03	-1.3556921091490907648198825022119519e+00
2.8567107944101387521249601420121443e-03	-1.3380938563099655024664509576563241e+00
2.9012621855982230236178186977443049e-03	-1.3206326631428468932808736718646442e+00
2.9455686172902799973237632124925219e-03	-1.3033046637839462438563934322518485e+00
2.9896212194350555404219018261937878e-03	-1.2861061333058101855562079080080739e+00
3.0334113041161319022600419218796737e-03	-1.2690334805440558089889926001980949e+00
3.0769303611660034614560061818740887e-03	-1.2520832413719172184772607923354757e+00
3.1201700539569088925749673263897317e-03	-1.2352520723891842634201829855464352e+00
3.1631222153594597826072822563898774e-03	-1.2185367449949935480406827247002354e+00
3.2057788438606721144558927454496074e-03	-1.2019341398165303565647119986446831e+00
3.2481320998335312175712301477087147e-03	-1.1854412414680483432292915969162503e+00
3.2901743019507063899990895419959657e-03	-1.1690551336167385730119605976307367e+00
3.3318979237354816954663460463786859e-03	-1.1527729943339044410328611540587550e+00
3.3732955902433873943437591875132746e-03	-1.1365920917116450679784544299763379e+00
3.4143600748684047589506154382456280e-03	-1.1205097797268354777990726627097236e+00
3.4550842962679780816410562791437879e-03	-1.1045234943356336170033324191432042e+00
3.4954613154014037138069643764291382e-03	-1.0886307497830566304858747157246699e+00
3.5354843326764789792260595470785842e-03	-1.0728291351133647053290511463967929e+00
3.5751466851995856089362975040758561e-03	-1.0571163108680817460542140248061644e+00
3.6144418441246546070578784478545890e-03	-1.0414900059594784139226867953576407e+00
3.6533634120967136910913746413662154e-03	-1.0259480147082538061165024593854778e+00
3.6919051207859560373386369272416002e-03	-1.0104881940349854499574961737483251e+00
3.7300608285084912639890721570195233e-03	-9.9510846079568066283092837251176691e-01
3.7678245179301475549617833775444720e-03	-9.7980678925246223726779866534832215e-01
3.8051902938498886230459976339477428e-03	-9.6458120867106373349203449018841764e-01
3.8421523810595917990643332932780470e-03	-9.4942980103739967914432539091808182e-01
3.8787051222771048023402567102885474e-03	-9.3435069888601843483570875546025530e-01
3.9148429761496595115448421342972575e-03	-9.1934208323374465689041443584678650e-01
3.9505605153248720627578051432537889e-03	-9.0440218161227802434443432943518355e-01
3.9858524245867005418810871853852300e-03	-8.8952926619393866787312788870179580e-01
4.0207134990538650452024052905264910e-03	-8.7472165200514067871949669860997592e-01
4.0551386424383605388250951793322933e-03	-8.5997769522253601943544118018113857e-01
4.0891228653618112932379507619446804e-03	-8.4529579154710466912567298252229107e-01
4.1226612837275272003080608064612331e-03	-8.3067437465177523593892209994779263e-01
4.1557491171462274552705342562815012e-03	-8.1611191469844566392936179009444536e-01
4.1883816874134963299496235400849207e-03	-8.0160691692053796045583783827396377e-01
4.2205544170371294677607914363089312e-03	-7.8715792026746580919535560010474383e-01
4.2522628278126176591590013586435346e-03	-7.7276349610762109018352537456093100e-01
4.2835025394450987445424495214552332e-03	-7.5842224698669613760244837223768715e-01
4.3142692682161874521007157937528134e-03	-7.4413280543835433578193660800811844e-01
4.3445588256941679000997063712011616e-03	-7.2989383284444357591028288926626807e-01
4.3743671174861044453117251095553605e-03	-7.1570401834211625764123242703117715e-01
4.4036901420304937913768209736312596e-03	-7.0156207777537691402024594015212821e-01
4.4325239894291450149440809855611866e-03	-6.8746675268872507228156973626247301e-01
4.4608648403170346394664769500912078e-03	-6.7341680936069746692509123916632895e-01
4.4887089647689412876046246276316710e-03	-6.5941103787524095461038831324726109e-01
4.5160527212417189606981749321600028e-03	-6.4544825122896613853757964265395307e-01
4.5428925555511198023794413780776544e-03	-6.3152728447244243088129639521520644e-01
4.5692249998821264661161096769765170e-03	-6.1764699388379865055191179017112438e-01
4.5950466718318010754413184914818273e-03	-6.0380625617298980714998806274132413e-01
4.6203542734837023830146512641789972e-03	-5.9000396771518095383268315948351721e-01
4.6451445905129652333490640438132578e-03	-5.7623904381178335546912472230814978e-01
4.6694144913211769383521015900574282e-03	-5.6251041797775713112997136572634709e-01
4.6931609262002238011337954341652663e-03	-5.4881704125386837565845719797518223e-01
4.7163809265243178808302231646725033e-03	-5.3515788154265789751022204450137806e-01
4.7390716039694492816493624425773353e-03	-5.2153192296694345520359935546259565e-01
4.7612301497595428687915995100381808e-03	-5.0793816524973803319032326329715150e-01
4.7828538339386304522699977830578253e-03	-4.9437562311452354709492495565979329e-01
4.8039400046683802214245285441501627e-03	-4.8084332570487266412966780166380800e-01
4.8244860875503546374760299882053187e-03	-4.6734031602246140357617156765824159e-01
4.8444895849723961734596777195304629e-03	-4.5386565038256206309725117613295274e-01
4.8639480754785673005783002997574170e-03	-4.4041839788615000137996939411771273e-01
4.8828592131620970235967568636599686e-03	-4.2699763990779908313282374977350239e-01
4.9012207270808111277263880631202303e-03	-4.1360246959857933173794752667724965e-01
4.9190304206945471743449760084396727e-03	-4.0023199140320669802034430819352770e-01
4.9362861713240782283829292923897086e-03	-3.8688532059072898892986564148495077e-01
4.9529859296310913687251970558615514e-03	-3.7356158279806404480851050409986404e-01
4.9691277191187882741096791961622583e-03	-3.6025991358573633562701474231916448e-01
4.9847096356526956376550809501728113e-03	-3.4697945800518638309981252199879249e-01
4.9997298470012928877437892657224506e-03	-3.3371937017705391629475042234468718e-01
5.0141865923960837236181956300493503e-03	-3.2047881287986053464267523193095471e-01
5.0280781821107563506596539432433607e-03	-3.0725695714854097813926418012689569e-01
5.0414029970590950608307079734700253e-03	-2.9405298188229397718938244480916404e-01
5.0541594884113229842186099097901417e-03	-2.8086607346124415479199645438081437e-01
5.0663461772285724723177189380006983e-03	-2.6769542537142565651783615561157659e-01
5.0779616541151956952975927648161955e-03	-2.5454023783761615841912554353458218e-01
5.0890045788886436751738581797653770e-03	-2.4139971746356671394506785235407478e-01
5.0994736802666571642712838180749749e-03	-2.2827307687918860766636574383398417e-01
5.1093677555715275420728045736063031e-03	-2.1515953439427304123533237701236922e-01
5.1186856704512002706967839157099864e-03	-2.0205831365833313646395784146735041e-01
5.1274263586170074459200236803002320e-03	-1.8896864332617044873512198565878756e-01
5.1355888215978296319016447015114606e-03	-1.7588975672877998456459239796479853e-01
5.1431721285105004976302955309678082e-03	-1.6282089154921864996572287566580487e-01
5.1501754158462808047873587815187933e-03	-1.4976128950307215806875694736825392e-01
5.1565978872732410525412658711939148e-03	-1.3671019602316472890199063032527035e-01
5.1624388134544045863550991670996427e-03	-1.2366685994816445216556458893244961e-01
5.1676975318815152461004583254165057e-03	-1.1063053321474498330816555078281750e-01
5.1723734467243056838916516307692489e-03	-9.7600470552971329752645740783846950e-02
5.1764660286951543437777692411352489e-03	-8.4575929184583880744968601321518488e-02
5.1799748149290307829295370651850509e-03	-7.1556168523860561705752978745715278e-02
5.1828994088786405459413842587414876e-03	-5.8540449880742070575304083372768436e-02
5.1852394802246921986318471632529547e-03	-4.5528036165909595726017566243631647e-02
5.1869947648012204031988787590386630e-03	-3.2518191597508236746520785394261867e-02
5.1881650645359100903876234365138379e-03	-1.9510181409212562934351169865450099e-02
5.1887502474053778738060069803405831e-03	-6.5032715593333598583618429054697506e-03
5.1887502474053778738060069803405831e-03	6.5032715593333598583618429054697506e-03
5.1881650645359100903876234365138379e-03	1.9510181409212562934351169865450099e-02
5.1869947648012204031988787590386630e-03	3.2518191597508236746520785394261867e-02
5.1852394802246921986318471632529547e-03	4.5528036165909595726017566243631647e-02
5.1828994088786405459413842587414876e-03	5.8540449880742070575304083372768436e-02
5.1799748149290307829295370651850509e-03	7.1556168523860561705752978745715278e-02
5.1764660286951543437777692411352489e-03	8.4575929184583880744968601321518488e-02
5.1723734467243056838916516307692489e-03	9.7600470552971329752645740783846950e-02
5.1676975318815152461004583254165057e-03	1.1063053321474498330816555078281750e-01
5.1624388134544045863550991670996427e-03	1.2366685994816445216556458893244961e-01
5.1565978872732410525412658711939148e-03	1.3671019602316472890199063032527035e-01
5.1501754158462808047873587815187933e-03	1.4976128950307215806875694736825392e-01
5.1431721285105004976302955309678082e-03	1.6282089154921864996572287566580487e-01
5.1355888215978296319016447015114606e-03	1.7588975672877998456459239796479853e-01
5.1274263586170074459200236803002320e-03	1.8896864332617044873512198565878756e-01
5.1186856704512002706967839157099864e-03	2.0205831365833313646395784146735041e-01
5.1093677555715275420728045736063031e-03	2.1515953439427304123533237701236922e-01
5.0994736802666571642712838180749749e-03	2.2827307687918860766636574383398417e-01
5.0890045788886436751738581797653770e-03	2.4139971746356671394506785235407478e-01
5.0779616541151956952975927648161955e-03	2.5454023783761615841912554353458218e-01
5.0663461772285724723177189380006983e-03	2.6769542537142565651783615561157659e-01
5.0541594884113229842186099097901417e-03	2.8086607346124415479199645438081437e-01
5.0414029970590950608307079734700253e-03	2.9405298188229397718938244480916404e-01
5.0280781821107563506596539432433607e-03	3.0725695714854097813926418012689569e-01
5.0141865923960837236181956300493503e-03	3.2047881287986053464267523193095471e-01
4.9997298470012928877437892657224506e-03	3.3371937017705391629475042234468718e-01
4.9847096356526956376550809501728113e-03	3.4697945800518638309981252199879249e-01
4.9691277191187882741096791961622583e-03	3.6025991358573633562701474231916448e-01
4.9529859296310913687251970558615514e-03	3.7356158279806404480851050409986404e-01
4.9362861713240782283829292923897086e-03	3.8688532059072898892986564148495077e-01
4.9190304206945471743449760084396727e-03	4.0023199140320669802034430819352770e-01
4.9012207270808111277263880631202303e-03	4.1360246959857933173794752667724965e-01
4.8828592131620970235967568636599686e-03	4.2699763990779908313282374977350239e-01
4.8639480754785673005783002997574170e-03	4.4041839788615000137996939411771273e-01
4.8444895849723961734596777195304629e-03	4.5386565038256206309725117613295274e-01
4.8244860875503546374760299882053187e-03	4.6734031602246140357617156765824159e-01
4.8039400046683802214245285441501627e-03	4.8084332570487266412966780166380800e-01
4.7828538339386304522699977830578253e-03	4.9437562311452354709492495565979329e-01
4.7612301497595428687915995100381808e-03	5.0793816524973803319032326329715150e-01
4.7390716039694492816493624425773353e-03	5.2153192296694345520359935546259565e-01
4.7163809265243178808302231646725033e-03	5.3515788154265789751022204450137806e-01
4.6931609262002238011337954341652663e-03	5.4881704125386837565845719797518223e-01
4.6694144913211769383521015900574282e-03	5.6251041797775713112997136572634709e-01
4.6451445905129652333490640438132578e-03	5.7623904381178335546912472230814978e-01
4.6203542734837023830146512641789972e-03	5.9000396771518095383268315948351721e-01
4.5950466718318010754413184914818273e-03	6.0380625617298980714998806274132413e-01
4.5692249998821264661161096769765170e-03	6.1764699388379865055191179017112438e-01
4.5428925555511198023794413780776544e-03	6.3152728447244243088129639521520644e-01
4.5160527212417189606981749321600028e-03	6.4544825122896613853757964265395307e-01
4.4887089647689412876046246276316710e-03	6.5941103787524095461038831324726109e-01
4.4608648403170346394664769500912078e-03	6.7341680936069746692509123916632895e-01
4.4325239894291450149440809855611866e-03	6.8746675268872507228156973626247301e-01
4.4036901420304937913768209736312596e-03	7.0156207777537691402024594015212821e-01
4.3743671174861044453117251095553605e-03	7.1570401834211625764123242703117715e-01
4.3445588256941679000997063712011616e-03	7.2989383284444357591028288926626807e-01
4.3142692682161874521007157937528134e-03	7.4413280543835433578193660800811844e-01
4.2835025394450987445424495214552332e-03	7.5842224698669613760244837223768715e-01
4.2522628278126176591590013586435346e-03	7.7276349610762109018352537456093100e-01
4.2205544170371294677607914363089312e-03	7.8715792026746580919535560010474383e-01
4.1883816874134963299496235400849207e-03	8.0160691692053796045583783827396377e-01
4.1557491171462274552705342562815012e-03	8.1611191469844566392936179009444536e-01
4.1226612837275272003080608064612331e-03	8.3067437465177523593892209994779263e-01
4.0891228653618112932379507619446804e-03	8.4529579154710466912567298252229107e-01
4.0551386424383605388250951793322933e-03	8.5997769522253601943544118018113857e-01
4.0207134990538650452024052905264910e-03	8.7472165200514067871949669860997592e-01
3.9858524245867005418810871853852300e-03	8.8952926619393866787312788870179580e-01
3.9505605153248720627578051432537889e-03	9.0440218161227802434443432943518355e-01
3.9148429761496595115448421342972575e-03	9.1934208323374465689041443584678650e-01
3.8787051222771048023402567102885474e-03	9.3435069888601843483570875546025530e-01
3.8421523810595917990643332932780470e-03	9.4942980103739967914432539091808182e-01
3.8051902938498886230459976339477428e-03	9.6458120867106373349203449018841764e-01
3.7678245179301475549617833775444720e-03	9.7980678925246223726779866534832215e-01
3.7300608285084912639890721570195233e-03	9.9510846079568066283092837251176691e-01
3.6919051207859560373386369272416002e-03	1.0104881940349854499574961737483251e+00
3.6533634120967136910913746413662154e-03	1.0259480147082538061165024593854778e+00
3.6144418441246546070578784478545890e-03	1.0414900059594784139226867953576407e+00
3.5751466851995856089362975040758561e-03	1.0571163108680817460542140248061644e+00
3.5354843326764789792260595470785842e-03	1.0728291351133647053290511463967929e+00
3.4954613154014037138069643764291382e-03	1.0886307497830566304858747157246699e+00
3.4550842962679780816410562791437879e-03	1.1045234943356336170033324191432042e+00
3.4143600748684047589506154382456280e-03	1.1205097797268354777990726627097236e+00
3.3732955902433873943437591875132746e-03	1.1365920917116450679784544299763379e+00
3.3318979237354816954663460463786859e-03	1.1527729943339044410328611540587550e+00
3.2901743019507063899990895419959657e-03	1.1690551336167385730119605976307367e+00
3.2481320998335312175712301477087147e-03	1.1854412414680483432292915969162503e+00
3.2057788438606721144558927454496074e-03	1.2019341398165303565647119986446831e+00
3.1631222153594597826072822563898774e-03	1.2185367449949935480406827247002354e+00
3.1201700539569088925749673263897317e-03	1.2352520723891842634201829855464352e+00
3.0769303611660034614560061818740887e-03	1.2520832413719172184772607923354757e+00
3.0334113041161319022600419218796737e-03	1.2690334805440558089889926001980949e+00
2.9896212194350555404219018261937878e-03	1.2861061333058101855562079080080739e+00
2.9455686172902799973237632124925219e-03	1.3033046637839462438563934322518485e+00
2.9012621855982230236178186977443049e-03	1.3206326631428468932808736718646442e+00
2.8567107944101387521249601420121443e-03	1.3380938563099655024664509576563241e+00
2.8119235004843709505469257879005159e-03	1.3556921091490907648198825022119519e+00
2.7669095520551711506161353508581095e-03	1.3734314361180370556419527599179679e+00
2.7216783938090364737713156714137790e-03	1.3913160084509241717215441339480961e+00
2.6762396720803020874057414604117698e-03	1.4093501629091602452194907226436505e+00
2.6306032402785706685590761299743741e-03	1.4275384111496431631789422139493056e+00
2.5847791645614829002128491620144059e-03	1.4458854497636080610861088283053826e+00
2.5387777297673365695178792845993459e-03	1.4643961710450391748834114890395629e+00
2.4926094456231558914858104643544546e-03	1.4830756745537114745444575423843178e+00
2.4462850532450069104852695476814800e-03	1.5019292795448208739828465500110971e+00
2.3998155319486600965391337423223603e-03	1.5209625383449051139960202356654402e+00
2.3532121063901297810778427459509122e-03	1.5401812507624706339520189560610440e+00
2.3064862540571856567766111673211052e-03	1.5595914796315630238928174377271197e+00
2.2596497131346497779313384609075647e-03	1.5791995675976116968856417276756010e+00
2.2127144907681809769404786816990729e-03	1.5990121552674316335356212403890425e+00
2.1656928717533273603690551286048815e-03	1.6190362008594964233094973700608978e+00
2.1185974276789192954229617767503617e-03	1.6392790015067649023700811542645421e+00
2.0714410265564059302453814708312892e-03	1.6597482163827507319331199584249528e+00
2.0242368429695373513655059131878286e-03	1.6804518918425259736265076285812463e+00
1.9769983687818957584849139356616005e-03	1.7013984887943658209052393688683815e+00
1.9297394244432212669826655850134749e-03	1.7225969125452688092215604213388578e+00
1.8824741709393056448317134740161351e-03	1.7440565453952145017771392858219835e+00
1.8352171224344917292252924023202867e-03	1.7657872822914505137230531476641338e+00
1.7879831596605766666939270087780505e-03	1.7877995698961707040762991812674746e+00
1.7407875441112420482386997906128109e-03	1.8101044494696602757365661013649131e+00
1.6936459331071030834539233701996743e-03	1.8327136040275480881102568139897141e+00
1.6465743958031748784589320070394352e-03	1.8556394102966773650293446864232840e+00
1.5995894302181049140631015508641714e-03	1.8788949960710455525261279775709282e+00
1.5527079813730437834359502156702863e-03	1.9024943036594141649851474125982294e+00
1.5059474606376701771214107690084447e-03	1.9264521602221632764842595677985008e+00
1.4593257663918267197723310068139337e-03	1.9507843559199643502029540818585564e+00
1.4128613061236684750826921542233492e-03	1.9755077309448083216092235745529737e+00
1.3665730200994226210708808927451324e-03	2.0006402726797212577622160673682712e+00
1.3204804067561002177034180075964580e-03	2.0262012244431717197379759899995393e+00
1.2746035499871412649545630960263293e-03	2.0522112075252633908581709996947218e+00
1.2289631485124354837229073165687633e-03	2.0786923585247706419055732195357741e+00
1.1835805475489540341396872982911552e-03	2.1056684843608364195591235158042586e+00
1.1384777730269706789438450536053471e-03	2.1331652377758271993485685687096931e+00
1.0936775686302986170762224909277583e-03	2.1612103166857057576730589616656376e+00
1.0492034359780442376358894605052771e-03	2.1898336913960745806719249686868983e+00
1.0050796783112170522779077961478465e-03	2.2190678645177066941558908353855517e+00
9.6133144810154134687359755965211075e-04	2.2489481694264576776670385210765462e+00
9.1798479906373875814404364929133115e-04	2.2795131143733519369909524049963747e+00
8.7506674312858255324914606664655331e-04	2.3108047809331667808170497103100963e+00
8.3260531302492520374405676897322005e-04	2.3428692874795394468574880547940414e+00
7.9062963122817599405095740331248304e-04	2.3757573309197002637054015628258974e+00
7.4916998616483695224944130486347627e-04	2.4095248231859982745662937134568454e+00
7.0825791672346976761623152051606557e-04	2.4442336432018084975816878800358495e+00
6.6792630631937063570699828802812840e-04	2.4799525305441165179186645119145521e+00
6.2820948800311790486252880815563561e-04	2.5167581542720978862818961195444662e+00
5.8914336240506088212566624454830385e-04	2.5547364000277004198060240099204827e+00
5.5076553068616803911353659704433506e-04	2.5939839314671921933269188288973853e+00
5.1311544514402338090034922922454986e-04	2.6346100996963650421330843065618118e+00
4.7623458073341734718204015938322272e-04	2.6767392986364475895049310835800733e+00
4.4016663154866305719195138659814577e-04	2.7205138981051571045070654438121435e+00
4.0495773734239553728408130877659426e-04	2.7660979343677494036742613440621468e+00
3.7065674651302828718683974558254599e-04	2.8136818069939626153438169957440997e+00
3.3731552381073952349455172063765686e-04	2.8634883321331068517692347736820828e+00
3.0498931348291614823217283499198540e-04	2.9157806537561426693274185178859465e+00
2.7373717199601508171691616794993195e-04	2.9708727458715026032849398446325334e+00
2.4362248928247465997589090572472010e-04	3.0291436012517794001220003511536817e+00
2.1471362438321001905705693137354911e-04	3.0910567858837298350628775673298413e+00
1.8708469155479736587508153345001991e-04	3.1571880078473403625463656774455510e+00
1.6081654835374883565062161926550404e-04	3.2282650181319382664794922772770530e+00
1.3599806134775435142570720521140864e-04	3.3052271542075695078205036587784380e+00
1.1272776425566082452233019009956960e-04	3.3893174710568285018959897868352560e+00
9.1116089688437986435826940323649123e-05	3.4822316313431838085827235469547837e+00
7.1288474356698523998100953933774961e-05	3.5863716953360017532394864804374442e+00
5.3389864463504637093758971580143019e-05	3.7053086657564155984606339760248652e+00
3.7591620282326555766853309359356150e-05	3.8447019139873090462587378319236043e+00
2.4102923258466396625757389582482456e-05	4.0143544105237975156085795331993646e+00
1.3191865039890055067918584422014271e-05	4.2336520086678942601704087512439166e+00
6.0992684076428117153918812016802915e-06	4.5503763057143072520865459542920856e+00
0.0000000000000000000000000000000000e+00	4.8833161176551761354025037145535790e-05