   2.4518299999999999e-03  -6.1204532302414616e-01   1.3585763537482214e+00  -1.5142627848183698e+00   1.2872571733437255e-01   3.4410563505180730e-01
   9.7729000000000002e-04   2.4265897207765050e+00   1.5769329460586459e+00   4.7519508397171023e-01   3.1955357905959714e-01   5.2075004803290825e-01
   2.5827599999999999e-03   1.8773273434032181e+00  -2.3818635927388127e-01  -6.7586960991647449e-01   1.1398918813789709e-01   3.2383614329593119e-01
   1.1528100000000000e-03  -1.4899242118298901e+00   2.7641487022445222e-02   2.3665264218123534e+00   2.6805357634035171e-01   4.8044733747624169e-01
   3.1353300000000000e-03  -1.6905568610712904e+00  -4.7179027515889749e-01  -3.0214411491229126e-01   9.4180757868516471e-02   2.9545724226908660e-01
   2.3523400000000001e-03  -5.0609753882927766e-01   2.1088291242723902e+00   1.5518078858059423e-01   1.3608598029554125e-01   3.5345971805987464e-01
   2.5627900000000001e-03  -6.3062079186961750e-01  -1.6989649761144232e+00   9.9571116850936758e-01   1.2161096678922589e-01   3.3486203260259173e-01
   9.3521000000000001e-04   1.0405664991471675e+00  -2.6692382010148168e+00  -8.0692122502893793e-01   3.3572142856352816e-01   5.3481052383008498e-01
   4.8370200000000000e-03   6.3251827140241745e-01  -4.6488516525499485e-01   6.7375123229346290e-01   6.2334800177331770e-02   2.4064228285379796e-01
   2.1992000000000001e-03   1.3853608454624255e+00   1.6500803955434056e+00   2.8052684472255746e-01   1.2942722714047589e-01   3.4487321435672968e-01
   4.6603900000000004e-03  -1.3723607893731682e-01   7.1891794957581834e-01  -6.5967468659360340e-01   5.8886741741703719e-02   2.3390802333887684e-01
   5.2009999999999999e-03   9.1469092709181210e-01  -1.2598000726044012e-01  -1.0394221922168570e-01   6.0192500346284539e-02   2.3688443380792831e-01
   3.9534799999999997e-03  -1.3257062905682784e-01  -1.3860349352921111e-01  -1.3298979678099019e+00   6.9867993073918166e-02   2.5456325885647801e-01
   4.8166700000000003e-03   1.0269664766868700e+00   3.8978555405191473e-01   2.3418927130989541e-02   6.4935884259255727e-02   2.4571655154144428e-01
   2.3823600000000000e-03   1.7963036944307307e+00  -7.9088964861337852e-01   7.3958348345738789e-01   1.2200248190155084e-01   3.3495811516759255e-01
   4.5440200000000002e-03   8.5649356028600110e-01  -5.7996992868713348e-01  -4.6161215223126006e-01   6.4159592517553349e-02   2.4418849921824309e-01
   2.4592899999999998e-03   2.7258443655353454e-01   1.0438029386920762e+00  -1.8219629447198538e+00   1.2821664241653358e-01   3.4324694632591612e-01
   3.5656199999999998e-03  -2.4109335007986374e-01  -1.5933502973087439e+00   4.3357111292813122e-01   9.0512075318107704e-02   2.8965695757612625e-01
   3.0780400000000002e-03   1.7062701462384008e-01   1.6250883276361185e+00  -5.3112635503628625e-01   8.7705041221002325e-02   2.8488669462763672e-01
   3.7574499999999999e-03   1.2305152240312465e+00   6.6355013665247625e-02   8.5250982332542724e-01   7.8449947647591403e-02   2.6982542313092589e-01
   5.5175199999999997e-03   3.2193753231424094e-01   2.3291278222533590e-01   4.7188560179847122e-01   5.3696984486415140e-02   2.2360929439891977e-01
   2.4513299999999998e-03  -1.6022040476133039e+00   1.4483716595881369e+00   4.6422943428735708e-02   1.3416525568289997e-01   3.5153303567693417e-01
   2.3820999999999998e-03  -3.6292138336155366e-01   7.0113734460217714e-01  -1.9948676623498913e+00   1.2944536600753173e-01   3.4531624660778021e-01
   4.5814899999999997e-03  -2.5561274948584028e-01   7.0081480323311740e-01   6.1296338057314970e-01   5.7516615267712901e-02   2.3113054444120659e-01
   4.0132900000000001e-03  -7.0028562896571156e-01   1.0844644546980187e+00   7.7427185630910056e-01   8.2045334305922646e-02   2.7601218659177595e-01
   3.5241399999999998e-03   1.2601052044840502e+00  -5.4917133472957669e-01  -8.9036689394591084e-01   8.6422484423701984e-02   2.8329496651688868e-01
   1.0069499999999999e-03   8.2093890126497038e-01  -1.6492905977537655e+00   2.2549176922192906e+00   3.0870265312816669e-01   5.1288603291342560e-01
   2.5339000000000000e-03  -8.5022250793363707e-01  -2.9116247669525658e-01   1.8624743785259241e+00   1.2116843757301043e-01   3.3403318425402323e-01
   4.9620100000000002e-03  -8.8328677256640520e-01  -3.5065159288933351e-01   2.7216804939319128e-01   6.1092839803269572e-02   2.3843802791418789e-01
   2.3443600000000002e-03  -9.6033020955328652e-01   2.7090224409838111e-02  -1.9268369174612157e+00   1.3156740053142507e-01   3.4728187648091147e-01
   1.4972099999999999e-03   1.5695150046251427e+00   5.8771294988294176e-01   2.0522895130787435e+00   2.3881946365028325e-01   4.5612736620999911e-01
   3.5128300000000002e-03  -7.4600800503541301e-02   5.1844687550562607e-01   1.4807948220545328e+00   8.0944484254052679e-02   2.7372395553297707e-01
   3.4814500000000001e-03  -1.4267134712295630e+00   7.5178690924801816e-01  -8.1390472456004281e-02   8.4452378427547867e-02   2.7976819304908090e-01
   2.6864599999999999e-03  -6.4454894181820299e-01  -1.1045477488560498e+00   1.6444912012161594e+00   1.2754844031516252e-01   3.4306575440886528e-01
   2.5454399999999999e-03   8.3572857544586410e-01   1.8699378323661187e+00  -3.4757163929942508e-01   1.2176018191377035e-01   3.3525490790730644e-01
   2.1691599999999998e-03  -1.8367613710430253e+00  -7.8292200827990599e-01  -9.6122052052887530e-01   1.3547977890574009e-01   3.5285326546201101e-01
   4.0239500000000001e-03   3.5471946841359192e-01   8.0930252611254094e-01  -1.1510464967992873e+00   7.7441527045946063e-02   2.6839662179368684e-01
   1.2419800000000000e-03   2.6766683846983588e+00  -3.3368288021621928e-01  -6.1958326706664235e-01   2.7070872377792626e-01   4.8209290697316592e-01
   2.4300099999999998e-03  -1.0707733634239285e+00   1.7498393678947204e+00   6.7893689527746903e-01   1.3275718831710639e-01   3.5002565091883414e-01
   3.7771100000000002e-03  -2.0933396848587169e-01  -3.8813767691629947e-02   1.5368331058619098e+00   8.2919492572848308e-02   2.7734211217991139e-01
   5.6929800000000003e-03  -6.0668592018710821e-01  -3.0166711716362579e-02  -1.2712097446379039e-01   5.4987987354517619e-02   2.2624531786017166e-01
   2.4779699999999999e-03  -1.9964225596291676e+00  -5.4989152685062702e-03  -7.8153195012511834e-01   1.3433417506444092e-01   3.5090556185421701e-01
   4.4519900000000003e-03   2.0920580616360221e-01  -7.5429106103758170e-01   7.7339783191892830e-01   6.2495737543030047e-02   2.4069760571871054e-01
   2.3578700000000002e-03   1.3904917788520885e+00  -1.4481640433780543e+00   7.3964976484394063e-01   1.2815449414209393e-01   3.4319734880692282e-01
   8.1735000000000000e-04   2.7203901749162551e-01  -2.5203756257709564e+00   1.6641439529812090e+00   3.6047073697073356e-01   5.5216294433664803e-01
   4.6800399999999999e-03  -1.0772039475653152e+00  -3.0105880734352397e-01  -2.1324445198457753e-01   6.5239715776224935e-02   2.4642672752894301e-01
   1.8521900000000001e-03  -1.0267758043708029e-01  -1.7149685937471386e+00   1.5645124321722663e+00   1.4686902806809640e-01   3.6619958411705583e-01
   6.2847399999999996e-03   4.4980172704049054e-01   1.8115049500423244e-01  -2.9385257476775260e-02   5.5642707113226601e-02   2.2766531514337096e-01
   1.0064500000000001e-03  -2.4486563552315173e+00  -1.5909324614243912e+00   2.6658111947364099e-01   3.2513290156830926e-01   5.2511492870217202e-01
   3.5399199999999998e-03   8.5700251597086233e-02   3.8950483170264549e-01  -1.5218908006111702e+00   8.0692004826070640e-02   2.7375280087672882e-01
   4.2999600000000002e-03   1.1002095123199460e+00   9.8326344950760414e-01   1.4771208266076175e-01   8.3564195404259911e-02   2.7870814956633838e-01
   1.2148599999999999e-03   1.6481093786257397e+00  -1.4659408985554172e+00   1.6530251005692724e+00   2.5534565742761128e-01   4.6912231069989851e-01
   1.2795400000000000e-03  -1.7029973257421351e+00  -1.3075913984564718e+00  -1.7369842700469018e+00   2.6145725563685163e-01   4.7675837459229364e-01
   2.9921300000000000e-03   1.5178024041778395e+00   2.3880186424172900e-01  -9.3767989017902265e-01   9.4718392071600085e-02   2.9585645986691494e-01
   2.5335100000000001e-03  -2.1057705183855400e+00   1.7508407098631024e-02   5.2163846579988751e-02   1.2761970938181216e-01   3.4270451060347062e-01
   8.9273000000000000e-04  -1.4861722804977897e+00  -6.2857390883408570e-01  -2.5408787474412837e+00   3.5250347631100731e-01   5.4708178014075581e-01
   3.8835200000000001e-03   1.3679628316652443e+00  -5.3068619144288676e-01  -2.5911537886906932e-01   7.9504609198592008e-02   2.7149896366012960e-01
   1.1661600000000001e-03   1.9824103412688896e+00   1.3859173716025410e+00   1.4681630083194843e+00   2.8754561787130012e-01   4.9687329312558726e-01
   3.9005200000000002e-03   8.5657269844630268e-01  -1.0003088814418766e+00   6.9808714073997757e-01   7.9589309880639850e-02   2.7163323260051764e-01
   2.2575700000000000e-03  -1.0556738158593848e+00   7.1070784536116893e-01  -1.7119137383410565e+00   1.2417598507123059e-01   3.3771210942018776e-01
   3.6633299999999998e-03   1.3843797323735727e+00   6.0562004397578084e-01  -3.8179529158490250e-01   8.2901443788933077e-02   2.7708538887850875e-01
   8.8259999999999999e-04   1.9033935285886996e+00   1.6366853583486666e-02  -2.3515761499900818e+00   3.6498686340414227e-01   5.5570355307341013e-01
   1.1639000000000000e-03   2.3526869654346445e+00   1.4064151177264601e+00  -7.6335441082049116e-01   2.9786487294124736e-01   5.0444781862269394e-01
   2.6117300000000000e-03   1.1071338757236804e+00   1.0621914855217929e+00   1.3743005388719907e+00   1.2181231368497288e-01   3.3503023163677892e-01
   3.3528700000000000e-03  -9.6610449663809450e-01  -5.9332927489457421e-01   1.2575668376778693e+00   8.9398799925407113e-02   2.8809720946128081e-01
   2.5986300000000002e-03   1.5343552355471595e+00   9.9692846704466531e-01  -9.7346804258419795e-01   1.2375719685188949e-01   3.3751452918017527e-01
   9.6318000000000000e-04   2.8768614738222440e+00   6.4459169510081749e-01  -1.0197051857509835e-01   3.3896378029447882e-01   5.3404489716740566e-01
   3.7052999999999999e-03  -1.3306495535612723e+00   5.1356849910920721e-01  -6.7743955769926567e-01   8.4086988901859755e-02   2.7935515392116195e-01
   3.0192800000000001e-03   8.9232375695801103e-01  -6.2039799083688352e-01  -1.4481457588087225e+00   9.5783284676309283e-02   2.9790739046589104e-01
   4.3729199999999998e-03  -7.0049282409464497e-01  -4.0542092619099823e-01   8.1183697755094530e-01   6.3265328939593218e-02   2.4243734545679427e-01
   2.5386200000000001e-03   2.0108270362335290e+00  -6.3590473671116865e-01   6.8114352617690735e-02   1.2830301368447755e-01   3.4363930711514812e-01
   1.1075900000000001e-03   1.0550962295399042e+00   1.6836710769581287e+00   2.1590113205463433e+00   3.4725053177061405e-01   5.4455399609580080e-01
   3.7943500000000002e-03  -1.1703600125685196e+00  -8.2497062309527436e-01  -5.7117820393449115e-01   8.1695636175578207e-02   2.7553529789665965e-01
   5.1368500000000001e-03   1.1096079205438533e-01   2.9915095487541621e-01   9.8352260309300743e-01   6.4410594868702237e-02   2.4474585845954103e-01
   3.7153099999999999e-03   8.2745652821215054e-01   1.0746676925596643e+00   7.5225814212185871e-01   8.1760342150411627e-02   2.7534131945208251e-01
   4.0097199999999996e-03  -7.6854964319926533e-01  -2.9478302493718234e-01  -1.2812572432016403e+00   8.3902002708862514e-02   2.7897335951470503e-01
   4.7891699999999997e-03  -3.0288113726079552e-01  -9.6274673455462478e-02   9.6142351403383697e-01   6.0464245075614445e-02   2.3720379101326858e-01
   2.5351900000000001e-03  -3.7144559543924449e-01   1.9118302678229913e+00  -8.6056403105049561e-01   1.3244617443700865e-01   3.4903343617773752e-01
   4.7683300000000003e-03  -4.7879472486946756e-01   2.9423644912362826e-02  -8.9698737285009755e-01   6.0672199530106039e-02   2.3755309133172001e-01
   1.1064400000000000e-03  -8.6048751239327825e-01   2.6705297444503522e+00  -5.2361597689038253e-01   2.8932429348330552e-01   4.9887043614622029e-01
   2.6877799999999999e-03   1.2450304351319161e+00  -8.8291227680557371e-01   1.2076496954141882e+00   1.0706563420540741e-01   3.1402561854160055e-01
   9.8309000000000005e-04  -9.6334568748820060e-01   1.2763391018066084e+00  -2.4598613372787588e+00   3.1989899033089891e-01   5.2183564762078449e-01
   2.1839199999999998e-03  -8.7444858835272932e-01  -7.6584196005090677e-01  -1.8722006680139665e+00   1.3515714979694141e-01   3.5242352401544497e-01
   3.5018599999999999e-03   7.6480891235388793e-01   1.2708157593889398e+00  -8.4960949035190469e-01   9.3285068515331762e-02   2.9408985109682312e-01
   3.6707799999999998e-03   4.3616108524008190e-01   8.5896733439852158e-01   1.2639893218040781e+00   8.4409770465525572e-02   2.7993342849258768e-01
   4.0451300000000001e-03   5.9332004840887154e-01   1.2587917604606904e+00  -2.3267371641981480e-01   7.5585163660060309e-02   2.6483482364443900e-01
   5.4232500000000001e-03  -2.6387278847464172e-02   5.4530821142235997e-01  -1.8042391624059509e-01   5.2851706301330452e-02   2.2162096718051746e-01
   2.2731499999999998e-03   1.8502325101639483e+00  -9.3844357931770395e-01  -6.3595531860960308e-01   1.3050856854086434e-01   3.4639341436986210e-01
   3.4226500000000002e-03   1.3368940592125653e+00  -8.8741883502359165e-01   2.2806340220776683e-01   8.4101531362609491e-02   2.7910620375663481e-01
   4.9931699999999999e-03   9.0166177780555767e-01  -5.8484605928910871e-01   1.7778336663732341e-01   6.6390406445033162e-02   2.4833944645477760e-01
   8.9906000000000003e-04  -2.2784087827712152e+00  -1.7111513685325828e+00  -9.4904961394850451e-01   3.5227620400090015e-01   5.4536927773418864e-01
   4.0791100000000004e-03  -7.6599386115968726e-01   4.5176848671426288e-02   1.2936054187985051e+00   8.3322997432616980e-02   2.7797540741016119e-01
   2.6676999999999998e-03  -1.1968317737437650e+00  -7.7059689966661726e-01  -1.2364298654158574e+00   9.7483576345353498e-02   3.0007734994826779e-01
   2.3397200000000000e-03  -1.5621000354169077e+00  -2.3394556705331085e-01  -1.5372796862607396e+00   1.4124603166567726e-01   3.5983222257112918e-01
   4.1280500000000003e-03   1.4220556821338837e+00  -2.0245110108527894e-01   2.7766335285273541e-01   8.0312641278072736e-02   2.7297986789139628e-01
   2.1489999999999999e-03   2.0507105020181280e+00   5.3356254976164208e-01  -5.5630005320002973e-01   1.2965652244316522e-01   3.4523617447041272e-01
   3.8732100000000002e-03  -5.8082371088655194e-01  -1.2902214313249960e+00  -6.2358914516663855e-01   8.3872232204775868e-02   2.7887804034856983e-01
   9.9361000000000002e-04   5.0835868233158366e-01   2.5491432113483357e+00   1.3623512201936221e+00   3.1717999948989561e-01   5.2148758391436045e-01
   1.1405400000000000e-03  -1.0856683879107358e+00  -1.9419685218119880e+00   1.8298237692720745e+00   3.1675252843741830e-01   5.2009433515076986e-01
   1.4421200000000001e-03  -2.0220710088669422e+00   1.5270379725781376e+00   8.8157955011057365e-01   2.4683457902701819e-01   4.6281673979850979e-01
   2.5172599999999999e-03  -1.2104879500305117e+00  -1.2959388649939865e+00   1.0929440377826025e+00   1.2309328623044116e-01   3.3662566524585308e-01
   3.7978000000000000e-03   1.1897143289658956e+00  -4.7491897959909823e-01   7.2787624224387015e-01   7.7667654736105138e-02   2.6809292835090875e-01
   4.9539099999999997e-03  -7.1835803068885618e-01  -3.9860818831858741e-01  -6.1525949046770723e-01   6.2957421545163358e-02   2.4187821689354608e-01
   9.6677999999999998e-04   8.8766948427316072e-01   1.9742283066265731e+00  -2.0608423594506440e+00   3.5455762342205982e-01   5.4891349826361124e-01
   2.2163600000000001e-03   8.7391480925810061e-01  -1.8694267435238088e+00   5.7490802938375474e-01   1.2599139990643926e-01   3.3954841469677188e-01
   1.1219900000000000e-03  -2.3268276939895864e+00  -1.9269495062419534e-01   1.6902033687183680e+00   3.1456339514981235e-01   5.1780134125670163e-01
   5.1138299999999998e-03   1.4961852709756610e-01  -1.6496297117769709e-01  -8.6369035016237927e-01   5.8816029598986776e-02   2.3386592563843195e-01
   5.0711899999999997e-03   4.4478613932098038e-02   1.0625952869448938e+00  -1.6750743275213620e-01   6.5619025531156325e-02   2.4716752632053940e-01
   9.9949999999999995e-04  -2.5281278984787359e+00   9.5620087024251654e-01  -1.1923094030703398e+00   3.3676437524059255e-01   5.3608486057737803e-01
   2.5915800000000000e-03  -1.4782003649656597e+00  -6.7462499712482443e-02   1.3979389387487249e+00   1.1658935927663912e-01   3.2790090897634838e-01
   5.9994799999999997e-03   1.6845512444174748e-01   2.2094176888714256e-01  -4.6820903634264449e-01   5.5072802111942702e-02   2.2648448374799868e-01
   9.2964000000000002e-04   2.6281360008606742e+00  -1.3412336313085000e+00  -2.4435562763086857e-01   3.3118431614446525e-01   5.2885707423164430e-01
   2.3872199999999998e-03   6.5639961696007632e-01  -1.2852636645089135e+00  -1.5650732122813733e+00   1.2690366493321620e-01   3.4174987284681019e-01
   2.4383800000000000e-03  -1.2240349084576339e+00   1.2055785302171051e+00   1.2117084181687425e+00   1.2335525430951817e-01   3.3703609430475184e-01
   1.3393500000000000e-03  -9.9898888070068623e-02   1.8349755418059424e+00  -1.9514560972013764e+00   2.3458521650267872e-01   4.5251234958260317e-01
   2.8245100000000001e-03   1.3364968506213675e+00   1.3602444061934293e+00  -4.0168933346725799e-01   1.1037911375862963e-01   3.1897641900756507e-01
   4.1580200000000001e-03   6.9313418093347534e-01   4.8035030018509656e-01   9.1176800818186043e-01   6.6523148141276758e-02   2.4832469561950637e-01
   4.1167000000000000e-03   2.6061823777230581e-01  -7.2694719189873347e-01  -1.2519429095856405e+00   8.0885949021550316e-02   2.7401092614293093e-01
   1.0239900000000000e-03   2.3495386409845302e+00  -1.5075967315750551e+00   7.6263459486763874e-01   3.0295962779641783e-01   5.0797824899612920e-01
   2.7484100000000002e-03   7.0565804439584079e-01  -1.5056708737229951e+00   1.2913865646700708e+00   1.3316180462246452e-01   3.5048922256705900e-01
   2.2263900000000000e-03   9.4109177252982001e-01  -1.7216294683349347e+00  -9.6831723938190040e-01   1.3102518322901169e-01   3.4727813482108832e-01
   2.1793400000000001e-03   2.8046977452485938e-01  -2.1349133368548445e+00  -5.8388306579200866e-01   1.3998309877169748e-01   3.5843975009612000e-01
   3.7447299999999999e-03  -5.3173502405852191e-01   3.3054904842760052e-01  -1.4072643891977641e+00   8.1341714803944462e-02   2.7476238540169784e-01
   5.6137599999999998e-03   9.1569476957650706e-02   6.0107870565927868e-01   2.3239904882428666e-01   5.5362505099346954e-02   2.2696558041252249e-01
   4.9905499999999998e-03   4.7616309317729116e-01  -4.8776795360742770e-01  -1.2449156598630623e-01   5.2267145400111667e-02   2.2045539381404106e-01
   2.1742799999999998e-03   9.3262580439016063e-01  -8.1420960916924945e-01   1.8313230501025131e+00   1.3397362398772603e-01   3.5095783459099994e-01
   1.3863899999999999e-03  -1.6396978893716816e+00   1.3923354643992101e+00  -1.5972739392046376e+00   2.3656896784457801e-01   4.5372857883036133e-01
   3.8497599999999998e-03  -1.2398869075660734e+00  -8.1952712202837241e-01   8.1894467370408425e-02   7.7925821515423946e-02   2.6915053489389446e-01
   4.6033899999999997e-03   2.0664233541501700e-01  -3.0092479457266158e-01   1.1334342110797213e+00   6.6991330755982167e-02   2.4971825302497958e-01
   2.2252700000000001e-03  -1.0442890170265098e+00   1.6159494400101118e+00  -9.3446629473541698e-01   1.2300630619474250e-01   3.3630517205911298e-01
   2.4023999999999998e-03  -1.6382869753152824e+00   1.1795782130429751e+00  -7.0418026220453211e-01   1.2923184519761485e-01   3.4461537233921302e-01
   2.4551400000000002e-03  -1.9432027475378655e+00  -1.3844053404404909e-02   7.7136830240449372e-01   1.2215947887506083e-01   3.3544049948985993e-01
   2.9164999999999998e-03   2.5264320135095891e-01  -1.5161688578668999e+00  -1.0252761669918347e+00   9.9343989635310118e-02   3.0291141191439619e-01
   1.0481600000000000e-03   2.3284793595469968e+00  -9.9373226200202991e-01  -1.5209159227697213e+00   3.4755497338401803e-01   5.4446268455848579e-01
   2.5889799999999998e-03   1.5548675502399767e+00   1.1376510720728457e+00   7.1537817178747454e-01   1.2021794689391664e-01   3.3275650484485764e-01
   4.4526599999999998e-03   1.0632134093264778e+00  -2.8270120666920036e-02  -6.5039474278939158e-01   6.9934405741750999e-02   2.5468514643802803e-01
   1.0069400000000000e-03  -2.9084430320303438e+00   3.0402988117295598e-01  -2.9195927914781039e-01   3.2673208757789829e-01   5.2846943599203011e-01
   2.3258500000000000e-03  -1.7590377689554828e+00   6.0844057628416237e-01   1.0871284498023643e+00   1.2904913277502109e-01   3.4450325988411901e-01
   1.3407899999999999e-03   1.8156919079279630e+00  -1.8406453327087002e+00  -7.9561792195041259e-01   2.4580665768623061e-01   4.6206123916044645e-01
   3.7626100000000000e-03   5.1168184226094282e-01  -8.4575290484391219e-01   1.2087055992576308e+00   8.3688916174998088e-02   2.7869279321963775e-01
   4.5172700000000003e-03  -3.8934348368323718e-01  -1.1797271216520373e+00  -4.2875135788483461e-02   6.9906401293557713e-02   2.5477395028736810e-01
   5.1748999999999996e-03   5.0392825953331555e-01   6.7952236807035193e-01  -1.0862983028773635e-01   5.7913578977285808e-02   2.3208769328376866e-01
   4.0916700000000004e-03  -1.4570603045938317e+00   1.5134969899777859e-01  -2.2450795934241996e-01   8.1360061747163523e-02   2.7478322190829263e-01
   9.1087000000000004e-04  -9.1561803783776693e-03   2.6710731863222397e+00  -1.2585838389103707e+00   3.1715241317409504e-01   5.1952035461525270e-01
   4.9724599999999997e-03   7.7550600954551407e-01   3.3456196004692695e-01  -4.5518196810108613e-01   6.0137675319793658e-02   2.3641897677920448e-01
   1.5384999999999999e-03   1.4182267569910598e+00   1.8469415663752220e+00  -1.1145628969278167e+00   2.1181234278124833e-01   4.3083369619120465e-01
   5.3292000000000001e-03   5.2227638266292320e-01  -1.2240245773100682e-01  -4.8192441793626306e-01   5.4766607369559094e-02   2.2590626426171795e-01
   1.2188900000000000e-03   5.5120903658493647e-01  -2.8159239769648399e+00   3.0098965005090861e-01   3.2929830778578623e-01   5.3200853287553296e-01
   8.4782000000000000e-04  -5.2566824514211951e-03   3.0264382018181224e+00   2.8714674579377786e-01   3.6929038359063837e-01   5.5810737508799535e-01
   1.0559700000000000e-03  -2.0113297506596997e+00   9.8253851259880942e-01   1.8517575116073843e+00   3.1667286608971923e-01   5.2032875794573075e-01
   4.3976299999999996e-03  -4.4354194215256887e-01   4.3853178508749202e-01   1.0014347148486560e+00   6.5295555031962216e-02   2.4620353211873422e-01
   4.8044500000000000e-03  -6.5586317152761608e-01   5.8098582202079085e-01  -8.0971766348701602e-01   6.9304317387071407e-02   2.5396736875181847e-01
   2.5735699999999999e-03   1.5368181249180055e+00  -2.2374782938062032e-01   1.4666245161990017e+00   1.3470452718177892e-01   3.5194529849704814e-01
   2.2878000000000000e-03   9.0459221514461896e-01  -3.4267418223589155e-02   1.9661170785127564e+00   1.2863617597255378e-01   3.4422606765824365e-01
   3.8961999999999998e-03  -2.8043114470916780e-01   8.4964331984772712e-01  -1.2510156927157896e+00   8.3065008983594452e-02   2.7759769521243655e-01
   9.5312999999999995e-04   1.7146691027347001e+00  -5.4272399871322352e-01   2.3971750128137290e+00   3.5546265818310396e-01   5.4931179893559712e-01
   1.0628800000000000e-03  -2.1684384896379254e+00  -1.3671904569586644e+00   1.3889917445956230e+00   3.3135715656063069e-01   5.3086868634373230e-01
   1.3908700000000000e-03   1.0414132399285916e+00   7.9639004170015482e-01  -2.3581835941653422e+00   2.4664337959390659e-01   4.6360075488870667e-01
   2.3189899999999999e-03   1.3724022913298688e+00  -1.1377332598645722e+00  -1.2197989302437544e+00   1.2917480774757373e-01   3.4507972441203866e-01
   4.7213200000000002e-03  -8.8083976768749095e-01   4.6703157832284381e-01  -2.7525102102814947e-01   6.1408180867095263e-02   2.3890594317555153e-01
   5.3870999999999997e-03   8.8237003829949401e-01   3.1067915123151622e-02   4.0937021470436163e-01   6.4091587906966563e-02   2.4411927988628956e-01
   2.0558400000000002e-03   1.1527724534297931e-01   2.2746899283372235e+00  -2.8660456065270917e-01   1.4812797644086892e-01   3.6856985012233351e-01
   4.2951400000000002e-03   4.7217320366436938e-01   1.0554690640006850e+00   2.7230994901914857e-01   6.4299801514194746e-02   2.4454783395913332e-01
   3.3777999999999998e-03  -1.0092389012109100e+00  -1.3800178112623915e+00  -1.6588275371837127e-01   9.2356280276538735e-02   2.9253698776310483e-01
   3.7616199999999998e-03  -1.1001547981034374e+00   4.8138307166295896e-01   9.8723575416395948e-01   8.2549754301578654e-02   2.7683293676540227e-01
   5.0896300000000004e-03   5.0874664951344295e-01   2.2964827765400805e-01  -9.7290896167032581e-01   6.7822128945051810e-02   2.5137687407564341e-01
   4.0443399999999996e-03  -1.2168651132041441e+00  -1.1444945489325023e-01   7.9707803860059412e-01   7.8810727145424614e-02   2.7044811090488358e-01
   2.2840800000000000e-03  -2.6495592991970435e-01  -5.2906323071903638e-01   2.0997913690066379e+00   1.3450209712281141e-01   3.5119113601159829e-01
   3.8197499999999998e-03   4.4475457707914862e-01   1.9172293092035644e-01   1.4503002825469173e+00   8.0802873495071842e-02   2.7405672045007190e-01
   9.2139000000000001e-04   1.4031414262517050e+00  -1.8832731415125348e+00  -1.8178311475326130e+00   3.3758465998017156e-01   5.3412877295731209e-01
   3.8477099999999998e-03   4.0586871846684647e-01  -1.3446584316941182e-01  -1.4808310408241154e+00   8.2843206189985100e-02   2.7720808179081724e-01
   2.2699899999999999e-03  -1.2053409199662679e+00   5.2520863896096226e-01   1.6965000289491874e+00   1.2555750789723893e-01   3.3996994925219398e-01
   1.1437000000000001e-03   2.7914325396501516e+00  -3.6697532235421876e-01   5.6506322863053082e-01   3.0888353824535553e-01   5.1405745414473769e-01
   5.8162500000000002e-03  -3.9778832579833823e-01  -1.7233996179711145e-01   3.6088413641914385e-01   5.4363717803869553e-02   2.2503352185328554e-01
   3.7430499999999999e-03  -6.8961552995068720e-01  -8.2047548037207574e-01  -9.4586167421550604e-01   7.3659878191315781e-02   2.6107386079498457e-01
   4.6575000000000002e-03  -1.2589819303832617e-01  -1.0283157002962966e+00   4.5257482040476232e-01   6.4798234933734822e-02   2.4556784647151050e-01
   2.3118399999999999e-03   1.6594849708362460e+00  -3.2741820580951592e-01  -1.4324708657908589e+00   1.4098050569046974e-01   3.5990992486775542e-01
   2.6680800000000002e-03   3.4495089479641167e-01  -6.2626344536549894e-01  -1.9750405754853022e+00   1.3016172157478537e-01   3.4629055071980985e-01
   2.5581400000000000e-03  -1.5119197693528859e+00  -1.3747982124784155e+00   4.4193204084768667e-01   1.2545819453781926e-01   3.3982985439457647e-01
   1.0031000000000000e-03   6.2647211604904574e-01  -2.4701700721744979e-01  -2.8907107275316695e+00   3.5126748632656080e-01   5.4706189801963556e-01
   3.4177200000000000e-03  -1.9656395576751343e-01  -1.6879352988621354e+00  -2.9337442194132940e-01   9.4788195866206584e-02   2.9610544746366169e-01
   2.8724300000000000e-03   9.6139282257023798e-02   1.4196861771415454e+00  -1.2502381498358222e+00   1.0442206621969560e-01   3.1031527497594380e-01
   1.3977099999999999e-03   1.3261806751275615e+00  -8.8312903357390682e-01  -2.1502884873379013e+00   2.3482811449962687e-01   4.5336565204597989e-01
   4.2315000000000000e-03   6.7589819136283158e-01  -1.0162798316633304e+00  -8.7701618859281427e-01   8.3905456656896207e-02   2.7942332767476741e-01
   4.5204900000000003e-03   5.8398015572588313e-01  -9.6249808835814843e-01  -2.4201344984805945e-01   6.4946666028327410e-02   2.4568419653948681e-01
   1.5011400000000000e-03  -1.5981908953541564e+00  -2.0117402440875054e+00  -2.3100333136028248e-01   2.0208599495704230e-01   4.2382987014479440e-01
   9.6542999999999998e-04   1.9281441987894654e+00   1.2852327508929879e+00  -1.8403688891942038e+00   3.3619208888342222e-01   5.3382230246990858e-01
   5.6033200000000002e-03   2.4371200755308750e-01  -6.4336098802582853e-01  -6.2998328369906953e-01   6.3486778082012266e-02   2.4324827569889354e-01
   3.9131499999999998e-03   8.6167167566344405e-01  -1.2877663062607358e+00   1.5272980630533398e-01   8.5021333491425211e-02   2.8087853404256885e-01
   2.4375500000000001e-03   2.0913715969274405e+00   9.8011427859321223e-02   3.8146068174861221e-02   1.2265399173727694e-01   3.3611765563634949e-01
   3.2878299999999998e-03  -3.0082687942527042e-01  -6.9699480935328373e-01  -1.5367355699454024e+00   9.1203871345426291e-02   2.9039164882257290e-01
   2.5582700000000001e-03   1.8516380442041143e+00   1.0065459777865859e+00  -1.6413178273874760e-02   1.2893929710811899e-01   3.4442773273746674e-01
   4.9117900000000001e-03  -4.8805485659280406e-01   8.4960389363777533e-01  -2.9565118174534444e-01   6.2328159975563131e-02   2.4074792109477239e-01
   3.7889800000000000e-03  -4.4769831458606558e-02  -1.2192868932552203e+00   1.0737641037220333e+00   9.0370895169483434e-02   2.8950091673257583e-01
   3.7147600000000001e-03   1.4741906454963138e+00   6.3334599836388644e-02  -2.4304585500403161e-01   7.7780467055725763e-02   2.6849926578226013e-01
   2.5299900000000002e-03  -8.7087702310920789e-01  -1.8770500955362934e+00   2.9665945639660019e-01   1.2535194191677687e-01   3.3958006158335585e-01
   2.1845499999999999e-03  -7.7228813524565221e-01  -2.0020964457604538e+00  -4.8864721494174235e-01   1.3334195316204819e-01   3.5005644611174758e-01
   1.0291499999999999e-03  -2.5408320258831023e+00   1.4485656978969288e+00  -7.1151637959271111e-02   3.2485662582163877e-01   5.2630449448732497e-01
   1.1490199999999999e-03  -5.7723359033961186e-01  -2.5867889472563932e+00   9.7349378566368394e-01   2.8482965890099354e-01   4.9333196739656693e-01
   3.9614000000000003e-03  -4.6640999035776320e-01   1.2267099652012945e+00  -7.7699042447614464e-01   8.2803585396752991e-02   2.7730505932849009e-01
   1.6410999999999999e-03   7.9763714545362474e-01   2.3542883781452688e+00   3.2145736263704183e-01   1.8664783860816092e-01   4.0979651990869909e-01
   9.9654999999999991e-04  -1.3826610576422518e+00   2.0509656770623472e+00   1.6020525486645272e+00   3.3863350258723207e-01   5.3548227011452731e-01
   5.8095200000000003e-03   9.5020757322844063e-04  -4.7715087815144502e-01   2.6230076638386657e-01   5.4086352122671003e-02   2.2437589942889513e-01
   4.0820099999999996e-03  -2.3930711448140921e-02   1.1508970101329992e+00   4.0910500264616828e-01   6.4742984838079928e-02   2.4498581305907019e-01
   3.8125400000000001e-03   3.8332234376145069e-01  -1.3608733331052099e+00   6.4137246852445862e-01   8.2739123611922205e-02   2.7733064281426684e-01
   3.3071699999999999e-03  -1.3312559351222497e+00   1.0033353184347520e+00   5.6547811473298260e-01   9.5502719128260055e-02   2.9754504520241110e-01
   3.0356799999999998e-03   7.3406173729886470e-01   1.5820791368354377e+00   3.4170133807337988e-01   9.2881899042893512e-02   2.9324327998374844e-01
   3.5490200000000000e-03  -1.0691739878166817e+00   2.1768074618597147e-01  -1.1729746265135310e+00   8.3776884999004167e-02   2.7880819814192254e-01
   2.3642500000000000e-03  -7.6207423177830205e-02  -1.3096783404573145e+00  -1.7243820459949000e+00   1.3309965165388876e-01   3.4995871022619446e-01
   3.9836999999999997e-03  -5.8102326331094911e-01  -1.0073412518118079e+00   9.0614357226221376e-01   7.8901488032058736e-02   2.7074202775379896e-01
   4.4958600000000000e-03  -2.3271241352705160e-01  -4.9816201697479728e-01  -9.4191081983898250e-01   6.1407862571284937e-02   2.3903589538028772e-01
   3.2303900000000001e-03  -6.5049841019592325e-01   7.7828444625949555e-01   1.3636951019359649e+00   8.8555723784848411e-02   2.8632531196754540e-01
   9.5458000000000001e-04   2.5306884009647082e+00   3.3450970742901048e-01   1.5445726788043737e+00   3.5939742117986434e-01   5.4965787032908908e-01
   2.5032700000000001e-03  -1.2694755132868063e+00  -1.4568822322027208e+00  -8.6914565585003789e-01   1.2770868000635141e-01   3.4313117448634661e-01
   1.3856500000000000e-03  -2.5913366339592496e+00  -7.0389560275635765e-01  -4.2147385438579926e-01   2.5137337766375939e-01   4.6781971404157774e-01
   3.9489000000000000e-03  -1.4334927605451478e-01   1.0330055476595172e+00   1.0633940701718694e+00   7.9821710491539979e-02   2.7221722584423880e-01
   5.0979800000000002e-03  -5.2179207198075533e-02   3.3782803892281954e-01  -9.5224804330783974e-01   6.3570589057582463e-02   2.4312023489243090e-01
   2.5248300000000000e-03  -5.4288186537899941e-01   4.1053480719743102e-01   2.0172868915739959e+00   1.3258218543388955e-01   3.4900402378638029e-01
   2.5101699999999999e-03  -1.7057847766416392e+00  -6.7849125209526207e-01   9.7705534938970973e-01   1.2310879132503959e-01   3.3622333883038330e-01
   6.1516799999999996e-03  -4.6247828148266218e-01   4.0090434528391150e-01   1.2420113546975402e-01   5.7404866674424869e-02   2.3139127222420700e-01
   2.8590700000000000e-03  -2.6906220094940136e-01  -1.3677868434920623e-01  -1.9401761090411420e+00   1.1348922939138284e-01   3.2360840068639779e-01
   4.0968799999999998e-03  -3.8309262996022014e-01   1.4822965930767700e+00  -2.0919790823453285e-01   8.7259924430967306e-02   2.8445548925704361e-01
   3.9577299999999996e-03  -1.3168634404778121e+00  -2.2573768647104647e-01  -8.2446237448950865e-01   8.6891962789679783e-02   2.8408682224109472e-01
   2.0264300000000001e-03   5.4256529714097734e-01   1.9325938110580083e+00  -1.1039146340968202e+00   1.4667976771063324e-01   3.6670804594345968e-01
   4.9249500000000000e-03  -7.3046252188750460e-01   1.0330834335131658e-01   6.2819038848004161e-01   6.0566254229577232e-02   2.3725472073070539e-01
   5.4515500000000003e-03  -1.9006974132574239e-01   2.3378719965364583e-01   5.2511716209281900e-01   5.3089608138703774e-02   2.2232722134348593e-01
   2.2330300000000000e-03   9.8529151364641787e-01   1.7268998077974587e+00   1.0305295339503204e+00   1.4421486559282298e-01   3.6341210045176370e-01
   3.8185900000000002e-03  -1.4677114220375445e+00  -2.5830300813289481e-01   2.8515348984886429e-01   7.9931354759423950e-02   2.7252907532044324e-01
   1.0129000000000000e-03  -2.2752119931242909e-01  -1.4502370743439714e+00   2.5110628474885095e+00   3.1163811686813392e-01   5.1503602652728575e-01
   9.7670000000000005e-04   4.7688518446148570e-01  -1.4493111423041383e+00  -2.5239817599663059e+00   3.3006906558778559e-01   5.2877667526782257e-01
   4.1036900000000001e-03   9.6140602958164367e-01   6.1711519908102841e-01  -9.6760715372169470e-01   8.2006744077699367e-02   2.7616558579874873e-01
   1.0502400000000000e-03  -1.8710000286559927e+00   2.0873151253782827e+00  -7.4314460581700403e-01   3.1077193649801543e-01   5.1506995549806256e-01
   3.7566499999999998e-03  -1.4260173796498149e-01  -1.0796230069843491e+00  -1.0231230168862635e+00   7.8746887788193040e-02   2.7003318186867059e-01
   2.7000800000000001e-03   3.7074916776310723e-01  -1.8876004705836984e+00   1.3158357375203658e-01   1.0341467996938224e-01   3.0918066814174594e-01
   2.2846899999999998e-03   1.6772969393241952e+00  -1.3991312471530504e+00   2.4632826630633264e-02   1.3369340855218836e-01   3.5077891699496638e-01
   1.0607399999999999e-03  -7.2561186213971574e-01  -1.7804384148575760e+00  -2.2122352413259949e+00   3.3638114061195601e-01   5.3537583067663197e-01
   2.2817300000000000e-03   1.0676310079265157e+00  -1.9054493014467879e+00  -1.7867776487691109e-01   1.3583401413482693e-01   3.5314500581736658e-01
   5.6033400000000001e-03  -2.3452907418773397e-01  -1.6853492393508324e-01  -5.0290265039070170e-01   5.4121960150309303e-02   2.2421190081379244e-01
   7.9345000000000001e-04  -1.0948698038896416e+00  -2.8626346841809864e+00  -2.7779455002395297e-02   3.7165963350163933e-01   5.5838220550063744e-01
   2.4296100000000000e-03   1.6588535881969918e-01   1.9846535112813701e-01   2.1347939899598436e+00   1.3156114802567159e-01   3.4794447789391258e-01
   1.0263000000000000e-03  -2.7138860128433731e+00   6.0014094701473863e-01   9.0703563534366238e-01   3.2175717389781955e-01   5.2402517432429641e-01
   3.4610299999999999e-03   2.9017624938396192e-01   1.4045567694476844e+00   8.2551043983411088e-01   8.7682794293397898e-02   2.8505657057819578e-01
   3.8138999999999998e-03  -1.1423320507785988e+00  -7.4877453246539338e-01   6.4383662650184525e-01   7.9543089546220108e-02   2.7176624001287747e-01
   2.5144400000000002e-03   1.7923642809036300e-01  -1.0624677410895071e+00   1.7580664125646590e+00   1.1862906631284120e-01   3.3069505457160425e-01
   1.3220500000000000e-03   2.3979077591717433e+00   3.5259127345864510e-01  -1.3509861845221833e+00   2.8670419338038716e-01   4.9597861643050467e-01
   3.4448700000000001e-03   1.0064963247322232e+00   2.2069562135972702e-04  -1.2473671887033297e+00   8.1688056253056793e-02   2.7552135004119266e-01
   3.8421300000000000e-03  -8.0510068847505822e-01  -1.2208325523124830e+00   4.0656540505630639e-01   8.1037815758409348e-02   2.7422396490209139e-01
   3.2766599999999998e-03   5.5984794825616002e-01  -1.5009672389235111e+00  -4.1374702850135237e-01   8.3714816843274240e-02   2.7875744250779094e-01
   4.5957599999999999e-03   5.9632562823921031e-01  -2.7261257643779145e-03   8.6745184892453775e-01   6.1142632640194601e-02   2.3828581616810673e-01
   4.3420500000000001e-03  -2.6937545014178221e-01  -6.2084444907780068e-01   1.3308591416042554e+00   8.5829986226277674e-02   2.8219055974661805e-01
   3.3841900000000000e-03  -3.7953064788674395e-01   1.5495176981239636e+00   5.3813469573482198e-01   8.9675611291506585e-02   2.8806980605551963e-01
   2.7314300000000000e-03  -4.1124017372164262e-01   1.6360252030626943e+00   1.2298369415454060e+00   1.3071835888990083e-01   3.4704833800635976e-01
   1.1960899999999999e-03  -1.5708939635973573e+00  -2.1602416173954806e+00   8.6181599706802126e-01   2.7962881307877291e-01   4.8977803603041942e-01
   9.1755000000000005e-04   8.8036145760051943e-01   3.9984234741454183e-01   2.8145825800374555e+00   3.4527742547022766e-01   5.3951717900563190e-01
   4.7482699999999997e-03  -7.4447995505141318e-01  -7.9290629275350266e-01  -1.9706896137468352e-01   6.4745210987400464e-02   2.4527938986435771e-01
   2.4314900000000001e-03   1.6656288606802951e+00   5.3016753974784225e-01   1.1524211070630579e+00   1.2059798938870564e-01   3.3357456862032564e-01
   2.4449300000000001e-03  -1.0285878421950099e+00   1.8116727639875627e+00  -2.6460826531950660e-01   1.2421408396184791e-01   3.3804081707366901e-01
   1.1906800000000000e-03   4.3979719860319663e-02   1.0924657435360801e+00   2.5870695870716469e+00   2.7870394613717198e-01   4.9063348442824395e-01
   4.9984199999999999e-03  -2.9354124507130952e-01  -7.5151338470893037e-01  -4.9571462019667623e-01   5.9805015874387732e-02   2.3593543048236165e-01
   8.1831999999999998e-04   1.6470714285160817e+00   2.3950995127544124e+00   9.4535709458532780e-01   3.6757690484266459e-01   5.5824921762456226e-01
   1.3048300000000001e-03   5.2691610867719108e-01  -6.3135246776974463e-01   2.6216114621320603e+00   2.5996565969855190e-01   4.7431718677200357e-01
   4.3098399999999997e-03   7.7577994974823344e-02  -1.1720196091076105e+00  -5.1000310593134834e-01   6.9984745711102817e-02   2.5486400283090643e-01
   9.5175999999999995e-04  -2.2542497786622726e-01  -2.8505985504964113e+00  -7.8409231809274171e-01   3.3058109211539999e-01   5.3198029480032305e-01
   1.6806600000000001e-03  -1.4837473006397754e+00  -8.3360339583655563e-01   1.7325985630956204e+00   1.6334607101162787e-01   3.8496282700347279e-01
   3.7479800000000001e-03   1.1722336826730804e+00  -1.1458159608799809e+00  -4.4953274161488305e-01   9.6885003820910490e-02   2.9959988757906497e-01
   5.0062900000000000e-03  -9.9556520996467701e-01   1.6329057448215398e-01   1.6224006949671088e-01   6.3124710068271819e-02   2.4223280645622911e-01
   1.0770400000000000e-03  -3.9923933237807574e-01  -2.8447138365323244e-02   2.8953298068329936e+00   3.3141129778298811e-01   5.3214144686679343e-01
   2.3832200000000001e-03   6.5729170974173790e-01   7.7484311823712959e-01   1.9174458412519535e+00   1.3384389360598864e-01   3.5083980456066688e-01
   1.1341200000000000e-03  -2.7277237264935099e+00  -5.0523948917777128e-01   6.6008263997483185e-01   2.9892301259148329e-01   5.0538302497584175e-01
   2.4189699999999999e-03  -1.9421953357793444e+00  -7.5309344144082868e-01   3.2581571646605823e-01   1.2503809278428007e-01   3.3892808251243683e-01
   5.0670400000000001e-03   4.2778809073994278e-01  -8.2856874210337006e-01   2.9521119317345629e-01   6.0999586053381259e-02   2.3839166976523368e-01
   2.3194800000000001e-03  -1.7075381776599019e+00   5.1584886957740672e-01  -1.2640066992646015e+00   1.3626192955457533e-01   3.5370683531653413e-01
   8.4349999999999996e-04  -1.0797136299492509e+00   1.0310236493359159e+00   2.6164635320540670e+00   3.4828900884136343e-01   5.4278387613425527e-01
   6.9603499999999997e-03  -5.4644745232070552e-02   6.4796451011213535e-02   5.0461916980491343e-02   5.5141404832195394e-02   2.2669516002981910e-01
   2.2335599999999999e-03  -2.0176225984681193e+00   6.3992508273697191e-01  -4.2514402388395545e-01   1.2732598707029383e-01   3.4207303499878355e-01
   5.6822399999999999e-03  -3.6633302552681812e-01   2.9120991853404332e-01  -4.1884605895105526e-01   5.4894223938706223e-02   2.2609952877321124e-01
   4.7170299999999997e-03  -4.0969845132794747e-01   9.4630919755028020e-01   1.8616224036123588e-01   6.2431619845021380e-02   2.4064325218331797e-01
   1.1460500000000000e-03  -6.0568576913976346e-01   2.3014106892196243e-01  -2.7857109183052020e+00   3.0102435731474653e-01   5.0875500349757297e-01
   2.3668299999999999e-03   1.3375633683744709e-01   2.0441661021666633e+00   7.1415930557778540e-01   1.3457238393448115e-01   3.5183865607783094e-01
   5.8189699999999997e-03   1.0173323548281728e-01  -2.7319704123256278e-01  -2.3417667589335120e-01   5.2033358951311552e-02   2.1982089827916565e-01
   1.9485200000000000e-03  -2.3607085676703063e-01  -2.3053890665860659e+00   1.2597567028191448e-01   1.5001812837574971e-01   3.7038209346157647e-01
   3.9037700000000000e-03  -1.4291518032609321e+00   3.6008895368317351e-01   4.3068252444026944e-01   8.3226739482850989e-02   2.7790624071648135e-01
   5.0509600000000002e-03   4.0498572698341279e-01   6.8969077901915865e-01  -6.0152497634972346e-01   6.2941378575031043e-02   2.4176403581502090e-01
   2.2418300000000002e-03   9.8691111651662844e-01  -1.0022656626557576e-01  -1.9531172143813083e+00   1.3272072519557401e-01   3.4935923644257116e-01
   1.0678300000000001e-03  -1.2187557379349325e+00  -2.3052671379551768e+00  -1.3092953577252644e+00   3.2545934098898505e-01   5.2811416972165981e-01
   1.1247799999999999e-03   1.7785113702754485e+00   2.1710774142756302e+00  -2.5330564881696616e-01   2.8235956725393330e-01   4.9078586701157001e-01
   3.0574199999999999e-03   3.2054929017275363e-01  -4.0679394685101777e-01   1.7080542211268479e+00   9.3744125490007033e-02   2.9458386904466355e-01
   1.4088799999999999e-03  -3.3594165722255509e-01  -7.6895687036731430e-01  -2.5487311148122491e+00   2.4243140740825392e-01   4.5945464336137970e-01
   4.8459000000000002e-03   6.7645029570349358e-01   5.6474027007616190e-01   3.6458425004829814e-01   5.8760526653005671e-02   2.3381848884060297e-01
   9.5545000000000005e-04   1.7812385634457628e+00  -2.3562887446609215e+00   2.0221970114879614e-01   3.2890373655376054e-01   5.3000003132281082e-01
   2.3133400000000001e-03   3.8061967895000165e-01   1.5482235145159824e+00   1.5037948847728579e+00   1.3724017472620723e-01   3.5513989174196769e-01
   2.3008299999999998e-03   1.5889655147979712e-01  -2.0114067127098938e+00   8.6674292059588809e-01   1.3678799600787153e-01   3.5440636221951444e-01
   1.7100600000000000e-03   2.2620775722753588e+00   6.4054099109916152e-01   6.4943537778724192e-01   1.6701523842517879e-01   3.8903020212185729e-01
   3.7144000000000001e-03   1.1558684921913465e+00   5.9342087026153456e-01   6.5205630503702083e-01   7.5453634857670676e-02   2.6417018006293419e-01
   4.0793200000000000e-03   1.9453480862474690e-01  -1.2993431378975053e+00   6.1310044626411306e-02   6.8452814736931600e-02   2.5242987893469421e-01
   5.3194000000000002e-03   1.5390154921012162e-02  -8.0223698158603030e-01  -9.7382175317565392e-02   5.7362051089506240e-02   2.3107669466610634e-01
   5.6625399999999998e-03  -3.7962561224936064e-01  -4.3406025500488615e-01  -8.9067743720608911e-02   5.4318805442403653e-02   2.2468349165728307e-01
   3.8302000000000002e-03   8.5534620901322977e-01  -3.1346050211687171e-01   1.2630081407853737e+00   8.3504165363611327e-02   2.7865114270422758e-01
   2.2218500000000000e-03   1.4492075754723834e+00   5.0453968366523272e-01  -1.5795526473793360e+00   1.3406482746300183e-01   3.5135140702440487e-01
   9.2104999999999997e-04  -1.1733175017518724e+00  -9.5553947794925065e-01   2.5498280058551197e+00   3.3868303768855562e-01   5.3359819831251187e-01
   4.6017300000000001e-03  -2.3074337931336297e-01  -5.6923041379314510e-01   7.4432861881870538e-01   5.7528993581489898e-02   2.3116266455919923e-01
   9.1909000000000001e-04   1.5919511309599363e-01   1.0675070155800681e+00  -2.7644592184175303e+00   3.3313348659994318e-01   5.3068465719438018e-01
   1.1024500000000000e-03  -1.5627389572008794e+00   2.4125063404179898e+00   3.2959173711063611e-01   3.2853313074308543e-01   5.2725403002740501e-01
   5.1410500000000003e-03  -5.3797761651167053e-01  -7.2512211323414677e-01   3.2179468294521224e-01   6.1733163050448320e-02   2.3957335822769885e-01
   8.7356000000000000e-04   9.4310211383112974e-01   2.7814829743729077e+00  -6.7046783061574289e-01   3.5739171322468166e-01   5.4858772409544820e-01
   3.5191699999999999e-03   1.6094130933227796e-01   1.6560331720721133e+00   1.1359782796645254e-01   9.0033045193881889e-02   2.8879840470921486e-01
   1.3387700000000000e-03   2.7416054487265634e-01  -2.2304298830675964e+00  -1.6330839321120902e+00   2.8420255572164194e-01   4.9558534007621569e-01
   1.0214099999999999e-03  -2.5329676541380031e+00  -3.4703327156260438e-01  -1.5338866522680088e+00   3.6135784704822133e-01   5.5614526943309628e-01
   3.6102500000000002e-03  -8.6771430560598029e-01   1.3183603483869837e+00   1.5980118306410829e-01   8.3841009450686510e-02   2.7881258625706568e-01
   2.3346100000000000e-03  -2.0027016018160326e+00   7.3716965976006854e-01   3.2411104238365784e-01   1.3133264392230382e-01   3.4730503985890460e-01
   3.1529000000000001e-03   1.0405402450288073e+00   3.6991050213485110e-01   1.3822600175938786e+00   9.3876031087434100e-02   2.9483988825956764e-01
   2.3594699999999998e-03  -1.7379613976736714e+00  -1.1767720815385943e+00  -2.7728375345304951e-01   1.2284859955205180e-01   3.3655554630717344e-01
   1.1142700000000001e-03   2.2734070272502431e+00  -6.9663473859511937e-01   1.4620333737855367e+00   2.5699919377681313e-01   4.6993192541557643e-01
   4.0477200000000003e-03  -9.8616526039529806e-01   1.0874231958731351e+00  -4.3173414421608591e-01   8.4413893024291406e-02   2.7993361746650963e-01
   3.6444500000000000e-03   1.5662306832350570e+00   4.4405819279939035e-01   3.0890075412928403e-01   9.1245774234394200e-02   2.9070276034074694e-01
   4.3660200000000000e-03  -7.8365959397901053e-01   5.7942447568903888e-01   5.4629371884214906e-01   6.2479492402549262e-02   2.4073159856823770e-01
   4.6075999999999999e-03  -8.9697521380133927e-01   8.6112361425132677e-02  -5.8224661724103266e-01   6.2187157143336641e-02   2.4023841503971169e-01
   3.2303100000000001e-03  -1.0212416590300097e+00   9.1895929641693563e-01  -1.0965743462144857e+00   9.4399700738290182e-02   2.9567396689835701e-01
   2.6270600000000001e-03   1.9003958081089609e+00  -8.7213134077718135e-02   7.7151099775381249e-01   1.2083670227567954e-01   3.3365611963806008e-01
   2.3586000000000002e-03  -3.4918361194689784e-01  -1.8479697490135476e+00  -1.0941197193892465e+00   1.3642860206257537e-01   3.5352400358598102e-01
   1.0458500000000001e-03  -2.1969595350742344e-01   2.0205498160366049e+00   2.0700285873274957e+00   3.1857511871055427e-01   5.1993982554537488e-01
   1.2499300000000000e-03  -6.2837711766937254e-01   2.4955523617054034e+00   1.0051744913542056e+00   2.6503559207940802e-01   4.7794447513030797e-01
   3.8290600000000000e-03   9.2387728021554216e-01   8.6563017935947162e-01  -4.1940998772048160e-01   6.7875187977905177e-02   2.5094913532391888e-01
   2.5271600000000001e-03   9.4284696281855851e-01   1.1874419724614640e+00  -1.4730706054214568e+00   1.2998689567098975e-01   3.4574155464880457e-01
   4.4296900000000000e-03   6.4217263270954261e-01  -3.7246197646563384e-01  -9.4724229592739029e-01   6.5917817672757645e-02   2.4779292995659449e-01
   1.0394200000000001e-03  -1.8294924848063745e+00   4.7130496014748513e-01  -2.2470892274354086e+00   3.2434463990441559e-01   5.2789046753898961e-01
   2.4960999999999998e-03  -7.6490938104060291e-01  -1.3454655606680692e+00  -1.3758489303310537e+00   1.2012675781686578e-01   3.3255436658344872e-01
   2.2184599999999998e-03   2.9019141044594066e-01   2.3526810930989822e-01  -2.1926595081263880e+00   1.3914406463120058e-01   3.5763316587067601e-01
   9.0992999999999998e-04  -1.0334494976549335e+00   2.2822718769061918e+00  -1.6036169457083909e+00   3.2908696831370643e-01   5.2753827754991223e-01
   5.4406100000000002e-03   1.0864251950058394e-01  -1.7978023354980416e-01   6.2669822372398509e-01   5.4277452116639223e-02   2.2474940120776152e-01
   4.0547700000000001e-03  -9.2618879237077689e-01   7.6570681123778939e-01   1.2386466959314701e-01   6.4051813022790519e-02   2.4362494330896983e-01
   3.0758999999999999e-03   7.0529682452975151e-01   4.8839549140512328e-01  -1.5782749042321207e+00   9.5289505058832630e-02   2.9709108987893729e-01
   5.7389700000000004e-03   4.3703889299842241e-01  -2.1799402088931313e-01   2.5149789992399429e-01   5.4062815615498291e-02   2.2424118487250938e-01
   2.4031800000000000e-03  -6.9879353868570013e-02   1.0702626884294728e+00   1.7580804245757147e+00   1.1601852454354390e-01   3.2689984198804289e-01
   4.6582500000000001e-03   2.6628417409275429e-01   7.5427208406661173e-01   7.1737706630722475e-01   6.1961415187601343e-02   2.4013856877331169e-01
   1.7083300000000001e-03  -7.9581858806727090e-01   1.2762238975103979e+00   1.8393641316599272e+00   1.4994397796772449e-01   3.7017551374828489e-01
   1.0125600000000000e-03   1.2900931261440420e+00  -2.2937221422053771e+00   1.2114383402843321e+00   3.0441955675668109e-01   5.0965544366716242e-01
   3.7275799999999999e-03   1.3483061300672025e-01   1.1414371467976665e+00  -7.1261025716513238e-01   6.8704131198075918e-02   2.5230968830957839e-01
   0.0000000000000000e+00   0.0000000000000000e+00   0.0000000000000000e+00   0.0000000000000000e+00   1.0566215651909622e-01   2.9928307914621349e-01
