   2.9740929999999999e-02  -2.1323245842773958e-01  -1.6749705217574946e+00  -3.1239715783218053e-01  -4.3249540607055287e-01  -3.2593042446802015e-02   7.0869967772444165e-01  -1.5574706595936934e-02  -6.2452239791992126e-01   4.2582161763286525e-02   5.0060967763844042e+00   2.1707244325744863e+00
   3.0561530000000000e-02   1.7230497919912943e-01   6.6833242860392617e-01   1.7745993060268658e-01   1.5911675846518736e-01  -1.4456807748022429e-01  -4.1957556109659372e-02  -1.6262323271545864e+00   8.7816779597338646e-01   2.6588577966019070e-03   5.0106657952121632e+00   2.1716696905946273e+00
   3.0040899999999999e-02   2.3938398794094434e-01   3.8559850647505212e-01  -4.9156135675763640e-01  -3.9611424544788493e-01   4.7429843451372034e-01  -1.6985411629005505e+00   7.6703416474314820e-02   5.0389897912634174e-01  -1.7318473741093274e-01   5.0073290385451852e+00   2.1708968930608825e+00
   3.1562670000000001e-02   3.0079026302694900e-01  -5.5215752161513865e-01   3.2291895958617689e-01   1.0736341113399179e+00   6.9891802525194735e-01  -3.6861731617853022e-01  -9.9609450542242783e-01  -4.9499544843480298e-01   6.4732215416424810e-01   5.0300027293690945e+00   2.1759668229275766e+00
   3.0316470000000002e-02  -5.7137764787878897e-01  -9.7569500672202925e-01   4.4762335095779515e-01   3.0820568648332608e-01   5.8219104016577194e-01  -4.9316240874805445e-01  -1.4259125924133742e-01   1.3122262781901837e+00  -3.1672771415233480e-01   5.0101197462129194e+00   2.1716366649938386e+00
   3.0621679999999998e-02  -8.6704765888040924e-01  -3.7973841889818560e-01  -9.6465816351449570e-03  -8.3097153900925691e-01   8.3151112101771160e-02  -5.5037915786983482e-01  -9.1013596989227952e-01  -3.6137843906886083e-02   1.1251190130455926e+00   5.0199269831671938e+00   2.1738279514461394e+00
   3.0192170000000001e-02   1.1010394425468688e+00  -8.7356465901326286e-01  -5.3460830890077771e-01   7.4988539660328268e-01   2.9581081305940161e-02  -6.0031870155130918e-01   8.2179559370108712e-01  -3.8781852357511311e-02  -3.6392535498245659e-01   5.0055728383236229e+00   2.1705700297930659e+00
   2.9360029999999999e-02  -4.7354679322609783e-02   2.5274852940627368e-01   9.3885372682166346e-01  -6.4152448506360404e-01  -1.2106348631517221e+00   6.7915818141067208e-01  -3.6788458522773737e-01  -7.3888052198074927e-01   2.6855989064800684e-01   5.0003869561281693e+00   2.1692861206403369e+00
   3.0526399999999999e-02  -4.4383334825078218e-02  -5.8786933546966658e-01   1.4229079099814732e-01   1.2432335653831565e+00  -8.7697548070594311e-01   7.5189240239249344e-01  -5.0449884263230904e-01   1.6113394442404061e-01  -6.6954805400840334e-01   5.0135972552748633e+00   2.1722904857675052e+00
   3.1339609999999997e-02   9.4826845878034249e-01  -4.3643359423798206e-01   6.9771159482137024e-01  -1.0286350438222351e+00   3.7288196534465690e-01  -1.1814362053929195e-01  -5.8413245623271526e-01  -3.0536345196060166e-01  -8.4599387485499478e-01   5.0248313894450751e+00   2.1748313226152636e+00
   3.0663220000000001e-02  -5.3825555647901235e-01  -4.8970394739671230e-01   4.1889569901180201e-01   6.6244357827524614e-01  -6.2888666789009628e-01   5.5886802162990565e-02   8.2327873372078864e-01   4.4113738063016307e-02   1.3332648251396992e+00   5.0208071303558945e+00   2.1739895582351325e+00
   3.2069819999999999e-02  -7.9184935913134136e-01   1.0155305837275115e+00  -1.3170892350975799e-01   8.4889236097791043e-01  -1.0283189221216613e+00  -6.6560387258250531e-01   1.6406120931622839e-01   4.4818613245042903e-02  -2.7232543316037028e-02   5.0438537211630949e+00   2.1791627489747518e+00
   3.0538980000000000e-02   1.2183175489773574e+00   3.4905920900287229e-01  -3.5802163234233242e-01  -1.3302010703560785e-01  -3.4266158547894116e-01  -3.4594662808177457e-01  -1.8860627656475182e-01  -3.2497718492731170e-01   1.3565413118139156e+00   5.0117225800774827e+00   2.1717874315191854e+00
   3.1321950000000001e-02  -3.3763212297148176e-01  -1.6825108045811907e-01   2.3817273425409000e-01  -8.2566651258695709e-02  -1.4499914309346906e-01   7.0034323526534237e-01   1.4958663102897063e+00   4.4642373472111369e-01  -8.8188390357004343e-01   5.0251217952753695e+00   2.1748405988796811e+00
   3.0325319999999999e-02  -6.9262582436824838e-01  -5.0836268148380592e-01   8.5834428949502417e-01   4.2545575795143800e-02  -2.6255990519977324e-01  -1.0384935065462271e+00   2.8688055064327528e-01  -9.9248286399912955e-01  -5.4848238422663576e-01   5.0082690802979588e+00   2.1712466780582766e+00
   3.0193859999999999e-02  -1.1187570356332075e+00   2.8666707894449979e-02  -3.7291608454972441e-01  -9.2041495765465331e-01  -3.4859850715495999e-01   1.7471655282700860e-01  -4.4152209766714273e-01   1.7397182441806275e-01  -1.1772785917553950e+00   5.0095894082746444e+00   2.1714452661346888e+00
   3.0034630000000000e-02  -2.0227360332729397e-01   1.4593978977489002e+00   2.4985576524263531e-01  -4.2844674174454533e-01   6.5746018646657056e-01  -3.0491003243779291e-01  -3.0473794367010304e-01  -9.7024857183348323e-01   1.2896968180480670e-01   4.9993977709850190e+00   2.1691341444956054e+00
   3.0187280000000000e-02   7.5169355414321382e-01   5.7195264197955764e-01   1.5287709649507171e+00   5.1019278424972581e-01  -2.0279700022411248e-01  -5.1788559962720504e-01   3.2935240939665555e-01   2.9518953106078971e-01  -7.0002611047975463e-02   5.0050283802948190e+00   2.1704704557487267e+00
   3.0098969999999999e-02  -1.2670235021327669e+00  -1.8976977318932697e-01  -8.9604151685071609e-01   5.8623828624550600e-01   8.0345266854175024e-01  -2.7303351487426109e-01   4.7892201577538102e-01  -5.0622993623501278e-01   6.4368021240291146e-02   5.0048807162346343e+00   2.1704393234909483e+00
   2.9854650000000000e-02   2.4806029496511203e-01  -4.1481673682603032e-01   6.1554816082966624e-01  -6.2195683665378843e-01   1.2368323390504488e+00  -2.5428589075889868e-01   9.5519028683154439e-01  -2.2605580661031296e-01   6.7551852918355404e-01   5.0048216919074351e+00   2.1703457526608001e+00
   3.0633049999999998e-02  -4.9601952682612976e-01   8.8317225784050357e-01   3.8590734846089297e-01  -1.0577164209622092e+00   4.1003000507521488e-02   1.1661883942495910e-01   4.6188201013893893e-01   1.1126909022903082e+00   4.3281417919451087e-01   5.0094512577257406e+00   2.1713134185739191e+00
   3.0121350000000002e-02   1.0756557192345417e+00   1.0171859795044442e+00  -5.1197963394034984e-01  -2.6912473657212510e-01  -6.6872869944525015e-01   4.7474622827846791e-01   2.0331076496197159e-01   3.0344310892597898e-01  -8.1535797305499436e-01   5.0047373728222802e+00   2.1703210824776211e+00
   3.0022739999999999e-02   9.8545505471759787e-01  -5.4065205263844962e-01   4.4037389976155045e-01  -1.8914694873107432e-01   6.6492456554666193e-02   1.2127253042277018e+00  -6.4363929081126911e-02   8.5177348134164421e-01   5.4270903225574540e-01   5.0043206401210432e+00   2.1702175244924371e+00
   3.0346970000000001e-02   6.1540416678513865e-01   2.1438496388617587e-01   1.5709712805333856e-01   6.4342179002136124e-01   1.7743596203107023e-01   8.2769134577617598e-01   6.1257584051121095e-01  -1.4122506363704483e+00  -1.5278907465029928e-01   4.9995635417742790e+00   2.1691019562149574e+00
   3.1275009999999999e-02   4.0851631936046778e-01  -7.0446818224523783e-02  -1.0142293535962297e+00  -5.9973236233846627e-01   1.3497805545105226e+00   5.9074074447421476e-01  -4.0400703329374010e-01   1.3768433722911660e-01  -1.9678316125933629e-01   5.0290575527414365e+00   2.1758404695684104e+00
   2.9602349999999999e-02  -1.5627664829545185e-01  -4.3098319689965792e-01  -1.4896465860847483e+00   1.5202399813582421e-01  -4.3672726342826385e-01   7.3313735556567491e-02   2.8215193890466200e-02   1.1115574770890799e+00   3.5198543774282587e-01   4.9971681934976795e+00   2.1685637283386829e+00
   3.0206270000000000e-02  -9.8493088465142065e-01   1.1256026374213010e-01   1.1630729079000333e+00   1.7300179018809142e-01   7.5741353154138757e-01   9.6670788031622468e-01  -3.4623590733578463e-01  -5.5464523410084704e-02  -9.7222714753541967e-02   5.0096071159541040e+00   2.1714721584260421e+00
   2.9963980000000001e-02   2.7235289813489089e-01   8.8991568072034921e-01  -2.8435359567485102e-01   1.0886595683858087e+00   8.2039292618059878e-01   2.2922354833896608e-01   5.4054922175753006e-01   7.5040687952268159e-01   5.5009635604260065e-01   5.0040105199111959e+00   2.1702303435124701e+00
   2.8529110000000000e-02   1.3835652771221783e-02   4.7292276131411115e-01  -7.8002707292931222e-03   7.0948145726073242e-01   8.2566695898681552e-01  -1.8010406944773916e-01  -1.5200353463759311e-01  -2.4852490278910129e-02  -1.6112371434114052e+00   4.9860948688825451e+00   2.1659437667656349e+00
   3.0345609999999999e-02   2.3111385844362847e-01  -1.2760431926690732e-01  -1.0423205048161985e+00   1.6990201161323754e-01  -5.8029170365704574e-01  -4.9456614637373281e-01  -9.8370837329299898e-01  -1.0391805787521591e+00  -4.1335667293373685e-01   5.0080898213665073e+00   2.1710639698493073e+00
   3.0618960000000001e-02  -2.1927750350569816e-02   2.0466478954497300e-01  -8.0635765214896227e-01  -1.0689739889129664e+00  -4.5637670423274546e-01  -2.0285337806609627e-01   1.1466211151142296e+00  -7.3326722916669362e-01   1.6504342485600026e-01   5.0134457669391566e+00   2.1721596453345242e+00
   2.9378729999999999e-02   3.7818023321171984e-01  -7.5235189736218433e-01   2.5920692122807404e-01  -5.6557473603031094e-01  -1.3908671799164836e+00  -7.1747660993153495e-01  -5.3213323422350899e-03   6.7874584657398296e-01  -7.0345507693703554e-02   4.9905878897089835e+00   2.1671052495241776e+00
   2.9404799999999998e-02  -5.8267567779394547e-01   6.2761050375071625e-01  -7.9868382259123893e-01   1.2907617530495408e-01  -2.2283817160108160e-01   1.3921017040612260e+00  -3.5116924058087390e-01  -2.8520649834222256e-01   6.7173230221646751e-01   5.0011993136720987e+00   2.1694999189561179e+00
   0.0000000000000000e+00   0.0000000000000000e+00   0.0000000000000000e+00   0.0000000000000000e+00   0.0000000000000000e+00   0.0000000000000000e+00   0.0000000000000000e+00   0.0000000000000000e+00   0.0000000000000000e+00   0.0000000000000000e+00   5.0099216697980617e+00   2.1714914752575964e+00
