   2.3457199999999999e-03  -5.7883828233989565e-01   1.5320598288470044e+00  -1.3793869400201801e+00   1.2749109590074395e-01   3.4247935720403128e-01
   9.9777000000000004e-04   2.4920623445918300e+00   1.4745225405151023e+00   3.2155520128483334e-01   3.0704053465651010e-01   5.1174308148633219e-01
   2.3926799999999999e-03   2.0385463812702720e+00  -1.6618460549826511e-01  -6.6643454333936203e-01   1.3163044571932467e-01   3.4796912348825371e-01
   9.8901999999999996e-04  -1.5269297140292022e+00   1.9469609351391907e-03   2.5003301936439373e+00   3.1742615492791210e-01   5.2034687758042908e-01
   3.3120799999999998e-03  -1.6402820995538046e+00  -4.2585661079882214e-01  -3.1351237383233199e-01   9.1437575649119890e-02   2.9133405474445839e-01
   2.4688499999999999e-03  -5.1306735962281258e-01   1.9948496442457941e+00   3.6245876353196049e-01   1.2322956267353245e-01   3.3687057891547634e-01
   2.2144600000000001e-03  -7.7886960880889100e-01  -1.6979562613977632e+00   1.0302852859239362e+00   1.2224152862390278e-01   3.3525425112324564e-01
   8.6260999999999998e-04   9.8188985162624387e-01  -2.7111651486141417e+00  -8.2648380779600772e-01   3.3426944321882945e-01   5.3392302841522343e-01
   4.3131400000000000e-03   6.3412138268089968e-01  -3.1144051638222364e-01   7.9946058630587646e-01   5.9652771847552508e-02   2.3522497295261979e-01
   2.4831200000000001e-03   1.2309964025852247e+00   1.6303772253188014e+00   2.6919774911569855e-01   1.1831705555476639e-01   3.3001515303846946e-01
   4.7377000000000001e-03  -1.6717735411472848e-01   7.8067858406987334e-01  -6.4135565380908521e-01   6.0886930850802101e-02   2.3794805357253579e-01
   4.8049099999999999e-03   8.5870133038364727e-01  -5.4100228430656920e-02  -1.3830498238800015e-01   5.6223044802718378e-02   2.2854087909255141e-01
   3.8745199999999998e-03  -1.1620735845804979e-01  -1.8735568173392692e-01  -1.3274175236514800e+00   6.9294351103452556e-02   2.5347760054033908e-01
   4.6969700000000000e-03   8.2461124691828447e-01   4.0557610191796895e-01   6.9471045168727374e-02   5.6287125934740390e-02   2.2889108423454629e-01
   2.0850399999999998e-03   1.8431073953142840e+00  -6.8569542972160868e-01   9.6352773249400558e-01   1.2626347206195884e-01   3.4089754909997461e-01
   4.5316999999999996e-03   9.3306124446799832e-01  -5.7621836383875447e-01  -4.7036049611856429e-01   6.6567954097432949e-02   2.4888348731553789e-01
   2.3696199999999998e-03   3.5114466553014306e-01   8.8003794771681221e-01  -1.8218421983441968e+00   1.1280552641757237e-01   3.2244177735024387e-01
   3.4423200000000000e-03  -2.9617915886000523e-01  -1.4215404579162763e+00   6.1692706936067943e-01   8.0863574400898655e-02   2.7370246492374423e-01
   3.2873899999999998e-03   3.1735078863389649e-01   1.6063197924512200e+00  -4.1262103678616241e-01   8.8170675737247531e-02   2.8578378282258016e-01
   3.9820100000000002e-03   1.2092255696291467e+00   2.0275888188458810e-02   8.7061667260261044e-01   8.0680377514565749e-02   2.7355594420969043e-01
   5.3345399999999996e-03   4.3336454437561428e-01   2.4868656975307266e-01   4.2064743965714280e-01   5.3500272205739580e-02   2.2311735708526328e-01
   2.2257900000000001e-03  -1.6569576796239562e+00   1.3972247317223609e+00   1.0194485117302375e-01   1.2890025314104309e-01   3.4424633881465633e-01
   2.3246800000000000e-03  -2.9997329415090423e-01   5.2025721873931408e-01  -2.0118288115668550e+00   1.2010488163001880e-01   3.3230240523502447e-01
   4.7029200000000002e-03  -1.8100543904120886e-01   7.9994191077858656e-01   7.1000956389586833e-01   6.2986664102613860e-02   2.4205282678703066e-01
   3.7581699999999999e-03  -7.1775046046425672e-01   1.0505449076582278e+00   8.6058690740340715e-01   8.1302648775808783e-02   2.7470705361548342e-01
   3.5813600000000000e-03   1.3310055403740919e+00  -5.3179001184756625e-01  -8.5101600428373891e-01   9.0235610172937131e-02   2.8949577474339583e-01
   1.0748400000000001e-03   9.7368203544819976e-01  -1.5890268744591034e+00   2.2051171496585131e+00   3.0823143199725417e-01   5.1311261658399610e-01
   2.2642900000000000e-03  -8.8230238805668004e-01  -2.9446548043941612e-01   1.9308195139938515e+00   1.2520088208168739e-01   3.3934850134988320e-01
   4.7236500000000002e-03  -8.9696512492162950e-01  -3.6750163789205770e-01   3.0805638453814893e-01   6.0463030514552860e-02   2.3712731796341646e-01
   2.3096499999999999e-03  -9.7974058526333729e-01   9.9201682398222274e-02  -1.9082742281144789e+00   1.2877747531487990e-01   3.4365185033382706e-01
   1.2664300000000000e-03   1.6172393317122740e+00   6.4012584651007975e-01   2.1595617206933451e+00   2.6358662567852131e-01   4.7859693830564415e-01
   3.7916800000000000e-03   8.4709903128086766e-02   6.3516580598798378e-01   1.1890211769285528e+00   6.8927536706537687e-02   2.5286647949946761e-01
   3.1662800000000000e-03  -1.4384974148639063e+00   8.0048648970942815e-01  -8.3063969431154350e-02   8.2534156657080096e-02   2.7656556625666529e-01
   2.6216500000000001e-03  -6.1567190286359930e-01  -1.0983639882301945e+00   1.6864896340423814e+00   1.2920034035381872e-01   3.4517335337875887e-01
   2.0422600000000002e-03   8.4564243273017592e-01   2.0554383439578920e+00  -3.5938047031299442e-01   1.3857105745591627e-01   3.5642855706809540e-01
   2.1503400000000002e-03  -1.8629661120978873e+00  -7.7981015323274439e-01  -9.5652336876624777e-01   1.3916922220144001e-01   3.5739107249703983e-01
   3.9780800000000002e-03   3.1991944138969070e-01   7.9380148193883271e-01  -1.1464435512652393e+00   7.5262444224951056e-02   2.6459770598970239e-01
   1.0131599999999999e-03   2.8765027675369370e+00  -3.9652024030768462e-01  -3.7534654576396248e-01   3.1878256704028901e-01   5.2204280652239410e-01
   2.3173299999999998e-03  -1.1676508551324629e+00   1.6635904121563578e+00   7.0161378928031815e-01   1.2757448020016318e-01   3.4266318985429367e-01
   4.0798500000000003e-03  -1.7067484520883669e-01   1.0412955165651337e-01   1.4995497845348744e+00   8.3042841570483972e-02   2.7784494979005653e-01
   5.5797800000000003e-03  -6.1864788714957020e-01  -9.7020379520283181e-02  -1.3132383269980380e-01   5.4464274735496275e-02   2.2526346661078506e-01
   2.1346099999999999e-03  -2.0948529627894192e+00  -2.8573707752403962e-02  -8.3315124719677780e-01   1.4244811103360799e-01   3.6157481911376593e-01
   4.6892799999999997e-03   3.1329851200620995e-01  -6.8970340863871160e-01   7.0409064129673615e-01   6.1183438743267593e-02   2.3843247908988927e-01
   2.1863600000000000e-03   1.2342516584932128e+00  -1.6136911708349178e+00   5.9925436136275123e-01   1.1849371417906286e-01   3.3009465742061078e-01
   1.0223900000000000e-03   3.7106375133670888e-01  -2.4688919880224622e+00   1.4921620001339815e+00   3.0841118364991799e-01   5.1358100796939832e-01
   4.7088199999999998e-03  -1.1043177932241572e+00  -2.4625963228668515e-01  -2.3857431963744452e-01   6.6131003463745522e-02   2.4821008213023829e-01
   2.4205699999999999e-03  -1.4783022914999902e-01  -1.6385879870872875e+00   1.3470873201622413e+00   1.2859610029179844e-01   3.4334106154571459e-01
   5.5581399999999996e-03   3.8818780559781102e-01   6.9719103993191367e-02  -1.4267488856885099e-02   5.0367759078801533e-02   2.1643012865381517e-01
   1.0281100000000000e-03  -2.3940891488629292e+00  -1.6083467061909802e+00   2.1698413469948669e-01   3.0390082010055858e-01   5.0884082041104373e-01
   3.6133300000000001e-03   9.0705115367310657e-02   3.3216537730384721e-01  -1.4842930612373626e+00   7.7709684156549094e-02   2.6858793400553266e-01
   4.2424799999999999e-03   1.2365137575581164e+00   8.8176356215394847e-01   1.2071518268669061e-01   8.6071468998741435e-02   2.8295982936116781e-01
   1.0082299999999999e-03   2.0047977643582637e+00  -1.1488021632509784e+00   1.7612241375777347e+00   3.1164258275832113e-01   5.1457341550011748e-01
   1.2258300000000000e-03  -1.7525377684969723e+00  -1.2743571793539503e+00  -1.8353420242699918e+00   2.9932826351829833e-01   5.0891725749557126e-01
   3.1705200000000000e-03   1.4881366977409167e+00   2.0456717682536027e-01  -8.5194799150571388e-01   8.9909143657472851e-02   2.8851324557152347e-01
   2.3836700000000001e-03  -2.1009013531411336e+00  -2.9618141780806415e-03   6.1414193080601476e-02   1.2258667504289270e-01   3.3573132723291299e-01
   9.4368000000000002e-04  -1.4207965246322969e+00  -4.5982809032314725e-01  -2.5875221709894802e+00   3.5301328659441089e-01   5.4764554444268998e-01
   3.2713999999999998e-03   1.5228872034867171e+00  -6.8824022544995955e-01  -2.0297131562321186e-01   8.7503824353457979e-02   2.8463243358934459e-01
   8.9249999999999996e-04   2.2839957962940125e+00   1.2669425567323442e+00   1.4655687336761181e+00   3.4266228070897298e-01   5.3886501031212142e-01
   3.6537499999999999e-03   7.9140080589827844e-01  -1.1063787704023331e+00   7.2098387736683800e-01   8.0022430426461538e-02   2.7241434183730540e-01
   2.5025799999999999e-03  -9.3875034644778610e-01   8.2768364294862817e-01  -1.6959451271178401e+00   1.2716063562233032e-01   3.4224696753139061e-01
   4.1004600000000002e-03   1.1625966237314993e+00   4.1598889977561665e-01  -3.3734640314213132e-01   6.6934876823921269e-02   2.4956688933059812e-01
   9.2351000000000000e-04   1.9107143264713442e+00   1.1184390311904269e-01  -2.2517625845766394e+00   3.2949985729895448e-01   5.2764048035179145e-01
   8.0880000000000004e-04   2.4602929949294530e+00   1.5258650950908736e+00  -9.1676324651853247e-01   3.4915740454684463e-01   5.4315486252912648e-01
   2.4020500000000002e-03   1.2290043069972936e+00   1.0308512406714598e+00   1.2990252868791305e+00   1.1643762313133434e-01   3.2732085828249680e-01
   3.0562499999999999e-03  -1.0130557540639999e+00  -5.9647581250709802e-01   1.3291747573769173e+00   9.2296294334622650e-02   2.9252180132319494e-01
   3.1949700000000001e-03   1.2776240492799218e+00   8.9436741182643731e-01  -6.8078270401492047e-01   8.8282664668555569e-02   2.8586409220824227e-01
   1.3878899999999999e-03   2.5648402736104243e+00   6.0363475529057442e-01  -3.4459270983097845e-01   2.2698626003296032e-01   4.4518913156662593e-01
   3.4119100000000002e-03  -1.4698083558171398e+00   1.6604334239364388e-01  -6.4775675156147161e-01   8.3597697364189441e-02   2.7815239407493841e-01
   2.9564399999999998e-03   9.2682034627700627e-01  -6.3297093078503586e-01  -1.4496148411906649e+00   9.7334074900099515e-02   3.0022416709908178e-01
   4.2670399999999997e-03  -7.0187862770599541e-01  -4.2169008782571787e-01   8.5686844386146443e-01   6.3730815142372915e-02   2.4351622869235062e-01
   2.1153100000000000e-03   2.0806626977452067e+00  -7.7938043288832126e-01   1.6362237041884459e-01   1.3549702742725872e-01   3.5310796109893988e-01
   7.1991000000000004e-04   7.8659442386687839e-01   1.6071182622986653e+00   2.5177110772288698e+00   3.7069453673021724e-01   5.5696261417264592e-01
   3.8690999999999999e-03  -1.1314737860863655e+00  -8.3366125383275413e-01  -5.3800799475132766e-01   7.9742381808382390e-02   2.7220738813031220e-01
   4.8633699999999997e-03   8.8063369166872130e-02   2.6424025481318231e-01   8.7911533140169351e-01   5.8186341765236807e-02   2.3248150122892677e-01
   3.6942600000000000e-03   9.1271099165506031e-01   1.0847939884221707e+00   6.4746576524044641e-01   8.1544085416252909e-02   2.7530844856372672e-01
   3.9504600000000003e-03  -7.5610029769040599e-01  -2.6196823954086290e-01  -1.2691504778248903e+00   8.1092759529750438e-02   2.7441133946094021e-01
   4.6186400000000002e-03  -3.0402667396102534e-01  -7.9899756482481821e-02   9.3862516205838364e-01   5.8210647310498742e-02   2.3281580495731946e-01
   2.4062200000000001e-03  -1.7300170830455588e-01   1.9583192104265168e+00  -8.7537219914880615e-01   1.3219687698221794e-01   3.4840594243031792e-01
   4.7377699999999997e-03  -4.0765928766585879e-01  -2.9684089959681394e-02  -8.8373931485672153e-01   5.8809096604984568e-02   2.3380583872380103e-01
   1.2411400000000000e-03  -8.2012507235198895e-01   2.6678922428640428e+00  -2.6668858940882717e-01   2.8477530836626203e-01   4.9502845164739068e-01
   2.2954500000000001e-03   1.2765442281105501e+00  -1.1980368028267476e+00   1.2522508705187458e+00   1.2764105460816402e-01   3.4270051164526033e-01
   1.6612899999999999e-03  -2.2951298715113316e-01   1.2822604312113317e+00  -2.0147840303142930e+00   1.5328587119623216e-01   3.7376285723251140e-01
   2.1014200000000001e-03  -9.8140092218862995e-01  -6.2698166621298879e-01  -1.8113387080030565e+00   1.2229307396110638e-01   3.3478518026473753e-01
   3.7226999999999998e-03   6.5282203317811804e-01   1.1688722794670878e+00  -7.9198359581378341e-01   8.1778506308551061e-02   2.7554279342480803e-01
   3.1297800000000000e-03   5.0906946151449195e-01   1.0953777765929631e+00   1.2301620826118644e+00   8.8917764255379353e-02   2.8670663935692603e-01
   3.8305300000000000e-03   6.3682878597944459e-01   1.3672712425441877e+00   1.1953645275338670e-01   8.0749915562705749e-02   2.7359573571771206e-01
   5.5111800000000001e-03  -1.2831024607857738e-01   6.1629062293468762e-01  -1.5234937171910903e-01   5.4359463847789523e-02   2.2497856222843349e-01
   2.0711900000000001e-03   1.9332215534363941e+00  -9.3744239352729986e-01  -6.9034481600978814e-01   1.4014774791296292e-01   3.5872725528264199e-01
   3.0158400000000001e-03   1.4175528844435930e+00  -9.6758273665208128e-01   4.7895925496846581e-01   9.2270404532166700e-02   2.9236834637030779e-01
   4.2206199999999996e-03   8.7240313368744649e-01  -6.0893050385683678e-01   4.6076503966186128e-01   6.2633196130484223e-02   2.4115695164172771e-01
   9.5142000000000002e-04  -2.1594669545907927e+00  -1.7878262900505957e+00  -8.5233618675196743e-01   3.1076137779243290e-01   5.1468118186092526e-01
   3.8974999999999999e-03  -7.5617101610175486e-01   1.6524792596401439e-02   1.3437333883152149e+00   8.3117809090338848e-02   2.7784546271848709e-01
   2.3182099999999998e-03  -1.2670436916024732e+00  -8.0226718275497932e-01  -1.2569255844481506e+00   9.8109290699807783e-02   3.0076343085932289e-01
   2.4205699999999999e-03  -1.5482266340682409e+00  -1.6680905448085873e-01  -1.4791034374659700e+00   1.3337020973915101e-01   3.4958177335190238e-01
   3.6289299999999998e-03   1.4821459202934233e+00  -3.4236402617712097e-01   4.0735351799516001e-01   8.2420330618653226e-02   2.7655140449472132e-01
   2.9195599999999999e-03   1.7452685360800069e+00   4.8739725591318994e-01  -2.7772356927983460e-01   9.6361021680840098e-02   2.9880819890851806e-01
   3.0895200000000001e-03  -7.0713994136441749e-01  -1.3457056337184188e+00  -6.8745605610819716e-01   8.3564450131884599e-02   2.7790542208136365e-01
   1.0226899999999999e-03   6.0058115028664993e-01   2.5196899336212710e+00   1.3491284039914724e+00   3.1976052207246486e-01   5.2232451825287274e-01
   1.0869700000000000e-03  -1.1046729920270153e+00  -1.9042240474362560e+00   1.8717126324934423e+00   3.1837076906145706e-01   5.2000582785952765e-01
   1.4273400000000000e-03  -2.0368908726062678e+00   1.4093315703141296e+00   9.0744896478334869e-01   2.2209317629442846e-01   4.4085477103150505e-01
   2.2629899999999999e-03  -1.2567329937879075e+00  -1.2443474844705100e+00   1.1876296549758594e+00   1.2278386200215102e-01   3.3593980810051455e-01
   3.4532600000000001e-03   1.1388480814322601e+00  -5.9231968483154618e-01   9.8699972303491823e-01   8.3546929490676311e-02   2.7844127221410853e-01
   5.1264400000000003e-03  -6.6230736834172765e-01  -4.1891971202462819e-01  -5.7748467533969206e-01   6.1422566713336672e-02   2.3915113108324929e-01
   1.2531800000000000e-03   8.3084640960218004e-01   1.6696989578289227e+00  -2.0326718574359730e+00   2.6189732446853564e-01   4.7520076877684470e-01
   2.0036199999999998e-03   7.0776853836340448e-01  -2.0489401153158222e+00   6.6664162159202034e-01   1.4112271097093271e-01   3.5940525936309303e-01
   1.0089299999999999e-03  -2.3994082132286834e+00  -2.1044555758255584e-01   1.6434530900280218e+00   3.1083418136758217e-01   5.1539973943460882e-01
   5.1336100000000003e-03   1.2134906101369776e-01  -1.7649322577135887e-01  -8.5517348988755715e-01   5.8832325902359386e-02   2.3383802863889380e-01
   4.5543299999999997e-03  -2.8436345266111918e-01   1.1902462215542668e+00  -1.7042577293228595e-01   6.9768860165742477e-02   2.5455453029455866e-01
   9.7944999999999998e-04  -2.5233512204766879e+00   9.9936529343151426e-01  -1.1923571223313796e+00   3.3734625252751693e-01   5.3602345653207528e-01
   2.3307800000000002e-03  -1.5148608433026400e+00  -5.0862725305536760e-02   1.5014179801191245e+00   1.2562541063706401e-01   3.4002484138784300e-01
   5.9299899999999996e-03   1.0672027761585369e-01   2.2711262801403395e-01  -4.4908859163003506e-01   5.4030413088552116e-02   2.2437702487742026e-01
   8.3783000000000002e-04   2.6035381920781364e+00  -1.5111287409526744e+00  -2.5418267147413776e-01   3.4540102919851340e-01   5.4074883658721151e-01
   2.2279399999999999e-03   7.0390253528216795e-01  -1.2682754790164188e+00  -1.6292597220155460e+00   1.3046123099454940e-01   3.4637479075455430e-01
   2.3456599999999998e-03  -1.2317846852879142e+00   1.1290811622039187e+00   1.3100919111404665e+00   1.2350125001677544e-01   3.3717886040411160e-01
   1.0228500000000001e-03   5.5703238928007284e-02   2.2463661436888329e+00  -1.8645160933390581e+00   3.1214129835731441e-01   5.1713407303971914e-01
   3.0030800000000000e-03   1.0349979051092526e+00   1.3920934558798483e+00  -3.4796755619144493e-01   9.1972365357449196e-02   2.9149614791364886e-01
   3.5530499999999999e-03   7.7202464466594301e-01   5.9523262120540787e-01   1.0963053841969899e+00   7.3866010002367852e-02   2.6153564143619601e-01
   4.2189500000000000e-03   2.5167196005441955e-01  -7.6056977357514166e-01  -1.2508234821032191e+00   8.2924681740006931e-02   2.7757733125452888e-01
   1.3033599999999999e-03   2.0972938787945337e+00  -1.5205937537994143e+00   7.5387202784599916e-01   2.3876489971140311e-01   4.5456975978720288e-01
   2.6498099999999998e-03   5.9431111899344213e-01  -1.5240858656345275e+00   1.3003222110097357e+00   1.2892408031930758e-01   3.4438612529312435e-01
   2.0978199999999998e-03   9.2234892738862284e-01  -1.7687731940709310e+00  -9.9164920588102090e-01   1.3322562994958592e-01   3.5030018258032486e-01
   2.1520699999999999e-03   2.0557662430293022e-01  -2.1527807770725138e+00  -6.2258769499895195e-01   1.4148895244196810e-01   3.6075332223321666e-01
   3.7315099999999999e-03  -5.1374948657048780e-01   2.9117609574576314e-01  -1.3895608009242377e+00   7.8387051039502983e-02   2.6979291934101890e-01
   5.5020700000000004e-03   4.0130953182898894e-02   4.8389782477917204e-01   3.2452193223018527e-01   5.3126550040590081e-02   2.2228852340606137e-01
   5.1022699999999999e-03   5.6307160183930427e-01  -5.2515870630911365e-01  -9.3812607136371809e-02   5.4905108551802785e-02   2.2607252207994932e-01
   2.3439799999999998e-03   9.3274259656682157e-01  -7.8806123748585244e-01   1.7771821233875198e+00   1.3073939920228561e-01   3.4670279461438763e-01
   1.4154599999999999e-03  -1.5643814672204008e+00   1.5015322166386662e+00  -1.4854636839358633e+00   2.1959583871542523e-01   4.3836389730998421e-01
   3.6852999999999999e-03  -1.2607431070384638e+00  -8.0185272961953591e-01   1.0192693220646035e-01   7.6782079973804665e-02   2.6712530856384409e-01
   4.8521299999999996e-03   1.8274893304200376e-01  -2.7777056689104873e-01   1.1133077042458892e+00   6.8038936762425548e-02   2.5155274911983283e-01
   2.1950899999999998e-03  -1.0073604170205344e+00   1.7541260730578074e+00  -7.9064497171633918e-01   1.2746888514287896e-01   3.4252494466694267e-01
   2.2632700000000000e-03  -1.6449857766790437e+00   1.2451156465873556e+00  -6.6827517779350520e-01   1.2907437374557132e-01   3.4441172022662203e-01
   2.3091299999999999e-03  -1.9918644867459017e+00  -3.2378267035669574e-02   7.6935214903270688e-01   1.2393317290497137e-01   3.3800312913737623e-01
   2.8541399999999998e-03   2.8333425518810795e-01  -1.4821618753356711e+00  -1.0761955961794605e+00   9.7709186863169428e-02   3.0069682457582991e-01
   9.5335999999999999e-04   2.4054372644427855e+00  -9.7916592805816349e-01  -1.5039582699338119e+00   3.5740229182730787e-01   5.5325485001448282e-01
   2.2514100000000001e-03   1.6351439975146300e+00   1.2525046545474869e+00   7.0147916375721475e-01   1.3191032345101522e-01   3.4789031287822486e-01
   4.2832900000000004e-03   9.6729319833790728e-01  -2.8108203901167365e-02  -6.6380366317642148e-01   6.3105021699631336e-02   2.4232971365706008e-01
   1.0242400000000000e-03  -2.8745871360714141e+00   2.6877205009261640e-01  -3.4953945074330151e-01   3.0931903083590884e-01   5.1530073825552181e-01
   2.3241300000000002e-03  -1.7440536922477188e+00   5.5753594520025929e-01   1.0883480769755318e+00   1.2493999266360857e-01   3.3894563822567825e-01
   1.2908799999999999e-03   1.7912375156036962e+00  -1.8785643816177651e+00  -7.8812426500856247e-01   2.3888395545055907e-01   4.5629848619671759e-01
   3.6843800000000001e-03   5.5203720565622638e-01  -8.0893396610447865e-01   1.2128888377128753e+00   8.2011671258983621e-02   2.7591985445429679e-01
   3.1017499999999999e-03  -3.8178855002495127e-01  -1.6756408224075652e+00   6.3227638568409752e-02   8.8265430176621154e-02   2.8587815948045642e-01
   5.2687200000000002e-03   3.2388826429338158e-01   5.4664197445389540e-01  -8.0420496778716918e-02   5.2487901066784311e-02   2.2105135111121824e-01
   3.6261700000000002e-03  -1.4983600449599461e+00   2.0509157215993432e-01  -6.9270029297554492e-02   7.7521745700834949e-02   2.6810256263260290e-01
   1.0180800000000000e-03   2.4280543860649578e-01   2.7815574791209183e+00  -8.2949565496354971e-01   3.1684595809576405e-01   5.2044016065588583e-01
   4.8402499999999999e-03   6.2812694601849572e-01   3.3163070915982401e-01  -4.4829693048574903e-01   5.4401794816837039e-02   2.2520775767652812e-01
   2.0475400000000000e-03   1.3960925052284852e+00   1.5329642510308643e+00  -9.7232732725028970e-01   1.4640008929029855e-01   3.6667441176546889e-01
   5.1378600000000002e-03   4.7389748218117939e-01  -1.4515205690212468e-01  -4.8665457682331897e-01   5.2876653250010994e-02   2.2187955300320727e-01
   1.0481900000000001e-03   4.9964215783041088e-01  -2.8887906380491062e+00   2.6972534526431668e-01   3.3998767933838958e-01   5.3884395927436901e-01
   1.0304800000000001e-03   6.3351005282676369e-03   2.8103224050447753e+00   4.5568313652552250e-01   2.7911825644873817e-01   4.8747533628125761e-01
   9.9944000000000009e-04  -2.0787307123269199e+00   8.9770888330142939e-01   1.8364299850609997e+00   3.0850397417498726e-01   5.1375435497770394e-01
   4.1244100000000002e-03  -4.4468534044627994e-01   4.2192616479743145e-01   9.9981931079197606e-01   6.1891595151246780e-02   2.3983370013538649e-01
   4.4957499999999997e-03  -6.3706558132587576e-01   5.7662696420510018e-01  -8.7753270896557056e-01   6.8324479144243389e-02   2.5206433148366297e-01
   2.3741100000000000e-03   1.5079565303812463e+00  -2.7505384892978502e-01   1.5133663137982234e+00   1.3141070401622321e-01   3.4758732229793260e-01
   2.1353100000000001e-03   8.7514343691205998e-01  -1.0721822405717797e-02   2.0136446444631928e+00   1.2841724474777921e-01   3.4408452563046527e-01
   3.9606099999999998e-03  -2.9380717016247976e-01   8.7640740034652287e-01  -1.2950224178967142e+00   8.8565524985238842e-02   2.8680598913721517e-01
   9.1279000000000002e-04   1.5235419463192803e+00  -4.3113676020791836e-01   2.5092156688418004e+00   3.2704343571434097e-01   5.2683630438344853e-01
   9.9774000000000000e-04  -2.2306293279173954e+00  -1.3660923787491934e+00   1.2928077087121881e+00   3.1610476568024831e-01   5.1768959986847529e-01
   1.4633700000000001e-03   1.0837649267617748e+00   7.1522084574311706e-01  -2.2343558076927046e+00   2.0370161706211445e-01   4.2341212490592028e-01
   2.2128100000000000e-03   1.4100713907646640e+00  -1.1302403800358487e+00  -1.2408803027743804e+00   1.3201031527247176e-01   3.4843264122561751e-01
   4.5675899999999998e-03  -9.5465720764731210e-01   3.2180832437058349e-01  -2.6773543363061925e-01   6.0074733700079957e-02   2.3638914353845003e-01
   4.7863699999999999e-03   8.9695306081761672e-01  -3.8699791352099715e-02   4.1069832197441974e-01   5.9564380410225319e-02   2.3543741634716772e-01
   2.0397000000000002e-03   5.5777447624237059e-02   2.2120668694410668e+00  -1.7843100227721156e-01   1.3044484222114899e-01   3.4621914221835010e-01
   4.5469200000000003e-03   5.9013935909830872e-01   8.3300445926724309e-01   2.4238520262204333e-01   6.0489739437422599e-02   2.3714608395671011e-01
   3.5333000000000001e-03  -9.5755346728242885e-01  -1.3314327061577227e+00  -1.3928590371910995e-01   8.7778394311370300e-02   2.8527053379953859e-01
   3.5686799999999999e-03  -1.0689372497046186e+00   4.7552114176841942e-01   1.0458008124618228e+00   8.0612972214051240e-02   2.7366257784053200e-01
   4.9504800000000002e-03   4.5997944794131118e-01   1.9085936206352733e-01  -9.7677176864219528e-01   6.5333556118020469e-02   2.4672476510208577e-01
   3.6997499999999999e-03  -1.2629199991709701e+00  -1.3397986614879595e-01   8.8301036529723032e-01   8.1006943268423934e-02   2.7420493365979320e-01
   2.2704399999999999e-03  -2.4171299068684521e-01  -4.2934148922902304e-01   2.0602662620768131e+00   1.2064815353565628e-01   3.3332647128806048e-01
   3.7299000000000000e-03   4.2697742094857882e-01   2.5883573234291518e-01   1.4665565082904919e+00   8.1867252579886002e-02   2.7556998453816822e-01
   8.4298000000000001e-04   1.4439343096085699e+00  -1.9313648945239843e+00  -1.8279357710713016e+00   3.5209794928081761e-01   5.4635841053019540e-01
   3.7160900000000000e-03   4.1660145696249434e-01  -1.8790226328934898e-01  -1.4877346647206047e+00   8.2367872161627276e-02   2.7641439128613293e-01
   2.1810900000000001e-03  -1.1659973581867027e+00   5.4139911710000244e-01   1.7419071764620637e+00   1.2672055850172612e-01   3.4125426503903927e-01
   9.5706000000000003e-04   2.7411323800082501e+00  -6.5399041335749508e-01   7.8563336054277744e-01   3.1202354811985583e-01   5.1501113279073030e-01
   5.8738799999999997e-03  -4.1606165155754116e-01  -1.8578318826151669e-01   3.7424382042725091e-01   5.4969188107491559e-02   2.2640233843819171e-01
   3.5793100000000000e-03  -7.3337820366754614e-01  -7.9473647557589722e-01  -1.0053263672896815e+00   7.4130462613316392e-02   2.6219608829082514e-01
   4.5354000000000002e-03  -7.3654752558053829e-02  -9.7721230502379153e-01   4.5097732952250541e-01   6.1493830592923217e-02   2.3910352522203854e-01
   2.2613700000000000e-03   1.7020108477886602e+00  -3.0001913422727183e-01  -1.4097681834093525e+00   1.4028723680229904e-01   3.5948634501102589e-01
   2.5933400000000000e-03   3.3835238580324423e-01  -6.2809011071965992e-01  -2.0142788921061725e+00   1.3497373386423892e-01   3.5242181794467586e-01
   2.4819600000000001e-03  -1.4991187066358393e+00  -1.3718962107695700e+00   4.9488513348066654e-01   1.2221607981215427e-01   3.3576272167288068e-01
   8.7874999999999997e-04   8.8348343900128601e-01  -1.8736143321290258e-01  -2.8617044861074423e+00   3.3941740438867013e-01   5.3649292120167746e-01
   3.6262299999999998e-03  -1.4602043694230565e-01  -1.5140082883859445e+00  -4.7196569529159615e-01   8.4851374071573865e-02   2.8032121532061816e-01
   2.6136200000000001e-03   1.9761020362692072e-01   1.4023204369914846e+00  -1.3754995108089194e+00   1.0881317093702569e-01   3.1670583590425283e-01
   1.3305000000000001e-03   1.3818291413449550e+00  -8.8580682754928641e-01  -2.1567527849532020e+00   2.4372380843465569e-01   4.6121710012052397e-01
   3.8920600000000001e-03   7.3682870180190141e-01  -1.0058001800921192e+00  -9.1049591180780243e-01   8.2888851309716738e-02   2.7761488183828475e-01
   4.1933200000000004e-03   5.7611111923205238e-01  -1.0097464269554102e+00  -2.9858178859488405e-01   6.3792537328482918e-02   2.4354607648581936e-01
   1.7152700000000001e-03  -1.4689185423425157e+00  -1.8594059556470244e+00  -1.6566319311649441e-01   1.5081162489866370e-01   3.7068268632994344e-01
   1.0288599999999999e-03   1.8468725654555556e+00   1.2888037250879532e+00  -1.8435952840693002e+00   3.1506016994271679e-01   5.1775789741296796e-01
   4.7127100000000002e-03   3.5935209042274202e-01  -6.1202975136024862e-01  -6.1429102560948035e-01   5.7841589887274329e-02   2.3182382250628586e-01
   3.3959400000000001e-03   7.6856811257052737e-01  -1.4382130571341809e+00   1.6155964798667241e-01   8.4979633435710536e-02   2.8064932370637136e-01
   2.5528600000000001e-03   2.0617419916982151e+00  -6.1949352764885827e-02   7.3894998414959862e-02   1.2169828772163516e-01   3.3441054539050208e-01
   3.1150100000000001e-03  -3.1905695394581846e-01  -7.1944855968010424e-01  -1.5518279307054279e+00   8.9815791791202235e-02   2.8845879523630102e-01
   2.4088600000000001e-03   1.7447086484412009e+00   1.2145631725376527e+00  -2.0264818604480403e-01   1.2837833557746195e-01   3.4381123872378022e-01
   4.7764799999999996e-03  -6.3474974771032366e-01   7.8207551157498700e-01  -3.1605308602610677e-01   6.1979278257979019e-02   2.4014323585714414e-01
   4.0533599999999998e-03   9.2691212508661247e-03  -1.0024383882709980e+00   1.1072321399293137e+00   8.2466079016727853e-02   2.7647361660383052e-01
   3.8552500000000002e-03   1.4394791736580748e+00  -1.1976048649971074e-01  -2.8812771659720565e-01   7.7215747542108429e-02   2.6780163448486938e-01
   2.2005599999999998e-03  -9.0555594748822121e-01  -1.9267197779650376e+00   3.7396274930890516e-01   1.2631201276946011e-01   3.4092029936863744e-01
   2.2208300000000000e-03  -7.2569550014144801e-01  -2.0040198460713050e+00  -4.7846582323490572e-01   1.3044711335186945e-01   3.4645902115116300e-01
   1.0399200000000000e-03  -2.5598670507958463e+00   1.3586191282618192e+00  -5.8343393703440313e-02   3.0621873255932780e-01   5.1212664148497744e-01
   9.9486999999999991e-04  -6.1320703862352333e-01  -2.6741165907819577e+00   1.0583665455061395e+00   3.2926574963235239e-01   5.2935980650878312e-01
   3.6530500000000001e-03  -5.4672838988585204e-01   1.1969649047498008e+00  -7.5134740773339270e-01   7.8351848390355958e-02   2.6950325170483136e-01
   8.9269000000000002e-04   1.0420954472022654e+00   2.7765674638102880e+00   1.5748012622975341e-01   3.3048254687327394e-01   5.2919836722798497e-01
   9.7420999999999998e-04  -1.4680196753183803e+00   1.9219349254021381e+00   1.6493445120395345e+00   3.1142605817106700e-01   5.1629147850180279e-01
   5.5556199999999998e-03   8.2579831708429006e-03  -4.9117152365264666e-01   2.7128266697064163e-01   5.3004031658341916e-02   2.2206890200536825e-01
   4.7244499999999998e-03   8.4109116993919375e-02   1.0022769641893443e+00   2.4446498408674538e-01   6.0559648651869996e-02   2.3753341413802309e-01
   3.7750300000000000e-03   3.0206088398733921e-01  -1.4089596279807806e+00   6.6515101351617734e-01   8.6181206080181302e-02   2.8261817161151653e-01
   3.3013100000000000e-03  -1.3239140079245031e+00   9.6936216208869708e-01   5.9282483258148833e-01   9.3148287580487890e-02   2.9393051519322688e-01
   2.3362700000000001e-03   5.6599957897627617e-01   2.0241042423568603e+00   4.0716598305171325e-01   1.2739658082163069e-01   3.4227152983852366e-01
   3.4696499999999999e-03  -1.0857850042217072e+00   2.9271906178199569e-01  -1.1897713780635626e+00   8.6032726401651605e-02   2.8237437873189047e-01
   2.1927000000000001e-03  -3.4391235891563600e-02  -1.3240389807252178e+00  -1.7283404086015757e+00   1.2799213885054372e-01   3.4332476397339778e-01
   3.9448000000000000e-03  -5.8712943273797336e-01  -9.9704560516699459e-01   9.7226039993048519e-01   8.1405588011891350e-02   2.7497634334013532e-01
   4.3209900000000002e-03  -2.2592135856099230e-01  -5.8393480062597469e-01  -9.5926379721076471e-01   6.2961757714725786e-02   2.4192897849519540e-01
   3.2852400000000000e-03  -5.6045948769902709e-01   7.1160070184908075e-01   1.3908051899218956e+00   8.5686026268929696e-02   2.8186393432174062e-01
   1.0962599999999999e-03   2.7602500715948626e+00   3.9374910903880667e-01   6.6150210689712108e-01   2.9757516851679744e-01   5.0421676016024397e-01
   2.3072800000000001e-03  -1.3103658174549293e+00  -1.4354974693966096e+00  -8.8228466693862451e-01   1.2516909105601018e-01   3.3953374561437644e-01
   1.5438299999999999e-03  -2.3240623471693671e+00  -6.9448707421300893e-01  -2.3031069369293572e-01   1.5445457884354419e-01   3.7548709993927903e-01
   3.3939100000000000e-03  -1.2828186470508463e-01   1.2089058161191646e+00   1.1378470468954041e+00   8.6878843057922761e-02   2.8384676651946361e-01
   5.0050399999999997e-03  -7.2024769141576697e-02   3.6031415588084637e-01  -9.4008479332675376e-01   6.2105177937677822e-02   2.4048111630795491e-01
   2.2933799999999998e-03  -5.4229742039058670e-01   3.9266248234786610e-01   2.0336182332153059e+00   1.2600672245857333e-01   3.4030937058315897e-01
   2.2457400000000000e-03  -1.7278727857974006e+00  -6.5146637200701796e-01   1.0729680790364871e+00   1.2308748192529644e-01   3.3647249865854939e-01
   5.5565600000000003e-03  -5.1130370696765426e-01   3.4900555128236982e-01   8.4037727992004943e-02   5.3937479937423795e-02   2.2414177545527450e-01
   2.7465599999999999e-03  -2.9673117442015218e-01  -1.9271634712203675e-01  -1.9289759373056805e+00   1.0953834444800610e-01   3.1810189080353202e-01
   3.1624999999999999e-03  -4.5522616618721212e-01   1.7038580018501930e+00  -2.8794681768111197e-01   9.7351674982044181e-02   2.9995034729583658e-01
   3.6694200000000001e-03  -1.2380686418900486e+00  -3.2277633148415896e-01  -8.5375862272465852e-01   8.0312643423675223e-02   2.7280937061864907e-01
   2.1955899999999999e-03   6.1488520616928377e-01   1.8354034263378058e+00  -1.0564785261445064e+00   1.3603578844578135e-01   3.5343491558927820e-01
   4.5355400000000002e-03  -7.8801953822099668e-01   7.7355740485789581e-02   6.9707542444527026e-01   6.0195724798437690e-02   2.3663453097147638e-01
   5.1706699999999996e-03  -3.1413783313098531e-01   2.7043504103271965e-01   5.1739974653305043e-01   5.2650022952086213e-02   2.2136690365455539e-01
   2.4044399999999999e-03   8.4538186167461504e-01   1.6708331194418169e+00   9.7471828233275237e-01   1.2443316373692737e-01   3.3850422899975890e-01
   3.7736599999999999e-03  -1.4534716247820010e+00  -2.5929257403258649e-01   3.3286712622763609e-01   7.9358501247299068e-02   2.7143457003592303e-01
   1.0582300000000001e-03  -7.3840650378401540e-02  -1.7816601638814502e+00   2.2482079960889592e+00   2.9904920056487438e-01   5.0458638589813687e-01
   9.4914000000000001e-04   4.4340253144694930e-01  -1.3755110584800136e+00  -2.6105085006069646e+00   3.4752383821157939e-01   5.4368888100702395e-01
   4.1843699999999998e-03   8.8996518939455449e-01   5.6203072650153374e-01  -9.0986090162062172e-01   7.5233331293951253e-02   2.6442856599065623e-01
   9.6287000000000000e-04  -1.9140096810460083e+00   2.1340134573147753e+00  -6.9802554382357118e-01   3.2724276920842565e-01   5.2777340814222728e-01
   3.2724099999999999e-03  -2.5252142535112293e-01  -1.1589745066807062e+00  -1.0571795578471310e+00   7.8051083205288085e-02   2.6926431292661557e-01
   2.6708200000000000e-03   2.7330399764331614e-01  -1.9210125395634243e+00   7.1284167379259966e-02   1.0561918903995696e-01   3.1222900891553274e-01
   2.3382500000000001e-03   1.5960456489050865e+00  -1.4336766696129053e+00  -3.5584960535714798e-02   1.2742924470172359e-01   3.4256901588222993e-01
   9.1387000000000000e-04  -7.3134982196581766e-01  -1.8909130434545207e+00  -2.2034083425408371e+00   3.5963020102623405e-01   5.5030345973140715e-01
   2.1585400000000000e-03   1.0040892310360929e+00  -1.9953568879332839e+00  -1.8282842221344245e-01   1.4012258371509301e-01   3.5913502084065790e-01
   5.2199200000000003e-03  -2.2538724000223817e-01  -1.1053903580815956e-01  -4.2062313481951158e-01   4.9964543987784833e-02   2.1538468869876040e-01
   7.9796999999999995e-04  -1.3072719152443311e+00  -2.7754837844982445e+00  -8.8847138226493913e-02   3.7734903785488449e-01   5.6477973626129985e-01
   2.2246200000000001e-03   1.7667169792540291e-01   2.0325700621960033e-01   2.1296259262758848e+00   1.2330146664763518e-01   3.3696699086323356e-01
   9.8086000000000007e-04  -2.7652573931795739e+00   5.8949556913744505e-01   8.2673959482625103e-01   3.2273367654658158e-01   5.2473701123387295e-01
   3.8270000000000001e-03   3.1171674623478168e-01   1.3193844609285588e+00   6.6898394610050305e-01   7.9837026917412623e-02   2.7229042220323951e-01
   3.6805700000000002e-03  -1.1556034117644822e+00  -7.4264557021400068e-01   6.8942761125625640e-01   7.9647701075062416e-02   2.7194584760435847e-01
   2.5390199999999999e-03   1.7191685752880700e-01  -1.0590376098381049e+00   1.7879828623443570e+00   1.2403078631797401e-01   3.3794285524263379e-01
   1.1334299999999999e-03   2.4985135470501723e+00   2.6800622962936194e-01  -1.3264532995046627e+00   2.9621876459556579e-01   5.0297752853487454e-01
   3.3420500000000001e-03   1.0314433848187272e+00  -1.6267867424625600e-02  -1.2190921536812633e+00   7.9807309391858330e-02   2.7223638446411075e-01
   3.6904500000000001e-03  -8.4233756385838943e-01  -1.2134330938653839e+00   4.3572417936844826e-01   8.0454377324029117e-02   2.7326033135002431e-01
   3.2166000000000000e-03   5.3290961070607867e-01  -1.5261905931940554e+00  -4.5617653038184774e-01   8.5036653172582008e-02   2.8097931713493557e-01
   4.4450000000000002e-03   5.8658651896921254e-01   1.4775397142432189e-01   9.0052316411475286e-01   6.1589035611821635e-02   2.3902402734310454e-01
   4.1182600000000003e-03  -3.2038920869156123e-01  -5.3200103954992484e-01   1.3863373966318602e+00   8.3940366991515358e-02   2.7930644278864419e-01
   3.7639900000000000e-03  -3.2752695971012741e-01   1.3726881303755563e+00   5.2866074259187856e-01   7.9111330466025295e-02   2.7080439690846581e-01
   2.2517399999999999e-03  -6.0723514707647130e-01   1.6974934600221074e+00   1.1501403077501975e+00   1.2397116794639503e-01   3.3769430823253632e-01
   1.0548100000000000e-03  -1.6419018451227403e+00  -2.1724036247947089e+00   8.7734189023711362e-01   2.8308058138241465e-01   4.9346163130283877e-01
   9.2438000000000004e-04   7.4495286954415019e-01   3.9610538627821540e-01   2.8158065706828999e+00   3.1413483234794848e-01   5.1606472926584535e-01
   4.5566799999999996e-03  -7.8114312873502678e-01  -7.1262145822730216e-01  -1.0360686285060902e-01   6.0961887874727609e-02   2.3805266114198165e-01
   1.9311800000000000e-03   1.8361237584310566e+00   5.3243737457337481e-01   1.2235877260338515e+00   1.3642053444983948e-01   3.5388139375260108e-01
   2.0905199999999998e-03  -1.1313606271028924e+00   1.8738423504460713e+00  -6.8726072358817544e-02   1.2789706802608120e-01   3.4252917159691465e-01
   1.2361200000000001e-03  -7.8949724274891081e-02   1.0710773593247636e+00   2.4982230536421159e+00   2.3818810946702706e-01   4.5555500023302958e-01
   4.5277399999999997e-03  -4.3597620834532858e-01  -9.2152935198384611e-01  -4.8183573925389289e-01   6.3907382169082164e-02   2.4365141687869524e-01
   1.0502100000000000e-03   1.6831801677880260e+00   2.1783794675488504e+00   8.4104150067769168e-01   2.9770969569567579e-01   5.0427386366476934e-01
   1.4091900000000001e-03   4.0147447018670535e-01  -6.9088028068531038e-01   2.5938161529587336e+00   2.6312665871764984e-01   4.7606049516459253e-01
   4.2628500000000003e-03   1.1702255042351807e-01  -1.0465642622051541e+00  -6.5060267234983293e-01   6.6942658395477611e-02   2.4939388966483272e-01
   8.6280000000000005e-04  -2.7967211777344980e-01  -2.8474266949557139e+00  -9.3642181144915504e-01   3.5032080589125070e-01   5.4531901788195913e-01
   1.4221600000000000e-03  -1.5552885377204204e+00  -9.1022886461530161e-01   1.9536595048407046e+00   2.3237982439513652e-01   4.4933408938524266e-01
   3.2932500000000002e-03   1.1824580548978449e+00  -1.2201296149355680e+00  -5.3342672329692575e-01   9.7998013878400680e-02   3.0130665334856310e-01
   4.7522900000000002e-03  -9.6503518267563260e-01   1.2495712681015769e-01   2.2379386208630864e-01   5.9975516205081861e-02   2.3608125535103444e-01
   1.0168700000000000e-03  -4.2923439531176288e-01   7.9566364322494157e-02   2.8703742333649842e+00   3.1224332294141294e-01   5.1499890171318263e-01
   2.3686400000000000e-03   7.2860698129198198e-01   8.2443572100855611e-01   1.8888744811442812e+00   1.3578684016857753e-01   3.5370300916081499e-01
   1.0585400000000000e-03  -2.7575924468001687e+00  -5.5381290314345355e-01   5.9228621858611830e-01   3.0190607578351275e-01   5.0719190720732443e-01
   2.4132200000000002e-03  -1.8936533808429037e+00  -7.6669902463626927e-01   3.9416189788730410e-01   1.1887987166859118e-01   3.3091877782293905e-01
   4.7401099999999996e-03   4.4763139421254516e-01  -8.9897767115552285e-01   2.5599759152523799e-01   6.0853378346525232e-02   2.3804952609939167e-01
   2.3949399999999999e-03  -1.6724800512921825e+00   6.0752138663734501e-01  -1.2077827782621782e+00   1.3065301216303943e-01   3.4692032026998271e-01
   9.3176000000000001e-04  -1.1336433726834931e+00   1.1521352672255527e+00   2.4860498393812485e+00   3.2785266023477144e-01   5.2826628162062284e-01
   6.6423999999999997e-03  -9.5168644052169321e-02   7.0993258756721314e-02   5.3195755869002513e-02   5.3786194661975907e-02   2.2378110564578013e-01
   2.3081099999999999e-03  -1.9966472218879614e+00   6.3284066155034235e-01  -4.3938757091835307e-01   1.2525492584987291e-01   3.3972119678727858e-01
   5.4528900000000002e-03  -4.1167387112154025e-01   3.1445569069261459e-01  -4.4282624801830456e-01   5.4646629364336466e-02   2.2558279257313094e-01
   4.8763100000000000e-03  -4.2929172612844868e-01   8.4194720792616118e-01   2.4515614404169028e-01   5.9639401968587941e-02   2.3562625780006846e-01
   1.1667299999999999e-03  -2.2084892116417096e-01  -1.9956381198139381e-01  -2.7884494696253945e+00   2.8179978104605269e-01   4.9098688083816694e-01
   2.4378799999999999e-03   4.5140632017156707e-02   1.9212165880454470e+00   9.1638589621599165e-01   1.2901650639648674e-01   3.4432930841419657e-01
   5.4917300000000002e-03   1.3668665456983772e-01  -2.9846690130309328e-01  -1.6770432670910113e-01   4.9384193339839025e-02   2.1432889102191813e-01
   1.5776900000000001e-03  -3.1171254343666704e-01  -2.4557632191219274e+00   4.9772647707245390e-02   1.7159656853870359e-01   3.9362774148471680e-01
   3.7553999999999999e-03  -1.3872273593687643e+00   3.6169033704688797e-01   5.1014779301321855e-01   7.9736655984382176e-02   2.7211466107516458e-01
   4.7803000000000003e-03   3.3173822029250893e-01   6.7815086697310289e-01  -6.2908444913862704e-01   5.9565900637700023e-02   2.3535295568149725e-01
   2.1866799999999999e-03   1.0362176507048564e+00  -1.0444808693219480e-01  -1.9073482910937973e+00   1.2572452770586845e-01   3.4049583370636971e-01
   1.1113000000000000e-03  -1.2263371016364830e+00  -2.2279377236871456e+00  -1.2483648373036564e+00   2.8391309365275563e-01   4.9389426265034692e-01
   1.2011599999999999e-03   1.7772852750582058e+00   2.0795030426292427e+00  -2.5599243201494465e-01   2.4402209555773313e-01   4.6045012400187652e-01
   3.1655899999999998e-03   3.0320042066098357e-01  -3.9070445963654821e-01   1.6822445825623751e+00   9.2426818026088764e-02   2.9244800712980035e-01
   1.4368000000000000e-03  -4.8736956935725562e-01  -9.4638546373689825e-01  -2.3464277026219245e+00   1.9854451412606905e-01   4.1894558755895611e-01
   4.1568000000000004e-03   8.8773189059028057e-01   4.9094073090042195e-01   5.5640346329846102e-01   6.1548587638593173e-02   2.3917316738418293e-01
   9.1828000000000005e-04   1.7117640966409584e+00  -2.4356111160095550e+00   2.2108974995491171e-01   3.3866382757597091e-01   5.3694621141274834e-01
   2.0601100000000000e-03   2.8585570463973686e-01   1.5679696096153477e+00   1.6503813287021398e+00   1.4764019220961050e-01   3.6839710289590288e-01
   2.2385199999999999e-03  -7.2659724105516452e-02  -2.0291521811832371e+00   7.1607919156080546e-01   1.2678399891598041e-01   3.4131165096238686e-01
   2.4602399999999998e-03   1.9465996005540918e+00   6.7148605473834222e-01   3.7164148230399974e-01   1.2233892417425281e-01   3.3568580132047288e-01
   3.1888500000000000e-03   1.3708000915342704e+00   5.9829281896072151e-01   7.3876923166650177e-01   8.4298211574378404e-02   2.7966889592278688e-01
   4.1031899999999996e-03   1.5144632051880511e-01  -1.3302361581900755e+00   2.9593595498299739e-02   7.0676904026367296e-02   2.5625884899800283e-01
   5.1879200000000004e-03   6.3755060447993936e-02  -8.2764677928555108e-01  -1.2986811609228488e-01   5.7305209637885664e-02   2.3094786577554288e-01
   5.5327500000000003e-03  -3.4640989930734239e-01  -4.9561327944198647e-01  -4.9592717223143977e-02   5.3736437952854710e-02   2.2357573699770988e-01
   3.4157200000000001e-03   8.0512305638494153e-01  -2.0986649639057017e-01   1.3355166880149445e+00   7.8411815908922461e-02   2.6995201007733621e-01
   2.4107400000000002e-03   1.4492852587004621e+00   5.0608006845119913e-01  -1.4661484779691136e+00   1.2682316980915448e-01   3.4164111603703246e-01
   1.0338100000000000e-03  -7.2450031849200447e-01  -9.6899024970760794e-01   2.6441177793550947e+00   3.1790064769602178e-01   5.1878769567369964e-01
   4.7857899999999998e-03  -1.8560290180177871e-01  -5.5237541390340383e-01   7.7610685204655261e-01   5.8715838480407241e-02   2.3381209745432688e-01
   9.3431000000000004e-04   2.3445764995158261e-01   9.8964468847634435e-01  -2.8189319893571363e+00   3.5800428260072037e-01   5.4975764201612265e-01
   9.0079999999999999e-04  -1.7950380704830191e+00   2.3538640833720330e+00   4.6224692518075622e-01   3.4129594972343874e-01   5.3878132134208900e-01
   4.8729899999999998e-03  -5.4127746093863927e-01  -7.3082294551027771e-01   4.0981186380410889e-01   6.0871907972799205e-02   2.3792843376682188e-01
   8.3058000000000003e-04   1.3455874105511620e+00   2.4256679048839866e+00  -1.2665891711255979e+00   3.6410768951505307e-01   5.5699203589910962e-01
   3.4282200000000001e-03   4.9632967217842681e-02   1.5894028285913222e+00   1.6095552345339295e-01   8.2174788861234249e-02   2.7584511846978704e-01
   1.2505999999999999e-03   3.2179370488453107e-01  -2.1902312114416032e+00  -1.6876612431633642e+00   2.6961360724924816e-01   4.8390013558437889e-01
   9.4737000000000000e-04  -2.3953175821218271e+00  -1.7825697377809913e-01  -1.7279520734354874e+00   3.2266683032740529e-01   5.2651596961204061e-01
   3.9405000000000004e-03  -8.2037534524963629e-01   1.2779906468221969e+00   2.1856708262667987e-01   8.4267068394666855e-02   2.7948502935003244e-01
   2.3481299999999999e-03  -1.9874912406167939e+00   6.8098174475237450e-01   3.2683380238494020e-01   1.2491398351195206e-01   3.3907716741708344e-01
   2.7244900000000000e-03   1.1593197799803834e+00   3.3003169360384277e-01   1.4405510759333839e+00   9.8419259962074790e-02   3.0147366060783082e-01
   2.4266900000000000e-03  -1.6756402123136669e+00  -1.1533006014253366e+00  -2.6599702687797055e-01   1.1378162119765071e-01   3.2399445753576506e-01
   9.8474999999999995e-04   2.3706247121231554e+00  -4.1266742064599238e-02   1.6899338811091202e+00   3.0723753024892242e-01   5.1142978932977479e-01
   3.4685800000000002e-03  -1.0062822475333137e+00   1.2163011871296614e+00  -3.3499784126033882e-01   8.3571705606382080e-02   2.7844005452078768e-01
   4.2909699999999999e-03   1.3844527311630632e+00   2.2676931743927170e-01   2.2429484560773497e-01   7.8415321017727010e-02   2.6999796353874433e-01
   4.4231200000000000e-03  -7.7051520164027421e-01   5.9688078438047365e-01   5.5708501773592944e-01   6.2567349517369267e-02   2.4115896241032150e-01
   4.5331299999999998e-03  -8.5658757676741415e-01   7.5819250194746987e-02  -6.9210305436758590e-01   6.2764306472432335e-02   2.4147568891499463e-01
   2.9331000000000001e-03  -1.0309264134681937e+00   1.0290583702536862e+00  -1.0774142179030137e+00   9.4563943766402189e-02   2.9589271903273201e-01
   2.5024000000000001e-03   1.9038304457337425e+00  -8.0054761980083936e-03   7.8013205082714399e-01   1.1894430431123942e-01   3.3073660421230605e-01
   2.1814099999999999e-03  -3.7158767918784985e-01  -1.8593453305270007e+00  -1.1379661397203276e+00   1.3523446416301857e-01   3.5223500567080540e-01
   9.4019000000000004e-04  -3.2549443194522759e-01   2.1722605792959948e+00   1.9908184331989112e+00   3.2774092383751191e-01   5.2960871536636123e-01
   1.0272700000000000e-03  -7.7708409149204860e-01   2.5956190922418285e+00   9.9957686524506606e-01   2.9929240459621581e-01   5.0614219947736150e-01
   4.4777100000000002e-03   7.8374689527149255e-01   8.5684170548243432e-01  -2.9149735526124304e-01   6.6128861667860334e-02   2.4818316909571592e-01
   2.7692799999999998e-03   9.6161977168754709e-01   1.0845660035386617e+00  -1.3805677360458422e+00   1.1673915847297167e-01   3.2820233338277111e-01
   4.2415999999999999e-03   6.5406319446768857e-01  -3.8867348811681740e-01  -9.6305179381566830e-01   6.5703528830565974e-02   2.4722729262696505e-01
   1.1645700000000000e-03  -1.7664946445975100e+00   6.5455666370483445e-01  -2.0930675923348590e+00   2.8149733980516667e-01   4.9117740448874547e-01
   2.3098900000000002e-03  -8.1694616390433761e-01  -1.3137156851663647e+00  -1.4894219573393961e+00   1.2683388406097076e-01   3.4152837574300654e-01
   2.1934699999999999e-03   3.5436898150795532e-01   1.7670495454949975e-01  -2.1528789509600670e+00   1.2908723235795186e-01   3.4493515083531312e-01
   9.1901999999999999e-04  -9.3502833294697130e-01   2.4891952112739157e+00  -1.3141454482485855e+00   3.2162231219590220e-01   5.2374259557597125e-01
   5.8775700000000004e-03   9.5358694982804540e-02  -1.0798506256911868e-01   5.5386793017028157e-01   5.5289926650549305e-02   2.2682183872409867e-01
   4.1757299999999999e-03  -9.6830381260300080e-01   7.0238856688163309e-01   1.0748076040293318e-01   6.4676655436618394e-02   2.4489564057764507e-01
   3.0984099999999998e-03   7.2520206887374938e-01   4.2104134441164187e-01  -1.5126418972814779e+00   8.7840961265095080e-02   2.8547442961711161e-01
   5.3314100000000000e-03   4.5952523302117376e-01  -2.9054830913438673e-01   3.0165410267432841e-01   5.2907582533101398e-02   2.2177235107468762e-01
   2.6923600000000000e-03   2.7657698476374462e-02   8.1121784859566659e-01   1.7373279224472631e+00   1.0100613468016227e-01   3.0598873181639402e-01
   4.7074200000000004e-03   3.6886598320889441e-01   7.2707676903176555e-01   7.1016907343153390e-01   6.2707774951407058e-02   2.4157423038552994e-01
   2.0570499999999999e-03  -5.7885468398949824e-01   1.2693099506871122e+00   1.7558138720249641e+00   1.3606173764618690e-01   3.5363171415674782e-01
   1.0036800000000001e-03   1.4118636497126849e+00  -2.1688205145257728e+00   1.3203728442436617e+00   3.0957119970578362e-01   5.1287697541468658e-01
   3.7915200000000000e-03   5.8632166977249361e-03   1.2741006612093477e+00  -7.8699400241836215e-01   7.9474076922096959e-02   2.7133519235119780e-01
   4.6620699999999999e-03   2.5758074507087081e-01   1.0574686112156813e+00  -2.6311657407046474e-01   6.4471593328630394e-02   2.4487577685675868e-01
   9.6409000000000002e-04  -8.8686496899669109e-01   6.3374088674387252e-01  -2.7036173219815423e+00   2.9729899687757944e-01   5.0498099103857885e-01
   3.7711799999999998e-03   1.0148333031140655e+00  -9.6248499457838954e-01   3.4468690780092529e-02   7.1288175278862415e-02   2.5717638513593644e-01
   4.5190100000000004e-03  -3.9108098733105812e-01  -1.0973950223215496e+00   1.2720696474993458e-02   6.5508515635274545e-02   2.4667372453330719e-01
   1.9779600000000000e-03   1.8926945542308697e+00   7.9325302595963698e-01  -9.3186671754938089e-01   1.3553672667715572e-01   3.5282905762328060e-01
   6.7741999999999998e-04  -2.8459722312719236e+00  -8.6468531181116304e-01  -9.3234442219122349e-01   3.7535195825339079e-01   5.6362210897325948e-01
   8.3210999999999995e-04  -9.9775181794530410e-01   1.7054010815599150e+00  -2.2731933537808566e+00   3.4815397175716645e-01   5.4144749844830875e-01
   1.2060599999999999e-03   1.3021204543969733e+00   1.6952562726929310e+00   1.6997958259451320e+00   2.4050016309696179e-01   4.5793038376520873e-01
   3.9036200000000000e-03   1.0752156546804339e+00  -4.0864593486525941e-01   4.9462295707573267e-02   5.9540580848263983e-02   2.3497880638898819e-01
   3.7420700000000001e-03  -1.1779743370974673e+00   6.8273884331562817e-01  -6.2062217395526875e-01   7.8071866868244619e-02   2.6901053046317225e-01
   4.5616900000000002e-03  -1.1719789202644362e-01  -5.3900945995535332e-01  -5.0730616034894183e-01   5.0607601200197160e-02   2.1685889707815748e-01
   0.0000000000000000e+00   0.0000000000000000e+00   0.0000000000000000e+00   0.0000000000000000e+00   1.0349520421066999e-01   2.9620311263970683e-01
