   2.9708089999999999e-02   9.5437087965321313e-02  -1.1840181823318172e+00   2.3318781185211768e-01  -3.6559952061558659e-01   9.7041187332173973e-01  -5.7092350995935071e-01   9.6854838680008182e-01  -3.0257239822414672e-01   1.1384528984056887e-01  -4.2429928063236516e-01   5.9036031014068202e+00   2.3644258509053073e+00
   2.8828850000000000e-02  -7.3007458566618189e-01  -1.3170085062153297e-01   6.6336087296420676e-01  -9.6825322152776805e-01   1.1841662976485103e-01   5.4720185521661058e-01  -6.2209922899579417e-01  -8.2305619753940262e-01  -8.2399561963227896e-01  -4.0260317185504868e-01   5.9024139675377638e+00   2.3641426603651849e+00
   3.0326229999999999e-02   2.2149943431043184e-01  -8.3232124726083567e-01  -5.5254348898899033e-02  -6.5323472081075640e-01  -1.0987408396680032e-01  -6.5279905371207661e-02  -6.6766659572075249e-01  -7.3748658897493358e-01   1.2081796307599852e+00   6.4375869948586728e-01   5.9204960022773765e+00   2.3676973873895921e+00
   2.9668340000000001e-02  -5.3887932688052054e-01   3.1406311475976306e-01  -8.5354186780704655e-01  -7.3991894374705169e-01   2.8275405115075819e-01   7.2147471021714094e-01   9.1373959665227411e-01  -3.6374995140879590e-01   8.9106875516577144e-01  -2.4480344197767179e-01   5.9031171870912571e+00   2.3642623173677997e+00
   2.8536559999999999e-02   2.3036302244571719e-01   5.9541778906568288e-01  -1.3493254932837459e-01   1.7637893253996017e-02   6.1945801459197714e-01  -2.7736735526325323e-01   1.2255863970731620e+00   1.1591203906364638e+00  -2.9090331640510209e-01   5.6145909635134184e-01   5.8895360239727728e+00   2.3613584898764510e+00
   3.1041670000000000e-02   2.5495916091496662e-01   1.2643187358692834e-01  -5.2685747157807350e-01   5.7794171680253503e-01   5.0568280511005170e-01   8.9384479547400597e-01   5.3620090880910443e-01   2.1131405089294836e-01  -1.2858688159976446e+00  -5.4688344375943132e-01   5.9353408981004536e+00   2.3708415414829855e+00
   2.9452229999999999e-02   8.7509828917226218e-01   7.2411326148557678e-02   7.1058774601540620e-01  -1.0701470233544945e+00  -8.2555103589978795e-01   7.5155859831380833e-01   5.9962214825094362e-01   5.0119755214207496e-03  -1.7737101630782928e-01  -1.4505929065665826e-01   5.9038033909097543e+00   2.3642123335081804e+00
   2.9521710000000000e-02  -3.9823946035835073e-01   1.6557392584103439e+00  -5.4853944098912788e-01  -4.4925056985888467e-01   1.8657330174097195e-01   1.1822957758118199e-01  -6.8077279204112950e-01   3.6349829486188046e-01   9.5126550885877473e-02   1.5807971915874708e-01   5.9021253393662807e+00   2.3640142396861421e+00
   2.9862619999999999e-02  -7.6103758628042839e-01  -2.8198855950513219e-01  -5.9876151210243748e-02  -6.0799445466437274e-01   1.9415814145902158e-01  -1.2616392742831140e-01   2.0550418638331781e-02   1.3059935674726866e+00   4.0112050892393003e-01  -1.0619488903770602e+00   5.9106278433405883e+00   2.3656889277650626e+00
   2.7076090000000001e-02  -1.5638145519157315e-01  -1.4670078454761842e-01  -5.9661322943985162e-01   2.3515285025756597e-01   1.3216492077584969e+00   3.1363406527626725e-01  -1.0063049609248953e+00  -3.0083166537118272e-01   5.0097669685530943e-01  -7.6416808334378494e-01   5.8713672231989751e+00   2.3577523979203758e+00
   2.9976690000000000e-02  -4.6776221403222429e-01  -2.8153083963584341e-01  -1.5146906504300490e+00   5.6535346398394060e-01  -4.9510783941462862e-03  -1.0686621477356872e+00  -8.6244974600993521e-02   6.0219165133627670e-02  -2.7638073459310807e-02   1.0526100662897965e-01   5.9258227165461417e+00   2.3688592003618609e+00
   2.8157439999999999e-02  -7.0789029232458167e-01  -1.0020159190982008e+00   3.1993046306104517e-01   3.4801401685537914e-01  -8.6827339412777538e-01   3.6488089350500441e-01   1.0762606868361617e+00   4.3553248549839491e-01   4.4306951657281896e-01   1.0346310278165929e-01   5.8858688333682192e+00   2.3607721044064456e+00
   2.9930060000000001e-02  -7.0713744839335302e-01   1.1304408031512206e-01   5.3039919697491800e-01   1.2697945221039630e-01  -9.1252854530782601e-01  -7.6164731140772723e-01  -8.8714802414201521e-01  -6.6960553854685056e-01   5.8605500944027800e-01  -5.1517732049285558e-01   5.9160507792771835e+00   2.3667216118759096e+00
   2.9541609999999999e-02   4.6452506350064765e-01   6.9944219256206430e-01  -2.6183705508962507e-01  -2.1296809674675463e-01   9.7904487144436647e-01  -3.1989548217789782e-01   3.0102912159887346e-01  -1.2350418485625354e+00  -1.5119089609430730e-01   7.5818094399119662e-01   5.9055625505417026e+00   2.3646956599574200e+00
   2.9257610000000000e-02   8.2970574724326129e-01   4.0624933115734169e-01  -4.6322675279750103e-01   1.8903068720507779e-01  -1.1219627953417548e+00  -8.8950312314812641e-01   7.4321171535935104e-01   4.9069225159136261e-02   4.5197602058356778e-01  -4.2870875212988030e-01   5.9035922794159781e+00   2.3642489804412423e+00
   3.0706859999999999e-02  -4.1390685846500275e-01  -4.7212508402142334e-01  -7.4463263703358562e-01  -8.0805275223687489e-01  -9.3339284931552091e-01  -2.6632535679709846e-01   2.2920710236444722e-01  -9.1841893610270370e-02  -9.9623969597868134e-01   6.6005446320571470e-01   5.9259211746869989e+00   2.3688907827711616e+00
   2.9683379999999999e-02   6.0649192243322647e-01  -5.2731678682083405e-01   1.0194670545217022e+00   5.4793680346841134e-01  -2.5527632511198933e-01  -6.4344257323468068e-01   4.4312044040754250e-01  -4.7363190325105636e-01  -6.4062322495185309e-01   8.7540855831311737e-01   5.8959521008089260e+00   2.3626240829162413e+00
   2.8613770000000000e-02  -7.0581929277369837e-01   4.5376841456300837e-01   8.5689727827380191e-01  -9.8635344355103749e-01   3.5958294503637245e-02  -8.8190254953617964e-01   4.6752220635765684e-01   6.8190101202359465e-03   5.9960385183010911e-01   6.1575983897622633e-01   5.8969857270602004e+00   2.3629762006435526e+00
   2.9539820000000001e-02  -2.1235988307944934e-01   4.3774726677098377e-02  -7.1784944596967137e-01   1.5632553552721143e-01  -9.8320817114201442e-01   1.1900281090261857e+00  -7.1114964434461370e-01   3.6744482314546983e-01   3.5022694592706011e-01  -5.9811170838002958e-01   5.9024527482017533e+00   2.3640585056399539e+00
   3.0847490000000002e-02  -2.2540006114170444e-01   6.6683972216367196e-02   1.3717856881285850e+00   3.8753172223881177e-01   6.3097061355652206e-01   1.1470041067859547e+00  -3.3667239827693859e-02   3.7430438190589485e-02   4.5128298606162071e-01   1.3184179329278423e-01   5.9266069558928098e+00   2.3690387453002382e+00
   3.1107249999999999e-02  -1.4417736471671596e+00  -4.7732400848438711e-01  -1.6472267411887928e-01   6.2827361334644050e-01   4.8547844884226404e-01   2.7637863882635155e-01  -3.1152123669340603e-01  -6.6342081315824364e-02  -3.0128026933095886e-01   8.8933514766459698e-01   5.9274856438924992e+00   2.3692747010102186e+00
   2.9040280000000002e-02   1.2392352160833680e+00  -5.8239366218384170e-01  -8.5744457503756610e-01   4.8282690228264274e-01   2.9067149207758530e-01   6.0959160798449552e-01   3.2855747144357283e-01   3.5655848892349573e-01   4.9219388863085806e-01   5.6603596703665671e-01   5.8943947870549138e+00   2.3622509719256004e+00
   2.9463489999999998e-02   8.3786351364211686e-01   4.2624822867849271e-01  -1.4031888540250964e-01   6.5234370674118025e-01  -3.0131980994637864e-01   1.2918805875800890e-01  -1.3192481918998982e+00  -4.7041330729981840e-01  -6.9180589257145186e-01   4.5219338883959642e-01   5.8982432381955237e+00   2.3631212923866198e+00
   2.8621560000000001e-02  -1.8315486275021836e-01   9.4156576866388342e-01  -5.5772123198960634e-03   4.3132326117567088e-01  -8.7466980642460035e-01   6.9135798400143478e-01   3.9240399079912996e-01  -5.0166153617389686e-01   2.0898948479529864e-01   1.1530238910453523e+00   5.8894870604831748e+00   2.3613222447775088e+00
   2.8377179999999998e-02  -2.8885381153613804e-01   6.0096063712530223e-01   7.5408664298491301e-01   4.2522580283018629e-01  -8.7620790993062969e-01   3.8380267833842134e-03  -2.1602092820958430e-01   1.0537255074179424e+00  -1.0011683935163758e+00  -1.3792490260303250e-01   5.8873659667125962e+00   2.3609212387219447e+00
   2.9760999999999999e-02  -1.6490813998535517e-01   3.6498266683483921e-01   1.1627417825486179e-01   1.6248962755454719e+00   3.7442609535745897e-01  -3.5884248770853916e-01   2.2801728685639056e-01   1.4545579160688291e-01   9.6669320479771714e-01  -1.4139415492035470e-01   5.9174309675226020e+00   2.3671910935427247e+00
   2.9920639999999998e-02  -8.1701071036931849e-01   7.8617712365416426e-01   2.2429417138734861e-01   2.7772927715017171e-01  -4.4616654308493361e-02  -4.1418166174927479e-01   8.3151238935216365e-01  -5.8354913235497941e-01  -6.3405377459593482e-01  -1.0237211632475784e+00   5.9138564746292221e+00   2.3663669440588038e+00
   2.9062000000000001e-02   3.7731380176525714e-01  -9.4155119640529500e-02   1.7835780517203054e-01   1.2129566731988914e-02  -4.1068947342450818e-01  -4.9040244284785184e-01  -7.5489455489063784e-01   1.2379595300541171e+00   7.9890435568554763e-01   8.8789674333144886e-01   5.9051255450790592e+00   2.3645868006174466e+00
   2.9565930000000001e-02   4.3677990896803648e-01  -1.4471184455018347e+00   3.3615313189711654e-01   5.3163669393729029e-01  -2.8921579063963487e-01  -1.0355119150979940e-01  -6.0061233326453289e-01   4.5334662149934929e-01  -4.2709050623400385e-01  -7.4333347663116844e-01   5.9010596508189987e+00   2.3636949424192921e+00
   2.9107080000000000e-02   8.8907296828391380e-01   4.1022872872139106e-02  -7.6675466990201824e-01  -1.1596118387529466e+00   2.5870180142059818e-02  -6.5321100468048487e-01  -4.2963432940762913e-01  -6.5066422332179338e-02  -4.7035296358049028e-01  -7.4076421222382283e-01   5.9028848294538419e+00   2.3641134153860430e+00
   3.0777829999999999e-02   1.1944881350673890e+00   7.2090496849696306e-01   8.1720954044949767e-01  -3.0821993891277103e-02   4.0433045147831481e-01   1.1738566613689211e-02  -1.2775502348081266e-01   4.5998773536628977e-02   6.0242655068420126e-01  -9.3525686514476847e-01   5.9376378706774897e+00   2.3712530409409016e+00
   2.8288700000000000e-02   2.4726211082591673e-01  -6.0207899755627103e-01  -2.7621934729985237e-01   6.0116795391596611e-01  -3.7830617528964094e-01   5.0317920122150528e-01   2.5387747485006179e-01  -1.5960544848308162e+00  -3.2126721791894894e-02  -5.4421915972843116e-01   5.8825718924786061e+00   2.3600141294385755e+00
   2.8735219999999999e-02   2.2469237518934648e-01  -4.6572386584851166e-01   2.2076501861044623e-02  -9.5147881334948126e-01   7.6413998172861985e-01   8.1320033696945726e-01  -4.3127358320160958e-01   7.0331745485007391e-01  -5.0662393249628557e-01   8.7492251141691635e-01   5.8956834960441471e+00   2.3625755966888060e+00
   2.7894720000000001e-02  -7.8898500133380289e-02   8.5864626068642175e-02   5.5946058116280095e-01   1.5414834213856241e-01   1.0336301939770782e+00  -1.2634844394800133e+00  -7.2337480786988928e-01   3.3934669140779172e-01  -7.2380194265157394e-01   2.7378134631021334e-03   5.8811119692383746e+00   2.3596715104015029e+00
   0.0000000000000000e+00   0.0000000000000000e+00   0.0000000000000000e+00   0.0000000000000000e+00   0.0000000000000000e+00   0.0000000000000000e+00   0.0000000000000000e+00   0.0000000000000000e+00   0.0000000000000000e+00   0.0000000000000000e+00   0.0000000000000000e+00   5.9052079118375893e+00   2.3646122112077186e+00
