   1.6969299999999999e-03  -2.1497645243962848e+00   4.8849916004040234e-01   1.9803841227073193e-02   1.3205254396166921e-01
   3.1703800000000000e-03  -7.3777936339071515e-01   1.3274705305576584e+00   1.0269772439009367e-02   9.5293520534667539e-02
   3.2379900000000001e-03  -1.4703812448282705e+00   5.6181361311369604e-01   1.1388756627636238e-02   1.0035669170828124e-01
   8.3549000000000004e-04  -8.9246720476724761e-01  -2.5885127555086083e+00   3.7219321398184152e-02   1.8000428737511556e-01
   3.3011600000000000e-03   8.7731672277904793e-01  -8.1932782584426700e-01   7.0825634362627517e-03   7.8916264490453872e-02
   2.1798999999999999e-04   1.6784584630923889e+00   3.1680904300337360e+00   1.7509152387339419e-01   3.6811373405499442e-01
   1.1047299999999999e-03   7.2239480738000295e-01   2.4540087096972725e+00   3.0190378915608419e-02   1.6279134272540621e-01
   2.1625999999999999e-04   3.5688345574378184e+00  -1.6350557830161855e-01   1.6573798618147673e-01   3.5827769671187509e-01
   2.7703699999999999e-03   2.9450941275741921e-01  -1.7431559397780307e+00   1.3472929081087364e-02   1.0919419693930488e-01
   1.6190700000000000e-03  -2.1971408938547605e+00   1.2439713849737502e-01   1.9025501782790215e-02   1.2929134282295252e-01
   4.1934700000000004e-03   3.6301824601219684e-01   1.0192418785304624e+00   7.6381362774893442e-03   8.2300396462980735e-02
   2.3003099999999999e-03   1.8561151824331230e+00  -4.0414586319357554e-01   1.4422899306634009e-02   1.1276523879949324e-01
   3.4029999999999998e-04   3.2649968570395282e+00   7.9669366001654573e-01   1.2626638966288989e-01   3.1406152086269168e-01
   4.0277400000000001e-03   1.0652380314583552e+00  -6.6447625453413317e-01   8.9965093797066843e-03   8.9228814282367841e-02
   2.6957000000000001e-04   9.8424368121296224e-01  -3.3130719460094915e+00   1.3751556148638999e-01   3.2651045262299533e-01
   3.7751799999999999e-03   1.2033256134816110e+00  -5.0046114789343656e-02   8.1014010463348884e-03   8.4462252873922644e-02
   1.9123800000000000e-03   1.7687746814725891e+00  -1.0846247449421293e+00   1.6750416345949280e-02   1.2164347234959723e-01
   2.1040999999999998e-03   1.5380090568186899e+00   1.2825117905938006e+00   1.5896417624297041e-02   1.1853779090164590e-01
   1.8021900000000000e-03  -9.2064400805322011e-01   1.9302429603266167e+00   1.8173564830427012e-02   1.2658923986647294e-01
   2.7550100000000000e-03  -1.6766781013030911e+00  -2.5220623216372873e-01   1.1936139069340223e-02   1.0263621238543248e-01
   6.1694000000000002e-03   1.9143421177358849e-03   1.2465654492870738e-01   6.3318072530270325e-03   7.4868672936366495e-02
   2.4229199999999998e-03  -9.9030778600087888e-01  -1.5082646157284090e+00   1.2893784531358346e-02   1.0650067674546269e-01
   2.8920199999999999e-03   2.4866366955802410e-02  -1.6346341200724446e+00   1.1247959597000475e-02   9.9791759831224222e-02
   3.0182000000000000e-03  -5.3907240933400002e-01   1.4862977435484126e+00   1.0730001963617021e-02   9.7406855035335541e-02
   2.2895000000000001e-04  -2.0160621187083692e+00  -2.8725196555147541e+00   1.4544130158168814e-01   3.3391134342781786e-01
   1.2911000000000001e-03  -1.3160290220838695e+00   2.0492634677755541e+00   2.5969720573470165e-02   1.5098974738832516e-01
   1.8307900000000001e-03   1.8195821384735669e+00   1.0913714036566924e+00   1.7892098163853933e-02   1.2553949988270882e-01
   4.0592500000000004e-03   1.4926324715946387e-01   1.1277585281218714e+00   7.8672832246729097e-03   8.3490353052368932e-02
   1.9018000000000000e-04  -3.5687905471584060e+00   5.4741169088219388e-01   1.6200324013470374e-01   3.5652102239301664e-01
   6.8185000000000001e-04  -2.1779786488637130e+00  -1.7637126578595412e+00   3.7051805193773560e-02   1.7944046109251832e-01
   1.7071400000000000e-03  -8.9331985590063168e-01  -1.8988016733197026e+00   1.6060346546802034e-02   1.1882367276147746e-01
   4.1662000000000001e-03  -9.4808735101256203e-01   5.0300250485858977e-01   7.5183287686754752e-03   8.1590750594391942e-02
   2.0669299999999998e-03  -5.4483813607896403e-01  -1.8803304651259178e+00   1.4225899927341655e-02   1.1216394786794166e-01
   4.6779300000000003e-03  -3.0510554657088790e-01   3.6529335367684002e-01   5.3475293585522202e-03   6.8761410566709813e-02
   2.6917899999999999e-03  -1.5582897681923389e+00  -8.1514324779066594e-01   1.2899050949017608e-02   1.0679605197705443e-01
   1.8457000000000000e-03   1.1817407388886079e+00   1.7560824475631978e+00   1.7729874973931019e-02   1.2508870237383024e-01
   3.2454699999999999e-03   1.2389878293960037e+00   8.3719903422792930e-01   1.0110722476626746e-02   9.4627099218224126e-02
   1.5986399999999999e-03   2.1470733932151500e+00   8.5889465568160728e-01   2.4296139157413753e-02   1.4580218451614102e-01
   2.4488700000000001e-03   1.4331725927723726e+00  -1.1198781962589461e+00   1.3029812076688610e-02   1.0735143346137328e-01
   5.6029499999999998e-03  -9.9412831680066108e-02  -6.0491220003365570e-02   5.7875745384625152e-03   7.1546824227033790e-02
   9.0691999999999997e-04   2.5572387360981268e+00  -8.4622384721424171e-01   3.5835866235449473e-02   1.7702910335939068e-01
   3.0075300000000000e-03   1.4536730879615218e+00   6.8130502610808097e-01   1.1113023659450027e-02   9.9184973567703755e-02
   4.8638099999999997e-03   5.7977019889405568e-01  -6.3979161351054392e-01   7.1794128390251727e-03   7.9731038680695129e-02
   1.4761500000000001e-03   2.1960502261816850e+00   4.6668574589565187e-01   1.9452795943564631e-02   1.3050812050652091e-01
   3.8727200000000001e-03   8.3849814384224985e-01  -1.0712216021474679e+00   9.9072892589686361e-03   9.3675018091132461e-02
   2.9039600000000001e-03   4.9659330176498306e-01  -1.4821799257498185e+00   1.0304108955494629e-02   9.5224978748429806e-02
   5.0433199999999996e-03   5.7392452927789639e-01   2.6611154466181036e-01   6.3232941032918058e-03   7.4727231177033657e-02
   1.2014000000000000e-03  -1.7522926803942183e+00  -1.7151349823492199e+00   2.5075903917000195e-02   1.4840888812029743e-01
   7.9034000000000005e-04  -2.6701938902960358e+00  -9.1006333889163404e-01   4.6174394304110647e-02   1.9920177083804055e-01
   2.8137599999999998e-03   1.4157945113948851e+00  -4.3215116002963139e-01   8.6514886456203460e-03   8.7420672042601136e-02
   5.4755600000000000e-03  -2.9379655100698382e-01  -1.3218674985535175e-01   5.8578898636993185e-03   7.2010396952620861e-02
   2.4562999999999999e-04   3.0483044432832123e+00   1.7272062325730444e+00   1.4623319311996302e-01   3.3686635939854936e-01
   1.7873699999999999e-03   1.6099424067352857e+00  -1.3826506098584399e+00   1.7416132202685532e-02   1.2398381145865194e-01
   2.2089200000000001e-03  -1.8112502917694222e+00   4.9345843222344915e-01   1.3489516463405515e-02   1.0886685483232379e-01
   3.5710000000000000e-03  -6.4787912405761050e-01  -1.1681601072545993e+00   8.9120841194976989e-03   8.8768064130455265e-02
   3.0918199999999999e-03  -9.2676807409322270e-01  -1.2477708963302492e+00   1.0594254063053671e-02   9.6733740943705765e-02
   1.0166000000000001e-03  -2.0623016925869160e+00   1.6586626100718944e+00   3.4848819056596224e-02   1.7458053561582179e-01
   4.2724399999999997e-03  -4.3763083163480171e-01   9.8080596160609901e-01   7.6846951370390720e-03   8.2515798933790976e-02
   5.0660300000000000e-03  -4.2591816615181277e-01  -5.3531528199287359e-01   6.4978760581225880e-03   7.5891716158942191e-02
   3.0114999999999997e-04  -2.6544336076063604e+00  -2.1340536744618919e+00   1.3304571353567338e-01   3.2050638968195133e-01
   7.9369000000000000e-04   1.7543202940055054e+00  -2.2130917435834707e+00   4.6195460793211587e-02   1.9998446240014975e-01
   5.4348599999999997e-03   2.0370425237562517e-01   4.6256486753839765e-01   6.2353948104206906e-03   7.4347333869686297e-02
   2.2724899999999998e-03   2.8368002393409708e-01   1.9094511354708825e+00   1.5317633201077600e-02   1.1605720229134442e-01
   2.2073000000000001e-04  -5.6262849648693525e-01   3.4605149669615227e+00   1.3601594461226793e-01   3.2366725305831573e-01
   1.5541600000000000e-03   2.1274592775268406e+00  -6.2607122063993004e-01   1.9100484904732061e-02   1.2939413150015028e-01
   6.4610999999999998e-04  -2.3403458721602291e-01   2.9166629889238442e+00   5.0065192321407506e-02   2.0825976525211765e-01
   1.1469600000000000e-03  -4.0273504283753814e-01  -2.4559523822144937e+00   2.6378040994018165e-02   1.5227386770104531e-01
   6.5229999999999997e-04  -1.4188716957909611e+00  -2.5405437179685664e+00   4.7152025356205794e-02   2.0270523359402029e-01
   5.0064500000000000e-03  -1.7748614855194436e-01   6.6641255659323329e-01   6.4772786224289716e-03   7.5768522451484133e-02
   3.4099800000000000e-03   6.8552385378594038e-01  -1.2858420484798476e+00   9.9935170828165353e-03   9.4092750398012362e-02
   8.0062999999999998e-04  -5.5180367006049065e-02  -2.7383676410920477e+00   3.6711767815098564e-02   1.7786778357743077e-01
   7.2915000000000002e-04  -2.4771103322394454e+00  -1.3908738245254610e+00   4.4651571570133823e-02   1.9614149438623560e-01
   4.2301600000000002e-03  -9.6180336398057376e-01  -2.6159939695808665e-01   7.1857041047261672e-03   7.9632133827754942e-02
   3.6719800000000000e-03  -4.8631924581737662e-01   1.2241529249576115e+00   8.8758546278765397e-03   8.8620457551999432e-02
   1.4143700000000001e-03  -1.5769948334073651e+00   1.7482453000847151e+00   2.3506438954617598e-02   1.4371621198843859e-01
   6.4994000000000000e-04  -1.8849495875950777e+00  -2.2237782303684455e+00   4.8037129643899112e-02   2.0413559124131389e-01
   5.2627400000000001e-03   2.3733258269198691e-02   5.6378492029843585e-01   6.2806940029651826e-03   7.4582040560649168e-02
   3.9008900000000002e-03   9.9581095413956655e-01   7.1117525787459568e-01   8.3958619179275284e-03   8.6218922182573321e-02
   5.5796800000000001e-03  -2.2810930163290277e-01   7.1645027100776151e-02   5.9014193290025498e-03   7.2219595258108643e-02
   5.8438900000000000e-03   1.8390235820205802e-01  -2.7808965101209809e-01   6.3573933427892868e-03   7.4931204387335484e-02
   1.4683900000000000e-03   3.3695139911644351e-01   2.2978934080914479e+00   2.2442766038760938e-02   1.4063634243977083e-01
   2.2149999999999999e-04  -1.5032115271538529e-01  -3.5743805609699160e+00   1.6492276844104942e-01   3.5941109605630106e-01
   1.9734700000000002e-03  -1.7755491439508131e+00  -1.0467714045924086e+00   1.6860056598335175e-02   1.2200428124439956e-01
   4.0108899999999996e-03   6.7935753281991984e-01  -8.4940982439861712e-01   7.5539867848995997e-03   8.1581007447946594e-02
   3.1916599999999998e-03   1.3239211916860034e+00  -6.5492254858346544e-01   9.8038584880855949e-03   9.2964453181991383e-02
   2.5066999999999998e-04   1.7492135604330405e+00  -2.9988289568559030e+00   1.2692656095048616e-01   3.1609394329816737e-01
   3.6361499999999999e-03  -2.1592010493584068e-01  -1.2498887688044573e+00   8.2360031370543457e-03   8.5414247802577378e-02
   3.7906400000000001e-03  -6.6315523796310549e-01   1.0696556972870721e+00   8.4817529381752462e-03   8.6671482666268604e-02
   6.8605000000000001e-04  -1.4432762727248825e+00   2.4997416550864431e+00   4.6789505735908885e-02   2.0181734752974384e-01
   3.0844999999999999e-04   2.4199076325406326e+00   2.3820702963898790e+00   1.2970464374947877e-01   3.1697462387770725e-01
   3.2207300000000002e-03  -9.0737356356166099e-01   1.1496459514796882e+00   9.5763102015463293e-03   9.2035371160982857e-02
   5.6867200000000001e-03   2.4158727562678374e-02   3.4113463501016289e-01   6.1309217839655072e-03   7.3685279565340350e-02
   4.3375200000000001e-03  -6.0540537136273653e-01   8.3054077189884590e-01   7.4297084753274607e-03   8.1147598715061178e-02
   3.6163200000000001e-03   7.8513178911433701e-01   1.0539460364255087e+00   8.7347444515196108e-03   8.7943883777501633e-02
   3.7654600000000000e-03   1.0938416634942536e+00   1.2529815540450231e-01   7.1417568412357607e-03   7.9338137509686046e-02
   4.4236500000000003e-03  -3.8263779197208490e-02   1.0042304737915408e+00   7.4413743966996477e-03   8.1191473065243464e-02
   4.9730499999999997e-03   7.1852149487035433e-01  -7.1250939723585691e-02   6.5247063368031339e-03   7.6026048425848217e-02
   3.1164900000000000e-03  -2.1706530557059875e-01  -1.4934249021518791e+00   9.8979188779694440e-03   9.3601504011737058e-02
   9.4216999999999999e-04   2.5970351397051141e+00   6.9659496545194632e-01   3.7095569078141551e-02   1.7977235316843931e-01
   3.4315299999999999e-03  -2.8828352323279943e-01   1.3613210116287626e+00   9.1855289146816066e-03   9.0186770968591928e-02
   1.1484200000000000e-03  -3.6693088472605356e-02   2.4854934127031476e+00   2.6331834108075367e-02   1.5209041053170094e-01
   1.1480800000000001e-03  -9.6722430544617843e-01   2.3257552161733077e+00   2.8160789261584350e-02   1.5737872971505584e-01
   4.2725000000000003e-03   8.0888060827839159e-01  -6.2829254176945659e-01   7.4089779262855307e-03   8.0867665510816575e-02
   2.1981300000000000e-03   1.7345225717597148e+00   7.9289665606894388e-01   1.4228203689561309e-02   1.1176882837617176e-01
   4.6749699999999996e-03   5.7732549680150458e-01   6.9212432372123744e-01   7.1032456898815939e-03   7.9317657025543525e-02
   5.6042899999999996e-03   2.9675494955049392e-01  -8.8346956174910188e-02   6.0185496928819564e-03   7.2911132651822280e-02
   2.6227400000000001e-03   1.6531824655672729e+00   4.7647185930451452e-01   1.1741461782074931e-02   1.0189830192003412e-01
   5.0989299999999998e-03  -6.4357111367652015e-02  -6.0706072935605637e-01   6.2144399792317300e-03   7.4209813510994649e-02
   3.9789400000000003e-03  -3.9945726941877774e-01  -1.0994970206759449e+00   8.0013361296103844e-03   8.4207144330738101e-02
   3.7827899999999999e-03  -6.4183265184776864e-02   1.2479339226670181e+00   8.3728551603567975e-03   8.6120973122406200e-02
   1.0625299999999999e-03  -2.5449154325390695e+00   4.3630411728018903e-01   3.0649798694771687e-02   1.6390045519754770e-01
   3.4500099999999999e-03  -1.3349375800510754e+00   3.3730907178277209e-01   9.0409165566545501e-03   8.9483862005195730e-02
   3.3197000000000001e-03   1.4043437750328609e+00   4.0680882781720346e-01   9.8565926619201532e-03   9.3396028547752086e-02
   6.9519000000000004e-04   2.3424411081640670e+00   1.6904264964417683e+00   4.7597408000300316e-02   2.0334286283329525e-01
   1.2225000000000001e-03  -1.4483835011348416e+00  -1.9967919615282290e+00   2.6747860779840937e-02   1.5307175691666647e-01
   2.2604900000000000e-03  -6.0165658847954673e-01   1.7711373614764121e+00   1.3433929604241543e-02   1.0880883744548504e-01
   5.2575399999999998e-03  -2.1728518346160725e-01  -4.7543339546655355e-01   6.1053019269342737e-03   7.3553411609634994e-02
   2.8811399999999999e-03   1.2763964066853222e+00  -8.8681581722653235e-01   1.0026186820544009e-02   9.4001084807687693e-02
   1.7912300000000000e-03   6.1590171497395896e-01   2.0589086895795394e+00   1.8555224445389908e-02   1.2799237691734242e-01
   4.2060800000000001e-03  -1.7048769859898419e-01  -1.0121268712510392e+00   7.3316286495844086e-03   8.0439625787461749e-02
   3.5982599999999998e-03   4.2934688910226432e-01  -1.2468806434602551e+00   8.7120674326073861e-03   8.7818721434721608e-02
   4.4746500000000002e-03  -3.3579542854862865e-01  -8.7958207983715764e-01   7.1247110405780155e-03   7.9383453512302610e-02
   4.9440700000000001e-03  -3.4959308454858112e-01   5.5258055688269914e-01   6.2098366047746009e-03   7.4127699516505163e-02
   6.3590000000000001e-04   2.9317453955271313e+00   2.1264095246285342e-01   5.1149479953547482e-02   2.1059449039491793e-01
   5.3246999999999999e-03   3.4926945163688905e-01  -6.3248528011589966e-01   7.0566238305552927e-03   7.9005420182954922e-02
   4.2009999999999999e-03   9.7562336378828207e-01   4.7841358828932701e-01   7.6876509242050552e-03   8.2549594822380987e-02
   5.1846100000000001e-03   3.8627486617013873e-01   5.7017263345655067e-01   6.6543198897476025e-03   7.6802308138827324e-02
   8.8564000000000004e-04  -2.7003557446296105e+00  -4.1939218060629813e-01   3.8996038715839870e-02   1.8432300724448053e-01
   2.9040300000000002e-03   9.6013481490363883e-01  -1.3280286968186581e+00   1.1367960411500138e-02   1.0021560313513374e-01
   2.0636500000000002e-03  -1.7021142541650287e+00   7.2953870579063418e-01   1.1886661835047328e-02   1.0224500570425273e-01
   3.1852999999999999e-03  -1.2701559399583464e+00  -8.4390476348250409e-01   1.0307621653828748e-02   9.5539608461370759e-02
   3.2049499999999998e-03  -1.1171576083916313e+00  -1.0656474426537210e+00   1.0751206373745581e-02   9.7552124522149619e-02
   2.3614000000000000e-04  -3.1703088028595210e+00   1.5130076673352824e+00   1.5050629077404118e-01   3.3941629730501649e-01
   5.9240800000000000e-03   3.8767949478122787e-01   1.2908086049298956e-01   6.5532935905866056e-03   7.6155038902705266e-02
   2.0647600000000001e-03  -1.3617012596413380e+00   1.4619859829298578e+00   1.5453346584803471e-02   1.1685589294045522e-01
   2.1312300000000000e-03   5.9410845707164683e-01  -1.7039678292654532e+00   1.1409656496058879e-02   1.0002130458185401e-01
   4.9025600000000003e-03  -5.7160073110878225e-03   7.8199924624364014e-01   6.7383014317220179e-03   7.7273284382119514e-02
   4.0715000000000000e-04  -2.5211844241017038e+00   2.0356679127110224e+00   9.7932388389620970e-02   2.7846601887911920e-01
   3.7798500000000000e-03   1.1681848059228757e+00  -4.4149218553618164e-01   8.3742699374357438e-03   8.6102676151950289e-02
   9.5224000000000003e-04   1.8786347236058900e+00   1.9059373980322962e+00   3.6300095983298857e-02   1.7760099230781135e-01
   1.4740400000000000e-03  -2.4893639191758028e-02  -2.2907838003880956e+00   2.0871525954407992e-02   1.3561151374726235e-01
   4.6821400000000004e-03  -3.8903552754497300e-01   7.5742516456100939e-01   6.8292816778732250e-03   7.7783939169999594e-02
   3.6550400000000000e-03  -1.0114656100070867e+00  -4.5661914651493757e-01   6.9385911813705401e-03   7.8294002932327050e-02
   3.6036800000000002e-03  -1.0579207252032393e-02  -1.1480510696970938e+00   7.1258999789655612e-03   7.9366728619418750e-02
   3.6496000000000000e-04   3.1416632164171294e+00  -1.0319802198877139e+00   1.1173214638820121e-01   2.9525898857044280e-01
   3.2658700000000001e-03   1.4851249162454776e+00  -4.0678708257877824e-02   1.0133119734637741e-02   9.4551458637376740e-02
   4.6157600000000000e-03   1.7356212586704475e-01   8.9602064630906253e-01   7.0923865862016376e-03   7.9266412813962461e-02
   2.5698200000000000e-03  -1.0210650147231288e+00   1.4173874804813058e+00   1.2269015000621291e-02   1.0392588813066377e-01
   2.8047500000000000e-03   1.8025825741148389e+00  -4.9772523899172416e-02   1.4504144278231856e-02   1.1323270047426687e-01
   3.7796800000000001e-03  -1.2216841582315805e+00   9.5995670496723390e-02   8.1931801247044772e-03   8.5063616578080078e-02
   1.2961400000000001e-03   1.9940854912643600e+00  -1.3938363278757206e+00   2.5946052394430315e-02   1.5107423369107809e-01
   8.0922999999999998e-04   8.0879079000469567e-01  -2.6562467870771149e+00   4.1002901492262982e-02   1.8867430621023601e-01
   3.5379200000000000e-03   3.3968914351394525e-01   1.2598984308805792e+00   8.4256000507071695e-03   8.6325690257552698e-02
   1.7884900000000000e-03   2.1285028661737786e+00   9.6978800884335026e-02   1.7783069466370736e-02   1.2515055031170949e-01
   2.9648299999999999e-03   1.0096793633751142e+00   1.2214421015652157e+00   1.0619942237331089e-02   9.6959387469158484e-02
   2.5376600000000002e-03   1.4987194369702763e+00   9.7297811963541114e-01   1.2701004911280055e-02   1.0596388563222611e-01
   2.6556000000000003e-04  -3.1900140939950901e+00  -1.4064858370132907e+00   1.4426847434349527e-01   3.3545914086734357e-01
   4.7288800000000004e-03   3.7854384145560527e-01   7.9349844411961656e-01   7.0224511586675937e-03   7.8923717455955250e-02
   5.1659999999999998e-04   3.6470904752491595e-01  -3.0096656791082950e+00   5.6619560136401272e-02   2.2032208193055788e-01
   2.3265299999999998e-03   1.2484767054329362e+00   1.4148269580190143e+00   1.4196887408972094e-02   1.1193746921905978e-01
   1.9219000000000000e-03  -3.5396038219901393e-01   1.9135740758937085e+00   1.3176636715795323e-02   1.0777865840669740e-01
   2.9871699999999999e-03   1.6051150511671448e+00   1.9241413784266104e-01   1.1242985782621695e-02   9.9734008644023917e-02
   2.5708000000000003e-04   2.9555490937391551e+00  -1.8049871734061238e+00   1.4004012000413979e-01   3.2643808096713650e-01
   2.9204800000000000e-03  -7.0344278547131878e-01  -1.4033824859269541e+00   1.0247423130939629e-02   9.5158839030299147e-02
   3.5179600000000001e-03   1.0121866144823424e+00   9.5583532770292179e-01   9.4401245747698561e-03   9.1409163904929064e-02
   6.2945999999999998e-04  -8.9227020604511564e-01   2.7934748870698360e+00   4.9467794847198494e-02   2.0692361108712329e-01
   2.7488800000000000e-03  -4.7122686142983150e-01  -1.5892185172950628e+00   1.1056280887026487e-02   9.8890560339129505e-02
   2.2978100000000000e-03   1.2574164484969572e+00  -1.3698782636064177e+00   1.3315260718514962e-02   1.0846467077822194e-01
   2.2537799999999999e-03   1.8755730906409194e+00   2.6796288076989350e-01   1.4004387452424716e-02   1.1114254640488566e-01
   1.8164300000000000e-03  -3.0716396499177390e-01  -2.0810205576761844e+00   1.7053882685718218e-02   1.2267330734964155e-01
   4.6192000000000004e-03  -4.9790735443379786e-01  -7.3693790838045803e-01   6.9774258258852263e-03   7.8601070058745462e-02
   2.1693300000000001e-03  -1.4855006553329704e+00   1.1799797370133551e+00   1.3338795117683492e-02   1.0856719428829559e-01
   1.0010500000000001e-03   2.4732299580916544e+00   2.8483424568164362e-01   2.3497804153243148e-02   1.4339306619264416e-01
   3.6338500000000001e-03   1.2030771644313787e+00   5.8531935440593785e-01   9.0010617523830303e-03   8.9262231889535429e-02
   2.8043000000000000e-03  -1.6615343855347677e+00   1.3125021746065692e-02   1.1591517798171696e-02   1.0107821518499754e-01
   2.8814999999999999e-03   5.2882746874603370e-01   1.3987331789140818e+00   9.0831193688581894e-03   8.9432018731103152e-02
   3.6134100000000001e-03  -1.1412773591405574e+00  -6.2440334934169706e-01   8.7407757292714220e-03   8.7804352394319732e-02
   2.1021299999999998e-03  -1.9445354404441615e+00  -4.3270521824872787e-01   1.5668655197924434e-02   1.1762876590150499e-01
   3.8227399999999998e-03   1.1664205577093987e+00   3.4531975667158643e-01   8.1079195266450244e-03   8.4755466112914776e-02
   1.1037000000000000e-03   2.4912525684831515e+00  -9.3518011430079581e-02   2.6056891412794034e-02   1.5090233843258163e-01
   5.2486299999999998e-03   4.9219879459306509e-01  -7.8940432634178603e-02   6.0970202809150628e-03   7.3397118779134601e-02
   4.3800499999999999e-03  -8.7356271472646496e-01   2.9804158989584667e-01   6.8272041862346899e-03   7.7753035180631924e-02
   4.8416800000000001e-03   7.7940091725301408e-01   1.4392185016591377e-01   6.8005347674573308e-03   7.7505027453736303e-02
   2.1529299999999999e-03  -1.9449710754865424e+00  -1.0247378987820327e-01   1.4616628493928726e-02   1.1374077451104384e-01
   4.6179999999999997e-03  -6.5045839041946540e-01  -5.9092763011241822e-01   6.8799304549480153e-03   7.8079076253538368e-02
   4.5342200000000003e-03  -7.2067812736405445e-01   4.7702320770244305e-01   6.7163428776408308e-03   7.7071268911425544e-02
   2.5755800000000001e-03  -1.1742001491335186e+00   1.2141279723100782e+00   1.1061232890215876e-02   9.8763209651280451e-02
   5.5594700000000004e-03   3.8862957235998263e-01   3.4863321648873052e-01   6.4444475024728548e-03   7.5559423122289054e-02
   5.5038200000000004e-03   2.0255845016694177e-01   2.5893603999070886e-01   6.0124298757177697e-03   7.2826834822939654e-02
   2.8670400000000000e-03   1.6079856866000437e+00  -2.6517620181583801e-01   1.1060452079001273e-02   9.8803017917929212e-02
   2.1948100000000002e-03  -7.4833557793874672e-01  -1.6560871505300012e+00   1.1832851569539731e-02   1.0213579357131293e-01
   4.7755899999999997e-03   8.3514200815235451e-01  -2.4561132955396048e-01   7.0594977060618831e-03   7.9087266242239510e-02
   2.8273899999999999e-03   1.1293893683371765e+00  -1.1302385774311645e+00   1.0495815432056172e-02   9.6212051212311800e-02
   5.2068599999999998e-03  -3.8367894769409144e-01   2.0136867762532645e-01   5.9027975987824633e-03   7.2142507911682308e-02
   2.3445499999999999e-03   7.0740961999166463e-01   1.5625273877699268e+00   1.0493193598535464e-02   9.6213560378311316e-02
   9.9172999999999991e-04  -2.5405999126662278e+00   2.1833945653047847e-03   2.6154016521779708e-02   1.5135027347858840e-01
   1.0855600000000000e-03  -5.1200770965998155e-01   2.4968394466666832e+00   2.9120563243621053e-02   1.5987775010427480e-01
   1.9035600000000001e-03  -1.5948735950537625e+00  -1.3273584887393162e+00   1.7052426322586856e-02   1.2243813381811308e-01
   1.9003900000000001e-03  -1.7581426665985491e+00   1.0447912618013695e+00   1.5710358417708552e-02   1.1778966601751920e-01
   7.4956999999999997e-04   1.3077884338405237e+00  -2.5090353117947362e+00   4.5568498701663546e-02   1.9789770870704884e-01
   1.1624300000000001e-03   1.0030788633562568e+00  -2.2063723617071869e+00   2.2852860269049792e-02   1.4153590270376701e-01
   2.6485000000000001e-04  -2.1513973010992724e+00   2.6900221073653046e+00   1.3669839074608287e-01   3.2104063419587975e-01
   5.4328400000000004e-03  -7.3925365516883850e-03  -4.0817031236254459e-01   6.0311503361897964e-03   7.2981515640747452e-02
   1.4493200000000000e-03  -2.2692965125501758e+00  -6.4075387880442392e-01   2.4075064403556064e-02   1.4545353644894510e-01
   4.6237400000000003e-03  -2.1671385943472199e-01   8.8168129485535740e-01   7.0980449725070414e-03   7.9288389618106622e-02
   4.0479399999999999e-03  -1.2122970846400851e+00  -3.4639215589104494e-01   9.2061052040614214e-03   9.0128852476054871e-02
   3.1520200000000002e-03  -1.0569072575137635e+00   9.5047604053782608e-01   8.8643436197137805e-03   8.8437233201497975e-02
   2.8489800000000001e-03   3.3828431229096784e-01   1.5456641172884500e+00   1.0415321536259207e-02   9.5633007071775716e-02
   1.5789100000000000e-03   1.4000106306255562e+00  -1.6467190385938160e+00   1.6821745059188084e-02   1.2166413106803939e-01
   4.3169899999999997e-03  -9.9698108391332030e-01   9.7828915375076875e-02   7.2541792417944373e-03   8.0130314382980891e-02
   1.5367099999999999e-03  -2.2527629663660136e+00  -2.5961643258444400e-01   2.0792093726354075e-02   1.3520715421383611e-01
   1.9901099999999998e-03   8.4793724536065362e-01   1.8105331373635511e+00   1.5061136925408459e-02   1.1537082763498513e-01
   2.5774299999999999e-03   1.2892472145835815e-01   1.6619420471526734e+00   1.0703428820172322e-02   9.7040178323977280e-02
   4.1773699999999997e-03  -7.3737253420505267e-01  -7.9882288106987509e-01   7.7144211063230102e-03   8.2568113650357919e-02
   1.2149999999999999e-03  -1.0902971286067940e+00  -2.1870396613232206e+00   2.4908448356334267e-02   1.4793517874701104e-01
   1.9963300000000002e-03   8.8192528227824851e-01  -1.8805487357572250e+00   1.7882635188873171e-02   1.2539235014113342e-01
   3.0692900000000001e-03  -8.6146603178589465e-02   1.5133206614763257e+00   9.9132852182305543e-03   9.3562108600157096e-02
   8.0393999999999995e-04  -1.8354617475433499e+00   2.1109552482463596e+00   4.2616992496222500e-02   1.9271956150370165e-01
   5.5763999999999998e-04   1.7450799793316194e+00   2.4229918664895669e+00   5.2193750760721844e-02   2.1203851987886846e-01
   5.2063700000000001e-03  -4.2739647149943444e-01   2.3877938187300178e-03   5.7977394834833208e-03   7.1653804723107020e-02
   2.5328400000000002e-03   1.5480623122503336e+00  -8.4552308444490809e-01   1.2212850534359202e-02   1.0392224344187520e-01
   2.8391000000000001e-04  -1.1809480302847186e+00  -3.2260729265670429e+00   1.3128091598951183e-01   3.2049985785531204e-01
   1.7548100000000001e-03  -1.1615514753548077e+00  -1.7466749528796539e+00   1.6872978611009028e-02   1.2140032142565900e-01
   1.1976400000000000e-03   1.4204454622927551e+00   2.0539316618716517e+00   2.7893643449525520e-02   1.5669619724726871e-01
   1.6232400000000000e-03   1.5208573934314935e+00   1.6473846772910499e+00   2.0625869387688678e-02   1.3490597641037191e-01
   4.8548400000000000e-03   1.0684871615286483e-01  -7.2160151891201951e-01   6.5659058478138186e-03   7.6073571251189132e-02
   5.1297499999999998e-03   6.0801195890123760e-01  -2.5428429431961602e-01   6.4574106928129140e-03   7.5651809138743448e-02
   2.6185000000000002e-03  -1.2340683230055949e+00  -1.3327012592593932e+00   1.4029869838844668e-02   1.1127690458541742e-01
   4.0822000000000002e-03  -8.8243357514970666e-01  -6.3503628059026762e-01   7.4880534505610361e-03   8.1408619258175691e-02
   4.3751299999999996e-03   4.6921521313482439e-01  -8.3228399754865945e-01   7.0344107875737914e-03   7.8885943288131297e-02
   4.1376099999999999e-03  -5.7373397245412538e-01  -9.4827715130199852e-01   7.8055851457598368e-03   8.3090741272287383e-02
   2.0060199999999999e-03  -1.8951429909394508e+00  -7.4979544691231004e-01   1.6410991173539165e-02   1.2035071294104219e-01
   5.0424500000000004e-03   5.0099434516467789e-01  -4.4809226343425601e-01   6.4421606247244316e-03   7.5504322021346326e-02
   1.1295299999999999e-03  -2.3726785382932487e+00   8.6800117190179249e-01   2.8363159025415814e-02   1.5783696003396328e-01
   1.3516500000000000e-03   1.8579178582253653e+00   1.4725612533287133e+00   2.3362273668362056e-02   1.4316957573104921e-01
   2.8120799999999998e-03   1.2554765653806221e+00   1.1137917057717188e+00   1.1705267465660293e-02   1.0177551668068405e-01
   4.3057499999999997e-03  -6.6490646280819976e-01   2.8850322045376031e-01   5.7512788624687937e-03   7.1251599851626532e-02
   2.8475800000000002e-03  -1.6045976899924419e+00   3.1178960246213394e-01   1.1102277956705200e-02   9.9058360223068645e-02
   5.2219500000000004e-03  -5.0380382359691711e-01  -1.8876773265050786e-01   6.1115211549525187e-03   7.3568191635773231e-02
   1.4599400000000001e-03  -6.7868355409864245e-01  -2.1908042912125651e+00   2.0987199418392395e-02   1.3591131579388141e-01
   1.0617800000000000e-03   2.4087535700730238e+00  -4.5251326951286019e-01   2.2646148198901143e-02   1.4080844631333583e-01
   7.0427000000000000e-04   2.6255927014894183e+00   1.1670995181711399e+00   4.7846869524888418e-02   2.0301687492525294e-01
   6.6571000000000002e-04   2.8832824376705504e+00  -3.9720331866723246e-01   4.8899934104074137e-02   2.0579909997428095e-01
   3.7405099999999998e-03  -8.2905054245228171e-01   9.0082241995702539e-01   8.0612856546914552e-03   8.4483910107600216e-02
   4.6277400000000000e-03   5.8594264394633788e-01   8.2157608236584398e-02   5.6535047118038591e-03   7.0686967601745143e-02
   4.1111600000000000e-03   7.8718705582268023e-01   8.1897823005785098e-01   7.9523110186730181e-03   8.3934689368475854e-02
   3.5612899999999999e-03   1.3400616626021209e+00   1.5916785930540372e-01   8.9929166149849641e-03   8.9253042103100852e-02
   4.2110000000000003e-03   2.6403402658261593e-01  -8.2369821167695156e-01   6.2896771750167542e-03   7.4550420121578018e-02
   2.9885200000000002e-03   7.7062139901293059e-01   1.3038422542839334e+00   9.5518090586049400e-03   9.1968676543422806e-02
   4.5283600000000004e-03   7.7759991653384208e-01   5.9200347191714764e-01   7.3860868349428831e-03   8.0900332581185827e-02
   1.6092000000000001e-03  -6.3080042477374931e-01   2.1140189911227565e+00   1.8765477511315184e-02   1.2862430505038955e-01
   4.7299200000000003e-03   7.6267878490086172e-01   3.6804906134365406e-01   6.8699077287156579e-03   7.7999719493981282e-02
   3.3639000000000000e-03   9.3341068143002678e-03  -1.3795707281606122e+00   8.8592645444480131e-03   8.8595770101259144e-02
   4.7422000000000002e-03  -5.6100991139279832e-01   1.4026430335899248e-01   5.8291118660380439e-03   7.1640684213809674e-02
   2.3240800000000001e-03   5.1941809847158116e-01   1.7495447186059563e+00   1.2764123611406329e-02   1.0600335124630189e-01
   2.4716899999999999e-03  -8.2845768468906766e-01   1.6083924205697226e+00   1.3095784108047728e-02   1.0743276143570750e-01
   5.1042500000000003e-03   1.9746765933913168e-01   8.1388287343050494e-02   5.3597375883166522e-03   6.8799986962406134e-02
   4.8147399999999996e-03  -7.2477446835401260e-01  -2.3301458382422138e-01   6.5384975933702565e-03   7.6098340911928478e-02
   2.1775100000000001e-03   1.0782406880137720e+00  -1.6358317357712915e+00   1.5351221471398530e-02   1.1611384934812258e-01
   2.0092500000000002e-03   1.8415343427019837e+00  -7.5954418578188410e-01   1.5053696356414532e-02   1.1521703652085134e-01
   2.4200100000000002e-03   9.7500748267520865e-01   1.5071205685058195e+00   1.2379443520944644e-02   1.0457553849927340e-01
   3.6226100000000001e-03  -1.1850070376836479e+00   5.2675783381991748e-01   8.6084003004707442e-03   8.7213578599727143e-02
   4.1191900000000000e-03  -2.5465173409872677e-01   1.1135428080492138e+00   7.9952000526978245e-03   8.4153918501206473e-02
   3.7157499999999999e-03  -8.3582777338344572e-01  -1.0144907867231692e+00   8.9817608610950461e-03   8.9125697996840753e-02
   3.3664400000000001e-03  -4.4844335308136168e-01  -1.3354748499704043e+00   9.2303555921616660e-03   9.0408774518394228e-02
   4.2166900000000004e-03   5.7542996875465491e-01   9.1512420840593045e-01   7.6611551394340375e-03   8.2404328797890045e-02
   2.9441599999999999e-03  -1.4462342193846272e+00  -3.6281486222627568e-01   9.2008245497661977e-03   9.0132622342089019e-02
   1.6792899999999999e-03  -2.0031650496665190e+00   8.0311353167406607e-01   1.7705953513507011e-02   1.2497514966063375e-01
   4.2433200000000001e-03  -1.1270985890026675e+00  -1.1365318246701589e-01   8.2292115769602540e-03   8.5338238196302832e-02
   7.7023000000000000e-04   2.4828082197223740e+00  -1.3442967105033243e+00   4.3573698344576715e-02   1.9478844284336938e-01
   1.3130900000000000e-03   6.4453374400724139e-01  -2.2465814352599645e+00   2.1158381844750277e-02   1.3625030573415087e-01
   2.5950999999999999e-03  -1.6577493081965908e+00  -5.4088248649080339e-01   1.2102935677031202e-02   1.0349958359459602e-01
   1.4286900000000000e-03   2.1312837808275842e+00  -1.0024683635644085e+00   2.3757307972707430e-02   1.4443898514283240e-01
   1.1471900000000000e-03   3.3172629050579661e-01  -2.4793948156505676e+00   2.7220216181308255e-02   1.5436025800596365e-01
   2.5504700000000000e-03   7.9721312824467516e-01  -1.5407929644700287e+00   1.1873486118642607e-02   1.0228300351675684e-01
   4.9906799999999999e-03  -2.7013966613819351e-01  -6.8073111012298593e-01   6.6155317040273009e-03   7.6564932433319230e-02
   5.2666500000000003e-03  -3.6578438813228975e-01  -3.3349661744058140e-01   6.0207326139494442e-03   7.3054592668672383e-02
   4.3255799999999999e-03   1.0565901222992435e+00  -2.2942966637789380e-01   7.8824078165876822e-03   8.3556930541543353e-02
   5.2735999999999998e-03   1.4579850101309080e-01  -5.2491277012768278e-01   6.3482954467887634e-03   7.4784033540830755e-02
   1.7605200000000000e-03   2.7091614412995940e-01  -2.0912596744461727e+00   1.6971457797476597e-02   1.2216728424350795e-01
   3.7491600000000001e-03  -1.0018584791339302e+00  -8.3538723681907745e-01   8.9385294141848884e-03   8.8967732146678927e-02
   3.7664800000000000e-03  -1.3811299770104681e+00  -1.2524767057663821e-01   1.0179591291276687e-02   9.4709881063397255e-02
   2.2438900000000001e-03  -1.8897418204703549e+00   2.1056127491451096e-01   1.4038252449917823e-02   1.1130238559405858e-01
   1.2007700000000001e-03   1.7490464552471066e+00  -1.7563447898818498e+00   2.6910439154644018e-02   1.5372113937772056e-01
   1.9412600000000000e-03  -1.1685733227138337e+00   1.7102895732245740e+00   1.6970814508723123e-02   1.2231995876871778e-01
   5.1575900000000001e-03  -1.4251657397238904e-01   4.6132247407902011e-01   5.8907819734083924e-03   7.2193091285453259e-02
   3.3194499999999998e-03   2.4886789092114905e-01  -1.4568010648323362e+00   1.0088203602652146e-02   9.4418910984684939e-02
   4.9095800000000002e-03   9.3729672570571521e-01  -2.6829256146656114e-02   7.7678326035779156e-03   8.2899111268802325e-02
   4.8833699999999997e-03   3.9596074597440670e-03  -2.2184058613706065e-01   5.1052107393857573e-03   6.7180658907216292e-02
   4.2238199999999997e-03   3.3547953355259830e-01  -1.0248297678905962e+00   7.7125594220682873e-03   8.2605139288263907e-02
   4.7807500000000003e-03   3.0558886277577102e-01  -4.3151243743366813e-01   5.6357384842553680e-03   7.0594256624700508e-02
   3.3482000000000000e-04  -3.3404890903523237e+00  -5.0005985926948715e-01   1.2850499832037793e-01   3.1721193887803384e-01
   3.8334100000000002e-03   1.9587179788619130e-01  -1.2006014901787960e+00   8.2575295360096598e-03   8.5396508045861352e-02
   1.0792300000000000e-03   2.1731651643218091e+00   1.2447984010270616e+00   2.5807225842071943e-02   1.5054677306731284e-01
   1.3622199999999999e-03  -2.1657891493708759e+00  -1.0126308675327631e+00   2.4874266439099093e-02   1.4765467408415472e-01
   7.7441000000000001e-04   1.2205574059003403e+00   2.5264866241382262e+00   4.1791431217572367e-02   1.9070093174946634e-01
   4.1456699999999997e-03   9.4380552243347560e-01   2.5334986359291545e-01   6.9303213386613383e-03   7.8090252404928243e-02
   2.6385800000000002e-03  -1.4173861363015270e+00  -1.0817005824812673e+00   1.3199025842358969e-02   1.0796116820101807e-01
   4.5384600000000002e-03  -8.7582104377835979e-01  -7.6136880800436096e-02   6.8507247985035089e-03   7.7838744557835890e-02
   4.0432000000000003e-03   5.7678567347547738e-01  -1.0514682175001751e+00   8.4614706958064667e-03   8.6546540138019906e-02
   5.2166299999999999e-03   3.9731852031806564e-01  -2.6017558548107822e-01   5.9221293014666294e-03   7.2439991805034784e-02
   4.6534000000000001e-04   8.9884590434562106e-01   2.9853973231763047e+00   6.8938172381789176e-02   2.3999406756574951e-01
   5.7593000000000000e-04  -2.9990172035196205e+00   1.3483977472819009e-01   5.6297273752662490e-02   2.2065092970216546e-01
   1.3073900000000001e-03  -1.9809726779876466e+00  -1.3653988896189231e+00   2.4088465562568447e-02   1.4579542159972955e-01
   1.6211699999999999e-03  -1.7280785458600549e+00   1.4108481923683680e+00   2.0103182510665066e-02   1.3308925265915758e-01
   5.0416699999999998e-03   1.9502129216733904e-01   6.7794365370159693e-01   6.5366244619410405e-03   7.6108131095268219e-02
   1.3390800000000001e-03  -2.0806051898291047e+00   1.1913214674574766e+00   2.4508203106443287e-02   1.4689233108317401e-01
   2.7469299999999999e-03  -3.1661640982331235e-01   1.6305846483353046e+00   1.1176176535803524e-02   9.9358313080667268e-02
   2.2260399999999999e-03   1.3726014195259562e-02  -1.9275007387581946e+00   1.4654265993536647e-02   1.1372422079912688e-01
   2.3772899999999998e-03  -1.2849361273674438e+00   9.9238572793432289e-01   9.1034309214659825e-03   8.9638105156619893e-02
   5.4493600000000003e-03  -1.5346949185589451e-01   2.4836548176604537e-01   5.8048119399753901e-03   7.1662660467030417e-02
   2.5062600000000002e-03  -2.4372997949996011e-01  -1.7679128359058016e+00   1.2561351006463535e-02   1.0540459660013947e-01
   4.5787900000000001e-03  -7.7622218097572127e-01   1.1180743082264696e-01   6.2993596674021457e-03   7.4731619682128700e-02
   5.2858899999999997e-03  -1.7183144182323098e-01  -2.7886867497489931e-01   5.7119701866135044e-03   7.1084072151367389e-02
   4.8113399999999999e-03  -5.5532961649477264e-01   6.1035230736763080e-01   6.8472523626841681e-03   7.7915236549329414e-02
   4.9066700000000001e-03  -9.4657823547694142e-02  -8.1653236269507246e-01   7.0009014212839647e-03   7.8719009426183914e-02
   4.9891700000000002e-03  -5.7709208541736112e-01  -3.8772431014620518e-01   6.4230082712338288e-03   7.5462470836515610e-02
   1.4672500000000000e-03   1.3097455532356839e+00  -1.9821673634538308e+00   2.6182424803436122e-02   1.5118692120395283e-01
   2.3117000000000000e-04  -1.4343218368607800e+00   3.1706949003070606e+00   1.2892545308556247e-01   3.1531944737131834e-01
   4.0395099999999996e-03  -1.0953665820646601e+00   3.0600964499519012e-01   7.8066528672505135e-03   8.3170671423354756e-02
   4.2314299999999996e-03  -7.7905139605113050e-01   6.8014602118650014e-01   7.3179752942803024e-03   8.0507115214550340e-02
   2.5785100000000000e-03   1.6173201036763396e+00  -5.7421691286128174e-01   1.1535845231948371e-02   1.0095960646047111e-01
   7.0885999999999996e-04   2.2241331351338918e+00  -1.8268382558194052e+00   4.7213765882165443e-02   2.0236502491992878e-01
   4.8021399999999999e-03   9.0658344007719091e-02  -9.5548431607400741e-01   7.7979143541818440e-03   8.3037782843108754e-02
   5.4330000000000003e-04  -5.3345309317377132e-01  -2.9436068378641083e+00   5.2300874214982494e-02   2.1166953590770024e-01
   4.3526900000000002e-03   9.4298532401890223e-01  -4.4465544181757516e-01   7.6037602093627851e-03   8.2081017307590348e-02
   5.3670100000000002e-03   9.9102129451258417e-02  -7.0845729964522347e-02   5.5668566051045327e-03   7.0097172874983904e-02
   2.6090000000000000e-04   2.3831381769126412e+00  -2.4935300979861710e+00   1.2643897154459624e-01   3.1328149333761207e-01
   1.4748500000000000e-03  -2.6788787320938273e-01   2.1919050882985709e+00   1.7702928050219887e-02   1.2466895011265122e-01
   1.8316000000000001e-03   2.0990524807648168e+00  -2.3006554636224347e-01   1.7653010989267935e-02   1.2466731185623907e-01
   4.4399200000000000e-03  -7.9283694426812046e-01  -4.2714874796946756e-01   6.7638645956313191e-03   7.7414946621350816e-02
   3.3773100000000001e-03   1.2973430419371326e-01   1.3828478231172139e+00   9.0090229904253808e-03   8.9345043156988255e-02
   3.1979800000000000e-03  -1.3748835202194365e+00  -5.9263206422209314e-01   1.0093592939073992e-02   9.4372263869285739e-02
   3.4222599999999999e-03   1.3157595721770048e+00  -2.3468762029579551e-01   8.6386441948918501e-03   8.7252846780161458e-02
   1.7267900000000000e-03   5.4210630013193761e-01  -1.9536576196726980e+00   1.4196698478174955e-02   1.1157310117404320e-01
   4.7667800000000000e-03   7.1377283172185813e-01  -4.3753447850438315e-01   6.8776302216980558e-03   7.8025538315576140e-02
   2.6410000000000002e-04   3.2870364118696421e-01   3.4499174833553226e+00   1.4509258734368546e-01   3.3249548516378724e-01
   2.9696400000000000e-03  -1.4442080621736224e+00   1.1486214798076588e-01   8.6659473247011152e-03   8.7504159890469141e-02
   3.6388300000000000e-03   5.6138769098298424e-01   1.1508951586072216e+00   8.3513851061070253e-03   8.6027735198329749e-02
   1.4506400000000000e-03   1.0003983320511003e+00   2.1146566928846702e+00   2.3331579945867629e-02   1.4322046794755275e-01
   4.9525599999999999e-03   5.7515416128327601e-01   4.7617391125202163e-01   6.6356265715050823e-03   7.6677577567028643e-02
   6.0086999999999998e-04  -2.8632198532386228e+00   8.3037788665727497e-01   5.6087594829507377e-02   2.1991216123024199e-01
   1.8040700000000001e-03   1.9206595568271461e+00   5.8461090150422701e-01   1.4064305563345271e-02   1.1127339098221475e-01
   7.5188000000000002e-04  -2.5023966179310122e+00   1.3572120424496512e+00   4.5931772410868536e-02   1.9975098930708746e-01
   3.1539099999999998e-03  -1.2550445588443564e+00   7.4704702020123948e-01   9.3951387992984112e-03   9.1119729994498133e-02
   5.2180899999999999e-03  -5.0234321489588640e-01   3.9187745249335304e-01   6.5741435237526005e-03   7.6210287337833332e-02
   3.7395400000000000e-03  -1.0085889776471066e+00   7.1704149128098960e-01   8.1771021461852222e-03   8.5086254439524125e-02
   2.4148700000000000e-03  -1.4917150952669758e+00   8.6284052412485912e-01   1.1117951834941598e-02   9.8906766364988200e-02
   1.7065500000000000e-03   3.8660585241519253e-02   2.1045820048804265e+00   1.6166820053470934e-02   1.1935247677539965e-01
   2.9481099999999999e-03   1.0481910856281613e+00  -9.1606043315526298e-01   8.1468237155988988e-03   8.4632444728093587e-02
   8.0427999999999999e-04   3.4172902413871992e-01   2.7688521365768599e+00   4.1664312930379935e-02   1.9049455571491697e-01
   4.9540100000000000e-03  -6.4546274161401418e-01  -4.7461342385709711e-02   6.1916722671554432e-03   7.4036455090596656e-02
   2.4039100000000000e-03  -7.5878141987727424e-02   1.8290886487768683e+00   1.3328932566503563e-02   1.0831401998935732e-01
   1.6527000000000000e-03  -1.4190280434796942e+00  -1.5872439491121966e+00   1.6608326926357716e-02   1.2081385085972531e-01
   0.0000000000000000e+00   0.0000000000000000e+00   0.0000000000000000e+00   1.1281412678326049e-02   9.4250077026464721e-02
