   2.2341499999999999e-03  -6.5569886161700497e-01   1.4967816908974623e+00  -1.3998310198698252e+00   1.2529491321189459e-01   3.3953347020862645e-01
   9.7477999999999996e-04   2.4156992507637387e+00   1.5839683548785135e+00   3.6085189324392425e-01   3.0632354815461538e-01   5.1005087004221694e-01
   2.3683300000000001e-03   1.9185470663001698e+00  -3.9009836926107522e-01  -5.8059349797085713e-01   1.1370911296430829e-01   3.2305097756383394e-01
   8.8482999999999997e-04  -1.6099044592024587e+00  -2.0897171490365640e-02   2.5217318893249789e+00   3.2657769627038946e-01   5.2890455950027682e-01
   3.2109999999999999e-03  -1.5889844924968590e+00  -4.4157587515251762e-01  -3.3466062026230653e-01   8.6183145015818891e-02   2.8280711261919411e-01
   2.6061100000000000e-03  -5.1486973455320972e-01   1.9586650198110191e+00   4.4108256682334662e-01   1.2311465662616101e-01   3.3716929409810453e-01
   2.3037900000000000e-03  -7.5968875862740548e-01  -1.7109575157676173e+00   9.1522851651562009e-01   1.1690068866439660e-01   3.2781670241914240e-01
   9.8531000000000009e-04   8.7739238107288176e-01  -2.7269691910452818e+00  -6.7089902080669161e-01   3.2761019217455689e-01   5.2856613962275123e-01
   4.3402400000000004e-03   5.0271491911889199e-01  -1.7969833833020601e-01   8.4705101477808387e-01   5.7120412083681300e-02   2.3025849310015767e-01
   2.4594000000000000e-03   1.2068406168654651e+00   1.6370027661461524e+00   2.8390987122985872e-01   1.1646058834346941e-01   3.2732534973102390e-01
   4.8631700000000000e-03  -2.0971342726180489e-01   7.1581450477482034e-01  -6.5559487852300902e-01   6.0490509990234205e-02   2.3722637563923718e-01
   5.0738299999999997e-03   8.8507532756264595e-01  -9.6396368731224091e-02  -6.8659829383866972e-02   5.8363737144918076e-02   2.3307015053073465e-01
   3.9902300000000000e-03   6.5594318376610311e-02  -1.9697096265400493e-01  -1.2212643859784589e+00   6.4506588204443271e-02   2.4469874142398007e-01
   4.6192700000000000e-03   8.2136271091866841e-01   3.8234693747881526e-01   7.3679992578749520e-02   5.5658030839566351e-02   2.2745421247103781e-01
   2.0823199999999999e-03   1.8739603644193634e+00  -4.8213960385241766e-01   9.6455494493419991e-01   1.2283614955960437e-01   3.3563564206511587e-01
   4.5538000000000002e-03   8.9183968645001077e-01  -5.8058351068720915e-01  -4.2228533512452171e-01   6.4248150585121497e-02   2.4455351037922349e-01
   2.4462799999999999e-03   4.6816974842439663e-01   8.8971623396317634e-01  -1.8335781471815202e+00   1.2207482968498980e-01   3.3516826813040707e-01
   3.6376400000000001e-03  -2.8559432759655556e-01  -1.2950895389869721e+00   6.4465675013687540e-01   7.5149844649569003e-02   2.6401929456031448e-01
   3.2405400000000001e-03   2.8071085723649081e-01   1.5767082896976592e+00  -3.4586733543104914e-01   8.2032885286238921e-02   2.7584869911042820e-01
   3.5291699999999999e-03   1.3413187380642355e+00  -6.2922088163468864e-02   8.9020615240062761e-01   8.3823809287550191e-02   2.7897573155445954e-01
   5.1440799999999997e-03   4.7805269123922983e-01   1.9934348379164654e-01   4.4390298882196788e-01   5.2465032132567486e-02   2.2105422516029277e-01
   1.4550800000000001e-03  -1.7499773058544159e+00   1.6941010207761162e+00   1.5258489545944875e-01   1.5081674948641241e-01   3.7081384321958499e-01
   2.4735899999999999e-03  -2.7586624729780668e-01   5.4175736078268499e-01  -1.9568645519014052e+00   1.1588099958006957e-01   3.2696866694462101e-01
   4.6212700000000002e-03  -1.4550332366566612e-01   7.4798544291512381e-01   7.1132845187917604e-01   6.0203949837150945e-02   2.3672523344344562e-01
   3.4219400000000001e-03  -6.5310468285154821e-01   9.2576902607161393e-01   1.0048779431470152e+00   7.5020932972551774e-02   2.6369231692018669e-01
   3.5867000000000000e-03   1.2693704765849048e+00  -5.4889938647142089e-01  -8.2810683908812788e-01   8.4668815223235452e-02   2.8059343354079880e-01
   9.9167999999999999e-04   9.6318701624534553e-01  -1.5815047371719324e+00   2.2382232481177327e+00   3.1044629983972205e-01   5.1289949958699754e-01
   2.0408399999999999e-03  -9.5078590619684689e-01  -3.5390430563063174e-01   1.9600677077337738e+00   1.2817222302800707e-01   3.4313623225177348e-01
   4.6613599999999998e-03  -9.2529060015853648e-01  -3.8331255682843335e-01   3.1911596028817663e-01   6.1052907841676572e-02   2.3838974916958569e-01
   2.3632800000000002e-03  -9.1381926264537883e-01   1.0039369837008999e-01  -1.9134655637187077e+00   1.2446621668215986e-01   3.3866484992963147e-01
   1.2685699999999999e-03   1.6017805737840480e+00   6.6520610068561525e-01   2.1610798837182958e+00   2.6204660377929501e-01   4.7730515332659496e-01
   3.7728200000000001e-03   1.2166174445915788e-01   6.6017762152493931e-01   1.1799226960496036e+00   6.9172750472807937e-02   2.5325113860866733e-01
   2.6584999999999998e-03  -1.6426892045019150e+00   8.4268096759078692e-01   1.0091777586871045e-01   9.3494426417654486e-02   2.9368712984091028e-01
   2.4159199999999998e-03  -6.6666018471606547e-01  -1.1168051086360831e+00   1.6859135795017253e+00   1.2757830435648196e-01   3.4275251254926969e-01
   2.0875700000000000e-03   8.0322584876804692e-01   2.0259828714793353e+00  -2.8592556264927571e-01   1.2973373343320363e-01   3.4484044368324807e-01
   2.0404400000000001e-03  -1.8462512834749887e+00  -6.7798869226728720e-01  -1.0116731370374805e+00   1.2930795678910934e-01   3.4463325705364162e-01
   3.7791499999999998e-03   4.5079492215467698e-01   7.7332217566411610e-01  -1.1425852216646228e+00   7.4972772983024447e-02   2.6374460236003089e-01
   1.1396600000000000e-03   2.7892019387669795e+00  -1.3198441044255321e-01  -1.2271507740820586e-01   2.6517254094871262e-01   4.7693152337416239e-01
   2.0682800000000000e-03  -1.2347657445186773e+00   1.6750259161507630e+00   7.8783225847608096e-01   1.3195041859278417e-01   3.4851524620082719e-01
   3.9233400000000000e-03  -1.4440787368566727e-01   1.0414278702906486e-01   1.5008059898142416e+00   8.0586867213270991e-02   2.7376556730592333e-01
   5.7684399999999997e-03  -5.9635074657223330e-01  -1.5065477401672758e-01  -1.2413934610311227e-01   5.5117456008375046e-02   2.2669084187217001e-01
   1.0431699999999999e-03  -2.4684758899373147e+00   2.7383993959470887e-01  -1.3025345111289084e+00   2.5509439365542713e-01   4.6860790510208306e-01
   4.6983800000000003e-03   3.1993688357381961e-01  -6.4722098267518247e-01   7.2593133245067165e-01   6.0347727386537098e-02   2.3694697898345521e-01
   2.2435599999999999e-03   1.2257887771277018e+00  -1.6562156939704780e+00   5.4059577613396970e-01   1.2135149130688809e-01   3.3415934968632166e-01
   1.0808899999999999e-03   2.6189322874541954e-01  -2.3095041728926553e+00   1.6174456979602483e+00   2.8051805836628402e-01   4.8882175502327918e-01
   4.6721799999999997e-03  -1.0966794813251468e+00  -2.4660916340308758e-01  -2.5115941213590537e-01   6.5819969063815861e-02   2.4751608731369978e-01
   2.5004599999999999e-03  -2.0985610290858073e-01  -1.5927252339706182e+00   1.3107163032604203e+00   1.2138082055686451e-01   3.3397556067730166e-01
   5.9179999999999996e-03   3.5403450219222710e-01   3.5022509911762950e-02   2.0157930351406977e-02   5.1345702959785695e-02   2.1880560724996398e-01
   1.0170699999999999e-03  -2.3441743698327855e+00  -1.7326384774366870e+00   5.2269785247251219e-02   3.1317836657010334e-01   5.1742842817340273e-01
   3.4610200000000000e-03   1.8173339668418098e-01   3.2955017429998029e-01  -1.4792427382567523e+00   7.5329951566028772e-02   2.6464731190939322e-01
   3.9773800000000000e-03   1.2521087626364886e+00   8.8041510563857894e-01   1.3756280859054862e-01   8.3626691396293570e-02   2.7885114737267969e-01
   1.1150999999999999e-03   1.9680390833195147e+00  -1.1642604107344414e+00   1.7189743574118719e+00   2.9386099819627970e-01   5.0295535674715075e-01
   9.8076999999999995e-04  -1.4835911059558946e+00  -1.4058753671851296e+00  -2.0707487554909023e+00   3.0186041445455053e-01   5.0827374252811763e-01
   3.3225899999999998e-03   1.4707491860184747e+00   2.0211443415513269e-01  -8.2050622413236540e-01   8.9737951939086069e-02   2.8830932242430324e-01
   2.1962900000000000e-03  -2.1334877386091589e+00  -1.4723027808353764e-01  -1.7603883472079144e-02   1.2245121428219949e-01   3.3523164825850771e-01
   9.8400000000000007e-04  -1.3450775353206263e+00  -3.6425454809619451e-01  -2.5626156813629057e+00   3.1102603022111014e-01   5.1469585839192400e-01
   3.3052600000000000e-03   1.4371999436993990e+00  -7.3267674381695880e-01  -1.8713855189801767e-01   8.1374742052583063e-02   2.7495527773195555e-01
   8.9148000000000005e-04   2.2543629157203746e+00   1.2709931953619911e+00   1.4873268305301235e+00   3.3256290343737632e-01   5.3099160957938141e-01
   3.5508699999999998e-03   8.3349039673419634e-01  -1.1161776787021991e+00   7.2844268777365284e-01   8.0940038695882649e-02   2.7405948457829665e-01
   2.2356600000000000e-03  -1.0508598885676759e+00   8.3212603384358141e-01  -1.7466464465546798e+00   1.3543251627208386e-01   3.5305495346368132e-01
   4.0115600000000000e-03   1.1615467470684002e+00   3.7242734497542640e-01  -3.1443695731455490e-01   6.5025046977337117e-02   2.4596426573020871e-01
   8.7036999999999998e-04   1.9645474175053710e+00  -1.1968266043864721e-01  -2.2471467692983236e+00   3.3211633502290544e-01   5.3113253471554134e-01
   8.4334000000000004e-04   2.2462240203175878e+00   1.7324254695452646e+00  -9.1281659160949713e-01   3.2152677778941235e-01   5.2173089767343539e-01
   2.2851000000000000e-03   1.2695444154636670e+00   1.0075978140221096e+00   1.3320086224462382e+00   1.1754185176322590e-01   3.2905425383115883e-01
   2.8362499999999998e-03  -1.0725498309440713e+00  -6.3571717733489641e-01   1.3280497285603299e+00   9.2964947138359399e-02   2.9341432969815995e-01
   3.1592100000000000e-03   1.2521972486972930e+00   9.0382669103707214e-01  -5.9351893370284114e-01   8.2291369703568984e-02   2.7626325244337396e-01
   1.2372500000000001e-03   2.6282446519839797e+00   8.1937649556487480e-01  -4.1129995182091877e-01   2.6917188175423756e-01   4.8166996750306335e-01
   2.2856700000000001e-03  -1.9589840316687526e+00  -3.3431526840082340e-02  -7.3379800822261132e-01   1.1760394734664353e-01   3.2876424223723183e-01
   2.9031000000000000e-03   9.0304627977457241e-01  -6.7822465788969943e-01  -1.4112687657884995e+00   9.3229632655014397e-02   2.9374978015737063e-01
   4.2041600000000002e-03  -7.3120376649102348e-01  -4.3203578442719631e-01   8.6571534971702147e-01   6.4185783843665176e-02   2.4451919860324009e-01
   2.3149300000000002e-03   2.0494594420761216e+00  -6.8500600343905926e-01   1.7072738082102254e-01   1.3019918751094456e-01   3.4639845318872142e-01
   9.0189999999999997e-04   7.9435512417697063e-01   1.4987074683828232e+00   2.4095582492828691e+00   3.2156029429480959e-01   5.1929566558984008e-01
   3.6223200000000001e-03  -1.1267604531836828e+00  -8.2968451072419191e-01  -5.5135455303046166e-01   7.6403690342208674e-02   2.6638782718091586e-01
   5.1056599999999997e-03   1.5458491395395424e-01   2.3822972656330876e-01   9.1201438121137379e-01   6.0835916084603744e-02   2.3795707480402248e-01
   3.4334900000000000e-03   9.4301849993071174e-01   1.0910567365702242e+00   6.8652264057027412e-01   8.1226463975499680e-02   2.7462214307506894e-01
   3.3692800000000001e-03  -8.0732486245042490e-01  -2.3371642852864566e-01  -1.3507409514425890e+00   8.0963592583463348e-02   2.7391350155817124e-01
   4.5434400000000002e-03  -3.0392405798401151e-01  -9.7915129550172092e-02   9.5247160767848715e-01   5.8116657105944512e-02   2.3259451457701349e-01
   2.3415200000000001e-03  -2.2699824803187837e-01   1.8954267635283388e+00  -8.8825527965866646e-01   1.2121265662485876e-01   3.3404378982704158e-01
   4.2245700000000004e-03  -4.0793003680892953e-01  -1.9794166950700595e-01  -1.0169482260703782e+00   6.0568093013487777e-02   2.3705037395840037e-01
   1.3221999999999999e-03  -7.3843287034555649e-01   2.5481951659613937e+00  -3.1424331149228396e-01   2.2793474702981462e-01   4.4491226379795396e-01
   1.9723700000000002e-03   1.1475200176605829e+00  -1.3749989964490006e+00   1.2863279147720494e+00   1.2509034724864324e-01   3.3925307409347460e-01
   1.8925900000000000e-03  -2.0225074261698275e-01   1.2208718342676657e+00  -1.9540616999667866e+00   1.4622134437215564e-01   3.6554135191473336e-01
   2.1341400000000001e-03  -6.2790933201278953e-01  -6.9326651304315090e-01  -1.9799491118508166e+00   1.2932254294374673e-01   3.4479206142828062e-01
   3.6701899999999998e-03   6.8005086552054916e-01   1.1710256395942134e+00  -7.8545931562632598e-01   8.2147890154838088e-02   2.7615082291369331e-01
   2.6001399999999999e-03   5.6320496406677822e-01   1.1956925781129664e+00   1.3858093111031513e+00   1.0063716572438755e-01   3.0438547974903229e-01
   3.5271199999999999e-03   5.4104807682450018e-01   1.4672583483150832e+00   2.6149833478546830e-01   8.2937104628801286e-02   2.7713227937057655e-01
   5.5079100000000004e-03  -8.4326064634287087e-02   6.0633693601261462e-01  -1.4270418212227814e-01   5.3897903965290851e-02   2.2399396132020027e-01
   1.9476300000000001e-03   1.8194455772849709e+00  -1.0385848733212271e+00  -7.2593792325988216e-01   1.2734042408640830e-01   3.4183656733156453e-01
   3.1153399999999999e-03   1.3782037014826491e+00  -8.6117507098501334e-01   4.8822188238772979e-01   8.5739974976213731e-02   2.8185373949485693e-01
   4.2579699999999998e-03   9.0658364084672982e-01  -5.1851836612140645e-01   7.1232981126330297e-01   6.8119703124978115e-02   2.5167312043920642e-01
   9.5828000000000005e-04  -2.2114319730776049e+00  -1.6305901452307958e+00  -1.0571372264777794e+00   3.2206988826139427e-01   5.2359261889271924e-01
   3.7954199999999999e-03  -7.6818136158664441e-01  -2.9587530629009446e-02   1.3655501429549284e+00   8.3636787867672799e-02   2.7870884047638295e-01
   2.2123999999999998e-03  -1.2792489616062617e+00  -6.1558709469782147e-01  -1.5942106079051830e+00   1.2094428283775223e-01   3.3378658234159475e-01
   2.3431400000000001e-03  -1.5625767812261873e+00   3.4422441510826664e-02  -1.4735018120712846e+00   1.2975534270204137e-01   3.4512489355371134e-01
   3.5985000000000001e-03   1.4710349024033949e+00  -3.0651844509660253e-01   3.2736480215191255e-01   7.8833885314591651e-02   2.7044273508253375e-01
   2.7537000000000000e-03   1.7232725330823913e+00   5.9200641080855787e-01  -3.0549812962543532e-01   9.5285805442784255e-02   2.9659263564812149e-01
   2.8057400000000001e-03  -8.7182827637843563e-01  -1.4395993598089132e+00  -7.8869680023514244e-01   9.6739733921064122e-02   2.9925855617375480e-01
   1.0058100000000000e-03   5.5420637272658579e-01   2.5221129838587655e+00   1.3871996485099227e+00   3.2462422605548746e-01   5.2520869854605523e-01
   1.0637800000000001e-03  -1.0231545192936609e+00  -2.0011905206085658e+00   1.8398909332833830e+00   3.1933715288209852e-01   5.2074000094232653e-01
   6.7743999999999996e-04  -2.2822503695546406e+00   1.8914988469132674e+00   1.0008644503020274e+00   3.7583877387212317e-01   5.6535320940008538e-01
   2.1976299999999999e-03  -1.2792736018709547e+00  -1.3424450831631682e+00   1.1519775038422293e+00   1.2907706021883270e-01   3.4445568555804956e-01
   2.7358199999999999e-03   1.2542866300095847e+00  -7.2926581204007146e-01   1.1473961572891369e+00   9.4633818721261864e-02   2.9562469567062249e-01
   4.5542300000000003e-03  -6.9567576701741407e-01  -4.5674791259134401e-01  -6.0962019222280417e-01   5.9257767080479605e-02   2.3481906871140656e-01
   8.1119000000000004e-04   6.6197469948855048e-01   1.7310730266408312e+00  -2.4116058694576457e+00   3.5043394825783947e-01   5.4501666293557538e-01
   2.1163200000000001e-03   6.3050798078275927e-01  -1.8885405811272364e+00   8.9182938115114285e-01   1.2738742064948716e-01   3.4202985431951638e-01
   9.9339000000000003e-04  -2.4116478963214147e+00  -2.8773159417656646e-01   1.6105203723758226e+00   3.0711729642047275e-01   5.1263746773180374e-01
   4.7437099999999999e-03   1.1512954807479488e-01  -1.8542186161303373e-01  -7.3992781366925220e-01   5.2413251306945324e-02   2.2068563572126310e-01
   3.6181199999999998e-03  -5.8109940116171599e-01   1.2940305894164219e+00   8.6736829350330530e-02   7.1370827407444132e-02   2.5711605152694000e-01
   8.8292000000000004e-04  -2.4574837110287606e+00   1.2648721025414922e+00  -1.0876002093964661e+00   3.2574728690388222e-01   5.2415855208533646e-01
   2.1717400000000001e-03  -1.5356801047162565e+00  -1.2963351790943045e-01   1.5025969541028754e+00   1.2452341023007134e-01   3.3786057860721613e-01
   5.8439700000000004e-03   9.9850952348502747e-02   2.2185209212630716e-01  -4.0846090825689829e-01   5.2743908729702554e-02   2.2167712599021761e-01
   9.9236000000000007e-04   2.6171510316892688e+00  -1.1777534825800768e+00  -3.9226690360018179e-01   3.0194942939790653e-01   5.0705374801929459e-01
   2.2480700000000000e-03   6.5223229064382526e-01  -1.2827930152200790e+00  -1.5556771488115344e+00   1.1901555915542315e-01   3.3121921349064315e-01
   2.3361100000000002e-03  -1.2410409938360460e+00   1.0914510962100890e+00   1.3407246732987510e+00   1.2444657020772973e-01   3.3836920833262907e-01
   1.2365099999999999e-03   5.7125033616960016e-02   2.1321375326273486e+00  -1.7037913708061085e+00   2.4187695972228265e-01   4.5859450397090246e-01
   3.3990600000000002e-03   9.2468477278036443e-01   1.3351845292102562e+00  -2.2747946440078992e-01   8.5098647475554456e-02   2.8086292159442522e-01
   3.6497600000000002e-03   6.9080928877015091e-01   6.9690850098962942e-01   1.0955354912918989e+00   7.4841086032903723e-02   2.6340819037881269e-01
   3.9948300000000004e-03   2.5851296180422795e-01  -7.9457020463201133e-01  -1.2153208890492906e+00   7.9551785795219709e-02   2.7169768464539085e-01
   8.1709000000000003e-04   2.3531093898640347e+00  -1.7958822905737917e+00   5.1929870977808545e-01   3.3955113789724950e-01   5.3561266375893446e-01
   2.2918900000000000e-03   4.6626939487880475e-01  -1.4204311464383814e+00   1.4394246735541407e+00   1.1526246051276055e-01   3.2544587523218410e-01
   2.1855600000000000e-03   8.8510634016730760e-01  -1.7427024026232458e+00  -9.2862184416698557e-01   1.2562843470170185e-01   3.3995360278206921e-01
   2.0947700000000001e-03   2.1245349829888785e-01  -2.0977161087470027e+00  -6.5515342674080834e-01   1.3033361483978806e-01   3.4645988854892973e-01
   3.5166400000000001e-03  -4.1863852061733031e-01   2.3230701248559663e-01  -1.4122459657097484e+00   7.4314665207831823e-02   2.6255466950088063e-01
   5.5087299999999999e-03   3.7365047716406148e-02   4.1041625841745472e-01   3.0829231851692346e-01   5.1859512735459835e-02   2.1964847503687443e-01
   4.8822800000000001e-03   4.9562806569060913e-01  -4.8643517959295302e-01  -8.7719084705931399e-02   5.0799523565270219e-02   2.1768807043155533e-01
   2.2223299999999998e-03   9.2010462180093167e-01  -7.9929312197482894e-01   1.8187797487958481e+00   1.3110428196241533e-01   3.4750891562895531e-01
   1.3159400000000000e-03  -1.5846048557095740e+00   1.5836529114064115e+00  -1.4908538603343400e+00   2.3151566688987277e-01   4.4999975895661726e-01
   3.6630100000000000e-03  -1.2412707428590757e+00  -8.2749747832039267e-01   7.7261334850088320e-02   7.6294038225240821e-02   2.6627374682561616e-01
   4.3778000000000003e-03   1.3723712171580321e-01  -3.2352761469794811e-01   1.1452411432852569e+00   6.5927491016829903e-02   2.4748550174697356e-01
   2.1161200000000000e-03  -1.0172928665344856e+00   1.7656519969550510e+00  -7.7868212027501793e-01   1.2567613481692352e-01   3.4009463427690761e-01
   2.2378099999999998e-03  -1.6305617570471580e+00   1.3395329144660657e+00  -5.4385961512723136e-01   1.3046966261269172e-01   3.4645704178406134e-01
   2.2354200000000001e-03  -1.9909645742829067e+00  -1.5492789602901877e-01   7.4131641684309924e-01   1.2181823629814140e-01   3.3468374018610286e-01
   2.9956000000000002e-03   2.4153904639086046e-01  -1.4371322463230525e+00  -9.9671107331307918e-01   9.0225984159870529e-02   2.8912402264576353e-01
   8.5327000000000005e-04   2.1721811551786749e+00  -1.2695096869166687e+00  -1.5954932977977172e+00   3.2083058825067590e-01   5.2172117393576734e-01
   2.1975100000000002e-03   1.6249946891659428e+00   1.2763038478216733e+00   7.3635763818259137e-01   1.3301402581116420e-01   3.4943213839315668e-01
   4.2012999999999998e-03   9.6137734724659663e-01  -5.4839923692578903e-02  -6.3400056061013310e-01   6.1076744595264909e-02   2.3852417280575280e-01
   9.6498999999999999e-04  -2.8721078704982697e+00   3.4468878745482640e-01  -2.4521959500407831e-01   2.9603326164893878e-01   5.0283933615868581e-01
   2.2819699999999999e-03  -1.7502664944776865e+00   4.3615710590471468e-01   1.0998631908886982e+00   1.1940549269431049e-01   3.3179051749246913e-01
   1.2095999999999999e-03   1.8295408125580175e+00  -1.9637502402431388e+00  -7.3729438094765576e-01   2.6663480075146695e-01   4.7895444712073526e-01
   3.6109400000000000e-03   5.6412951645465081e-01  -8.0985233621671349e-01   1.2035333026760633e+00   8.0325873453547483e-02   2.7321130665181659e-01
   2.9892400000000002e-03  -4.4644927047598609e-01  -1.5714930524769084e+00   1.6585311231746369e-01   7.8832397184933872e-02   2.7008608291852226e-01
   5.2979999999999998e-03   3.6597439570139151e-01   5.4202353038028250e-01  -1.0995434745588315e-02   5.3168450527935195e-02   2.2239070937849156e-01
   3.8282400000000001e-03  -1.5063975101062421e+00   2.1440223966626387e-01  -9.4140975333026664e-02   8.0434015782690868e-02   2.7344164826522560e-01
   9.8341000000000010e-04   1.3161667227455270e-01   2.7917680711060657e+00  -8.2538996832126499e-01   3.0555086151691618e-01   5.1050064700403985e-01
   4.9200099999999998e-03   6.0743767235579493e-01   2.8318493206021617e-01  -4.1172639558280505e-01   5.3741713357308978e-02   2.2374357831867306e-01
   2.2149600000000002e-03   1.2684936306608459e+00   1.5988533608268349e+00  -8.3645679609199219e-01   1.3242985664147938e-01   3.4968010779679021e-01
   4.8424599999999998e-03   4.9800239827663006e-01  -1.5941323441757599e-01  -4.5572086530888650e-01   5.0702907641131938e-02   2.1727606654069734e-01
   8.3757000000000005e-04   5.4212770112222697e-01  -2.8559084156399783e+00   6.9944976691938021e-01   3.3320851212745267e-01   5.2989690867472738e-01
   9.9862999999999992e-04  -1.5756915442210892e-01   2.8429287675288202e+00   4.5856908754077208e-01   2.9551085509258201e-01   5.0048824248862334e-01
   1.0569100000000001e-03  -2.0875497805012078e+00   8.7391538185480422e-01   1.7895620824619218e+00   2.9639841282049434e-01   5.0566052579468190e-01
   4.1233299999999997e-03  -4.0844251666619946e-01   3.9276449742449276e-01   1.0229660055787535e+00   6.1985048563970531e-02   2.3993498509976871e-01
   3.1885300000000002e-03  -6.0633407676253215e-01   7.9750226284145842e-01  -1.2652433611546969e+00   8.0744469236842295e-02   2.7308001970156309e-01
   2.0650600000000001e-03   1.5200571190444567e+00  -2.3209245346308616e-01   1.5918389644505566e+00   1.3213464244083073e-01   3.4804858316133880e-01
   2.1258200000000001e-03   8.8256384167981994e-01  -4.9618408494187576e-02   2.0004312817857719e+00   1.2658817612367912e-01   3.4146090092019782e-01
   3.6746600000000002e-03  -9.4976823898868815e-02   7.9531978094701949e-01  -1.2494202385673803e+00   7.7542709223657622e-02   2.6765098555274203e-01
   8.4630999999999997e-04   1.5338296681592385e+00  -4.9182027841603998e-01   2.5428329094443600e+00   3.3524645014178844e-01   5.3396726816840878e-01
   9.8489999999999992e-04  -2.2371087780562906e+00  -1.4623431187844709e+00   1.1826854181874933e+00   3.1806175378560902e-01   5.1909847933144904e-01
   1.3847700000000000e-03   1.2009954662974545e+00   6.9361664893058406e-01  -2.3286006506820391e+00   2.5094322075835307e-01   4.6691801460076843e-01
   2.1701099999999998e-03   1.3159650297852410e+00  -1.1775373718904789e+00  -1.2139381921807313e+00   1.2195473847340060e-01   3.3486279906202571e-01
   4.6406399999999997e-03  -9.2158935976916190e-01   2.9923050932764289e-01  -2.6173519245275589e-01   5.8689247002660309e-02   2.3382122769806138e-01
   4.4520699999999998e-03   9.7919869671624538e-01  -1.7839337444379627e-02   4.5136925823064666e-01   6.0426884784368723e-02   2.3711104514527104e-01
   2.1280299999999999e-03   4.6740775629206234e-02   2.1842052738032689e+00  -1.3361362846531694e-01   1.2782172100150174e-01   3.4307392555514382e-01
   4.2812199999999996e-03   6.6710215569545972e-01   9.2533365500805531e-01   2.0995026785954074e-01   6.2673758670371268e-02   2.4141301391013936e-01
   3.5113300000000000e-03  -9.0554190716111804e-01  -1.3401310856070006e+00  -1.6187919035864720e-01   8.5303702401022391e-02   2.8115874904294330e-01
   3.4985500000000000e-03  -1.0598641333635208e+00   4.1756321503070015e-01   1.0793937410859433e+00   7.9624062839446161e-02   2.7202048207060525e-01
   4.8257800000000000e-03   5.0286891243062559e-01   1.5543541008902301e-01  -9.5665473283168467e-01   6.4163112014811258e-02   2.4441501511098893e-01
   3.6651900000000000e-03  -1.2759557307584675e+00  -1.6607296785952619e-01   8.6411975555279252e-01   8.0723838614102358e-02   2.7380821784249371e-01
   2.2487000000000002e-03  -2.8282438669260740e-01  -4.0521120856652260e-01   2.0433717197112840e+00   1.1818231034394604e-01   3.2954418527504753e-01
   3.8375800000000002e-03   4.4882564247350687e-01   2.1661261693159489e-01   1.4389675050117057e+00   8.0468416004180462e-02   2.7342713623079568e-01
   8.3606999999999996e-04   1.3311856755529368e+00  -2.0828510247062209e+00  -1.7045270055579995e+00   3.3163089559937753e-01   5.2967629607794042e-01
   3.2996599999999998e-03   4.9038075241085105e-01  -2.2095492759168178e-01  -1.5185434986535560e+00   8.1050668170033729e-02   2.7417397500106627e-01
   2.1514699999999999e-03  -1.2059420809724306e+00   4.6078888098275134e-01   1.7476283721282537e+00   1.2665648251139147e-01   3.4123269318964289e-01
   9.5560999999999997e-04   2.7306909335928324e+00  -7.0131593699405181e-01   8.0640640523157170e-01   3.1367877653812049e-01   5.1745861821005523e-01
   5.4589199999999999e-03  -4.5511393905937902e-01  -1.7434060161557002e-01   4.0611663953075189e-01   5.3627157795453670e-02   2.2348024266866870e-01
   3.6309799999999998e-03  -7.8863466672421512e-01  -7.7630085885825673e-01  -1.0794863468651696e+00   7.9627477130044005e-02   2.7197827058055318e-01
   4.5464900000000003e-03  -4.3276847641690437e-02  -8.9644714471896492e-01   4.1503248210899452e-01   5.7668245957504465e-02   2.3160275620349172e-01
   2.2997000000000000e-03   1.6836191050591405e+00  -4.1542927928844264e-01  -1.3609853754959511e+00   1.3664180293274084e-01   3.5493886310656847e-01
   2.5575900000000002e-03   3.1768779359077659e-01  -6.7733600210561529e-01  -2.0210062458013627e+00   1.3721081029301357e-01   3.5554440713132318e-01
   2.4145400000000002e-03  -1.4863459133528734e+00  -1.4598144365780854e+00   3.9049642992770994e-01   1.2620801655117073e-01   3.4093045565353786e-01
   9.3037000000000003e-04   7.7738097907246961e-01  -3.4173677632065980e-01  -2.8822973982391451e+00   3.5587058809856442e-01   5.4959670803377025e-01
   3.5329099999999998e-03  -2.3848533758491039e-01  -1.5019581848500618e+00  -4.6164329167271728e-01   8.2172343733965481e-02   2.7629560073781445e-01
   2.6569599999999999e-03   8.6426959935392664e-02   1.3728193470479622e+00  -1.3018536854682321e+00   9.8622039081361398e-02   3.0196938672841489e-01
   1.3425399999999999e-03   1.2989386080125818e+00  -9.7522083474245513e-01  -2.0887766090959268e+00   2.1586681584539991e-01   4.3570647935736057e-01
   3.9176000000000002e-03   6.8424454242814736e-01  -9.9891800008794551e-01  -8.4658101781364914e-01   7.8325542854115707e-02   2.6970649420664461e-01
   4.2979699999999999e-03   5.8212974384807803e-01  -9.9867126963640496e-01  -2.3844770668450760e-01   6.3976596162459876e-02   2.4387339607582079e-01
   1.7770500000000001e-03  -1.4338495087366707e+00  -1.8455672555960156e+00  -3.5704143913922703e-01   1.5136766991722989e-01   3.7184730449095099e-01
   7.8525000000000003e-04   2.4467478260493984e+00   7.1752333791188827e-01  -1.6375820987496954e+00   3.3462741538827878e-01   5.3332166684238880e-01
   4.8085799999999998e-03   3.1078662409673702e-01  -6.2711996739935649e-01  -5.8039189503457278e-01   5.6929738017002796e-02   2.3020460242747917e-01
   3.2712800000000001e-03   5.6231992712521328e-01  -1.5281980761427558e+00   2.7320323544697123e-01   8.3939148619395748e-02   2.7910446826565072e-01
   2.4901400000000001e-03   1.9815162449799542e+00   6.7412588266683698e-02  -8.4963938919903587e-02   1.0789114798860987e-01   3.1493898405936105e-01
   3.3559699999999998e-03  -2.7653471416856690e-01  -6.4936146725320787e-01  -1.4493625594243293e+00   8.1603748575560811e-02   2.7501404886783687e-01
   2.2906900000000002e-03   1.7130960335600014e+00   1.3156348392026802e+00  -1.7964308874909080e-01   1.2917001914973517e-01   3.4510242398177277e-01
   4.6167800000000000e-03  -5.9974268053994173e-01   7.8176666226460367e-01  -2.3477416381688238e-01   5.9038259696690243e-02   2.3434810454054372e-01
   3.8634899999999998e-03  -3.8361557227666723e-02  -9.3589861711485089e-01   1.1410563437832335e+00   7.7526627223082872e-02   2.6835517007304710e-01
   3.9002600000000000e-03   1.3916893330882232e+00  -1.5772753174077936e-01  -2.6638664159212405e-01   7.4585129151143847e-02   2.6305123750026566e-01
   2.0590299999999999e-03  -8.7103155796173681e-01  -2.0356469689872574e+00   2.8416805496687558e-01   1.3527805704925050e-01   3.5265468503455960e-01
   2.1454099999999999e-03  -6.3748482763689340e-01  -2.0582451865938651e+00  -4.4104154293981301e-01   1.3041393414958272e-01   3.4628797101057246e-01
   1.1046999999999999e-03  -2.5076916127569220e+00   1.2539336193177335e+00   3.0455592564737125e-02   2.6465384029099148e-01   4.7724271011490821e-01
   1.0508500000000001e-03  -5.5792499394599593e-01  -2.6174367790764892e+00   1.0099674885962462e+00   2.9117724435018161e-01   4.9759026138047030e-01
   3.7560200000000001e-03  -4.8275229137205355e-01   1.2017514225023416e+00  -8.0116004947195862e-01   7.9595931779123746e-02   2.7189114215533927e-01
   7.8111999999999995e-04   9.0808769162441705e-01   2.9004268204939634e+00   4.0863895738646391e-02   3.4463914764302872e-01   5.4078107676055642e-01
   1.0000700000000000e-03  -1.3676852122724457e+00   1.8686389892616484e+00   1.7240511246526393e+00   2.9041719601564431e-01   5.0011778973759013e-01
   5.2778499999999997e-03   1.1332164499881003e-01  -4.1923793317397134e-01   2.5873207773764390e-01   5.0518187597961881e-02   2.1677180328258841e-01
   4.8712599999999997e-03   9.7982892345081410e-02   9.8128197387197191e-01   2.4487738107997539e-01   6.1060820432622766e-02   2.3847801198070051e-01
   3.7366700000000001e-03   2.6968063246649110e-01  -1.2922082134343804e+00   7.6474394040837002e-01   8.0095889174418150e-02   2.7263958482701173e-01
   3.0334899999999998e-03  -1.2571961380921703e+00   8.6614878308566035e-01   6.8205274813243999e-01   8.1654085421143816e-02   2.7510700683500250e-01
   1.9978000000000001e-03   5.5062643414050239e-01   2.1457547973916835e+00   4.5916722395358855e-01   1.3836711174667599e-01   3.5612560726498060e-01
   3.5146800000000001e-03  -1.0308672690498202e+00   3.4353419877776892e-01  -1.1837301157307221e+00   8.3532509569175087e-02   2.7832750454536831e-01
   2.2966100000000001e-03  -6.6957546139732649e-02  -1.2720331429995946e+00  -1.7234646022939037e+00   1.2574711494174717e-01   3.4028784098416320e-01
   3.6121800000000000e-03  -6.4056366231650119e-01  -9.9677332991919643e-01   1.0086475155050265e+00   8.0245001771563282e-02   2.7307998228941516e-01
   4.5068299999999999e-03  -1.6966757749842432e-01  -6.2548233493005978e-01  -8.5465854331466107e-01   6.0733646273580480e-02   2.3771714080648207e-01
   2.9846100000000000e-03  -5.3601303068215289e-01   6.1448312499357527e-01   1.4834668832797047e+00   8.3374208294216406e-02   2.7794861271504634e-01
   9.8401999999999995e-04   2.7654009770920935e+00   5.3461218584122094e-01   7.2051549723040187e-01   3.0313234115758592e-01   5.0902295726191227e-01
   2.1557400000000002e-03  -1.4087747501791192e+00  -1.2000804387262474e+00  -1.0953842130441451e+00   1.2333278068134554e-01   3.3657335051766701e-01
   1.5569799999999999e-03  -2.2009482786128944e+00  -8.4456867937496405e-01  -3.1043320234039562e-01   1.4189102954677163e-01   3.6010744129451500e-01
   3.0808900000000002e-03  -1.2664756150588119e-01   1.1484283819227645e+00   1.2110340348257211e+00   8.2449773540103327e-02   2.7650815181633948e-01
   4.7955500000000000e-03   1.4723671953306993e-02   3.0433265612777222e-01  -9.2260301057274852e-01   5.9431951746878785e-02   2.3507152232843662e-01
   2.1767100000000001e-03  -5.5705788641808907e-01   3.2066846100436730e-01   2.0700966860328367e+00   1.2643789550609594e-01   3.4102018156007335e-01
   2.0616200000000001e-03  -1.7446937240607596e+00  -7.2568862004974599e-01   1.0757440597284447e+00   1.2423824436426974e-01   3.3757464166016277e-01
   5.4690600000000004e-03  -5.2806135791961839e-01   3.3199880027315898e-01   1.1868581511834131e-01   5.3536523213463472e-02   2.2330912565547192e-01
   2.8906499999999998e-03  -1.7600869104069239e-01  -1.5684588761644841e-01  -1.8021691259326924e+00   9.3984122061669353e-02   2.9504565371655350e-01
   2.9979799999999999e-03  -4.2073998199005697e-01   1.6860021467516160e+00  -3.2568200333196556e-01   9.0976067496805049e-02   2.9015974689058388e-01
   3.6237100000000000e-03  -1.2453535991302100e+00  -3.3899486925682470e-01  -9.1373868408105230e-01   8.3002508334971845e-02   2.7753878345837613e-01
   2.2007099999999998e-03   4.9123290596973412e-01   1.8592957144854012e+00  -8.9419168117099979e-01   1.1951242752107682e-01   3.3146694877216148e-01
   4.4697799999999996e-03  -7.9576878567157305e-01   7.5457916559421329e-02   7.0277294831393022e-01   6.0115511619763459e-02   2.3642301495694362e-01
   4.8853999999999998e-03  -3.0320636746031671e-01   2.6646224684365943e-01   5.5906182107412483e-01   5.1173419351087650e-02   2.1825569953807727e-01
   2.3179699999999999e-03   8.3722299702982772e-01   1.6715877901470522e+00   9.6737378843704769e-01   1.1990042277500505e-01   3.3241401891703048e-01
   3.6951499999999999e-03  -1.4831039767647938e+00  -2.7788135664141939e-01   2.8431565495309991e-01   7.9929862412535718e-02   2.7246916767984752e-01
   1.0513499999999999e-03  -8.8500699230164612e-02  -1.6649672714050652e+00   2.2728592900180016e+00   2.6807617354437957e-01   4.7790149833798490e-01
   8.7991000000000002e-04   5.6409037131717821e-01  -1.5503187191831185e+00  -2.4572461177225491e+00   3.1483335436421089e-01   5.1670838319870172e-01
   4.1249099999999999e-03   9.1567558299926843e-01   5.0685688729523060e-01  -8.7133788057623018e-01   7.2596159616823114e-02   2.5965990349393858e-01
   8.7233000000000005e-04  -1.8831944644879053e+00   2.2993376025897887e+00  -5.6279207668264564e-01   3.5823460492794584e-01   5.5194491642431653e-01
   3.3086800000000000e-03  -2.8835608674391222e-01  -1.1426726767417095e+00  -1.0497628636782386e+00   7.7527558455321180e-02   2.6845910896906250e-01
   2.4690300000000001e-03   2.9085082795686289e-03  -1.9035048688513143e+00  -9.8885081292638937e-03   9.5184444734618734e-02   2.9653125530618324e-01
   2.1603099999999999e-03   1.7033300919568208e+00  -1.3791397380827974e+00  -2.4555083652560768e-02   1.2879352168073160e-01   3.4451653122548087e-01
   8.6410999999999996e-04  -5.3250763703248338e-01  -2.0756925011417553e+00  -2.0558942840874406e+00   3.1627738931932720e-01   5.1829024129135759e-01
   2.2496100000000000e-03   1.0668254703486160e+00  -1.7839058978836424e+00  -2.4074735150570228e-01   1.1621530875979570e-01   3.2692013880229548e-01
   5.1781300000000004e-03  -2.9636714352914573e-01  -1.0231521382098865e-01  -5.2306882737236216e-01   5.1680001092172557e-02   2.1921624130638406e-01
   7.3866000000000003e-04  -1.3691739869575574e+00  -2.7929392215585671e+00  -1.9129593445316367e-01   3.8665772002418158e-01   5.7273955215782391e-01
   2.1935700000000002e-03   1.9558728989690136e-01   1.5239450030517596e-01   2.1325046247379182e+00   1.2249008433413283e-01   3.3577670124534126e-01
   9.7004999999999997e-04  -2.7207035508118116e+00   5.3201212464609882e-01   9.1220348672560247e-01   3.0704211630228867e-01   5.1200419811897313e-01
   3.9404399999999999e-03   3.2773642430335720e-01   1.1838020215832290e+00   7.6892317377144104e-01   7.6355385116333274e-02   2.6642134447357413e-01
   3.5143900000000000e-03  -1.2138642073145935e+00  -7.7618769773168528e-01   6.7168411221136948e-01   8.1716054108147154e-02   2.7546316912140961e-01
   2.3789400000000000e-03   7.5444872464225016e-02  -9.9190542593127706e-01   1.8050276753977172e+00   1.1604762308421308e-01   3.2658816932066942e-01
   1.7415300000000000e-03   2.1197498897639280e+00   2.2678393842652886e-01  -8.7611275138775235e-01   1.3536956883045131e-01   3.5253255863458977e-01
   3.3476199999999999e-03   1.0465212570144069e+00  -6.0784046356625793e-02  -1.2055190299674372e+00   7.9775340202158637e-02   2.7220502315644457e-01
   3.3834700000000000e-03  -8.8031524112336224e-01  -1.2305299540332491e+00   4.3188162749919684e-01   7.9190843902703173e-02   2.7089237914808467e-01
   3.4011499999999999e-03   4.6661815443061616e-01  -1.5086091155136687e+00  -3.9246184103257281e-01   8.3825176220283751e-02   2.7888868079636137e-01
   4.0443399999999996e-03   7.8282663949001963e-01   2.0760421030909731e-01   9.1753939537214746e-01   6.4155200801275750e-02   2.4401712970760739e-01
   3.7978199999999999e-03  -3.8105661602825602e-01  -5.2854647816644240e-01   1.3961159475178782e+00   8.1314432909514484e-02   2.7491875352870726e-01
   3.5802500000000001e-03  -2.5394367813187796e-01   1.2864906357690060e+00   6.2309693316807946e-01   7.2025510566354298e-02   2.5859783906462297e-01
   2.3613800000000002e-03  -6.1195233487309386e-01   1.5994202915982563e+00   1.1530121864908029e+00   1.1429911851817869e-01   3.2455462562900239e-01
   1.0270200000000000e-03  -1.5963434585590623e+00  -2.2363826939434466e+00   8.4030249691058168e-01   2.8469830882807046e-01   4.9454493385965698e-01
   8.8044000000000002e-04   7.7577150965599195e-01   3.8909984039834183e-01   2.8462253388861600e+00   3.2273041874743247e-01   5.2244528840934989e-01
   4.6243800000000000e-03  -7.5331145217066897e-01  -6.9692226095330179e-01  -1.0508680112341146e-01   5.9855946567463188e-02   2.3599776364564429e-01
   2.0236000000000000e-03   1.8670423231505828e+00   4.4605695254518757e-01   1.2003463658497240e+00   1.3878038405345228e-01   3.5729641716269972e-01
   2.1766400000000001e-03  -1.0537504945190499e+00   1.8376958992428873e+00  -3.7346164706802444e-02   1.1767213987164156e-01   3.2906048052445414e-01
   1.2806600000000001e-03  -5.0765546907589255e-02   9.6780177741432516e-01   2.4833049455798748e+00   2.1807779906172867e-01   4.3737524863609134e-01
   4.0154800000000001e-03  -5.3701323898382269e-01  -9.8658741582906950e-01  -5.4134466638251966e-01   6.4112507519001341e-02   2.4432440254208029e-01
   1.0233300000000000e-03   1.5828221690122732e+00   2.2712136386367421e+00   8.5374610899041781e-01   3.0237897158126165e-01   5.0778902217509436e-01
   1.3596200000000000e-03   3.9307256252297357e-01  -6.8398578442790325e-01   2.6051413845673390e+00   2.5435943392842508e-01   4.6961317805379538e-01
   4.3620400000000002e-03   6.8552648357304402e-02  -1.0601913942165520e+00  -5.5011931607833808e-01   6.5769646754095926e-02   2.4724503483809743e-01
   8.1641000000000005e-04  -3.2033633995415323e-01  -2.8297439977202279e+00  -1.0499853846419696e+00   3.4498418685615151e-01   5.4100581346004195e-01
   1.2680499999999999e-03  -1.5989414363052794e+00  -1.0468144806710753e+00   1.9827045219660266e+00   2.5784259189292053e-01   4.7215906570300831e-01
   3.0925000000000002e-03   1.1427574889723633e+00  -1.1819744674083210e+00  -5.2508576525043793e-01   8.8494771734892730e-02   2.8600565915632314e-01
   4.7287500000000003e-03  -9.7804375942875466e-01   1.0968280878071274e-01   2.1528544076694336e-01   6.0075603453649963e-02   2.3631086975838350e-01
   9.2913000000000002e-04  -4.4035557525711155e-01   3.7639059244233525e-02   2.9251049620960150e+00   3.2144260584427570e-01   5.2325758743214590e-01
   2.2809499999999999e-03   7.3836024370462872e-01   7.3461227974240006e-01   1.8819602836952383e+00   1.2680733449760040e-01   3.4162426042317789e-01
   1.0295100000000000e-03  -2.8050477717880398e+00  -6.3130963816010943e-01   5.3485647462295427e-01   3.1488514730257378e-01   5.2048896824939805e-01
   2.3924500000000000e-03  -1.8838538689451489e+00  -8.4681629657163038e-01   3.6348858341606372e-01   1.2237609163916337e-01   3.3532333450642055e-01
   4.8370699999999997e-03   5.1245620524723279e-01  -8.8287874958057910e-01   3.0235703760069688e-01   6.2938824711440314e-02   2.4208520763439950e-01
   2.3536199999999998e-03  -1.6714227895166367e+00   6.8873737321888184e-01  -1.1219467372212215e+00   1.2484163396368528e-01   3.3913259174583787e-01
   9.3156000000000001e-04  -1.1330697689162845e+00   1.0228465221730232e+00   2.5203171894261258e+00   3.1071342731864571e-01   5.1506195019885603e-01
   6.1681300000000000e-03  -1.4327722458128994e-01   4.4321638006866899e-02   4.2260785474341582e-02   5.1138602990083631e-02   2.1831097261716151e-01
   2.2077600000000000e-03  -2.0161152945320544e+00   6.1094769210997002e-01  -4.4046194210215373e-01   1.2394270839328729e-01   3.3789095761852189e-01
   5.2166900000000004e-03  -4.0694222839670757e-01   3.1043240319051879e-01  -3.7068767087459964e-01   5.2042420591086352e-02   2.2010881823807260e-01
   4.9050900000000000e-03  -3.9746765115790439e-01   8.1029216788346414e-01   2.5730611960954353e-01   5.8690811137166649e-02   2.3362857434930451e-01
   1.4081499999999999e-03  -2.5891645388263584e-01  -1.3165400233702876e-01  -2.5958453757614843e+00   2.1048326712127216e-01   4.2987646756458653e-01
   2.6548200000000000e-03   7.7862357786069189e-02   1.8119097961329729e+00   8.8824355029865443e-01   1.1638397353226000e-01   3.2749516318299177e-01
   5.3971599999999998e-03   5.5651095345059444e-02  -2.7885603764145417e-01  -2.2914017316087285e-01   4.8406646012469155e-02   2.1238699412295206e-01
   1.2566599999999999e-03  -1.9597533833144198e-01  -2.7111069365414728e+00   2.4216053963905779e-02   2.3790918336733777e-01   4.5564979722474874e-01
   3.7165900000000001e-03  -1.3841930106028031e+00   3.2083853067676449e-01   5.1694801999989848e-01   7.8499946759433337e-02   2.6993636598011445e-01
   5.0930100000000002e-03   3.1653935838547376e-01   6.5842254166993841e-01  -6.2151091386535351e-01   6.1102396008730200e-02   2.3842803468800208e-01
   2.0950900000000000e-03   1.0714804887731173e+00  -1.7838277923952270e-01  -1.9345784324335429e+00   1.3094125252823999e-01   3.4714632963686143e-01
   1.2121000000000000e-03  -1.2590652498908661e+00  -2.1318851749204795e+00  -1.2264570418928018e+00   2.5364481467467215e-01   4.6889454088165611e-01
   1.1081999999999999e-03   1.6760216534967864e+00   2.2002208879819865e+00  -2.2428816348220465e-01   2.4635648959941053e-01   4.6156966239892333e-01
   3.0967000000000000e-03   2.9977280804165957e-01  -3.9873992776489836e-01   1.6759314080519268e+00   9.0952609330542167e-02   2.9006758907922797e-01
   9.2398999999999997e-04  -3.8577401289046237e-01  -1.1076331886006341e+00  -2.6930755510332478e+00   3.1496868898388997e-01   5.1718088985311106e-01
   3.9069100000000004e-03   9.0130594288512500e-01   5.3968779246042498e-01   5.1918996910142401e-01   5.9754644438646955e-02   2.3566119274454178e-01
   9.7280000000000001e-04   1.5325110752076181e+00  -2.4344854167402401e+00   1.8566607064609042e-01   2.8545550488911792e-01   4.9379269459369146e-01
   1.8621400000000000e-03   1.4741100412526642e-01   1.6240097520309134e+00   1.6713444107802822e+00   1.4965590124416062e-01   3.7033854644365616e-01
   2.5743900000000002e-03  -4.6975645205913776e-02  -1.9592021034955607e+00   6.5030971348252831e-01   1.2197931538533489e-01   3.3518452189934828e-01
   2.3916100000000002e-03   1.9472880889749697e+00   7.4156110985027812e-01   3.5438641162518830e-01   1.2498123997287386e-01   3.3882551912610842e-01
   3.3059000000000001e-03   1.3593835116123552e+00   5.7240546524852531e-01   7.7577853917374684e-01   8.6385946216523693e-02   2.8305754009552891e-01
   4.1087099999999998e-03   1.0594508621964277e-01  -1.2995632286597896e+00   7.6351189025015365e-02   6.9614432733797957e-02   2.5402146195806741e-01
   4.7452700000000002e-03   9.8097130413726391e-02  -7.9516799632222013e-01  -8.5160002691428191e-02   5.2669582834259349e-02   2.2160471584052435e-01
   5.1809100000000004e-03  -3.1720190819596639e-01  -4.9942452643442986e-01   1.1078769419783464e-01   5.1312313475976472e-02   2.1850780047311499e-01
   3.5335499999999999e-03   8.3473219058901293e-01  -2.6066475919719284e-01   1.2944643035646808e+00   7.9479443457422444e-02   2.7177888539437667e-01
   2.2120899999999999e-03   1.5442178709474934e+00   3.7236294746091075e-01  -1.5097086620927103e+00   1.3230809506249797e-01   3.4872433574710698e-01
   9.4724999999999996e-04  -7.6420769098403174e-01  -9.9659271253997272e-01   2.6534695470722149e+00   3.1413250607192983e-01   5.1614267799601599e-01
   4.9739299999999997e-03  -2.1432143352753766e-01  -5.5151694823949127e-01   7.3812130893687766e-01   5.9762613351060645e-02   2.3572222100969240e-01
   9.6026000000000000e-04   1.7921380481984006e-01   8.0184014832514527e-01  -2.8197595376922719e+00   3.1363146234104439e-01   5.1681374078727016e-01
   9.5279000000000002e-04  -1.2921695027535365e+00   2.5620061515659303e+00   5.9792066642351471e-01   3.1449315664790500e-01   5.1674775216157265e-01
   4.5306499999999998e-03  -5.9476563954612349e-01  -7.8175133835960908e-01   4.3791639405934962e-01   6.1117408483690634e-02   2.3839176475730209e-01
   9.4618999999999997e-04   1.1625693790247871e+00   2.4236206311346176e+00  -1.2538786962682371e+00   3.3361392306891280e-01   5.3324242618551032e-01
   3.4345199999999999e-03  -1.1144134807047332e-02   1.5661316849978200e+00   1.9632238721407078e-01   8.0623864265854425e-02   2.7319193260415658e-01
   1.3121700000000001e-03   3.4310418295862155e-01  -2.1091508930068632e+00  -1.5577523965185935e+00   2.0999351311369860e-01   4.3002296808329410e-01
   9.4600999999999995e-04  -2.1900570841059426e+00  -5.9817356786864628e-01  -1.8288664883709342e+00   3.0636150057649275e-01   5.1062984056884875e-01
   3.2268499999999999e-03  -7.9670001714542527e-01   1.2140390017926406e+00   5.5715977105063408e-01   7.6802438398870174e-02   2.6619017926655270e-01
   2.1095799999999998e-03  -2.0568492006092933e+00   4.4585265089042181e-01   3.4377276794344658e-01   1.1833273484354719e-01   3.2977383803604299e-01
   2.8043600000000001e-03   1.1448668460334601e+00   3.3144164121061248e-01   1.4128791709519537e+00   9.5321539181228362e-02   2.9706439787638006e-01
   2.4149900000000001e-03  -1.5870795901780230e+00  -1.1815002443274509e+00  -3.4477333814656014e-01   1.0893180686993804e-01   3.1657130096679142e-01
   8.7856000000000002e-04   2.4333117936867117e+00  -3.1886013116270873e-02   1.7255096797994067e+00   3.2632292585627320e-01   5.2775701097498073e-01
   3.3760800000000001e-03  -9.2332943525316480e-01   1.1953620217413690e+00  -3.9493248912622742e-01   7.7479106676323184e-02   2.6821888354211249e-01
   3.9355800000000002e-03   1.4074033262257264e+00   2.7389667935434781e-01   2.2778982019782629e-01   7.6460081903776053e-02   2.6661799210748960e-01
   4.4662100000000000e-03  -7.5014765996874011e-01   5.7949814138659050e-01   5.7048511946314839e-01   6.1763123484495613e-02   2.3976366801886306e-01
   4.4928700000000004e-03  -8.1966639809549624e-01   2.2849604579293810e-02  -6.9809525185249566e-01   6.1065704399404105e-02   2.3826244933998500e-01
   2.7480899999999999e-03  -1.1267767728744478e+00   1.0601929347356212e+00  -1.0154177692723130e+00   9.4165891993311920e-02   2.9537150340218488e-01
   2.2661000000000001e-03   2.0160909531728319e+00   5.1897756034379516e-02   5.8570157571369530e-01   1.1943295158064515e-01   3.3064563578380612e-01
   2.1080900000000000e-03  -3.6530620740545316e-01  -1.8223820096274410e+00  -1.1434431609357647e+00   1.2490991034859562e-01   3.3944484532569996e-01
   7.2988999999999997e-04  -3.3454076104102021e-01   1.9974201211897993e+00   2.2864883647029659e+00   3.4995084388305314e-01   5.4248365930116182e-01
   1.1283300000000001e-03  -5.1071706911302450e-01   2.3903168574269253e+00   1.2911295372972476e+00   2.4563359262755161e-01   4.6102642872586491e-01
   4.2269300000000003e-03   7.8005452946083631e-01   7.6766718922417976e-01  -3.1961743439802709e-01   6.1082333367649636e-02   2.3842061711766438e-01
   2.6732300000000000e-03   1.1104611805648095e+00   9.2445664037185005e-01  -1.3158024175234158e+00   1.0773559068499272e-01   3.1513506069989311e-01
   4.3674999999999999e-03   6.1028171712938739e-01  -3.9808082779768456e-01  -9.4525998596954663e-01   6.4807840005644213e-02   2.4567196324961732e-01
   1.0376900000000000e-03  -1.8694677138632703e+00   7.0126856467343379e-01  -2.1146144650309688e+00   3.1908505851524738e-01   5.2056069346482348e-01
   2.1749500000000001e-03  -7.8484654331489312e-01  -1.2791293424122998e+00  -1.5344580268637060e+00   1.2225970761616357e-01   3.3507882943371464e-01
   2.1861099999999998e-03   4.0821780096010063e-01   1.6675481855217922e-01  -2.1272993866061056e+00   1.2660877967118242e-01   3.4145402269310099e-01
   8.8310000000000005e-04  -9.2661464171045216e-01   2.4729716469224141e+00  -1.3783829446469442e+00   3.2694751725045673e-01   5.2630960030871532e-01
   5.6352700000000004e-03   5.9565735603945090e-02  -9.4253871444333101e-02   5.4082720022676700e-01   5.3287064786555115e-02   2.2272551186452261e-01
   4.4882600000000000e-03  -1.0063223164769859e+00   6.9693434626048945e-01   1.0767035120897332e-01   6.8653157751717944e-02   2.5261888531882093e-01
   2.9561499999999998e-03   8.0448383772433973e-01   3.8221524360286024e-01  -1.5189800492786161e+00   8.9610550680037038e-02   2.8778958807450455e-01
   4.8917099999999996e-03   5.6357982873781176e-01  -2.9884511751626702e-01   3.5531652649922696e-01   5.1911611868506090e-02   2.1989090035344538e-01
   2.6795700000000000e-03   5.7397751111109049e-02   7.6494534829932970e-01   1.7429666737988792e+00   1.0063023682323374e-01   3.0498136428364853e-01
   4.8069300000000001e-03   3.8305562846938535e-01   6.5751220827709500e-01   6.1342275669345581e-01   5.9375939029719126e-02   2.3503347482000508e-01
   2.0422499999999998e-03  -6.0516460247136405e-01   1.1996193038665528e+00   1.7831584423548308e+00   1.3267951947484175e-01   3.4951604393944202e-01
   9.3002999999999998e-04   1.4556035987720972e+00  -2.2004317305020469e+00   1.3315483046132017e+00   3.2177132805188280e-01   5.2484876391621504e-01
   3.7482300000000000e-03   9.5126815817728971e-02   1.1958913534577633e+00  -7.5503159013044530e-01   7.2337930279281953e-02   2.5901742566130176e-01
   4.4250799999999996e-03   3.4005154594256010e-01   1.0393921026211344e+00  -2.3227682494008389e-01   6.2219106485093018e-02   2.4044210184937803e-01
   9.7024000000000003e-04  -8.9051797400164190e-01   6.3955214027981611e-01  -2.6585711236081924e+00   2.8215215101923907e-01   4.9013916380522116e-01
   3.4967399999999999e-03   1.0127755668035625e+00  -1.1603464280052449e+00   7.7018001734889999e-02   7.7482209366913357e-02   2.6824174720570021e-01
   4.4871399999999997e-03  -3.7407547736114022e-01  -1.0489728326568906e+00  -1.5591650272959374e-02   6.2394051751591538e-02   2.4082586306830742e-01
   2.0169200000000002e-03   1.7811932006660347e+00   9.3175395447341314e-01  -9.4778688203731509e-01   1.3062304654587531e-01   3.4658389886337243e-01
   7.8436000000000001e-04  -2.8575833161821871e+00  -6.3516760547712314e-01  -7.6813591545296678e-01   3.4057620784489434e-01   5.3741517419277363e-01
   8.1070999999999997e-04  -8.8928960199414131e-01   1.7205731231886450e+00  -2.3588067426788397e+00   3.5974265607378653e-01   5.5249412501858985e-01
   1.1911999999999999e-03   1.2755562427519047e+00   1.7327005798270825e+00   1.6535051240340020e+00   2.3685688450455641e-01   4.5279097983070299e-01
   4.4562700000000000e-03   9.7012280437821763e-01  -5.7977277869224964e-01   1.4530240116930543e-01   6.3356803779013871e-02   2.4271441117609185e-01
   3.4735100000000000e-03  -1.3086112861013510e+00   7.3465475603542207e-01  -4.3426737939069671e-01   7.8874592147292991e-02   2.7060038095810096e-01
   4.8869800000000000e-03  -2.5680458823133456e-01  -5.9477217834563723e-01  -3.6042489196235872e-01   5.2569741419954706e-02   2.2112053333854706e-01
   4.3861999999999998e-03  -1.8385665663832626e-01   1.1336877757751940e+00  -2.4894152242696033e-01   6.4366934295337297e-02   2.4464284011193527e-01
   8.9751000000000002e-04   2.6669262221402255e+00  -3.4854300686988399e-01  -1.2055420107062214e+00   3.0829988820593152e-01   5.1299184180616275e-01
   1.8498700000000000e-03   6.0513889132496335e-01  -2.1942014926330256e+00   1.2313524505902687e-01   1.3491713833329208e-01   3.5208945792623830e-01
   2.7400900000000001e-03  -1.2145391818822970e+00   1.2389498767767024e+00   1.3612345595102729e-01   8.3492905588589447e-02   2.7781343570609907e-01
   3.6043199999999998e-03  -1.3581772238793901e+00   1.9811403076097553e-01  -6.8666119654026203e-01   7.9277562601269350e-02   2.7109890065389292e-01
   1.8497100000000001e-03  -1.8581682148688756e+00   1.1019104610388621e+00   7.7832154469297610e-01   1.3945052806453825e-01   3.5746425502501283e-01
   1.7047000000000000e-03   1.7951285786720723e+00  -1.2219287077602197e+00   8.2484344338145454e-01   1.3848133409765331e-01   3.5611099647939259e-01
   1.1047299999999999e-03   1.6220404890665792e+00   1.4464498440962597e+00  -1.8095311880102714e+00   2.7303970477612011e-01   4.8490478930677117e-01
   4.1388099999999997e-03  -8.1000766803818303e-01   6.3278182686241036e-01  -6.9936572249428253e-01   6.5677340818182980e-02   2.4706119782995059e-01
   2.0053900000000001e-03   7.4776345662001775e-01   1.4905098046932181e+00  -1.4782164138617617e+00   1.3275397628733393e-01   3.4872846557305354e-01
   4.1186000000000000e-03  -4.6468061634736857e-01   3.1975749569027789e-01  -8.9891840376355125e-01   5.7432297403056200e-02   2.3089011462327855e-01
   0.0000000000000000e+00   0.0000000000000000e+00   0.0000000000000000e+00   0.0000000000000000e+00   1.0147626931142591e-01   2.9334967294606801e-01
