   1.8469400000000000e-03  -2.0221691144821632e+00   4.8881493224260086e-01   1.6406318842321549e-02   1.2034220215964385e-01
   3.1775000000000002e-03  -7.3701775852620188e-01   1.3214535605614595e+00   1.0107978961047199e-02   9.4603280125212783e-02
   3.0935600000000000e-03  -1.4286572255135546e+00   5.4060275596077700e-01   1.0067848630612395e-02   9.4428426143592523e-02
   7.2433000000000003e-04  -9.6142889128097486e-01  -2.6626331633388052e+00   4.2515751113227980e-02   1.9195398469064318e-01
   3.3040299999999999e-03   8.9525803439419616e-01  -8.3686601121640380e-01   7.1712871493191804e-03   7.9564428291034758e-02
   2.3761999999999999e-04   1.5620908020288635e+00   3.1668093380066673e+00   1.6686697834376821e-01   3.5663790453788452e-01
   1.0993299999999999e-03   7.0444407408727683e-01   2.4446933712678334e+00   2.9152385854863166e-02   1.5989499922733935e-01
   2.2848000000000001e-04   3.5241787448097086e+00   5.9458605279444892e-03   1.5385648499518476e-01   3.4290091558734304e-01
   2.6940200000000001e-03   3.0734302662107743e-01  -1.6646630464335033e+00   1.1438876523987776e-02   1.0060056994629382e-01
   1.7013900000000001e-03  -2.1619352426490881e+00   1.7527592062230379e-01   1.8274088149965225e-02   1.2699619178778029e-01
   4.0662299999999997e-03   3.5629677445332408e-01   1.0250142689746131e+00   7.4159836766233781e-03   8.1060769369873165e-02
   2.2787900000000002e-03   1.8595733503903338e+00  -3.7355633939637489e-01   1.4200180922985440e-02   1.1189821991488814e-01
   3.0456000000000000e-04   3.2711251547954929e+00   9.3500208673008323e-01   1.2581834160452357e-01   3.1336201750736337e-01
   3.9169799999999996e-03   1.0891869362710791e+00  -7.1661418419808154e-01   9.3560594369969038e-03   9.0973572970987820e-02
   3.6979999999999999e-04   1.1014073026078410e+00  -3.0723717615314317e+00   9.2073407702345469e-02   2.7160204674630517e-01
   3.7946999999999998e-03   1.2098393552058697e+00  -5.6114855140943602e-02   8.0843935839423828e-03   8.4546655244936722e-02
   1.8359900000000000e-03   1.8225031449938580e+00  -1.0504351239281233e+00   1.7270846213704328e-02   1.2333801039665798e-01
   2.0778699999999999e-03   1.5369096430703975e+00   1.3042249181316321e+00   1.6038776835076408e-02   1.1906590212278220e-01
   1.8425399999999999e-03  -9.0975232596659805e-01   1.9085466097620933e+00   1.7673395559470350e-02   1.2489282636588310e-01
   2.6843499999999998e-03  -1.6673742683128183e+00  -2.3402172662608162e-01   1.1510636646811612e-02   1.0065014537978399e-01
   5.9854599999999997e-03   5.2324047675740152e-03   1.5288187811053347e-01   6.2284656959249391e-03   7.4184534413001144e-02
   2.2668800000000002e-03  -1.0823026528083315e+00  -1.4802248622128429e+00   1.2624591242506396e-02   1.0545963783407501e-01
   2.8524900000000001e-03   4.5879505328619737e-02  -1.5933896576901234e+00   1.0275727918696846e-02   9.5436885000284008e-02
   3.0069799999999998e-03  -5.3840985847721679e-01   1.4857492151706071e+00   1.0658356921155734e-02   9.7110054406605917e-02
   2.5805000000000001e-04  -2.1453907242401051e+00  -2.6944772179310603e+00   1.3514663113089306e-01   3.1957681792096387e-01
   1.3472600000000001e-03  -1.2700670343091200e+00   2.0277675270029523e+00   2.4105896249991317e-02   1.4571075166022632e-01
   1.8427500000000000e-03   1.8088825991508448e+00   1.1032804997831385e+00   1.7950492002599926e-02   1.2573675011108534e-01
   3.9058800000000000e-03   1.4387562907665533e-01   1.1402409294014102e+00   7.6440876443821422e-03   8.2287422888790748e-02
   2.0617000000000001e-04  -3.5521927634931498e+00   4.0009623302133762e-01   1.6281686609546125e-01   3.5397735456230511e-01
   7.3161999999999999e-04  -2.1731518911334913e+00  -1.7182763215852210e+00   3.6449430559992155e-02   1.7748946017477760e-01
   1.7417900000000000e-03  -7.8873298732515573e-01  -1.9693185349825895e+00   1.6882564989004870e-02   1.2201248511018652e-01
   4.0862399999999997e-03  -9.3325732024640329e-01   4.9711050869262480e-01   7.2603011928952183e-03   8.0169425948110856e-02
   2.0546800000000001e-03  -4.7259604625171631e-01  -1.9187627035827817e+00   1.5057484617897321e-02   1.1508853498190053e-01
   4.5442700000000004e-03  -3.0742663954671756e-01   3.7894126640058240e-01   5.2319949440690653e-03   6.8029682445475179e-02
   2.6174300000000000e-03  -1.5680054492591702e+00  -7.8205352145265683e-01   1.2395266029947378e-02   1.0466833854503113e-01
   1.8501699999999999e-03   1.1586846630551451e+00   1.7687990421372917e+00   1.7668597557695485e-02   1.2488229792069373e-01
   3.2448799999999999e-03   1.2355088348308687e+00   8.4895679017247572e-01   1.0144943947962962e-02   9.4779368672678221e-02
   1.5975900000000001e-03   2.0769513453313801e+00   8.5991724428338423e-01   2.0716096250451430e-02   1.3495628308628674e-01
   2.3090900000000002e-03   1.4873713557638168e+00  -1.1291777055155581e+00   1.3456130107443858e-02   1.0912423020410444e-01
   5.3109300000000002e-03  -1.0474873278132213e-01  -7.0038155223428683e-02   5.5598721786171788e-03   6.9970883580952312e-02
   8.8460999999999998e-04   2.5955341541947887e+00  -7.1843953899425506e-01   3.5074476325579251e-02   1.7492496725330903e-01
   2.9856700000000002e-03   1.4439228168610603e+00   6.8294033911681074e-01   1.0891098090426420e-02   9.8184261679452739e-02
   4.6022499999999996e-03   5.8931314955117187e-01  -6.2895865724143496e-01   6.7421371158999984e-03   7.7286960099033186e-02
   1.5222899999999999e-03   2.1512242899081104e+00   5.0254053647473929e-01   1.8558291178255363e-02   1.2731708534664371e-01
   3.4911100000000000e-03   7.7624396073159441e-01  -1.0411577191544459e+00   8.2442347885503808e-03   8.5439552743320255e-02
   3.0673900000000001e-03   4.8928926081106255e-01  -1.4579799708557137e+00   1.0140617450981085e-02   9.4793491362690524e-02
   4.8490199999999999e-03   5.5189973907975165e-01   2.9921937912490248e-01   6.0267342199374014e-03   7.3035090633050137e-02
   1.2807300000000001e-03  -1.7446496946714263e+00  -1.6591566415603158e+00   2.3820374258734296e-02   1.4495766628667520e-01
   8.2103999999999999e-04  -2.6555541419204958e+00  -8.6506602153474832e-01   4.3189796229556543e-02   1.9348168594552451e-01
   2.7506499999999999e-03   1.4272435551646414e+00  -4.5224688956855541e-01   8.6676982056826477e-03   8.7493592311183463e-02
   5.3988100000000004e-03  -2.8875546589114831e-01  -1.3238394194316716e-01   5.7639314371753904e-03   7.1425583982257942e-02
   2.0390000000000000e-04   3.0458592935212798e+00   1.8401095920534360e+00   1.5554125553068140e-01   3.4422281951030836e-01
   1.6176599999999999e-03   1.7108080878296426e+00  -1.3676728854739193e+00   1.8355007414618648e-02   1.2715613901472425e-01
   2.3990000000000001e-03  -1.6959843064124980e+00   5.1481434844471141e-01   1.1877546426082361e-02   1.0234935482695863e-01
   3.3841800000000001e-03  -7.0705067437071278e-01  -1.1827878118491144e+00   8.9156823439529367e-03   8.8806584234272054e-02
   2.9708500000000001e-03  -9.7264619632940996e-01  -1.2295769392815765e+00   1.0300985643257515e-02   9.5489347590408266e-02
   1.0511299999999999e-03  -1.9308688964851264e+00   1.6471239231161920e+00   2.7680829624789075e-02   1.5563575856833242e-01
   4.1895500000000002e-03  -4.3722981183953724e-01   9.9045984902036810e-01   7.5919562689870691e-03   8.2029205700894989e-02
   5.0553600000000001e-03  -4.2805174284055009e-01  -5.3639547148766265e-01   6.4631877419879212e-03   7.5708951538462355e-02
   3.0082999999999998e-04  -2.7308561103732889e+00  -2.0398674488731561e+00   1.2518146895400395e-01   3.1306551933662319e-01
   6.2901000000000005e-04   1.8907452478129179e+00  -2.2364183037845313e+00   5.0643439667927850e-02   2.0892970901429353e-01
   5.2326700000000000e-03   1.8964368699941891e-01   4.8363981785687826e-01   6.0492643200384128e-03   7.3242052190408649e-02
   2.0498199999999999e-03   2.5648521691743642e-01   1.9461475920069062e+00   1.4582889978759294e-02   1.1336773020183864e-01
   2.2257000000000001e-04  -5.7809283724399763e-01   3.4667977854781244e+00   1.4109512801852422e-01   3.3203460207429897e-01
   1.5585499999999999e-03   2.1513940609545705e+00  -5.5707164621577054e-01   1.9026247042374843e-02   1.2931310973486357e-01
   6.1634999999999999e-04  -2.3403590276407391e-01   2.9361236759258991e+00   5.1124666671068374e-02   2.0996328133676997e-01
   7.1836999999999997e-04  -5.0295767703269378e-01  -2.7312776157451037e+00   3.6229050517541467e-02   1.7739629689773961e-01
   6.8214999999999997e-04  -1.4823707224858875e+00  -2.4622393736510091e+00   4.4322922394723289e-02   1.9659410095497545e-01
   4.8865899999999997e-03  -1.8634289294784373e-01   6.8443767470836159e-01   6.3740635888898979e-03   7.5172435850694122e-02
   3.3526599999999999e-03   6.4464690966126925e-01  -1.2483999867578905e+00   9.0982141562855993e-03   8.9778350898381210e-02
   5.6886000000000003e-04  -3.6117824559223702e-02  -2.9784296132348231e+00   5.0882804766448304e-02   2.1008463001658009e-01
   7.5750999999999998e-04  -2.4590519579855847e+00  -1.3461860708223843e+00   4.1966635209913464e-02   1.9022849025820329e-01
   4.1865299999999999e-03  -9.3699297282760219e-01  -2.5210220480785844e-01   6.9415524748806714e-03   7.8165448458955747e-02
   3.6279699999999999e-03  -4.8835350477166578e-01   1.2268784586469226e+00   8.7976949319053949e-03   8.8295693829944746e-02
   1.4927600000000001e-03  -1.5176877051324920e+00   1.7134113640308035e+00   2.1026303238668883e-02   1.3619508876328718e-01
   6.7871999999999995e-04  -1.9095612650538676e+00  -2.1194692780009676e+00   4.3405928393662530e-02   1.9340404014898138e-01
   5.0304399999999997e-03   1.2792641516715947e-02   5.8749159852194577e-01   6.0749330271001123e-03   7.3360807928983779e-02
   3.8179500000000001e-03   9.9813379861165341e-01   7.2602057410304088e-01   8.3144573678576722e-03   8.5794192863601376e-02
   5.6471300000000002e-03  -2.0523308901907786e-01   7.8097950617999790e-02   5.9530734990194279e-03   7.2517269007551385e-02
   5.1856899999999997e-03   1.8605920182325461e-01  -3.1999234373798957e-01   5.6956009778901260e-03   7.0923132089453861e-02
   1.4377200000000000e-03   3.0767626599162312e-01   2.3038462328468654e+00   2.2162912771416125e-02   1.3963022753701065e-01
   2.0762999999999999e-04   3.7464187669107268e-01  -3.5552798634585736e+00   1.6098096859744454e-01   3.5171437891140983e-01
   1.9872000000000002e-03  -1.7760562952241785e+00  -1.0177437126703626e+00   1.6581193891693449e-02   1.2095509497887046e-01
   3.9892100000000000e-03   6.7319206209106630e-01  -8.2924971003240111e-01   7.1441670108837486e-03   7.9547884376557132e-02
   3.0371100000000000e-03   1.3517359997524745e+00  -6.8609836411151526e-01   9.8072391341057340e-03   9.3112435261211060e-02
   2.1912000000000000e-04   1.8434494749667520e+00  -3.0154445401965568e+00   1.4200606534361290e-01   3.3201006652781451e-01
   3.5347899999999999e-03  -2.6799764414790084e-01  -1.2860217725514678e+00   8.6847510030163295e-03   8.7462790047116823e-02
   3.7909300000000001e-03  -6.6772754849520521e-01   1.0666152255431132e+00   8.4660029813814555e-03   8.6601750728106303e-02
   7.2521000000000000e-04  -1.4016142516019965e+00   2.4875619041336039e+00   4.5754793527476328e-02   1.9904217990115569e-01
   3.2599000000000001e-04   2.3404972026827093e+00   2.4120072938404928e+00   1.2798553088540890e-01   3.1241583159701330e-01
   3.2595400000000000e-03  -9.1518493615377272e-01   1.1343887824750676e+00   9.5328813325589370e-03   9.1899544484594073e-02
   5.4432400000000002e-03   2.1687430706517959e-02   3.6926426385199596e-01   5.9091374302926809e-03   7.2373144676478873e-02
   4.2954100000000004e-03  -6.0926731296155368e-01   8.3308982869379744e-01   7.3936914482296027e-03   8.0985843310569086e-02
   3.4645700000000001e-03   7.9201529657898784e-01   1.0617385225569609e+00   8.5286739071782792e-03   8.6820157064626646e-02
   4.0662099999999998e-03   1.0755259995435382e+00   1.2159796536150573e-01   7.3863874545381418e-03   8.0896896669600690e-02
   4.2673399999999997e-03  -4.4389819526515419e-02   1.0204077331770383e+00   7.2904428608254702e-03   8.0370487362812604e-02
   4.7949100000000003e-03   7.4590582039047004e-01  -9.0389914445495489e-02   6.5014429954447298e-03   7.5827672199456894e-02
   2.8401500000000001e-03  -1.9668897266361632e-01  -1.5018982744550440e+00   9.2873949166730994e-03   9.0430911665328975e-02
   1.0279099999999999e-03   2.5282205516583582e+00   8.0191020781159505e-01   3.7346922493196794e-02   1.7981344020853460e-01
   3.4153999999999999e-03  -2.8677184865779198e-01   1.3724981882114624e+00   9.2751359078438143e-03   9.0622805444138144e-02
   1.1039800000000001e-03  -5.1162919453510265e-02   2.4993560632513612e+00   2.5777996950224716e-02   1.5048421086309072e-01
   1.1695600000000000e-03  -9.4441447304417481e-01   2.3143240057411458e+00   2.7376772718896884e-02   1.5525701927310789e-01
   4.0475199999999998e-03   8.2316169732267452e-01  -6.4769686092785528e-01   7.2473285552602578e-03   7.9949959096379183e-02
   2.1789499999999998e-03   1.7108680122940925e+00   8.0052229834808197e-01   1.3457006409596245e-02   1.0889245025894310e-01
   4.4838400000000002e-03   5.7261582639189890e-01   7.0781186145896557e-01   6.8941945594817658e-03   7.8101942388278833e-02
   5.4868599999999997e-03   2.3135062149805463e-01  -1.3111009712201058e-01   5.7598391935844906e-03   7.1427206849537253e-02
   2.5748300000000002e-03   1.6207756516913236e+00   4.7850520516480433e-01   1.1051835564216052e-02   9.8769046005136696e-02
   4.8115199999999997e-03  -6.2055031812195766e-02  -5.7664667687083804e-01   5.9284092005597814e-03   7.2247956793791354e-02
   3.6532399999999999e-03  -4.7744414145704045e-01  -1.1370018286586683e+00   8.0239273272713959e-03   8.4209141764063355e-02
   3.7151599999999999e-03  -6.3708829644078355e-02   1.2578390574890579e+00   8.3333347442081755e-03   8.5910284972213133e-02
   6.6359000000000003e-04  -2.8535404661785040e+00   5.5351868816079086e-01   4.8806061309125216e-02   2.0551789674670032e-01
   3.3301600000000000e-03  -1.3023129108497493e+00   3.1847813782871820e-01   8.3501191311826720e-03   8.5965150830835863e-02
   3.3152600000000000e-03   1.3810917309864466e+00   4.0318084379857388e-01   9.5206291787197327e-03   9.1773845546900157e-02
   6.9141999999999999e-04   2.3167045442400513e+00   1.7214474907914983e+00   4.6825362842440175e-02   2.0175418294917838e-01
   1.2208600000000000e-03  -1.4647364759634680e+00  -1.9741764725432713e+00   2.5851925172405144e-02   1.5071777005598910e-01
   2.3159900000000000e-03  -5.8551790120211711e-01   1.7725831758292989e+00   1.3589089124633580e-02   1.0960372054338631e-01
   5.2770700000000000e-03  -2.2404149287240549e-01  -4.7654575749553835e-01   6.2042214085723801e-03   7.4067503116780287e-02
   2.9726300000000000e-03   1.2792955593130022e+00  -9.2422158419362466e-01   1.0571550704060295e-02   9.6662276288166274e-02
   1.7554800000000000e-03   5.9692732573558083e-01   2.0665071319766959e+00   1.8176821786802140e-02   1.2670072375964700e-01
   3.4229299999999998e-03  -2.7672477227896142e-01  -1.0736784130189072e+00   6.4866202627408770e-03   7.5697445476373720e-02
   3.6908599999999998e-03   3.9564955728017259e-01  -1.2129077658562182e+00   8.4404009621759264e-03   8.6482400603926909e-02
   4.3006099999999998e-03  -3.8786056533038371e-01  -8.9309792747359240e-01   7.0807061604330574e-03   7.9107005817329032e-02
   4.8252399999999997e-03  -3.5680672802620028e-01   5.6336695305557616e-01   6.1177477180764149e-03   7.3596699782907560e-02
   6.5065000000000001e-04   2.9105721151313739e+00   3.5268442935694583e-01   5.0830513654384485e-02   2.1011572155916181e-01
   4.8647700000000000e-03   3.7239504605524648e-01  -6.1231487773926807e-01   6.4275014324964809e-03   7.5396690232457153e-02
   4.0974599999999998e-03   9.6775614872487126e-01   5.0012960480553281e-01   7.5288362032661484e-03   8.1687892509447954e-02
   4.9744100000000003e-03   3.7384199663509388e-01   5.9734694190350957e-01   6.4378458238857246e-03   7.5544003575149746e-02
   9.5582000000000002e-04  -2.6311455298993374e+00  -3.8595565467622051e-01   3.4990773387111596e-02   1.7418702973177591e-01
   3.0502799999999998e-03   9.1091369522859023e-01  -1.2397923994431423e+00   1.0094537803474345e-02   9.4483953282913868e-02
   1.8022900000000000e-03  -1.8371892821938149e+00   7.4873809710981809e-01   1.3264957569489515e-02   1.0816425879340887e-01
   3.1167399999999998e-03  -1.2765895286190612e+00  -8.0989809121702172e-01   9.9197042168215517e-03   9.3667566488196852e-02
   3.1000099999999998e-03  -1.1369127243330801e+00  -1.0260664748196577e+00   1.0242493638868090e-02   9.5196855335008670e-02
   2.0774000000000001e-04  -2.8864795281677935e+00   2.0476786652746486e+00   1.4812912771410752e-01   3.3531238520896822e-01
   5.3706300000000004e-03   3.9227111116010216e-01   1.8170551357506470e-01   5.9993467339991505e-03   7.2881028287445151e-02
   2.1323100000000001e-03  -1.3437437757912476e+00   1.4212692425650959e+00   1.4687915142291900e-02   1.1395243088035642e-01
   2.4052900000000000e-03   5.9245443074942161e-01  -1.7230465236048813e+00   1.2892031047847901e-02   1.0679197595289101e-01
   4.7367199999999998e-03  -1.5071306442739803e-02   7.9849541702702798e-01   6.6149075293272701e-03   7.6570486569365659e-02
   5.3479000000000005e-04  -2.2003098279388684e+00   1.9726062020724895e+00   4.6438979060159258e-02   1.9999119702723775e-01
   3.5858600000000002e-03   1.1910060790416805e+00  -4.8671350866754970e-01   8.3717222980753334e-03   8.6053137437041988e-02
   9.1244999999999998e-04   1.8634015531797878e+00   1.9396696624550056e+00   3.5429503701999966e-02   1.7601967067308369e-01
   1.1823500000000000e-03  -2.1175027557567166e-01  -2.4292970155585762e+00   2.4399882578119883e-02   1.4614012019037850e-01
   4.6024100000000004e-03  -3.9618073696338740e-01   7.6869362100542016e-01   6.7496840748636254e-03   7.7353527117408130e-02
   3.6229200000000000e-03  -1.0014575814684343e+00  -4.3844302244690514e-01   6.7645704831059625e-03   7.7302302817173388e-02
   3.9393600000000003e-03  -6.3119783049221778e-02  -1.1153538047270721e+00   7.4932893206244456e-03   8.1403435430380575e-02
   3.5138999999999998e-04   3.2090106282735706e+00  -8.2878010759656817e-01   1.1035081962852053e-01   2.9314852958719068e-01
   3.2756100000000000e-03   1.4817609184549299e+00  -3.8247157761438680e-02   1.0059449729376882e-02   9.4306520822912868e-02
   4.4810700000000002e-03   1.6620581376765783e-01   9.1308529714158149e-01   6.9678944156334518e-03   7.8588368049939961e-02
   2.6186999999999998e-03  -1.0192355779071438e+00   1.3928113687990193e+00   1.1850754877717425e-02   1.0242024701804407e-01
   2.8085699999999998e-03   1.7911176897275995e+00  -3.7288786456244054e-02   1.4172013858711117e-02   1.1194313175849684e-01
   3.6963899999999999e-03  -1.1954949629837628e+00   8.8813144054491255e-02   7.7770553923795071e-03   8.2867166376064685e-02
   1.1682900000000000e-03   2.1093160643807010e+00  -1.3322596646061267e+00   2.6703034263623266e-02   1.5349603155612271e-01
   1.0060399999999999e-03   8.7463612945887570e-01  -2.4527882693183836e+00   3.1703964361298749e-02   1.6613333502136293e-01
   3.3998399999999999e-03   3.4290770180312652e-01   1.2539772123820723e+00   8.0523534213390573e-03   8.4434567119385615e-02
   1.7928300000000000e-03   2.1149301279870625e+00   1.4567187309512594e-01   1.7515849948387407e-02   1.2421256972679079e-01
   2.8745500000000000e-03   1.0228328090746612e+00   1.2333282266766672e+00   1.0653214435805100e-02   9.7028303014074654e-02
   2.4995999999999998e-03   1.4948344735409564e+00   9.8037454689402448e-01   1.2668258126031546e-02   1.0581181302577124e-01
   2.7555000000000000e-04  -3.1486396478901790e+00  -1.3573335664231603e+00   1.2697836749384164e-01   3.1196222525510170e-01
   4.5142400000000001e-03   3.7193551154620791e-01   8.1004325197528493e-01   6.8333793276644204e-03   7.7825875448598925e-02
   6.7769000000000000e-04   5.4800968816589801e-01  -2.8202984114874523e+00   4.4836409968955493e-02   1.9721351402260442e-01
   2.2771300000000000e-03   1.2498048854399271e+00   1.4389518237674854e+00   1.4259931334831194e-02   1.1229572436832132e-01
   1.9889399999999998e-03  -3.2277646917894753e-01   1.9192269506758017e+00   1.3643408382712639e-02   1.0965333873536157e-01
   3.0003000000000000e-03   1.5791816553021709e+00   1.9835327212091988e-01   1.0914097167148655e-02   9.8232764271366027e-02
   2.3750000000000000e-04   3.0842761288018967e+00  -1.6165426901572109e+00   1.4550039873190748e-01   3.3032544558606891e-01
   2.7986299999999999e-03  -7.8200657329715462e-01  -1.4184702448608177e+00   1.0588145261708745e-02   9.6803662457344120e-02
   3.4161500000000002e-03   1.0160098871663434e+00   9.7118351638529521e-01   9.3168877398748951e-03   9.0812760239835158e-02
   6.1715999999999995e-04  -9.0329379548037958e-01   2.8077909339897271e+00   5.2499353923285398e-02   2.1241337991716067e-01
   2.4289699999999999e-03  -4.0229600351870026e-01  -1.6188638374822248e+00   1.0118917056376523e-02   9.4326943398382074e-02
   2.0085599999999999e-03   1.3599180175861278e+00  -1.4196786149168032e+00   1.4190120805315849e-02   1.1195416014051925e-01
   2.2802999999999999e-03   1.8439120856115034e+00   2.7369553402249658e-01   1.3415892349229769e-02   1.0872274013179452e-01
   1.8207900000000001e-03  -2.1261960216694253e-01  -2.0830390006470818e+00   1.7103321956260777e-02   1.2248368264258273e-01
   4.5396200000000003e-03  -5.1447273780461678e-01  -7.3333791291408068e-01   6.9196131758636299e-03   7.8233127781649578e-02
   2.1899900000000002e-03  -1.4964322167437611e+00   1.1350874431405436e+00   1.3276629248998337e-02   1.0820643514301781e-01
   1.0055600000000000e-03   2.4574755882090167e+00   3.8422717348729918e-01   2.3408447861887702e-02   1.4302904081064230e-01
   3.6409400000000001e-03   1.1991803407989841e+00   5.8535270456411803e-01   8.9992930148876278e-03   8.9283713342956483e-02
   2.7853499999999998e-03  -1.6346590293802938e+00   1.3345384560403158e-02   1.0944823014003636e-02   9.8201797796477433e-02
   2.6901799999999999e-03   5.4781301203784216e-01   1.3559785113157450e+00   8.0165967842589798e-03   8.4166929974384061e-02
   3.5938099999999998e-03  -1.1380443692178090e+00  -6.0240740683029903e-01   8.4103340081775994e-03   8.6184484909911652e-02
   2.1243199999999999e-03  -1.9457180851262483e+00  -3.9051499561191022e-01   1.5540621236280906e-02   1.1728566419262057e-01
   3.8385799999999999e-03   1.1485371155060142e+00   3.4381014302039542e-01   7.9879173210353795e-03   8.4143368995554829e-02
   1.0988100000000000e-03   2.4785624726676496e+00   1.9811099967586072e-02   2.5145719791758198e-02   1.4811550377366461e-01
   5.2445800000000004e-03   3.9011771660148892e-01  -1.5458586339686156e-02   5.7795857696093713e-03   7.1486651568362675e-02
   4.2479299999999996e-03  -8.6679726899823006e-01   2.9371086595599044e-01   6.5821284998433816e-03   7.6346051873486656e-02
   4.1983599999999999e-03   7.2617243580660451e-01   2.1756849296176342e-01   5.7335229745268095e-03   7.1188263996509418e-02
   2.2243400000000000e-03  -1.9217172139257745e+00  -6.1512615827316770e-02   1.4366382323690769e-02   1.1268411451306710e-01
   4.5501200000000004e-03  -6.4935141531702756e-01  -5.7536003401918612e-01   6.7345226973671993e-03   7.7248650943841313e-02
   4.4101499999999998e-03  -7.1314461676590291e-01   4.7357832745216882e-01   6.5013034225344518e-03   7.5816110046428700e-02
   2.6443299999999999e-03  -1.1861383313581000e+00   1.1793537722164047e+00   1.0949072662551615e-02   9.8426351160946876e-02
   5.2328599999999998e-03   3.6693736569281898e-01   3.8714909363827066e-01   6.1032211793335348e-03   7.3549039350798914e-02
   5.5718000000000000e-03   1.9275522743209256e-01   2.7229049573973574e-01   6.0166944721022613e-03   7.2993629572561169e-02
   2.8223499999999999e-03   1.6068720228946998e+00  -2.6306314543643400e-01   1.0861919575556173e-02   9.7980270082743973e-02
   1.8718999999999999e-03  -8.9486575240947852e-01  -1.6800101355813657e+00   1.1786665970240881e-02   1.0193549824247708e-01
   4.5786700000000000e-03   8.5740935956178355e-01  -2.7970164103388634e-01   6.9691186401178032e-03   7.8600129262245466e-02
   2.6635999999999999e-03   1.1897267768755078e+00  -1.1966783949766904e+00   1.1257800541845053e-02   9.9784733773411793e-02
   5.0913599999999996e-03  -3.5618857282118088e-01   2.0602240278664666e-01   5.7180018215032347e-03   7.1039460991180317e-02
   2.5050799999999998e-03   6.7604455102939487e-01   1.5628904145178040e+00   1.0932661392895190e-02   9.8293613306881841e-02
   1.1068800000000000e-03  -2.5268105327156811e+00   1.1024244476319395e-01   2.8302610710325585e-02   1.5742409290502776e-01
   1.0228200000000000e-03  -5.2540141115838512e-01   2.5158052944404572e+00   2.9145692233552203e-02   1.5972942599887621e-01
   1.9305900000000000e-03  -1.6011368729789595e+00  -1.3099428121008614e+00   1.6727846230378068e-02   1.2156075583351011e-01
   1.8527100000000000e-03  -1.7904209099189476e+00   1.0394042404633337e+00   1.6402993183819114e-02   1.2010879015487913e-01
   7.3713000000000001e-04   1.3575280837244430e+00  -2.4828673285959209e+00   4.3471908355895525e-02   1.9425943881074262e-01
   1.3644700000000000e-03   1.0816196253417527e+00  -2.0890337512986190e+00   2.2315401381281200e-02   1.4023968880561224e-01
   3.0075000000000002e-04  -2.1223681444455091e+00   2.6340609264028809e+00   1.1591268628652079e-01   3.0147575561723960e-01
   5.2633999999999997e-03  -3.2674440148998340e-03  -4.0156146991233810e-01   5.8481972598540691e-03   7.1910419512686299e-02
   1.4585300000000000e-03  -2.2520684789553767e+00  -5.9169280203333263e-01   2.2649470802911093e-02   1.4116236804836887e-01
   4.4899500000000004e-03  -2.2222260168838481e-01   8.9819813119543368e-01   6.9805479225085497e-03   7.8639910244875391e-02
   4.0023300000000001e-03  -1.2000977192658941e+00  -3.4130644409609029e-01   8.9698716421057877e-03   8.9016721802876272e-02
   3.1813000000000002e-03  -1.0719149420523257e+00   9.3410528048767805e-01   8.9096527817537612e-03   8.8794238712723739e-02
   2.7960900000000002e-03   3.7836309721555461e-01   1.5163380301705509e+00   9.6926911489995330e-03   9.2511284565426830e-02
   1.2799400000000000e-03   1.5395602602182594e+00  -1.6760958631304856e+00   1.7497321565455453e-02   1.2421829431460513e-01
   4.2466600000000002e-03  -9.7675299241590763e-01   9.2835557719077186e-02   7.0033591144291552e-03   7.8711920811056907e-02
   1.6155300000000000e-03  -2.2402572843556561e+00  -2.0150420369807573e-01   2.0831756455706774e-02   1.3545217533288395e-01
   2.0348800000000002e-03   8.1819891217240026e-01   1.8089483373312021e+00   1.5009251601115981e-02   1.1518566326473030e-01
   2.6543199999999999e-03   1.7826084854432062e-01   1.6651876638182288e+00   1.1052762729251688e-02   9.8841301068281498e-02
   4.1063200000000001e-03  -7.4845591845512638e-01  -7.8327320297290903e-01   7.5289229938407566e-03   8.1616413985965697e-02
   1.2448900000000000e-03  -1.0678521741676159e+00  -2.2133650871041319e+00   2.6556970558717922e-02   1.5269249200041765e-01
   2.0829300000000002e-03   8.9543154733173702e-01  -1.7528093291803715e+00   1.4803698820763692e-02   1.1430530004998286e-01
   3.1315200000000001e-03  -6.7411506876818350e-02   1.5215015055448848e+00   1.0142050267014650e-02   9.4740757380230883e-02
   8.6399999999999997e-04  -1.7150280544574608e+00   2.0896354708937932e+00   3.5278083678549031e-02   1.7509880610473907e-01
   5.5122000000000005e-04   1.7038525140792755e+00   2.4494629855134318e+00   5.1323577047468531e-02   2.1009792841890054e-01
   5.2601499999999999e-03  -4.1137378239909639e-01   1.3409505375471063e-02   5.8030686006835131e-03   7.1677646304796325e-02
   2.4848200000000000e-03   1.5695914804888722e+00  -8.5324312502122823e-01   1.2502306880707545e-02   1.0513925458313683e-01
   2.6428999999999998e-04  -1.4028683358802934e+00  -3.1264164954356750e+00   1.2562758405501423e-01   3.1010426876878650e-01
   1.6287700000000001e-03  -1.1355555024677308e+00  -1.8408413639718950e+00   1.7546468464463044e-02   1.2430098824258212e-01
   1.1839400000000001e-03   1.4020585093253348e+00   2.0591570571687452e+00   2.7183291160652392e-02   1.5465554591364158e-01
   1.6067900000000001e-03   1.5169417041762865e+00   1.6597785025878027e+00   2.0688303141330171e-02   1.3496249923334741e-01
   4.2561700000000001e-03   9.1011639489576454e-02  -7.1202141140363651e-01   5.7212168640850105e-03   7.0981556942979182e-02
   4.5388000000000000e-03   5.4723244886425970e-01  -1.1145249298082510e-01   5.4198354489496661e-03   6.9245630362600619e-02
   2.4517200000000001e-03  -1.2747074149806146e+00  -1.2685377433875693e+00   1.2598110412703858e-02   1.0555498371862702e-01
   4.0404400000000002e-03  -8.7919293372095730e-01  -6.1480970631204024e-01   7.3162049200976879e-03   8.0452845972236287e-02
   4.2910099999999996e-03   4.5962328460811708e-01  -8.1180441701959571e-01   6.7549649769360507e-03   7.7358212250880687e-02
   4.0214999999999999e-03  -6.1302543504736107e-01  -9.5230054116669927e-01   7.7646340092069723e-03   8.2928218083449676e-02
   2.0302100000000002e-03  -1.9011852487039964e+00  -7.1845504851716235e-01   1.6343763664279823e-02   1.2017612872988127e-01
   4.7880700000000002e-03   5.1597487249276908e-01  -4.3510088898350774e-01   6.1447369585639223e-03   7.3707600096244871e-02
   8.6176999999999998e-04  -2.5375513642062777e+00   9.7831929433268860e-01   3.6849189632173297e-02   1.7938392360555724e-01
   1.3835500000000001e-03   1.8664912516883070e+00   1.4932706930936064e+00   2.4846567691425563e-02   1.4785175644042514e-01
   2.7347500000000002e-03   1.2609873034553563e+00   1.1281738222678257e+00   1.1720852182216844e-02   1.0174960354318377e-01
   4.1402899999999996e-03  -6.6522865256400421e-01   2.9178296319759656e-01   5.5147660676341491e-03   6.9831889514313628e-02
   2.7855400000000000e-03  -1.5572891982817496e+00   2.9522072478710470e-01   9.9858202129260148e-03   9.3927564816620110e-02
   5.1117300000000001e-03  -4.9011106595059090e-01  -1.8018341932789886e-01   5.9453956130933036e-03   7.2617016561666484e-02
   1.4958400000000000e-03  -6.0887635778180438e-01  -2.2874785372113497e+00   2.5445152127722210e-02   1.4968437718217928e-01
   1.0678899999999999e-03   2.4200381070451233e+00  -3.3985890610707720e-01   2.1968156936707457e-02   1.3882236121826744e-01
   5.4940000000000002e-04   2.6846892819864809e+00   1.2763992078372706e+00   4.8227190772061196e-02   2.0490100531627320e-01
   6.7484000000000001e-04   2.8741775028193937e+00  -2.5049745426467607e-01   4.6206697414748282e-02   2.0010088144146010e-01
   3.7575999999999998e-03  -8.3440939364038946e-01   8.9609322295803839e-01   8.0434202414016824e-03   8.4434038654987095e-02
   5.3122200000000003e-03   5.9035206154441044e-01   7.7167603477436300e-02   6.5221937495233548e-03   7.5889905963266183e-02
   3.9603499999999996e-03   7.8895656042804441e-01   8.3288433614783886e-01   7.8036807052826902e-03   8.3082308279569181e-02
   3.6096100000000001e-03   1.3163209838854903e+00   1.5857803738677251e-01   8.7929068385090587e-03   8.8251343085213624e-02
   4.4268500000000004e-03   2.5576656818099947e-01  -7.8219839449805151e-01   6.4601639618082360e-03   7.5411489080068159e-02
   2.9280299999999999e-03   7.8284639912408671e-01   1.3006442920783998e+00   9.4821416435827022e-03   9.1525927755032530e-02
   4.2673900000000002e-03   7.7303967672806084e-01   6.2007011556176084e-01   7.1176205232760916e-03   7.9378127416345076e-02
   1.6113900000000001e-03  -6.2041433638625532e-01   2.1037570144172415e+00   1.8249171231162216e-02   1.2682280190172815e-01
   4.4031699999999997e-03   7.4957981785600736e-01   4.1309736457438628e-01   6.4707783070938217e-03   7.5659878399286007e-02
   3.4991900000000001e-03  -1.1122159241597443e-02  -1.3354305957802286e+00   8.6537846858167691e-03   8.7530138522100495e-02
   4.8628400000000002e-03  -5.3829512425739445e-01   1.6167648473460197e-01   5.8674639247175689e-03   7.1946643872988769e-02
   2.3162800000000000e-03   4.8320696600054719e-01   1.7675626055111757e+00   1.2729446070774263e-02   1.0598864611702938e-01
   2.5195999999999999e-03  -8.2473535333495207e-01   1.5917378996884815e+00   1.2787208675859803e-02   1.0630561621243420e-01
   5.3826500000000001e-03   2.1732278952033629e-01   8.3768222731227429e-02   5.6524536582438622e-03   7.0708471548364418e-02
   4.7913399999999998e-03  -7.0369147602767745e-01  -2.1925729209987521e-01   6.3864401246048726e-03   7.5208476806562397e-02
   2.4076499999999999e-03   1.0566922554501179e+00  -1.4704579736208874e+00   1.2648654717372943e-02   1.0580702441244078e-01
   1.9720200000000001e-03   1.8793427969170442e+00  -7.3082962130931151e-01   1.5409538729290918e-02   1.1659199586082722e-01
   2.4475999999999999e-03   9.6011261218705479e-01   1.5241036887150341e+00   1.2582861887935131e-02   1.0555020127570452e-01
   3.5650199999999999e-03  -1.1632877086631439e+00   5.1247573200384822e-01   8.1392812152856642e-03   8.4882149435840271e-02
   3.9694300000000004e-03  -2.5762074800841767e-01   1.1289348509528867e+00   7.8546081486471787e-03   8.3434477694202355e-02
   3.6137299999999999e-03  -8.6132093800943399e-01  -9.9523974829815620e-01   8.7417490666434425e-03   8.7969031967661260e-02
   3.3828000000000000e-03  -5.1006517949680252e-01  -1.3829914877342480e+00   1.0254795400078037e-02   9.5172095435755014e-02
   4.0379999999999999e-03   5.7351885571533345e-01   9.2029476148726608e-01   7.4239536152368914e-03   8.1034081987485976e-02
   2.9083199999999998e-03  -1.4450152538723930e+00  -3.4752041459244959e-01   9.0000362373801445e-03   8.9121776870308422e-02
   1.4340900000000001e-03  -2.1414820684052454e+00   8.5354535284983002e-01   2.1188330207767062e-02   1.3657377555312361e-01
   4.2533400000000004e-03  -1.1053638575207219e+00  -1.1687689648367276e-01   8.0636073234538926e-03   8.4422135263404391e-02
   6.8833000000000002e-04   2.5860297235456176e+00  -1.2152416537807667e+00   4.3143690763409889e-02   1.9376563528357027e-01
   1.3163500000000000e-03   4.8298167165771055e-01  -2.3146190011996479e+00   2.2265778039004234e-02   1.3978881370676438e-01
   2.5920800000000001e-03  -1.6603413068592368e+00  -5.1517980219077719e-01   1.1929201098609470e-02   1.0268393153226145e-01
   1.3434700000000000e-03   2.1993293653986079e+00  -9.3104863223312539e-01   2.3824284045542293e-02   1.4488532722715897e-01
   9.5702999999999999e-04   1.6795014373466638e-01  -2.5389937712745452e+00   2.5780990850858714e-02   1.5014790575868220e-01
   2.7593700000000001e-03   7.6544610407575508e-01  -1.4826515337015189e+00   1.1272766064565780e-02   9.9907102831900726e-02
   5.2268899999999997e-03  -2.8183860636629232e-01  -6.9340670726067832e-01   7.0428691287943357e-03   7.8968465905125990e-02
   5.2302299999999998e-03  -3.5717651826546853e-01  -3.3032146665981144e-01   5.9618154333602388e-03   7.2703207761853031e-02
   4.0378100000000002e-03   1.0891910052114844e+00  -2.7850526693351008e-01   7.7138499080479346e-03   8.2666232142731361e-02
   5.2995700000000000e-03   1.6257712095605076e-01  -5.3630574307254575e-01   6.3692792353545876e-03   7.4984663312340050e-02
   2.0466000000000000e-03   3.9109151557265920e-01  -1.9607150683685017e+00   1.5354893619060134e-02   1.1651456306467783e-01
   3.6765900000000000e-03  -1.0073515325341120e+00  -8.0929767089910420e-01   8.6006443756683881e-03   8.7258879639460829e-02
   3.6997499999999999e-03  -1.3605660255382310e+00  -1.2907655724236752e-01   9.7545174439841575e-03   9.2643499605744487e-02
   2.3493099999999999e-03  -1.8316597399804049e+00   2.3478186280527516e-01   1.3182580838952998e-02   1.0799542703720798e-01
   1.0114400000000000e-03   1.8962490718927365e+00  -1.7401697857656016e+00   2.9337076234813467e-02   1.6005811790472643e-01
   2.0012500000000000e-03  -1.1436409639614262e+00   1.6758726809399493e+00   1.6002268355656560e-02   1.1887256496251133e-01
   5.0413999999999997e-03  -1.4940786702053332e-01   4.8094319491726284e-01   5.8186648149371077e-03   7.1774378353770651e-02
   3.3667699999999998e-03   2.3262613061573154e-01  -1.3992215632972829e+00   9.3301596735402767e-03   9.0900831246806188e-02
   4.3694399999999996e-03   8.5183452036182572e-01   7.6737340758329206e-02   6.4956964627587710e-03   7.5662925722427624e-02
   5.2423100000000000e-03   3.2836107137633283e-02  -2.0679436530017972e-01   5.4455590752443281e-03   6.9463913069169339e-02
   4.2808999999999998e-03   3.0658921334796618e-01  -9.8924692422462213e-01   7.4038654569760871e-03   8.1000614765461554e-02
   4.5320100000000004e-03   3.2908389288163309e-01  -4.2568715401990825e-01   5.3609998647412985e-03   6.8857211805513657e-02
   3.2258999999999999e-04  -3.3234241132569631e+00  -5.9515135770776251e-01   1.2362376421329299e-01   3.1033546227306019e-01
   3.9125599999999998e-03   1.6021854800992386e-01  -1.1597454715869606e+00   7.8765047294945857e-03   8.3541792814179047e-02
   1.1583699999999999e-03   2.2055006267252018e+00   1.2181278694621926e+00   2.8771860039530920e-02   1.5892459859532598e-01
   1.3741900000000000e-03  -2.1815807387023245e+00  -9.7245097731494334e-01   2.4412485582480603e-02   1.4663895556305578e-01
   8.0416999999999999e-04   1.1763320299684656e+00   2.4934734898437063e+00   3.8449096080987163e-02   1.8241219275474713e-01
   4.1701899999999998e-03   9.2781021983269474e-01   2.8374209633015984e-01   6.7637897607602023e-03   7.7436730183764221e-02
   2.5469600000000000e-03  -1.4415586821333815e+00  -1.0365716711802961e+00   1.2537697547021946e-02   1.0528634221463970e-01
   4.4559900000000000e-03  -8.5255296641145950e-01  -6.9985046310054061e-02   6.6154734558703165e-03   7.6413976494889083e-02
   3.9452100000000002e-03   5.3842679265434268e-01  -1.0238394988382391e+00   7.7912699082450234e-03   8.3116780796380768e-02
   5.4879200000000003e-03   4.0423089073389801e-01  -2.4265539290910301e-01   6.2542990247128555e-03   7.4414155449660374e-02
   4.7407999999999999e-04   8.7855190173598252e-01   2.9596107781996470e+00   5.9793635290758360e-02   2.2657522844446379e-01
   5.4834999999999997e-04  -2.9745396060323070e+00  -2.2906672965084481e-02   4.9658840972113441e-02   2.0694798053009189e-01
   1.3434100000000000e-03  -1.9809913601475124e+00  -1.3157408747702033e+00   2.3230469895063100e-02   1.4307479416948518e-01
   1.6411300000000000e-03  -1.6926201045107006e+00   1.3748927171125269e+00   1.8332003766893069e-02   1.2699882895293405e-01
   4.9000500000000004e-03   1.8416251814483189e-01   6.9808354527730909e-01   6.4179691106930909e-03   7.5428246930269865e-02
   1.2689400000000001e-03  -2.1024993447151394e+00   1.2418157469302475e+00   2.5887806158659970e-02   1.5086475682300923e-01
   2.7345899999999999e-03  -3.1291093900768008e-01   1.6386244864378841e+00   1.1178660503342234e-02   9.9483359738143290e-02
   2.2403900000000001e-03   8.2045524990750338e-02  -1.8700562340294626e+00   1.3267391754524143e-02   1.0815025256654948e-01
   2.4702100000000000e-03  -1.3206623108048317e+00   9.5123109037026077e-01   9.5524718759248759e-03   9.1850451130545338e-02
   5.3195899999999999e-03  -1.5017588576451116e-01   2.6890444697017729e-01   5.6432921289930309e-03   7.0689270849522534e-02
   2.3576299999999999e-03  -1.8191302281216490e-01  -1.7743434244033893e+00   1.1851805408953036e-02   1.0228953623426851e-01
   4.5146700000000001e-03  -7.5785245257264278e-01   1.1155896232361881e-01   6.1389182571663092e-03   7.3741594291702767e-02
   5.4447100000000002e-03  -1.5684307549152146e-01  -2.7797284926179444e-01   5.8159270880510485e-03   7.1788366814134877e-02
   4.7149399999999999e-03  -5.5560682310650233e-01   6.1358768250910278e-01   6.7342725377251720e-03   7.7249184522885039e-02
   4.0711699999999998e-03  -1.6696051151913213e-01  -9.1245351182363421e-01   6.6065989546693002e-03   7.6182784753203212e-02
   4.9467499999999998e-03  -5.6314109142198421e-01  -3.7566990955510227e-01   6.2891944896992799e-03   7.4674389018304102e-02
   1.6938599999999999e-03   1.2109175307753031e+00  -1.7437880517081634e+00   1.6570166942012476e-02   1.2095743913947613e-01
   2.1405999999999999e-04  -1.5583590434629702e+00   3.1826932699337647e+00   1.4514831115078364e-01   3.3539728698207927e-01
   3.8806000000000001e-03  -1.0782049122072659e+00   2.9644716072671695e-01   7.3600998324226318e-03   8.0744451918624574e-02
   4.1924099999999997e-03  -7.7676053915556220e-01   6.7706503639053628e-01   7.2221438742238082e-03   8.0028292425747688e-02
   2.5166600000000000e-03   1.6362193074480238e+00  -5.7121944816574588e-01   1.1676883441745750e-02   1.0150498646672559e-01
   6.0504000000000005e-04   2.3828517531352911e+00  -1.7314948280902362e+00   5.0295838989472659e-02   2.0821637818440314e-01
   4.7685799999999997e-03   7.5007745596458175e-02  -9.3467245570182234e-01   7.4481222796706570e-03   8.1281691994057617e-02
   2.8019999999999998e-04  -6.2378597782565015e-01  -3.3652404618860015e+00   1.2849822243685585e-01   3.1466149690795148e-01
   4.2122599999999998e-03   9.6501046493083398e-01  -4.8547156390363078e-01   7.7157335975651890e-03   8.2598257790826621e-02
   5.0229100000000002e-03   6.7673095253093285e-02  -2.0875526556608195e-02   5.1585011384040957e-03   6.7514082251166618e-02
   2.2758000000000001e-04   2.5310631789845566e+00  -2.4302899967807354e+00   1.3602766628099214e-01   3.2526576081416630e-01
   1.3145600000000000e-03  -3.0491063786866857e-01   2.2237563219815937e+00   1.6930339277723108e-02   1.2208492862361324e-01
   1.8190000000000001e-03   2.0962361902890243e+00  -1.7531868874117001e-01   1.7154808024595909e-02   1.2294061031459376e-01
   4.4086699999999999e-03  -7.8024144773754844e-01  -4.1235255933126386e-01   6.6019885122649358e-03   7.6500064654312763e-02
   3.3457299999999999e-03   1.4575746572579795e-01   1.3900518627214160e+00   9.0092756286516938e-03   8.9323267772654383e-02
   3.1310399999999999e-03  -1.3741903121615673e+00  -5.7351642197774721e-01   9.8176833399982785e-03   9.3093255753907533e-02
   3.4019599999999999e-03   1.3261462547672860e+00  -2.4826244275880222e-01   8.7027869119114167e-03   8.7652879184542579e-02
   1.7024000000000000e-03   7.2203360818806150e-01  -2.0433125941941901e+00   1.8205581315503462e-02   1.2673171896460345e-01
   4.4682200000000002e-03   7.3297355433579281e-01  -4.5806607061920307e-01   6.6006739722221505e-03   7.6484918913744024e-02
   2.5051000000000001e-04   3.8669545919288834e-01   3.4713503984975738e+00   1.4765558904722953e-01   3.3805298256948174e-01
   2.9324300000000002e-03  -1.4117981152099655e+00   1.0241144776327614e-01   8.1744240079374055e-03   8.4979618212267669e-02
   3.4402000000000000e-03   5.6982115953019297e-01   1.1357020921858638e+00   7.9216356526162976e-03   8.3696295224966480e-02
   1.4365800000000000e-03   9.7939021799500303e-01   2.1149136925727312e+00   2.2213878173427303e-02   1.3995052549187539e-01
   4.7647499999999999e-03   5.6214076652181222e-01   5.0119324682709765e-01   6.4479881852028288e-03   7.5549317212573838e-02
   3.1552000000000001e-04  -3.1377934752433165e+00   1.2425156311300747e+00   1.1562263716158827e-01   3.0187302808707628e-01
   1.8343700000000001e-03   1.8686474034538800e+00   5.7229638622980972e-01   1.2940421082397286e-02   1.0669223897585491e-01
   6.4616999999999995e-04  -2.4958445679667345e+00   1.4808503101719057e+00   4.5811725188254070e-02   1.9995941439313900e-01
   3.1225799999999998e-03  -1.2522723916141461e+00   7.2987601439141003e-01   9.1834307588060330e-03   9.0025108053146424e-02
   5.1605899999999996e-03  -4.9929289926054388e-01   3.9376554986849455e-01   6.4821208943540215e-03   7.5685720084777711e-02
   3.6978300000000000e-03  -1.0049950900493061e+00   7.0780098370535738e-01   7.9864679619394783e-03   8.4058326734897618e-02
   2.7355499999999998e-03  -1.5449867173766751e+00   7.9983299475061398e-01   1.2711016959633434e-02   1.0595622643903539e-01
   1.6852700000000000e-03  -5.1589307200467704e-03   2.1147444186076898e+00   1.6252688904677515e-02   1.1974073957629668e-01
   3.1586900000000000e-03   1.0385466597979540e+00  -9.9614271019904133e-01   9.2022697972536909e-03   9.0102744544371102e-02
   7.8972999999999999e-04   3.2038833245189141e-01   2.7789392157942370e+00   4.1752713053028148e-02   1.9068553231188323e-01
   4.9503500000000001e-03  -6.2116058864004331e-01  -3.0380183138471187e-02   6.1014839708236285e-03   7.3492000575071728e-02
   2.3972700000000000e-03  -5.2751310133548689e-02   1.8086385176244244e+00   1.2580874725697633e-02   1.0543929387445161e-01
   1.8699500000000000e-03  -1.3809251567560865e+00  -1.5771026992388841e+00   1.7303934045033102e-02   1.2348947684805091e-01
   4.2872700000000001e-03   9.7577600642172202e-01  -9.2646522405515880e-02   7.0576590428478624e-03   7.9054809107796734e-02
   1.2431899999999999e-03  -2.3918540777534929e+00   5.1625618333114887e-01   2.5532751909502584e-02   1.4999588970959196e-01
   1.0483500000000000e-03   1.4798809180739145e+00  -2.0277050974204789e+00   2.5757093982558352e-02   1.5011769043644549e-01
   1.5987000000000000e-03   1.1698641221036990e-01  -2.1815437351516578e+00   1.7834820081953112e-02   1.2543271339549081e-01
   4.7380199999999999e-03   6.3580333364275510e-01  -2.7754779002236468e-01   6.1573448644800010e-03   7.3768412315447451e-02
   2.2752499999999999e-03  -6.3777823161935865e-01  -1.6598059339610085e+00   1.1551391481508742e-02   1.0079234456575714e-01
   4.0957900000000002e-03  -8.6167924188516237e-02  -7.6197643964470119e-01   5.7541237302854154e-03   7.1104057694266365e-02
   0.0000000000000000e+00   0.0000000000000000e+00   0.0000000000000000e+00   1.1055655123179214e-02   9.3263619590441438e-02
