   1.8227700000000000e-03  -2.0174755604240713e+00   4.9990654784746286e-01   1.6168580965731420e-02   1.1952796379157794e-01
   3.1442100000000001e-03  -7.3941333412283450e-01   1.3197876951827867e+00   1.0000084166547291e-02   9.4027221202557396e-02
   3.0832400000000001e-03  -1.4285924695771339e+00   5.4527763307845878e-01   1.0065474839673625e-02   9.4378880656878439e-02
   6.7593000000000004e-04  -9.6887923857409997e-01  -2.7208730723186325e+00   4.6943993328879073e-02   2.0172261079275197e-01
   3.3089800000000000e-03   8.9304756507983540e-01  -8.3368412794373681e-01   7.1568017167117203e-03   7.9499455891097068e-02
   2.3771999999999999e-04   1.6268033511919060e+00   3.1235763446622418e+00   1.6589246249389705e-01   3.5432626487118735e-01
   1.0906100000000001e-03   7.1729220995980492e-01   2.4535664506981973e+00   2.9856529504348844e-02   1.6201849620613185e-01
   2.4724000000000002e-04   3.4881905750305107e+00   5.9630287965954779e-02   1.5204844230749578e-01   3.3896338173755941e-01
   2.6151600000000001e-03   3.3730500096298788e-01  -1.6558809893980884e+00   1.1094653508348188e-02   9.9031576670707389e-02
   1.7102599999999999e-03  -2.1571673409083632e+00   1.8431424888754563e-01   1.8270957839751623e-02   1.2687870564944673e-01
   4.0291900000000002e-03   3.6181700309365633e-01   1.0234930004624911e+00   7.3818662769334058e-03   8.0870032780072029e-02
   2.2656700000000000e-03   1.8567853331723323e+00  -3.7130143592211923e-01   1.4067960503348586e-02   1.1131516085250608e-01
   3.4233000000000001e-04   3.2014761102464497e+00   8.9012882207363386e-01   1.1577051860597991e-01   2.9832546556666834e-01
   3.9469900000000000e-03   1.0888796796554581e+00  -7.1110716874089019e-01   9.3683169738905583e-03   9.1046051836420741e-02
   4.0087000000000000e-04   1.0791147816806936e+00  -3.0441918637471965e+00   8.9365797035910924e-02   2.6840264687632481e-01
   3.7823300000000000e-03   1.2123284048359533e+00  -5.5024010126011803e-02   8.0518345516876026e-03   8.4412685747913760e-02
   1.8322700000000000e-03   1.8208440635638685e+00  -1.0398439804178614e+00   1.7008619893009336e-02   1.2245094096004501e-01
   2.0560499999999998e-03   1.5318084868808917e+00   1.2975832611389304e+00   1.5807185771088340e-02   1.1817003274591269e-01
   1.8078300000000001e-03  -9.0331919726802712e-01   1.9089102352052898e+00   1.7216736575995154e-02   1.2327271206747197e-01
   2.6197000000000000e-03  -1.6814975196815098e+00  -2.3280540912280212e-01   1.1492296073546633e-02   1.0060796628036062e-01
   5.9770500000000002e-03   7.8732378122778092e-03   1.5507375697826115e-01   6.2011005256823138e-03   7.4031176532647930e-02
   2.3451700000000002e-03  -1.0775037949695818e+00  -1.4782681240959155e+00   1.2910391119580403e-02   1.0662245467316703e-01
   2.7515000000000000e-03   8.5860734139113867e-02  -1.5704849013352926e+00   9.6448887558197027e-03   9.2371427870849038e-02
   2.9847300000000001e-03  -5.4294783914029365e-01   1.4897437926010659e+00   1.0621203176237805e-02   9.6980275963210863e-02
   2.4080999999999999e-04  -2.1704796795795076e+00  -2.7031720072070677e+00   1.2711983967872006e-01   3.1325212828962401e-01
   1.3253900000000001e-03  -1.2548214634478920e+00   2.0367655766604194e+00   2.4010980391496069e-02   1.4528061028459882e-01
   1.8344300000000000e-03   1.8112384539788964e+00   1.1060707663016383e+00   1.7786803167181359e-02   1.2533677467995030e-01
   3.9252999999999996e-03   1.4690304568957857e-01   1.1439940135377233e+00   7.7592207044681919e-03   8.2891593301460106e-02
   2.0623000000000001e-04  -3.5557858020918980e+00   4.3436795653026689e-01   1.6319469644904380e-01   3.5426166394975361e-01
   7.3315999999999995e-04  -2.2069145726605011e+00  -1.7007633333538661e+00   3.8149965552308665e-02   1.8163433705803259e-01
   1.6719300000000001e-03  -8.2201486414839120e-01  -1.9865924212169159e+00   1.7217433516825219e-02   1.2333228561781687e-01
   4.0898899999999997e-03  -9.3396021400161566e-01   4.9662606234248241e-01   7.2898737049847074e-03   8.0357835563704599e-02
   1.8154200000000001e-03  -4.9580503140522147e-01  -2.0313824261350715e+00   1.6531863216888945e-02   1.2080781228502029e-01
   4.5566599999999997e-03  -3.0990587297751332e-01   3.8201163327047449e-01   5.2522038042376222e-03   6.8155152448504383e-02
   2.6031100000000001e-03  -1.5749297792587393e+00  -7.7985894240001497e-01   1.2422563845882469e-02   1.0476676370373041e-01
   1.8382200000000000e-03   1.1631037143503944e+00   1.7692288581197777e+00   1.7601602137760974e-02   1.2471612511566540e-01
   3.2020799999999999e-03   1.2365234024361973e+00   8.5251183386169949e-01   1.0041335437446647e-02   9.4288827897210659e-02
   1.6045199999999999e-03   2.0761950704460550e+00   8.5040478984813950e-01   2.0470465126959148e-02   1.3422552612135108e-01
   2.3155699999999999e-03   1.4826772846767302e+00  -1.1251525145365593e+00   1.3377115428033479e-02   1.0875969480890205e-01
   5.3215500000000004e-03  -1.0274967598849638e-01  -7.0406752841829331e-02   5.5678330081314386e-03   7.0023411387176229e-02
   8.7007000000000002e-04   2.6022033388434580e+00  -7.2962323117989969e-01   3.5269822180310662e-02   1.7525647601132341e-01
   2.9720800000000002e-03   1.4404396659875716e+00   6.8906377636169802e-01   1.0828192669866194e-02   9.7909034894820224e-02
   4.5763499999999999e-03   5.9613837184239060e-01  -6.2674143812224703e-01   6.7499301638679612e-03   7.7350960610605118e-02
   1.4960700000000000e-03   2.1336374047319961e+00   4.9117679163539291e-01   1.7648221732467294e-02   1.2406625505511107e-01
   3.4973000000000001e-03   7.7908361248329416e-01  -1.0355780403661139e+00   8.2436234425302835e-03   8.5450088383425687e-02
   3.0274000000000000e-03   5.0309921899386212e-01  -1.4475594632030391e+00   9.9631690878238515e-03   9.3914172916825092e-02
   4.8470099999999997e-03   5.5198882412950789e-01   2.9863274524863326e-01   6.0088650673168383e-03   7.2919111145741428e-02
   1.2837599999999999e-03  -1.7486934758782653e+00  -1.6529918127064909e+00   2.3940092923529822e-02   1.4513260117746321e-01
   8.2824999999999999e-04  -2.6579197302758630e+00  -8.2792056819764881e-01   4.2567068947552626e-02   1.9210362601290237e-01
   2.7322399999999999e-03   1.4265870989463876e+00  -4.4573439962061207e-01   8.5554251460351043e-03   8.6916432452990744e-02
   5.3317900000000003e-03  -2.8784341257389884e-01  -1.2903152868532425e-01   5.7065233702773624e-03   7.1062377592846573e-02
   2.2570000000000001e-04   3.0365546369442411e+00   1.7703579505460108e+00   1.4565475246392953e-01   3.3315469007224729e-01
   1.5993800000000001e-03   1.7147920158948335e+00  -1.3601060430160627e+00   1.7996516829000539e-02   1.2593062640272984e-01
   2.3986599999999999e-03  -1.6988410220213763e+00   5.1725685977848035e-01   1.1937021752689438e-02   1.0261607381206250e-01
   3.4297899999999998e-03  -7.2257909612668481e-01  -1.1610363111222397e+00   8.8624589211816537e-03   8.8590640385379893e-02
   3.0858399999999999e-03  -9.7105197683998823e-01  -1.2289757302029773e+00   1.0710639553631189e-02   9.7308949263509539e-02
   1.0531200000000001e-03  -1.9394192510302544e+00   1.6680628109253925e+00   2.9062199872990802e-02   1.5964853761922645e-01
   4.1893399999999997e-03  -4.4028136499515125e-01   9.9249153285525005e-01   7.6482727898202927e-03   8.2327599883341998e-02
   4.9919800000000000e-03  -4.2726944705310671e-01  -5.2756930683642966e-01   6.3857811940087900e-03   7.5233684704915885e-02
   2.8235000000000001e-04  -2.7592048367152895e+00  -2.0695378464639411e+00   1.3343057122335719e-01   3.2379245163533904e-01
   5.8228000000000002e-04   1.9486903048885513e+00  -2.2538803050972658e+00   5.1585728932489854e-02   2.1192973208541527e-01
   5.2642200000000000e-03   1.9074778812615414e-01   4.8552850323122720e-01   6.1091817185812561e-03   7.3609598073610866e-02
   2.0775799999999999e-03   2.5747879486395753e-01   1.9528670988952901e+00   1.4910070804490168e-02   1.1461071015686450e-01
   2.2400000000000000e-04  -5.4671038794412619e-01   3.4550209184219955e+00   1.4097624332991970e-01   3.2786603321946556e-01
   1.5567999999999999e-03   2.1507387100934547e+00  -5.5809247717393473e-01   1.9131234320653803e-02   1.2958605409793239e-01
   5.9829000000000002e-04  -1.9581675844173557e-01   2.9415452293584368e+00   4.9695115520457668e-02   2.0755871286714367e-01
   7.9051999999999996e-04  -4.4475017118324589e-01  -2.7262712876392183e+00   3.7887096518982741e-02   1.8168150738555888e-01
   6.5052999999999997e-04  -1.5167958710285621e+00  -2.4836974647739107e+00   4.6741766457286026e-02   2.0216015314268226e-01
   4.8562500000000003e-03  -1.8519705014490112e-01   6.8693742655952228e-01   6.3349988452332182e-03   7.4937091906431261e-02
   3.3509099999999999e-03   6.4737981520197019e-01  -1.2409270803876264e+00   9.0476571276396633e-03   8.9514569808514036e-02
   5.0235000000000004e-04  -1.8045101679907020e-02  -3.0208208919267743e+00   5.1557186594107678e-02   2.1079297769402627e-01
   7.6564000000000005e-04  -2.4822628752479092e+00  -1.3168817386734477e+00   4.3776559803619344e-02   1.9387070285422731e-01
   4.0491199999999998e-03  -9.2628626548606152e-01  -2.4085956881070891e-01   6.6698126253139237e-03   7.6614831581022141e-02
   3.6265999999999998e-03  -4.9232700731879048e-01   1.2317102574758689e+00   8.8162558397083708e-03   8.8396359146472411e-02
   1.5198300000000000e-03  -1.5058287682972828e+00   1.7230720345966852e+00   2.1399323412364654e-02   1.3731265245844440e-01
   6.7809000000000001e-04  -1.9381632599795486e+00  -2.0990991614150398e+00   4.3901551875292405e-02   1.9439979967771973e-01
   5.0528500000000002e-03   8.4065398321546605e-03   5.8966039996314412e-01   6.0948089588832377e-03   7.3481555367806872e-02
   3.8063900000000002e-03   9.9963696081631570e-01   7.3052039176692340e-01   8.3377428676949788e-03   8.5918810088995851e-02
   5.6263399999999996e-03  -2.0095864635730390e-01   7.7702298882357093e-02   5.9288318155626173e-03   7.2384056906070221e-02
   5.1848500000000004e-03   1.8710927568545382e-01  -3.2401969206763420e-01   5.7117061989332618e-03   7.1021867097667862e-02
   1.4440099999999999e-03   3.1858219473640820e-01   2.3094434967811961e+00   2.2339209094109955e-02   1.4024678547907865e-01
   1.9544000000000001e-04   4.3513315612707526e-01  -3.5741043686407612e+00   1.6629423554627976e-01   3.5700792216291882e-01
   1.9701699999999998e-03  -1.7849788628117731e+00  -1.0155422481709473e+00   1.6570284633012695e-02   1.2099942233441284e-01
   3.9655400000000000e-03   6.7421972760925364e-01  -8.2480718455227453e-01   7.1225758711404193e-03   7.9412916921506344e-02
   3.0605900000000002e-03   1.3511059747865599e+00  -6.7892779304210849e-01   9.8237681635439875e-03   9.3161296145229264e-02
   2.4367000000000000e-04   1.8656342535357282e+00  -2.9411124780564455e+00   1.4155268537786977e-01   3.2846705478041022e-01
   3.4135300000000001e-03  -2.5924014604176326e-01  -1.3065267802560838e+00   8.5292060011580469e-03   8.6753257962632807e-02
   3.7534399999999998e-03  -6.7121356337257310e-01   1.0694822932889885e+00   8.4325752916780770e-03   8.6470630836634060e-02
   6.9446999999999998e-04  -1.3878932167023998e+00   2.5154948649946713e+00   4.5734310464254725e-02   1.9967948362147825e-01
   2.8085000000000002e-04   2.4341890931698797e+00   2.4413282689786753e+00   1.3371949255519042e-01   3.2314996317855776e-01
   3.2153699999999999e-03  -9.1453891645501229e-01   1.1380941857764488e+00   9.4616830855721711e-03   9.1580664749075821e-02
   5.4924700000000002e-03   2.0194392150145513e-02   3.6991417413604155e-01   5.9667900844002381e-03   7.2731543121833220e-02
   4.3089000000000001e-03  -6.0803960854464434e-01   8.3477124760310140e-01   7.4145084784828707e-03   8.1045137361300104e-02
   3.4963899999999998e-03   7.9215823904015570e-01   1.0636831827593256e+00   8.6068746594797040e-03   8.7220605862087033e-02
   4.0539100000000000e-03   1.0723122144824278e+00   1.2341287776698748e-01   7.3713872095303862e-03   8.0830018470740270e-02
   4.2757600000000000e-03  -4.3750742473509553e-02   1.0261311309927972e+00   7.3432381634763143e-03   8.0674116541615354e-02
   4.8078499999999998e-03   7.4651950966471348e-01  -8.5055143226265131e-02   6.5215274658059711e-03   7.5908378915187424e-02
   2.8688600000000000e-03  -1.8746223659759556e-01  -1.5232917482621069e+00   9.5277768604971648e-03   9.1781339989681326e-02
   1.0153300000000001e-03   2.5084240770000101e+00   7.8309030838797100e-01   3.4079409035323235e-02   1.7228038261912931e-01
   3.4071399999999999e-03  -2.9038640803649707e-01   1.3741706557468172e+00   9.2805569634398406e-03   9.0655431040732204e-02
   1.1014800000000000e-03  -5.0157011756648169e-02   2.4980135484733870e+00   2.5945494495667621e-02   1.5104870961022498e-01
   1.1707099999999999e-03  -9.3828603211866246e-01   2.3181786469924583e+00   2.7599705241161024e-02   1.5573783301496663e-01
   4.0371900000000004e-03   8.2726211789566473e-01  -6.4211408423092253e-01   7.1977098181418894e-03   7.9664289729183879e-02
   2.2085400000000002e-03   1.7063063699786960e+00   7.9838767542812084e-01   1.3517709942797440e-02   1.0907293158726089e-01
   4.4465700000000004e-03   5.7275845040165019e-01   7.0987205876274639e-01   6.8616288866724193e-03   7.7937199051909586e-02
   5.4678499999999998e-03   2.2933442177507790e-01  -1.3055307674022770e-01   5.7383793773400039e-03   7.1294080865417303e-02
   2.5949800000000002e-03   1.6184060192602010e+00   4.7889426907762078e-01   1.1124663961939479e-02   9.9133495884131492e-02
   4.7850699999999998e-03  -6.5641699081495808e-02  -5.7977086739392214e-01   5.8693302353204834e-03   7.1921476527703879e-02
   3.4179700000000002e-03  -5.0235946802259546e-01  -1.0639715972498220e+00   7.0238742375751638e-03   7.8737925220656854e-02
   3.7158700000000000e-03  -6.6587663519750567e-02   1.2632483000596901e+00   8.3816193450918404e-03   8.6175660249160416e-02
   7.0660000000000004e-04  -2.8081222205840408e+00   5.5192680998803334e-01   4.6495263341910752e-02   2.0015145540949764e-01
   3.3913900000000002e-03  -1.3048837049169890e+00   3.2139710971822766e-01   8.4722336593158250e-03   8.6629307530321414e-02
   3.3183499999999999e-03   1.3764943060191688e+00   4.0898826712222591e-01   9.4784812020084069e-03   9.1587888740338810e-02
   7.0817000000000005e-04   2.3203501378514186e+00   1.7225350258271208e+00   4.8616953608159416e-02   2.0543865519070692e-01
   1.2004299999999999e-03  -1.4850240673584449e+00  -1.9758328683146917e+00   2.6304942184908781e-02   1.5208283815403223e-01
   2.2827199999999998e-03  -5.8927178138797653e-01   1.7738752994653373e+00   1.3324678354619923e-02   1.0852847523583853e-01
   5.2075799999999998e-03  -2.2146659616971864e-01  -4.7240444638679080e-01   6.0815269168774571e-03   7.3352167569904730e-02
   3.0064200000000001e-03   1.2774920000302881e+00  -9.2095117764377643e-01   1.0626711953527691e-02   9.6897722439795775e-02
   1.7423899999999999e-03   6.0440950670120264e-01   2.0720438269630757e+00   1.8392827112458602e-02   1.2743965811731767e-01
   3.6426000000000002e-03  -2.9768331449338714e-01  -1.0983850405400866e+00   7.1747457734798433e-03   7.9536204910562722e-02
   3.6419899999999999e-03   3.9992619331443835e-01  -1.2050357038604909e+00   8.2712169021241164e-03   8.5603229766279307e-02
   4.3873999999999996e-03  -3.7669281457846193e-01  -8.7831833300157658e-01   7.0998595637862000e-03   7.9230248458908525e-02
   4.7902400000000003e-03  -3.5826970617118559e-01   5.6535298072355633e-01   6.1115305257650205e-03   7.3558244967418557e-02
   6.6094999999999999e-04   2.8663688299809076e+00   3.7255212662908133e-01   4.6136146401395323e-02   2.0030877893211699e-01
   4.8192199999999999e-03   3.7806680281439353e-01  -6.1191682727391994e-01   6.3747075414798959e-03   7.5090475917559699e-02
   4.1105300000000003e-03   9.6675871287998461e-01   5.0199696323220422e-01   7.5264183772105172e-03   8.1646810953089316e-02
   4.9119699999999999e-03   3.7143984738476787e-01   5.9976774979171343e-01   6.3832675854165197e-03   7.5215751958107993e-02
   9.3092999999999995e-04  -2.6322887890253459e+00  -3.5743613995571777e-01   3.3769349597145400e-02   1.7124325319807771e-01
   3.0371500000000002e-03   9.1692875883981284e-01  -1.2376412058741926e+00   1.0145024180810079e-02   9.4778045154379223e-02
   1.8080500000000001e-03  -1.8327649777357513e+00   7.5807975407559614e-01   1.3203641671597434e-02   1.0792329629821656e-01
   3.1340199999999999e-03  -1.2851755466454415e+00  -8.0765310178921468e-01   1.0073906329027604e-02   9.4443898351943098e-02
   3.1192899999999998e-03  -1.1438868570033514e+00  -1.0208877782708929e+00   1.0294002856145240e-02   9.5436782209011972e-02
   1.8645000000000001e-04  -2.9559123213542602e+00   2.1009958929205630e+00   1.6788358146911045e-01   3.6028377036393683e-01
   5.3704399999999998e-03   3.9084634397457130e-01   1.8665600075792244e-01   5.9702460585883410e-03   7.2707373479231785e-02
   2.1391200000000000e-03  -1.3360854942405078e+00   1.4231319764792481e+00   1.4651458712161350e-02   1.1376230909960044e-01
   2.3672900000000002e-03   6.1117939750722683e-01  -1.7257770145298381e+00   1.2894243825095760e-02   1.0674376441459324e-01
   4.7255900000000000e-03  -1.7041388907484370e-02   8.0220563365137254e-01   6.5960569052947162e-03   7.6444901758700570e-02
   4.9810000000000002e-04  -2.2169558597933530e+00   2.0327117471059828e+00   4.9437755598442004e-02   2.0684941254590353e-01
   3.5540500000000000e-03   1.1943067821529505e+00  -4.8131407038504742e-01   8.3047370893409370e-03   8.5713978252701425e-02
   9.1617000000000001e-04   1.8601926085312950e+00   1.9308567543696655e+00   3.5860645161252772e-02   1.7625519661471867e-01
   1.3624900000000001e-03  -2.6591123714506465e-01  -2.3365847630033674e+00   2.2454558141544984e-02   1.4048126846692538e-01
   4.5871699999999998e-03  -3.9372749410111985e-01   7.6982515457073142e-01   6.7571399600673291e-03   7.7394865088156670e-02
   3.6735299999999999e-03  -1.0122811726020986e+00  -4.1382757075330256e-01   6.9217430447290635e-03   7.8092634360218058e-02
   3.9390800000000002e-03  -6.9395868329007390e-02  -1.1229996557289679e+00   7.5403101740643842e-03   8.1663355184891734e-02
   3.6092999999999997e-04   3.2108250161028202e+00  -8.2761435473967282e-01   1.1611180533992051e-01   2.9955527443355068e-01
   3.2784200000000002e-03   1.4785209208293226e+00  -3.1540763814662191e-02   9.9887147249720278e-03   9.3920260578943551e-02
   4.4936200000000003e-03   1.6482090465076407e-01   9.1626467752071272e-01   7.0250740692922031e-03   7.8890362063271394e-02
   2.6020300000000000e-03  -1.0230881954652178e+00   1.3948845093850781e+00   1.1822901151608769e-02   1.0224412972096975e-01
   2.7875500000000002e-03   1.7901747730534925e+00  -2.9686791578202427e-02   1.4102751860297162e-02   1.1171115326491154e-01
   3.7738600000000000e-03  -1.1947491404608104e+00   8.5328080699134112e-02   7.9332898095262963e-03   8.3715226739218412e-02
   1.1638000000000000e-03   2.1019052561777225e+00  -1.3250862678591953e+00   2.6272731884943331e-02   1.5199538986676753e-01
   9.9729000000000007e-04   8.8090018817487814e-01  -2.4686115204599859e+00   3.2143463068083751e-02   1.6788745783267636e-01
   3.3843800000000002e-03   3.4508008810482194e-01   1.2528352117450559e+00   8.0392688321653562e-03   8.4363154166972543e-02
   1.7697900000000000e-03   2.1079805515034775e+00   1.3800102261301886e-01   1.6905519810583306e-02   1.2200813819331816e-01
   2.8494700000000002e-03   1.0213236943344255e+00   1.2359410009323666e+00   1.0542796604209677e-02   9.6548274934964151e-02
   2.4691700000000001e-03   1.4930699129136866e+00   9.8686425619851548e-01   1.2491631526514835e-02   1.0507925323058281e-01
   2.7936999999999998e-04  -3.1701815436748855e+00  -1.3073764945924640e+00   1.2749200925226009e-01   3.1371367025091734e-01
   4.5512000000000000e-03   3.7023290995240488e-01   8.0781641141781957e-01   6.8389447965676621e-03   7.7845183260769502e-02
   7.1699999999999997e-04   5.1564871698095260e-01  -2.8026263663118902e+00   4.4035449896253173e-02   1.9568534652181624e-01
   2.2725200000000001e-03   1.2479870112454989e+00   1.4390846978922833e+00   1.4134989530807327e-02   1.1182872391902281e-01
   1.9937300000000000e-03  -3.2328537990558942e-01   1.9253047607790748e+00   1.3739779531584317e-02   1.1014059949436580e-01
   3.0170200000000000e-03   1.5739524004166463e+00   2.0246848719924587e-01   1.0885514300670493e-02   9.8085482768140789e-02
   2.2856999999999999e-04   3.0829698213391179e+00  -1.6408746968137393e+00   1.3285369444457826e-01   3.2038518245914632e-01
   3.1243000000000000e-03  -7.4913672649689089e-01  -1.4223858173460135e+00   1.1642233106593890e-02   1.0148315643464989e-01
   3.3799799999999999e-03   1.0169234921887484e+00   9.7406013284269033e-01   9.2928657457497614e-03   9.0660212858248379e-02
   5.8586000000000000e-04  -8.7096674285156350e-01   2.8261172864710211e+00   4.9981310424595790e-02   2.0802880683603298e-01
   2.2886500000000001e-03  -3.4803122708322437e-01  -1.7617625153991405e+00   1.1752214251180511e-02   1.0187107759197768e-01
   1.9682599999999999e-03   1.3655350753169491e+00  -1.4115944531904263e+00   1.3894714666895139e-02   1.1077116604351259e-01
   2.2620200000000000e-03   1.8438070276585281e+00   2.7539960609660902e-01   1.3150591018409239e-02   1.0777392792253865e-01
   1.8411199999999999e-03  -1.5379442431165555e-01  -2.0244059318524736e+00   1.4846770962316683e-02   1.1445005535476238e-01
   4.5580000000000004e-03  -5.1714830126146449e-01  -7.2451026943201013e-01   6.9098779296374964e-03   7.8182588203756134e-02
   2.1876299999999999e-03  -1.4941215143962729e+00   1.1425218333226173e+00   1.3284260229028131e-02   1.0819970318060726e-01
   1.0229700000000000e-03   2.4291698290640440e+00   3.7852507312680511e-01   2.2103431114116143e-02   1.3912472815718119e-01
   3.6160500000000000e-03   1.1976887671330916e+00   5.9045108876215280e-01   8.9198598138270462e-03   8.8911953108442146e-02
   2.7621700000000000e-03  -1.6400833413637756e+00   1.8184531508105905e-02   1.0966355494873186e-02   9.8370843068001007e-02
   2.6878900000000001e-03   5.5072512625141745e-01   1.3535705572386663e+00   7.9640832482265767e-03   8.3891211051907263e-02
   3.6210100000000000e-03  -1.1432812699486232e+00  -5.8776571566675329e-01   8.4740403371587041e-03   8.6554216898487732e-02
   2.0944300000000000e-03  -1.9536936989665745e+00  -3.8301689048989235e-01   1.5516159543886595e-02   1.1712931263020157e-01
   3.8304099999999998e-03   1.1432395392457237e+00   3.4845462173004665e-01   7.9231668175885495e-03   8.3796911354729178e-02
   1.1276800000000000e-03   2.4689864213178474e+00   1.2871462466296371e-02   2.5295704387268858e-02   1.4855627839061286e-01
   5.2674000000000002e-03   3.8643387028848342e-01  -1.5599225157754299e-02   5.8004359503074357e-03   7.1604071188092866e-02
   4.2556399999999998e-03  -8.6541005787092229e-01   2.9455747638322616e-01   6.5910564581007115e-03   7.6370529500128764e-02
   4.2201199999999999e-03   7.2527571160316329e-01   2.1378677898600126e-01   5.7868482515303424e-03   7.1491181806336096e-02
   2.1683900000000001e-03  -1.9270227593274021e+00  -5.6162808637525513e-02   1.4130528238774568e-02   1.1176166854522152e-01
   4.5356900000000002e-03  -6.5398899241982344e-01  -5.7236289341601476e-01   6.7234377937532147e-03   7.7170462689097885e-02
   4.3816500000000000e-03  -7.1523360343698261e-01   4.7896788327333972e-01   6.4839514095035976e-03   7.5721663710373588e-02
   2.6112200000000000e-03  -1.1818935439046174e+00   1.1792420556225305e+00   1.0765772229532273e-02   9.7575346960623727e-02
   5.1936300000000003e-03   3.6899351274857445e-01   3.9169998978577003e-01   6.0764312325311915e-03   7.3395469018578366e-02
   5.5689399999999997e-03   1.9278655068530851e-01   2.7436551745239324e-01   5.9880244187847089e-03   7.2820445618508658e-02
   2.8282099999999998e-03   1.6074150560116109e+00  -2.5690348059606311e-01   1.0918000747879930e-02   9.8264608290648481e-02
   1.9869200000000001e-03  -8.8330953377245269e-01  -1.6649994200427753e+00   1.2122901738051429e-02   1.0335677642932357e-01
   4.5710600000000001e-03   8.5965034421332120e-01  -2.7514671490850429e-01   6.9346246473194111e-03   7.8398731835274113e-02
   2.6250900000000001e-03   1.1933742236809588e+00  -1.1947832784639851e+00   1.1105206858008525e-02   9.9104118055295953e-02
   5.1111000000000004e-03  -3.5501386477840419e-01   2.0613512555207383e-01   5.7185808921740274e-03   7.1040708434021035e-02
   2.5000999999999999e-03   6.7621674667523313e-01   1.5660727007405486e+00   1.0952480520494665e-02   9.8413925362727667e-02
   1.1082900000000001e-03  -2.5299105898943401e+00   1.2305983683161847e-01   2.8310569735559402e-02   1.5768166992441626e-01
   9.9457999999999990e-04  -5.2525323860054385e-01   2.5271368213183392e+00   2.9316355429813885e-02   1.6018445711965684e-01
   1.9212900000000000e-03  -1.6069903232524287e+00  -1.3091730305686931e+00   1.6813319513197773e-02   1.2188386017179224e-01
   1.8444300000000000e-03  -1.7809516527981062e+00   1.0461727375135914e+00   1.6216048757053646e-02   1.1942109460465807e-01
   7.4019999999999999e-04   1.3738865227203627e+00  -2.4668677007410240e+00   4.2666823137360588e-02   1.9237181792147365e-01
   1.3644200000000001e-03   1.1005233383306909e+00  -2.0938509458827093e+00   2.2885201306117736e-02   1.4208134563853475e-01
   2.9007000000000002e-04  -2.1109943190312483e+00   2.6567948828554351e+00   1.1773253141205114e-01   3.0330199552725501e-01
   5.3225900000000003e-03  -1.6013344790658879e-03  -4.0347185471071761e-01   5.8809592960198335e-03   7.2122012976580316e-02
   1.4608399999999999e-03  -2.2584405718571570e+00  -5.7444810656411782e-01   2.2663634898271653e-02   1.4135712934751071e-01
   4.4708400000000002e-03  -2.2378275764845243e-01   9.0209171260925636e-01   6.9968729671917194e-03   7.8745324481944642e-02
   3.8721900000000002e-03  -1.2146138177224839e+00  -3.3570760624696599e-01   8.7904022063215008e-03   8.8094440963401965e-02
   3.1729300000000000e-03  -1.0743357326219245e+00   9.3591111705732988e-01   8.8903844978155816e-03   8.8715848768792974e-02
   2.8102600000000002e-03   3.8182975511529194e-01   1.5159234530145984e+00   9.7768085824069349e-03   9.2918648609393972e-02
   1.2714899999999999e-03   1.5482717946594389e+00  -1.6542391068471136e+00   1.7122007194871228e-02   1.2274550171991902e-01
   4.3328300000000002e-03  -9.7560617706928621e-01   8.9959360824113752e-02   7.1552381820870281e-03   7.9544180799244024e-02
   1.5706200000000000e-03  -2.2495222966170960e+00  -1.7862979658891098e-01   2.0488129936587430e-02   1.3443271845901741e-01
   2.0374500000000001e-03   8.2186024381064260e-01   1.8120044589734849e+00   1.5100933674778402e-02   1.1548679352040364e-01
   2.6921100000000002e-03   1.7929255196332225e-01   1.6653724494034106e+00   1.1209181932347221e-02   9.9480541731896757e-02
   3.9836999999999997e-03  -7.6468048175112902e-01  -7.6180746070952388e-01   7.3550812086262858e-03   8.0555368211236517e-02
   1.1786600000000000e-03  -1.1152921230405217e+00  -2.2233525651802157e+00   2.7130637927656631e-02   1.5433507134695557e-01
   2.0663399999999998e-03   9.1116543043235043e-01  -1.7583925898522708e+00   1.5038091402196724e-02   1.1522374358234957e-01
   3.1100899999999998e-03  -7.3361074754622863e-02   1.5223809201044209e+00   1.0065875368119285e-02   9.4421349735490004e-02
   8.7723000000000000e-04  -1.6956634747354260e+00   2.1112405957617919e+00   3.6085569682590912e-02   1.7739397394976017e-01
   5.4551999999999997e-04   1.7519620679582115e+00   2.4265606082578413e+00   5.1171111822793346e-02   2.1014580858095197e-01
   5.2331599999999997e-03  -4.0675036605005921e-01   1.3366227904964579e-02   5.7797234162858570e-03   7.1545096282459933e-02
   2.4854899999999999e-03   1.5729231787182636e+00  -8.4735621385991711e-01   1.2456207355272052e-02   1.0497774083555818e-01
   2.2801000000000001e-04  -1.4582481153022417e+00  -3.1715553574313624e+00   1.3190005793204729e-01   3.1852249176051423e-01
   1.6946999999999999e-03  -1.1467492709779494e+00  -1.8241028780587791e+00   1.7710687335529256e-02   1.2496104629570283e-01
   1.1775600000000000e-03   1.4112549185358756e+00   2.0466866368179599e+00   2.6776471411128006e-02   1.5344582793194944e-01
   1.6038500000000000e-03   1.5173973723136343e+00   1.6539288080902952e+00   2.0391613610904354e-02   1.3409801575368274e-01
   4.2573400000000001e-03   7.7041945792656219e-02  -7.1500213190812945e-01   5.6937331291035806e-03   7.0873209920982297e-02
   4.5753000000000000e-03   5.4518664966051023e-01  -1.0921074547915592e-01   5.4614394373620886e-03   6.9483709737140006e-02
   2.4903600000000001e-03  -1.2758844298361234e+00  -1.2696581063713259e+00   1.2835092613264300e-02   1.0650757604480604e-01
   4.0061799999999998e-03  -8.9156200477006531e-01  -5.9482832774630379e-01   7.2530328361940892e-03   8.0072670112785613e-02
   4.3584299999999999e-03   4.5807848909681770e-01  -8.0804908481765114e-01   6.8075898386416546e-03   7.7659061407286997e-02
   3.8759699999999998e-03  -6.3469768044100217e-01  -9.1581305852681139e-01   7.5078946235989721e-03   8.1296362605605146e-02
   2.0004400000000000e-03  -1.9098065539125753e+00  -7.1450107442922228e-01   1.6318371571916752e-02   1.2007132087923142e-01
   4.8197800000000001e-03   5.1961860985184039e-01  -4.3134977099821042e-01   6.1999794946499629e-03   7.4032883041472333e-02
   8.7237999999999997e-04  -2.5141651514550012e+00   9.9700721876802312e-01   3.5512422609345555e-02   1.7613633569650913e-01
   1.3791400000000001e-03   1.8669277862759395e+00   1.4857046896529504e+00   2.4519122463927023e-02   1.4682739824482802e-01
   2.6930200000000000e-03   1.2603864780977805e+00   1.1330664191276079e+00   1.1526405553308465e-02   1.0095083382815044e-01
   4.1110299999999999e-03  -6.6529752693624788e-01   2.9486913851430918e-01   5.4933178555859339e-03   6.9690047436388347e-02
   2.7588199999999999e-03  -1.5569067600084712e+00   2.9881245308718912e-01   9.9369268541069991e-03   9.3720587705764927e-02
   5.0730000000000003e-03  -4.8792522977874231e-01  -1.7786102775926593e-01   5.8768390412837187e-03   7.2175135278798611e-02
   1.2194800000000000e-03  -6.9739023791541466e-01  -2.3444481385058178e+00   2.4748458417437946e-02   1.4765474256822014e-01
   1.0640800000000000e-03   2.4308064191358039e+00  -3.5628439633881209e-01   2.2729995125065058e-02   1.4121751075875777e-01
   5.9531000000000004e-04   2.6477056448992555e+00   1.2290882119754314e+00   4.5190593911247218e-02   1.9795024168254041e-01
   6.7239000000000003e-04   2.8857975396458628e+00  -2.3535010722515542e-01   4.7321409801046127e-02   2.0276940777730093e-01
   3.7498300000000000e-03  -8.3684890933648381e-01   8.9629951724487178e-01   8.0558976813618951e-03   8.4463524547810725e-02
   5.2803800000000003e-03   5.8410870042688001e-01   7.9720194161028560e-02   6.4723196090909190e-03   7.5582469905649749e-02
   3.9518299999999999e-03   7.9070238249442737e-01   8.3379330953202768e-01   7.7956720230474797e-03   8.3028669419078230e-02
   3.6154799999999999e-03   1.3116374511913096e+00   1.6631285531786943e-01   8.7910986573134092e-03   8.8248477025898067e-02
   4.5589799999999998e-03   2.5013061795828351e-01  -7.7305691580732461e-01   6.5672756187193752e-03   7.6099443845466574e-02
   2.8911800000000001e-03   7.7950083799551728e-01   1.3042218589952317e+00   9.4153359132413024e-03   9.1229149285609490e-02
   4.2695299999999997e-03   7.7129112885065565e-01   6.2062211388030786e-01   7.1495877622815484e-03   7.9525580744523650e-02
   1.5849499999999999e-03  -6.1921779233162000e-01   2.1034376626220315e+00   1.8083550746006705e-02   1.2611206945171446e-01
   4.4571200000000002e-03   7.4862704853910655e-01   4.1328450573580500e-01   6.5297937911868243e-03   7.6041694366203880e-02
   3.4689800000000000e-03  -5.4935497845598159e-03  -1.3381073844199163e+00   8.6151814886737399e-03   8.7333314446912960e-02
   4.8765400000000004e-03  -5.3712004441763672e-01   1.6587135200879616e-01   5.8929953360489567e-03   7.2106492685306708e-02
   2.3316200000000000e-03   4.8553110312203795e-01   1.7703722963690633e+00   1.2900084492613852e-02   1.0668432416205822e-01
   2.5068700000000000e-03  -8.2335019689829192e-01   1.5951364736296669e+00   1.2731595582314311e-02   1.0611173070522600e-01
   5.3319600000000002e-03   2.1558484627599206e-01   8.6306970253965484e-02   5.6005155711404495e-03   7.0380094237651875e-02
   4.7163800000000001e-03  -6.9874415997691319e-01  -2.1585611160437784e-01   6.2258516569827270e-03   7.4289247093045629e-02
   2.4141599999999998e-03   1.0600259041719757e+00  -1.4697371332888538e+00   1.2715679459257027e-02   1.0604423654041509e-01
   1.9632000000000000e-03   1.8725721542990670e+00  -7.1913778574125864e-01   1.5090191553056232e-02   1.1533763831880098e-01
   2.4511500000000000e-03   9.5820122864417356e-01   1.5192129720274592e+00   1.2506270231630652e-02   1.0511439511795367e-01
   3.5983899999999999e-03  -1.1614810699487399e+00   5.1891487859556851e-01   8.2081954058231300e-03   8.5248627320677145e-02
   3.9657000000000000e-03  -2.5859923952815783e-01   1.1305080630093338e+00   7.8849414760628449e-03   8.3566838990203549e-02
   3.6026700000000001e-03  -8.8042533716383597e-01  -9.8076871204133065e-01   8.7329263247949949e-03   8.7953889614836578e-02
   3.2580199999999999e-03  -5.0669060335572869e-01  -1.2849273231174358e+00   8.7414260892841825e-03   8.7821123664008321e-02
   4.0184100000000000e-03   5.7560267940640475e-01   9.1897123679360060e-01   7.4047272909569866e-03   8.0937656046898732e-02
   2.8601299999999998e-03  -1.4587756638446994e+00  -3.4208487917211122e-01   9.0635940443674224e-03   8.9485076789565007e-02
   1.4042900000000001e-03  -2.1359836762052153e+00   8.6519125497124694e-01   2.0486699438547910e-02   1.3435666777558763e-01
   4.3376899999999999e-03  -1.1067724355219777e+00  -1.2296290957963510e-01   8.3064842239098380e-03   8.5648756856758795e-02
   7.0848000000000005e-04   2.5750404766463633e+00  -1.1957955645881240e+00   4.3211765571070059e-02   1.9330453681468412e-01
   1.3560700000000000e-03   4.6833031013972748e-01  -2.3257289132965253e+00   2.3512507216299897e-02   1.4371444380426029e-01
   2.5370300000000000e-03  -1.6710732615823112e+00  -5.1619782179436446e-01   1.1880458803873098e-02   1.0250133923055273e-01
   1.3485000000000001e-03   2.1876940976082753e+00  -9.3150148222059714e-01   2.3346052749143732e-02   1.4336002119141791e-01
   1.0716400000000000e-03   7.7027513336768272e-02  -2.5473199809540694e+00   2.8704819695137000e-02   1.5862641756082033e-01
   2.7680500000000002e-03   7.7192106031610863e-01  -1.4805931782317268e+00   1.1340869584896666e-02   1.0021068732595806e-01
   5.0911600000000000e-03  -2.8362434681518861e-01  -6.8111262887250601e-01   6.8434106527421748e-03   7.7764836397351669e-02
   5.2125399999999999e-03  -3.5813919347773310e-01  -3.2702652871329291e-01   5.9187535144003068e-03   7.2456766099845429e-02
   4.0101499999999997e-03   1.0912069702778340e+00  -2.7272385709220665e-01   7.6769764746124972e-03   8.2466956659728405e-02
   5.4019599999999999e-03   1.6427158157196567e-01  -5.3997619378551454e-01   6.4606432286142441e-03   7.5608065792221749e-02
   1.9193599999999999e-03   4.2460921930099405e-01  -1.9702052742156959e+00   1.4962648891813901e-02   1.1504691141124485e-01
   3.6691599999999999e-03  -1.0187686670634588e+00  -7.9502578434714910e-01   8.5690377883818544e-03   8.7104009089936762e-02
   3.6553100000000002e-03  -1.3700964393545427e+00  -1.2247553896156224e-01   9.7889329373130624e-03   9.2820046329069941e-02
   2.3311500000000001e-03  -1.8290921876369661e+00   2.3526278846990786e-01   1.3073345264477268e-02   1.0750539102281394e-01
   1.0013500000000000e-03   1.9088426068294320e+00  -1.7325258901089193e+00   2.9169172411374997e-02   1.5970707187768204e-01
   1.9596000000000001e-03  -1.1440733806550376e+00   1.6862418446324223e+00   1.5897799362090560e-02   1.1859125073249224e-01
   5.0327400000000000e-03  -1.5196422578600913e-01   4.8226930863076928e-01   5.8236388952656315e-03   7.1790378960970735e-02
   3.2833599999999999e-03   2.5135706991299767e-01  -1.3868279146454221e+00   9.0122205465598126e-03   8.9290219359086875e-02
   4.2654499999999996e-03   8.5136301845228168e-01   7.7145088471602979e-02   6.3951449669572480e-03   7.5038670510309963e-02
   5.2543599999999996e-03   3.4760475875514257e-02  -2.0934459956441340e-01   5.4442907850141085e-03   6.9454839882760008e-02
   4.3505300000000000e-03   3.0358336568091276e-01  -9.8297093040028483e-01   7.4713023080603914e-03   8.1338720318255731e-02
   4.5303299999999999e-03   3.3208133481418833e-01  -4.2654016867291938e-01   5.3711415295199525e-03   6.8908558622091304e-02
   3.1836000000000001e-04  -3.3155334782344261e+00  -5.5767099119009311e-01   1.1778095251886481e-01   3.0273916137551743e-01
   3.9610599999999998e-03   1.5975217254664004e-01  -1.1561322334547892e+00   7.9263919782060800e-03   8.3811056099060477e-02
   1.1444700000000001e-03   2.1931618048231090e+00   1.2131527453743787e+00   2.7950773053691983e-02   1.5659248752126731e-01
   1.3679800000000000e-03  -2.1807645045403250e+00  -9.6541939575756330e-01   2.4361898933559972e-02   1.4634967069625054e-01
   8.0243000000000003e-04   1.2192010344284068e+00   2.4862475436571883e+00   3.9322917763734949e-02   1.8469370811262265e-01
   4.1491300000000000e-03   9.2655623891891403e-01   2.8457388705729941e-01   6.7053913202533115e-03   7.7084127430563573e-02
   2.5425199999999999e-03  -1.4459622204559781e+00  -1.0372876114989997e+00   1.2658296482753434e-02   1.0575876933311633e-01
   4.3969400000000002e-03  -8.4274319635339245e-01  -6.6127379569602074e-02   6.5193386954007677e-03   7.5756909109681261e-02
   3.9511700000000004e-03   5.3858498159439361e-01  -1.0197867936904308e+00   7.7738876861201791e-03   8.3011338075383148e-02
   5.5132899999999997e-03   4.0257708267291836e-01  -2.4299517396886222e-01   6.2896414293033354e-03   7.4579863831264442e-02
   4.8647000000000002e-04   9.0667762364054139e-01   2.9512227555169832e+00   6.3424573107936630e-02   2.3166529152256066e-01
   5.3196999999999999e-04  -2.9952342343506944e+00  -2.1248433610948619e-02   5.0570504887258831e-02   2.0924872259115190e-01
   1.3314500000000001e-03  -1.9883212543108171e+00  -1.3106768824481554e+00   2.3401071028837879e-02   1.4350291309901822e-01
   1.6530900000000001e-03  -1.6920759548674644e+00   1.3910492772848888e+00   1.8629554948569639e-02   1.2817186220641974e-01
   4.8973599999999999e-03   1.8007294217549799e-01   7.0085718695669186e-01   6.4404001689305585e-03   7.5564266271788583e-02
   1.2725499999999999e-03  -2.0854327119699909e+00   1.2537255578056223e+00   2.5529208833455018e-02   1.4976362630408885e-01
   2.7079100000000000e-03  -3.1642028582188103e-01   1.6439148810760151e+00   1.1128843397207757e-02   9.9262450956881063e-02
   2.0988000000000001e-03   1.4827017749611607e-01  -1.8609671121326723e+00   1.2299932530060793e-02   1.0416458907841082e-01
   2.4297899999999998e-03  -1.3228629352897441e+00   9.5683103621149124e-01   9.4544144627140992e-03   9.1365449193496914e-02
   5.3429699999999998e-03  -1.5200613511586317e-01   2.6822437906915375e-01   5.6826765246463067e-03   7.0970546604122262e-02
   2.0849499999999999e-03  -8.6322927636464472e-02  -1.7529801953417574e+00   9.9881428270414130e-03   9.3963790154355992e-02
   4.4836299999999997e-03  -7.5522672144877778e-01   1.1524365513033488e-01   6.1097145392572704e-03   7.3564190518390263e-02
   5.4711899999999999e-03  -1.5612686053964414e-01  -2.7656809539829857e-01   5.8175451272057914e-03   7.1820065752826123e-02
   4.6678099999999997e-03  -5.5585999464856850e-01   6.1395634111859954e-01   6.6989475593883614e-03   7.7044931658438356e-02
   4.0823300000000003e-03  -1.6941035922976883e-01  -9.3128335362049208e-01   6.6808657751665241e-03   7.6652517010777368e-02
   4.9194399999999998e-03  -5.6367791899294495e-01  -3.7530304874363013e-01   6.2584670603264142e-03   7.4488528207662510e-02
   1.6995300000000001e-03   1.2279374407428987e+00  -1.7384732377970296e+00   1.6873589683742470e-02   1.2192587579101423e-01
   2.3007999999999999e-04  -1.4625876035259333e+00   3.1657072639658894e+00   1.3494147589608937e-01   3.2141487779622480e-01
   3.9507199999999996e-03  -1.0773571331607992e+00   2.9626937953935600e-01   7.5072598833090289e-03   8.1499522186553153e-02
   4.1571600000000000e-03  -7.7436521578588446e-01   6.7938737496922419e-01   7.1776484002249617e-03   7.9739255614123913e-02
   2.4906600000000000e-03   1.6343772914182362e+00  -5.6751272654918550e-01   1.1483522275081655e-02   1.0070171560216025e-01
   5.9597999999999997e-04   2.3858643735565366e+00  -1.7291719653793076e+00   4.8701385505790999e-02   2.0575688365376124e-01
   4.8105500000000002e-03   7.0342451757852920e-02  -9.3411136412151341e-01   7.5288444856091447e-03   8.1725033101721994e-02
   2.6875000000000000e-04  -6.0499023155247078e-01  -3.3892629910047956e+00   1.2961589942199553e-01   3.1819980736542514e-01
   4.1868499999999998e-03   9.6991989388717970e-01  -4.7892840907106415e-01   7.6681047446355462e-03   8.2371391656691828e-02
   5.0116400000000004e-03   7.1474271110487875e-02  -2.1136684003916537e-02   5.1483292042700879e-03   6.7442380880465280e-02
   1.9839000000000000e-04   2.6338159050820860e+00  -2.3827957490300542e+00   1.3464944292845799e-01   3.2411780377479138e-01
   1.2998199999999999e-03  -3.1159210062036385e-01   2.2358382781074866e+00   1.7056580855778172e-02   1.2258420324039672e-01
   1.8254199999999999e-03   2.0936639436529387e+00  -1.8027116804562110e-01   1.7273829283890960e-02   1.2331117529666892e-01
   4.3998199999999996e-03  -7.8324543781578126e-01  -4.0480984213162746e-01   6.5667942144481293e-03   7.6296361028479462e-02
   3.3558600000000000e-03   1.4569014664900157e-01   1.3952262428776261e+00   9.0882992401386340e-03   8.9723906407252932e-02
   3.1388300000000000e-03  -1.3854690110268713e+00  -5.6627656321448849e-01   9.8563246662969808e-03   9.3293684542815877e-02
   3.3357399999999998e-03   1.3303373375370666e+00  -2.4359759031507613e-01   8.5838553554007432e-03   8.7032129437649861e-02
   1.6731500000000000e-03   7.3962962405224675e-01  -2.0541506045285947e+00   1.8637644960075219e-02   1.2809776887020544e-01
   4.4558300000000000e-03   7.3659800310646562e-01  -4.5350419123634189e-01   6.5995421778683320e-03   7.6475040982337733e-02
   2.6162000000000001e-04   3.8834166032334272e-01   3.4488296240872045e+00   1.4761474876576872e-01   3.3535806961338410e-01
   2.9226199999999999e-03  -1.4130579508253580e+00   1.0634321010063832e-01   8.1351894375323482e-03   8.4787276773008582e-02
   3.4081400000000000e-03   5.6404829579540350e-01   1.1345592429363542e+00   7.8055051377742945e-03   8.3056604010289956e-02
   1.4372700000000000e-03   9.8989870073452257e-01   2.1149860841065067e+00   2.2493564528153803e-02   1.4079445232625454e-01
   4.7673200000000002e-03   5.6038758035394809e-01   5.0464187461144328e-01   6.4450756359144936e-03   7.5558951829349880e-02
   3.5613000000000002e-04  -3.0916793225028902e+00   1.1793147284281427e+00   1.0576996364465861e-01   2.9033763084218706e-01
   1.7977700000000000e-03   1.8687512695002853e+00   5.7587659402563607e-01   1.2584125356731656e-02   1.0524087785913012e-01
   6.7166000000000003e-04  -2.4779339452273197e+00   1.5162781075350802e+00   4.8245464953340977e-02   2.0438188002127672e-01
   3.0994099999999999e-03  -1.2564452290772581e+00   7.3310577998688331e-01   9.1615580863755406e-03   8.9974098309501857e-02
   5.1251700000000001e-03  -5.0077873889719327e-01   3.9579777257947868e-01   6.4417241615193892e-03   7.5436706272551265e-02
   3.7104199999999999e-03  -1.0038841291085674e+00   7.1023612472285769e-01   8.0223517216826169e-03   8.4281190300292602e-02
   2.6947799999999999e-03  -1.5422419224425064e+00   8.0528538003482986e-01   1.2570090456433312e-02   1.0533493690108693e-01
   1.7349200000000000e-03  -7.8111829472595094e-03   2.1110312643630023e+00   1.6587715538669511e-02   1.2087633841144160e-01
   3.1729699999999998e-03   1.0398362414152436e+00  -9.9377186177606425e-01   9.2020871108583913e-03   9.0106622854456947e-02
   7.8374000000000000e-04   3.3433994484125379e-01   2.7750596938583389e+00   4.0639889000035602e-02   1.8822751969759233e-01
   4.9193900000000000e-03  -6.1707433531960743e-01  -2.7904292811541331e-02   6.0564122664817930e-03   7.3258618608053980e-02
   2.4102600000000000e-03  -5.6411231373674674e-02   1.8023670849383029e+00   1.2588514251456705e-02   1.0544891752457013e-01
   1.8523599999999999e-03  -1.3894165022691809e+00  -1.5801623388223740e+00   1.7236086003324814e-02   1.2337240689638830e-01
   4.2578900000000003e-03   9.7701954320090056e-01  -8.8807969199894185e-02   6.9899306627124640e-03   7.8684194400278823e-02
   1.2413400000000001e-03  -2.3691659036196224e+00   5.4704434617941344e-01   2.4634230385408663e-02   1.4727922476844091e-01
   1.0682300000000001e-03   1.5184370666247207e+00  -2.0206122889040459e+00   2.7147218465963296e-02   1.5435644730509629e-01
   1.6201300000000000e-03   1.3206356257516805e-01  -2.1736203022007783e+00   1.7962798779813667e-02   1.2572296901916491e-01
   4.7424800000000003e-03   6.3981915719702664e-01  -2.7192520952114269e-01   6.1951512880359036e-03   7.4002429064574715e-02
   2.2642700000000001e-03  -6.2693189606536281e-01  -1.7182179672622284e+00   1.2477420856620753e-02   1.0483499324564274e-01
   4.1838099999999996e-03  -1.0136107724187836e-01  -7.6677596011580551e-01   5.9088678720414572e-03   7.2045815138753688e-02
   2.8890600000000002e-03  -4.5930578420528168e-01  -1.5072469638428194e+00   1.0302827525143101e-02   9.5331328673838783e-02
   0.0000000000000000e+00   0.0000000000000000e+00   0.0000000000000000e+00   1.1023189365441912e-02   9.3147056072240886e-02
