   1.8547800000000001e-03  -2.0050025778264251e+00   5.0051689378813657e-01   1.6065930070234779e-02   1.1906081414733095e-01
   3.1750400000000001e-03  -7.3634825173260277e-01   1.3175435856015765e+00   1.0096652529305526e-02   9.4538399322932593e-02
   3.0900099999999998e-03  -1.4273661532188575e+00   5.3843779335742892e-01   1.0077534852120741e-02   9.4433611767561945e-02
   7.1057000000000000e-04  -1.0365487827202362e+00  -2.5867948916476236e+00   3.7522017412337134e-02   1.7976257032867252e-01
   3.3333000000000000e-03   8.9829163878623075e-01  -8.1679434302801035e-01   7.1278692928649816e-03   7.9323710006617615e-02
   2.3973000000000001e-04   1.5713199487473082e+00   3.1389822022752716e+00   1.5938028131711426e-01   3.4748230642766764e-01
   1.0887399999999999e-03   7.1853244261269089e-01   2.4458173688052001e+00   2.9286072722299411e-02   1.6019626025879516e-01
   2.3226000000000000e-04   3.5214293286479967e+00   1.9812633607101719e-02   1.5388789216221543e-01   3.4279956714703841e-01
   2.6189700000000000e-03   3.5455288432500631e-01  -1.6410577068141250e+00   1.0871358128044017e-02   9.8121764574065282e-02
   1.6773700000000001e-03  -2.1678895011254968e+00   1.9992124411092463e-01   1.8377467027199050e-02   1.2735286264350568e-01
   3.9971499999999997e-03   3.5990579927223348e-01   1.0341378683686282e+00   7.3687749696709718e-03   8.0790685338893983e-02
   2.2442199999999999e-03   1.8645478767727057e+00  -3.6422104668645694e-01   1.4062391448741588e-02   1.1139438008773674e-01
   3.2248999999999998e-04   3.2401204272173496e+00   9.3836273939697712e-01   1.2492263921993577e-01   3.1121744149291336e-01
   3.9107300000000003e-03   1.0942847712862414e+00  -6.9808000719317642e-01   9.2824296989260369e-03   9.0615956526665667e-02
   4.7691999999999998e-04   1.0561657220649512e+00  -2.8687051424266405e+00   5.5840216568252755e-02   2.1852453889304030e-01
   3.8149400000000002e-03   1.2118721756588673e+00  -4.8290044169965567e-02   8.1429047932686498e-03   8.4853552382472677e-02
   1.7997800000000000e-03   1.8362413028949613e+00  -1.0305062504466294e+00   1.7003999091641187e-02   1.2248944735474751e-01
   2.0595700000000002e-03   1.5363535681411069e+00   1.2987565903349447e+00   1.5917352817923832e-02   1.1853887142727926e-01
   1.8189700000000000e-03  -8.9024684115278296e-01   1.8965960650416884e+00   1.6928233319787062e-02   1.2208006854174215e-01
   2.2277199999999999e-03  -1.7506747771297153e+00  -2.4369232411243577e-01   1.0828242309393095e-02   9.7787928624912923e-02
   5.9785500000000000e-03   1.2491950123394938e-02   1.6081115281809061e-01   6.1763456757907790e-03   7.3940262631957770e-02
   2.3707600000000000e-03  -1.0743911888086337e+00  -1.4713337005138520e+00   1.2869441171897662e-02   1.0644083545130774e-01
   2.7652599999999999e-03   9.6288684990580728e-02  -1.5564861520895024e+00   9.5017348159534155e-03   9.1632346176778540e-02
   2.9899200000000001e-03  -5.3365087566501535e-01   1.4906025350244720e+00   1.0635838817646074e-02   9.7046793748531632e-02
   2.4247000000000000e-04  -2.1583993093183498e+00  -2.7389653609838476e+00   1.3782403239919372e-01   3.2637927800277938e-01
   1.3590600000000000e-03  -1.2467694267670166e+00   2.0301850889565061e+00   2.3952526790056598e-02   1.4518351175511987e-01
   1.8144500000000000e-03   1.8113939455291306e+00   1.1094073155388346e+00   1.7708597007757360e-02   1.2511208851534319e-01
   3.8823700000000000e-03   1.4525120421001811e-01   1.1492558725410391e+00   7.6937614010743451e-03   8.2543459098507369e-02
   2.0303000000000001e-04  -3.5393018396693110e+00   4.4085776603650079e-01   1.6079713787650843e-01   3.4980055306479541e-01
   7.3605999999999997e-04  -2.1942561217810681e+00  -1.6880562823530831e+00   3.5919695078099834e-02   1.7661802647530517e-01
   1.7240500000000000e-03  -8.1272487127870174e-01  -1.9795314386937384e+00   1.7481853137781854e-02   1.2414327665019617e-01
   4.0788300000000003e-03  -9.3522045850083413e-01   5.0115706246654446e-01   7.2417738374259558e-03   8.0093622032189934e-02
   1.8523500000000000e-03  -4.8411020277987943e-01  -2.0148355976331365e+00   1.6199762770260417e-02   1.1955974464794257e-01
   4.4828999999999997e-03  -3.0360900486387843e-01   3.9226042626549529e-01   5.1905557130315725e-03   6.7759226460519850e-02
   2.5742800000000000e-03  -1.5920408510900670e+00  -7.6712863237085238e-01   1.2538359563943523e-02   1.0523690290096470e-01
   1.8079299999999999e-03   1.1694672075308721e+00   1.7687222699128959e+00   1.7624994339094036e-02   1.2477629066974259e-01
   3.1851700000000002e-03   1.2358294963632834e+00   8.5102338321091331e-01   9.9761154772817009e-03   9.3965805405340760e-02
   1.5792099999999999e-03   2.0811680958643501e+00   8.5316922553830021e-01   2.0444823756853980e-02   1.3411634665798144e-01
   2.2978100000000000e-03   1.4993792668669064e+00  -1.1048151009951190e+00   1.3297407882706964e-02   1.0837950196751732e-01
   5.2693699999999998e-03  -8.9743396680429785e-02  -4.7374760363322242e-02   5.4568791021062249e-03   6.9382558278922979e-02
   8.6899000000000004e-04   2.6090996051719832e+00  -7.2935873521553041e-01   3.6242623922043728e-02   1.7754797208155826e-01
   2.9492500000000000e-03   1.4424317718055850e+00   6.8990042906187821e-01   1.0757887973818447e-02   9.7594223846830336e-02
   4.5623599999999997e-03   5.9462625172895234e-01  -6.1787964197512979e-01   6.6789726139676068e-03   7.6933439618011842e-02
   1.4994699999999999e-03   2.1532922344727132e+00   4.9760822216272371e-01   1.8305171668755497e-02   1.2654016837470602e-01
   3.5045900000000001e-03   7.8775437728464948e-01  -1.0184355000714003e+00   8.1328862467883387e-03   8.4868054583048899e-02
   3.0021700000000002e-03   5.2297709283553151e-01  -1.4333785263857506e+00   9.7667440687573132e-03   9.3000767877083321e-02
   4.8167499999999999e-03   5.5248923633392244e-01   3.0635472757347781e-01   5.9993588859245280e-03   7.2854544699641144e-02
   1.2928900000000001e-03  -1.7466388278858105e+00  -1.6481773037608725e+00   2.3747814568195018e-02   1.4462481739580160e-01
   7.7258999999999997e-04  -2.6903296238671364e+00  -8.2808092425851421e-01   4.3448832729141545e-02   1.9385998448979980e-01
   2.7521400000000001e-03   1.4270789594520463e+00  -4.3513668694873253e-01   8.5486283567501303e-03   8.6885590474272800e-02
   5.2540699999999996e-03  -2.7494370868607254e-01  -1.0737872107986642e-01   5.5687340899333720e-03   7.0241751930921137e-02
   2.1583000000000000e-04   3.0078088380200878e+00   1.8401118814916915e+00   1.5034571970348787e-01   3.3706721981599969e-01
   1.5775699999999999e-03   1.7304847228606981e+00  -1.3448963526036641e+00   1.7925735394836821e-02   1.2566599795943761e-01
   2.4172400000000002e-03  -1.6920748252490592e+00   5.1550047621832806e-01   1.1890087554998659e-02   1.0243190192396470e-01
   3.3442799999999998e-03  -7.3016775225199582e-01  -1.1697621439392936e+00   8.9249946658090020e-03   8.8782369175729153e-02
   3.0401999999999998e-03  -9.8247805757543560e-01  -1.2260535935304635e+00   1.0752712724152659e-02   9.7409537874925595e-02
   1.0703600000000000e-03  -1.9333768890527874e+00   1.6615576958791336e+00   2.8802110588547904e-02   1.5885951305694862e-01
   4.0872699999999996e-03  -4.4194947454315958e-01   9.9450792593101245e-01   7.4641138717289265e-03   8.1325995619575625e-02
   4.6429300000000000e-03  -4.1748756508672963e-01  -4.7591569114728799e-01   5.8858851115609588e-03   7.1984185008568333e-02
   3.0541999999999999e-04  -2.6889929805285635e+00  -2.0708261310482996e+00   1.2374776371486682e-01   3.1034554989682417e-01
   5.9192000000000001e-04   1.9261935938376193e+00  -2.2504431959601159e+00   5.0923915660180896e-02   2.1009398776798033e-01
   5.2179100000000001e-03   1.9352036993237906e-01   4.9434349097861996e-01   6.0823658192053895e-03   7.3439207790266456e-02
   2.0165500000000002e-03   2.5976806332440805e-01   1.9637153116689148e+00   1.4772678753274720e-02   1.1413813999905488e-01
   2.2567000000000000e-04  -5.7648990623650442e-01   3.4305372022652154e+00   1.3658033454415450e-01   3.2274141820980939e-01
   1.5222300000000001e-03   2.1534432228821014e+00  -5.5208415366149410e-01   1.8894751557693573e-02   1.2873811785074010e-01
   5.9758999999999995e-04  -2.1172325792488536e-01   2.9511116561584889e+00   5.1255030690299047e-02   2.1032640179799419e-01
   5.2470999999999996e-04  -6.5371831852029749e-01  -2.9301670703114295e+00   5.0894210974640329e-02   2.0977991819104433e-01
   6.7254999999999995e-04  -1.5319739329937807e+00  -2.4396689794081805e+00   4.6523931322351511e-02   1.9992762713196355e-01
   4.8511200000000004e-03  -1.8560932679430986e-01   6.9500121478439991e-01   6.3531001099143827e-03   7.5033774655831581e-02
   3.3022899999999998e-03   6.6155739121397261e-01  -1.2274072337813147e+00   8.8567144781331996e-03   8.8563672388953130e-02
   5.5084999999999997e-04   5.5434317328244394e-02  -2.9947348994996141e+00   5.2993824366883650e-02   2.1350239050142319e-01
   7.3545000000000001e-04  -2.5024082939523598e+00  -1.3253617164934848e+00   4.2863477896786399e-02   1.9264508858822482e-01
   3.9146700000000003e-03  -8.9455307979236143e-01  -2.3219194633545262e-01   6.1540636371337611e-03   7.3734985124487243e-02
   3.5989099999999999e-03  -4.8665725552942596e-01   1.2299630065719940e+00   8.7497532819068441e-03   8.8028954292438510e-02
   1.5355700000000000e-03  -1.5018983362089522e+00   1.7218672904172081e+00   2.1590726957888606e-02   1.3780978397741661e-01
   6.8232999999999998e-04  -1.9360439290378184e+00  -2.1029370555407700e+00   4.3479993270978970e-02   1.9394637410988916e-01
   5.0632799999999999e-03   1.4850394199283660e-02   5.9776027914879204e-01   6.1414872385142250e-03   7.3755581978860091e-02
   3.7851800000000000e-03   9.9543847096494986e-01   7.3805101442100318e-01   8.2817015740364059e-03   8.5629549810026268e-02
   5.4714799999999999e-03  -2.0112182523544400e-01   9.2879847614616332e-02   5.7463570771081034e-03   7.1271225955451947e-02
   5.1517200000000003e-03   1.8971088771576380e-01  -3.2452018137002819e-01   5.7209216423595513e-03   7.1014749080560977e-02
   1.4079200000000000e-03   3.1409204315827238e-01   2.3196168911591979e+00   2.2409944332207502e-02   1.4044702828531586e-01
   2.4691999999999997e-04   6.8568336815342601e-01  -3.4337831070974132e+00   1.5121507162717002e-01   3.4099250384780461e-01
   1.9490600000000001e-03  -1.7934646261241018e+00  -1.0118778178914167e+00   1.6605816273270780e-02   1.2112602776058927e-01
   3.9880100000000002e-03   6.7459301435021546e-01  -8.1531117618024840e-01   7.0579671256752411e-03   7.9091721515429231e-02
   3.0401999999999998e-03   1.3550158838053115e+00  -6.6500191842263623e-01   9.7599182557920675e-03   9.2852491729744011e-02
   2.5671000000000000e-04   1.7753299428979306e+00  -3.0007633593891683e+00   1.4795571902150736e-01   3.3821190582322908e-01
   3.5144299999999998e-03  -2.5941959364089762e-01  -1.2798590641009151e+00   8.4718001169736320e-03   8.6502042669489215e-02
   3.7194300000000001e-03  -6.6530068833629374e-01   1.0713005242934832e+00   8.3254305923914761e-03   8.5921381796860180e-02
   7.0500999999999995e-04  -1.3821931481204133e+00   2.4980966939633076e+00   4.3769486380883259e-02   1.9516311937536365e-01
   3.0175999999999998e-04   2.3658406628201152e+00   2.4540698116888118e+00   1.3159577465374522e-01   3.1961339718309251e-01
   3.2416200000000002e-03  -9.1444460505131109e-01   1.1364253242023428e+00   9.5284925102128958e-03   9.1837056679867524e-02
   5.4468700000000004e-03   2.3071973544230889e-02   3.7701514010012366e-01   5.9360556034206997e-03   7.2522265056714441e-02
   4.2308500000000004e-03  -6.1043517138254844e-01   8.4013138865683168e-01   7.3487521029626437e-03   8.0737379977279852e-02
   3.4894900000000000e-03   7.9638481190891686e-01   1.0712416661192825e+00   8.6984150744294098e-03   8.7731961030037803e-02
   4.0865700000000003e-03   1.0707820526880312e+00   1.2634467343237538e-01   7.4186625834193574e-03   8.1069916534080549e-02
   4.2522400000000000e-03  -4.1109653055942288e-02   1.0292499474531980e+00   7.3324570873592992e-03   8.0620249814183212e-02
   4.7945799999999997e-03   7.3861582885409482e-01  -8.6514072789604310e-02   6.4715044930542028e-03   7.5630210853873989e-02
   2.9505400000000002e-03  -1.8974895978357448e-01  -1.4951550263384599e+00   9.4548384784998319e-03   9.1334130648396461e-02
   1.0250900000000000e-03   2.5173709481914921e+00   8.0521244620366983e-01   3.6360862188124933e-02   1.7754447736658871e-01
   3.3624000000000002e-03  -2.8591827499805766e-01   1.3796558741503726e+00   9.1877660491548191e-03   9.0224159359820352e-02
   1.1004700000000001e-03  -4.6173543593161434e-02   2.5076996096045820e+00   2.6543248647979512e-02   1.5271235651060378e-01
   1.1839000000000001e-03  -9.3632273900431950e-01   2.3085400773730647e+00   2.7244838332097659e-02   1.5467594623446296e-01
   4.0119200000000004e-03   8.2315542052292157e-01  -6.3227262543075036e-01   7.1285612626746419e-03   7.9246633028031338e-02
   2.1903000000000001e-03   1.7122945107655796e+00   8.0056617625466009e-01   1.3470129758823201e-02   1.0888564093272828e-01
   4.4219600000000000e-03   5.7434368588457851e-01   7.1698106475437540e-01   6.8785579794415153e-03   7.8042210245476570e-02
   5.3554199999999996e-03   2.3635592597903241e-01  -1.3011090851220175e-01   5.6610960811988289e-03   7.0783424478317161e-02
   2.5968599999999999e-03   1.6181120952018408e+00   4.8577927620946776e-01   1.1123610426630704e-02   9.9091730146203344e-02
   4.8639800000000004e-03  -5.7199962050287503e-02  -5.7309343302782623e-01   5.8161626005019855e-03   7.1779923447465269e-02
   3.8594699999999998e-03  -5.0942879576659061e-01  -1.0100778286954921e+00   7.4966805179463667e-03   8.1395429328375415e-02
   3.6966099999999999e-03  -6.4222302008668242e-02   1.2697255048299922e+00   8.4197733185952858e-03   8.6403680038741271e-02
   6.6850999999999998e-04  -2.8311527721233403e+00   5.9582752485994028e-01   4.6441937144158237e-02   2.0089720236137085e-01
   3.3972500000000001e-03  -1.3021118068449664e+00   3.1701321729360454e-01   8.4602685079257795e-03   8.6532705010269245e-02
   3.3035000000000000e-03   1.3794977634822365e+00   4.1222621822707600e-01   9.4795806533609656e-03   9.1553225041964253e-02
   6.9386999999999997e-04   2.3039922134211759e+00   1.7140579048187117e+00   4.6472992954962648e-02   2.0039036077858036e-01
   1.2100200000000000e-03  -1.4829090185725462e+00  -1.9521618682633073e+00   2.5286800278041859e-02   1.4914648850306728e-01
   2.2667999999999998e-03  -5.8512984513040245e-01   1.7750259268629729e+00   1.3186219577041088e-02   1.0806597942284192e-01
   5.0120299999999998e-03  -2.0035193976651433e-01  -4.3039067999790603e-01   5.7076629611869907e-03   7.1105808960999398e-02
   2.9709699999999999e-03   1.2856023504855449e+00  -9.0438404698600883e-01   1.0453729228646971e-02   9.6147747758459620e-02
   1.7050200000000000e-03   6.0179749813222994e-01   2.0764398585709811e+00   1.8122409085267587e-02   1.2648724138715456e-01
   3.9859800000000001e-03  -2.9949502583828930e-01  -1.0657393323434694e+00   7.5197796435518072e-03   8.1537956929984945e-02
   3.6035099999999999e-03   4.1574339656095471e-01  -1.1953030192069838e+00   8.1424186946205696e-03   8.4946190278720732e-02
   4.7116800000000002e-03  -3.4772031979852674e-01  -8.4309799224961046e-01   7.1912003678809427e-03   7.9824426915197394e-02
   4.7314999999999996e-03  -3.5283715231810120e-01   5.7464692290879260e-01   6.0553782078059965e-03   7.3215318086923387e-02
   6.3741000000000004e-04   2.9091153785313129e+00   3.6567550764448170e-01   5.0094230371728443e-02   2.0860133462400673e-01
   4.7255900000000000e-03   3.7684276437887099e-01  -6.1484175834133048e-01   6.2792558695232174e-03   7.4483871103015312e-02
   4.0908600000000000e-03   9.6771840193716774e-01   5.0661476043443121e-01   7.5149175283087928e-03   8.1600003985103878e-02
   4.8786799999999998e-03   3.7669784125243028e-01   6.0551754377909439e-01   6.3548972196475232e-03   7.5049164836246615e-02
   8.7199000000000000e-04  -2.6796534553601297e+00  -3.3727430372194445e-01   3.5329851703328502e-02   1.7566037830361952e-01
   3.0320000000000000e-03   9.2895167547167923e-01  -1.2196297716730409e+00   9.9630076703735512e-03   9.3953439656374038e-02
   1.8115600000000000e-03  -1.8276282970611186e+00   7.6018097298918752e-01   1.3129467137481539e-02   1.0763902764697272e-01
   3.1633400000000002e-03  -1.3090366764786661e+00  -7.7614243806178895e-01   1.0190269784576537e-02   9.5010460342812811e-02
   3.0310200000000002e-03  -1.1748795550551259e+00  -1.0143842155836247e+00   1.0243498275073201e-02   9.5211673304653438e-02
   2.0864000000000001e-04  -2.8860730825736525e+00   2.0634812280603767e+00   1.5526120680023270e-01   3.4357330417353177e-01
   5.3502000000000003e-03   3.9308509192122221e-01   1.9019367828364075e-01   5.9651083583438808e-03   7.2686702274835549e-02
   2.1204700000000002e-03  -1.3327860475687046e+00   1.4253756160610169e+00   1.4543577530922849e-02   1.1338342481352766e-01
   2.3520400000000001e-03   6.3253864221969414e-01  -1.6995660133768709e+00   1.2422537608823366e-02   1.0481085745796430e-01
   4.7041799999999996e-03  -1.1717582285568004e-02   8.0837951097735317e-01   6.6085980576974989e-03   7.6514521646506004e-02
   5.1369000000000002e-04  -2.2011014753542142e+00   2.0164596379443527e+00   4.7948370620453866e-02   2.0349197360672683e-01
   3.5648600000000000e-03   1.1896842869868305e+00  -4.7016141256409005e-01   8.2519622306537511e-03   8.5442413733854680e-02
   9.0103000000000004e-04   1.8689587333486717e+00   1.9339336370624767e+00   3.5639043704613155e-02   1.7591594038373318e-01
   1.4025000000000001e-03  -2.3793698502053656e-01  -2.2702044454636496e+00   1.9791377836638209e-02   1.3185902187078810e-01
   4.5215799999999999e-03  -3.9449715934434132e-01   7.7822356433158990e-01   6.6998314041302239e-03   7.7057470185490168e-02
   3.9282199999999996e-03  -1.0261382312099223e+00  -3.7672506169142145e-01   7.3632872491524266e-03   8.0608716965911417e-02
   3.8848899999999998e-03  -6.2719547175863255e-02  -1.1304428292801771e+00   7.5214796332059913e-03   8.1569211263533448e-02
   3.3011999999999999e-04   3.2398568555218312e+00  -8.3731103119502281e-01   1.1302661063878466e-01   2.9764600449112572e-01
   3.2575199999999999e-03   1.4860123024611329e+00  -2.5042690200535924e-02   1.0076821880515679e-02   9.4381768422962697e-02
   4.4306700000000003e-03   1.6794095395360001e-01   9.2290507600930671e-01   6.9690608106590113e-03   7.8594171891752218e-02
   2.6237299999999999e-03  -1.0187355532537576e+00   1.3973136090625542e+00   1.1889459822135493e-02   1.0264054614193489e-01
   2.7646200000000002e-03   1.7975883866564659e+00  -2.5089187380555558e-02   1.4136966546250875e-02   1.1186994786728635e-01
   3.7514400000000000e-03  -1.1836379622022353e+00   9.0327147339098551e-02   7.7277104344651241e-03   8.2728428522310701e-02
   1.1584500000000001e-03   2.1141136577387027e+00  -1.3197284723826077e+00   2.6769385770817021e-02   1.5335109457941656e-01
   1.0678800000000000e-03   8.8041359045836354e-01  -2.3957344689703435e+00   2.8483419863561076e-02   1.5835572335396469e-01
   3.3700499999999999e-03   3.4585337329274329e-01   1.2606501457752197e+00   8.0440824627185572e-03   8.4386452443872134e-02
   1.7439700000000001e-03   2.1194963586083180e+00   1.4613328512204229e-01   1.7276837479668551e-02   1.2339120215945332e-01
   2.8619700000000001e-03   1.0209151046331244e+00   1.2394977132458824e+00   1.0596243128192255e-02   9.6766309582809185e-02
   2.4669900000000001e-03   1.4938013087597213e+00   9.8414598141155607e-01   1.2503921023053831e-02   1.0511691127988906e-01
   2.8072999999999998e-04  -3.1480905898212304e+00  -1.3540742535337262e+00   1.3150056286536729e-01   3.1770586236276493e-01
   4.5052199999999999e-03   3.7408622731019242e-01   8.1672555975487315e-01   6.8171123209582792e-03   7.7711806455008456e-02
   7.7099999999999998e-04   5.1470803177091995e-01  -2.7282120553765918e+00   3.8520441554004935e-02   1.8313736451291257e-01
   2.2661100000000000e-03   1.2531949774014894e+00   1.4393701701346504e+00   1.4265593917810290e-02   1.1232759646590307e-01
   1.9921299999999999e-03  -3.1766577222464798e-01   1.9298684647642510e+00   1.3781623186602487e-02   1.1029502321470004e-01
   2.9937000000000002e-03   1.5785920432437694e+00   2.0587694962420158e-01   1.0889378508730421e-02   9.8092294360862822e-02
   2.3394999999999999e-04   3.0933490188159354e+00  -1.5970426412807346e+00   1.3442379917277270e-01   3.1993354423450221e-01
   3.1535900000000000e-03  -7.4152044652419724e-01  -1.4224534537645688e+00   1.1710001879821361e-02   1.0167747313120884e-01
   3.3490400000000002e-03   1.0194498270552577e+00   9.7833516968523859e-01   9.2692696930468856e-03   9.0594576859089004e-02
   5.8538999999999998e-04  -8.7984119548837703e-01   2.8247309718317632e+00   4.9249818764951575e-02   2.0711988903211984e-01
   2.3593799999999999e-03  -3.5683698210484494e-01  -1.7332051915321665e+00   1.1492468993124401e-02   1.0078773712097962e-01
   1.9958100000000002e-03   1.3779809240213283e+00  -1.3888735153130276e+00   1.3885687684350374e-02   1.1072919824538251e-01
   2.2806900000000001e-03   1.8479845014359397e+00   2.7798144168370043e-01   1.3398621739211480e-02   1.0873227925187956e-01
   1.9026700000000000e-03  -1.5646845780986621e-01  -1.9728119119320946e+00   1.3932599044980971e-02   1.1086066982705273e-01
   4.1426199999999996e-03  -4.6075451975654386e-01  -6.5764309933094645e-01   5.8964876729938800e-03   7.2100089916327048e-02
   2.1844899999999999e-03  -1.4899452604963686e+00   1.1427649782991176e+00   1.3177294004540917e-02   1.0782485998449463e-01
   9.9810000000000003e-04   2.4618817281053178e+00   3.8492570608523280e-01   2.3442821747531883e-02   1.4325137938069391e-01
   3.6050100000000001e-03   1.1962431687077295e+00   5.9482749664967438e-01   8.9571626498489709e-03   8.9099799752877296e-02
   2.9778999999999999e-03  -1.6308069913026397e+00  -3.9237633379886399e-03   1.1604671521353138e-02   1.0120212622191195e-01
   2.6696300000000001e-03   5.5943276448696089e-01   1.3644553485050945e+00   8.0633949260851441e-03   8.4450145019663483e-02
   3.6196599999999998e-03  -1.1622048806986534e+00  -5.6267499310322033e-01   8.4308952534352163e-03   8.6409985528009228e-02
   1.9140299999999999e-03  -1.9998601720419045e+00  -3.9113634571034628e-01   1.5724652399351762e-02   1.1786615086188923e-01
   3.8419700000000001e-03   1.1449163745751298e+00   3.4999109494235603e-01   7.9582720676205192e-03   8.3958686465965132e-02
   1.0954000000000001e-03   2.4809338217795549e+00   1.8141128609306501e-02   2.5094138830828058e-02   1.4799405325245457e-01
   5.1773300000000000e-03   3.8634918338990709e-01  -1.0597660894349542e-02   5.7471274681411685e-03   7.1232516931806836e-02
   4.1994600000000003e-03  -8.6346292549605175e-01   3.0085876226012864e-01   6.5103399262989451e-03   7.5887854141403366e-02
   4.2174100000000004e-03   7.2470171416911411e-01   2.2298391023200187e-01   5.7544508432222970e-03   7.1292285947780989e-02
   2.1048400000000002e-03  -1.9483716924947694e+00  -4.5064654668464460e-02   1.4485713491373628e-02   1.1302847511932695e-01
   4.8817100000000000e-03  -6.5487753462957687e-01  -5.7227237277717669e-01   7.2528095584675108e-03   8.0069545206558915e-02
   4.3776500000000003e-03  -7.1321807008684290e-01   4.8383559604189491e-01   6.5072642910756727e-03   7.5844592685661211e-02
   2.6431200000000001e-03  -1.1851058343931924e+00   1.1764093193376381e+00   1.0839279885015093e-02   9.7910306420217252e-02
   5.1528099999999999e-03   3.7162836401218230e-01   3.9653269864750079e-01   6.0453087969005153e-03   7.3202163888583333e-02
   5.5560100000000001e-03   1.9607224217548608e-01   2.8235786833404558e-01   5.9779322191986818e-03   7.2755432153640026e-02
   2.8225899999999998e-03   1.6081668087685115e+00  -2.4913752042253101e-01   1.0863925560793773e-02   9.7993062653170412e-02
   1.9894800000000001e-03  -8.8309211943364052e-01  -1.6649882357088652e+00   1.2111731872561839e-02   1.0342315772542458e-01
   4.5699900000000003e-03   8.5555388297471169e-01  -2.7105625466484323e-01   6.9043499235772830e-03   7.8216990710300138e-02
   2.6311799999999999e-03   1.2048500252375995e+00  -1.1710457606160101e+00   1.1002144258089264e-02   9.8622523863738445e-02
   5.0220100000000004e-03  -3.5170563134817789e-01   2.1937725400173266e-01   5.6327736430543084e-03   7.0487804054749539e-02
   2.4467000000000000e-03   6.7812899462996645e-01   1.5802984688010759e+00   1.1003692810366627e-02   9.8610869048265729e-02
   1.0643300000000001e-03  -2.5422324047203304e+00   1.4475518011749197e-01   2.8303195434041570e-02   1.5770027618084734e-01
   1.0064799999999999e-03  -5.3110716067523012e-01   2.5208727691552975e+00   2.9343668962979234e-02   1.6018162519674362e-01
   1.9393600000000000e-03  -1.6118289296674444e+00  -1.2987858709602533e+00   1.6855299888993657e-02   1.2206143401379622e-01
   1.8333200000000000e-03  -1.7795008204581635e+00   1.0462781473101548e+00   1.6002381330359240e-02   1.1867119506207897e-01
   7.5858000000000002e-04   1.3832642246511808e+00  -2.4335254463585274e+00   3.9699656082321934e-02   1.8607434623015900e-01
   1.3985700000000000e-03   1.1105712966720838e+00  -2.0486170727216200e+00   2.1974488815890456e-02   1.3904309730071210e-01
   2.9671999999999999e-04  -2.0879102481290159e+00   2.6665005549700127e+00   1.1996911540303405e-01   3.0459547732820430e-01
   5.2552400000000004e-03   7.6657224475450954e-03  -3.9375621138806072e-01   5.7926051366483508e-03   7.1616647240074410e-02
   1.3581999999999999e-03  -2.2967791168373499e+00  -5.9090746005137840e-01   2.3279095267593107e-02   1.4318657150400696e-01
   4.4566099999999997e-03  -2.2094278604437553e-01   9.0645417177835474e-01   6.9809953172385343e-03   7.8636931873639349e-02
   3.6754700000000001e-03  -1.2465742273611260e+00  -3.2679272461642611e-01   8.6120940488317709e-03   8.7316842469666867e-02
   3.1363200000000002e-03  -1.0752543525427460e+00   9.3544887422001177e-01   8.8322293166085818e-03   8.8439628733781611e-02
   2.7939800000000002e-03   3.8202139614252062e-01   1.5198089816796980e+00   9.7712974015708529e-03   9.2886207004101273e-02
   1.2835300000000000e-03   1.5647393153332310e+00  -1.6343702565793303e+00   1.7003135921721351e-02   1.2235159311748985e-01
   4.2610000000000000e-03  -9.7242998379875589e-01   9.6390403241155137e-02   7.0245301811286912e-03   7.8842886601146786e-02
   1.5385300000000000e-03  -2.2810940244075217e+00  -1.7750116490378740e-01   2.1466023888932768e-02   1.3759338884143976e-01
   1.9981800000000000e-03   8.2524994916060923e-01   1.8223671239427968e+00   1.5107006351092680e-02   1.1548143027825149e-01
   2.6386299999999999e-03   1.8256581546568251e-01   1.6728363817454743e+00   1.1168117806546848e-02   9.9262450843110861e-02
   4.0100600000000002e-03  -8.0735823754335101e-01  -7.5136328337463765e-01   7.5360071505850166e-03   8.1629027957159775e-02
   1.1851900000000000e-03  -1.1165475620168428e+00  -2.1808995177982879e+00   2.4672786057174517e-02   1.4729258815046498e-01
   2.0693399999999998e-03   9.2784969823824959e-01  -1.7278158407012356e+00   1.4378945761326804e-02   1.1271659173961651e-01
   3.0404700000000000e-03  -6.8878632409504911e-02   1.5292856962395414e+00   9.9413459906516292e-03   9.3826193926542650e-02
   8.7759000000000003e-04  -1.6962686374967479e+00   2.1177315549449580e+00   3.6097199077730166e-02   1.7760925821189483e-01
   5.4657999999999996e-04   1.7130446311281660e+00   2.4333824475401937e+00   4.9395157055608804e-02   2.0633683873731645e-01
   5.1596899999999998e-03  -4.0405238920297265e-01   2.7263207297699040e-02   5.6879417429269970e-03   7.0989796405694194e-02
   2.4885599999999999e-03   1.5745787174108870e+00  -8.3403866355813294e-01   1.2394203151006625e-02   1.0468870803457164e-01
   2.6365999999999998e-04  -1.3399366617620878e+00  -3.2109558226225103e+00   1.3981776930408715e-01   3.3186721992196833e-01
   1.6828399999999999e-03  -1.1420961655232280e+00  -1.8068267580048654e+00   1.7030070545345184e-02   1.2253912583871460e-01
   1.1636299999999999e-03   1.4120130449014654e+00   2.0534774707158174e+00   2.6619284317722369e-02   1.5301619509256545e-01
   1.5926600000000001e-03   1.5241290578805800e+00   1.6629322282301262e+00   2.0664325474028099e-02   1.3507930709216159e-01
   4.6651399999999999e-03   4.4950340855077285e-02  -7.4802157914187706e-01   6.3062357652328748e-03   7.4644637901011696e-02
   4.5535999999999997e-03   5.3876592960215908e-01  -1.0612868323284053e-01   5.4161501753027513e-03   6.9190015687722331e-02
   2.4879899999999998e-03  -1.2824679567264090e+00  -1.2603621542373398e+00   1.2749857671685298e-02   1.0615014789020190e-01
   4.1029999999999999e-03  -9.1486746323051549e-01  -5.6942009884456957e-01   7.5007160245989680e-03   8.1415543945183980e-02
   4.3213599999999998e-03   4.5650245819464952e-01  -8.0534344678472125e-01   6.7107823678581452e-03   7.7118049873353023e-02
   3.2862099999999999e-03  -7.1788590604881863e-01  -9.5087403195529274e-01   6.8385974172921948e-03   7.7723837468869891e-02
   1.9388999999999999e-03  -1.9346099262170495e+00  -7.1160702997458558e-01   1.6565623980593989e-02   1.2106928433163712e-01
   4.8152100000000003e-03   5.1456781787820616e-01  -4.3033842027761426e-01   6.1552294958559092e-03   7.3808137647432270e-02
   8.6536999999999996e-04  -2.5100329125262584e+00   1.0103832952595482e+00   3.5072771582123047e-02   1.7503577838102319e-01
   1.3393800000000000e-03   1.8730904973741285e+00   1.4872908098279571e+00   2.3864647841769528e-02   1.4501605488256716e-01
   2.6943800000000001e-03   1.2645496749042182e+00   1.1314429196103852e+00   1.1618865807534174e-02   1.0135537455516437e-01
   4.0835500000000000e-03  -6.6482321692690083e-01   3.0252922870610871e-01   5.4495651465215865e-03   6.9417081630915409e-02
   2.8076199999999998e-03  -1.5625078076945216e+00   2.8939938427361195e-01   1.0124389821327818e-02   9.4584146675355057e-02
   5.0822899999999997e-03  -4.7917791215188760e-01  -1.6470398712007336e-01   5.8572746172878129e-03   7.2019068410902651e-02
   1.2976100000000000e-03  -6.7291939882328466e-01  -2.3480393021233552e+00   2.6507348262719003e-02   1.5253304472261883e-01
   1.0700799999999999e-03   2.4266563961046286e+00  -3.5249244447661532e-01   2.2446658571632073e-02   1.4028936866530695e-01
   5.6771000000000002e-04   2.6619100370972864e+00   1.2713637446684602e+00   4.6745255078072569e-02   2.0141924413990073e-01
   6.7566999999999996e-04   2.8751523173032347e+00  -2.3454140815005109e-01   4.6942618566068843e-02   2.0143794078997573e-01
   3.7223500000000001e-03  -8.3818193836927124e-01   8.9887842861864342e-01   8.0459973792738441e-03   8.4436361015929856e-02
   5.3187499999999997e-03   5.8591415756497778e-01   8.3362561809412997e-02   6.5068888385676127e-03   7.5821707804375957e-02
   3.9332799999999999e-03   7.8979938127187155e-01   8.4100558298834738e-01   7.8031168349564951e-03   8.3080954659992809e-02
   3.6357300000000002e-03   1.3145980775691497e+00   1.7136115195983515e-01   8.8495109570708233e-03   8.8550868253799389e-02
   4.6665400000000003e-03   2.4453374948735485e-01  -7.7189085033227745e-01   6.6120388757693388e-03   7.6502056631054402e-02
   2.8438100000000000e-03   7.8437120959133455e-01   1.3196340394266570e+00   9.4757386434228211e-03   9.1520593059927394e-02
   4.2452400000000000e-03   7.7314364937814506e-01   6.2336334702130769e-01   7.1065372033219188e-03   7.9294459320124466e-02
   1.5767800000000001e-03  -6.1999373328466434e-01   2.1002064066486366e+00   1.7915217233426251e-02   1.2562325846821934e-01
   4.3853099999999999e-03   7.5148446827694426e-01   4.1991168300853654e-01   6.4539649759585271e-03   7.5573131326105436e-02
   3.3854400000000000e-03   4.3358328237234683e-03  -1.3374042587292720e+00   8.4849203212711069e-03   8.6599081791105703e-02
   4.7994600000000002e-03  -5.3301856712478646e-01   1.7622286131264586e-01   5.7924157008266055e-03   7.1506029999134954e-02
   2.2921800000000000e-03   4.8522534777135340e-01   1.7797484824010383e+00   1.2895258613439551e-02   1.0673255733518723e-01
   2.5019299999999999e-03  -8.1448298287015997e-01   1.5919929256888545e+00   1.2569106539304827e-02   1.0547206422836561e-01
   5.2723900000000001e-03   2.2031740005021275e-01   9.4596068898879809e-02   5.5667660519329058e-03   7.0125008085085747e-02
   4.6693799999999999e-03  -6.8479617599585119e-01  -2.0294933620388092e-01   6.1105917313256219e-03   7.3607756313002121e-02
   2.4172400000000002e-03   1.0761547831160367e+00  -1.4421288445394229e+00   1.2520907606610085e-02   1.0522774709380646e-01
   1.9565199999999998e-03   1.8751762873718885e+00  -7.1261648879680195e-01   1.5048302587269328e-02   1.1516441101538261e-01
   2.4007099999999999e-03   9.6531093867937467e-01   1.5296766338665757e+00   1.2563325418343275e-02   1.0544490365863537e-01
   3.5437899999999998e-03  -1.1655064433504816e+00   5.1318767537699428e-01   8.0476505168247219e-03   8.4398661002725056e-02
   3.9827300000000003e-03  -2.5857294503939832e-01   1.1331674491467640e+00   7.9157269341952243e-03   8.3755324154416375e-02
   3.3463500000000001e-03  -9.3177718459762116e-01  -9.8083210247283070e-01   8.5596915233927800e-03   8.6982805068830285e-02
   3.4998600000000000e-03  -5.0437640558874364e-01  -1.2413683571854881e+00   8.8317011693240070e-03   8.8300315410413083e-02
   4.0060900000000003e-03   5.7543780472244188e-01   9.2781066834258485e-01   7.4300741572784820e-03   8.1067476365172184e-02
   3.0873900000000002e-03  -1.4983230513168511e+00  -2.7479397049612175e-01   1.0134290012385043e-02   9.4589388546421446e-02
   1.4120400000000000e-03  -2.1302250911254856e+00   8.6588230835179292e-01   2.0454888183780606e-02   1.3425711317089872e-01
   4.4520699999999998e-03  -1.0806883110528367e+00  -1.2462168598533392e-01   8.1690642777968447e-03   8.5048110529593893e-02
   6.8875999999999996e-04   2.5933782727268371e+00  -1.2150541703584012e+00   4.3693511019209867e-02   1.9503371418949553e-01
   1.4034799999999999e-03   4.8461196264995671e-01  -2.2863348491517397e+00   2.2121687277774225e-02   1.3976070429050536e-01
   2.5137100000000002e-03  -1.6870965657325248e+00  -5.0463593018579200e-01   1.2118293003228487e-02   1.0340441513066337e-01
   1.3464900000000001e-03   2.1987306311293575e+00  -9.1931332947169253e-01   2.3691261537890886e-02   1.4434591970098487e-01
   1.0912800000000000e-03   1.1187635586543913e-01  -2.5008229641773778e+00   2.5745476916008186e-02   1.5054293489558471e-01
   2.7192000000000002e-03   7.8952076962222961e-01  -1.4595358722162122e+00   1.0939667937504194e-02   9.8411175623157224e-02
   4.5223599999999996e-03  -2.7139779370235789e-01  -6.1043804941486624e-01   5.8348574117752568e-03   7.1734105179523264e-02
   5.0557700000000002e-03  -3.4528999146585004e-01  -2.9570794720896437e-01   5.7178878477173265e-03   7.1121110900822071e-02
   4.0196199999999998e-03   1.0864362540024446e+00  -2.6618656661710438e-01   7.6371345865875314e-03   8.2224440159532022e-02
   5.5557799999999997e-03   1.5575279130761160e-01  -5.5694791837976376e-01   6.6474260284558242e-03   7.6767609751467153e-02
   2.0057700000000000e-03   4.3056698387563852e-01  -1.9371219924846195e+00   1.4715954900423213e-02   1.1394094838206147e-01
   3.6275000000000001e-03  -1.0509040939202046e+00  -7.7256937307621021e-01   8.6134041907482087e-03   8.7310277470346823e-02
   3.4504399999999999e-03  -1.3272533362686332e+00  -1.0580884988216492e-01   8.7098396957256425e-03   8.7531801826514571e-02
   2.3791799999999998e-03  -1.8278069196640963e+00   2.2924968618401259e-01   1.3245151227892230e-02   1.0822244439736911e-01
   9.8043999999999996e-04   1.9181001870866738e+00  -1.7279201947654335e+00   2.8803107086237623e-02   1.5878377204606803e-01
   1.9647599999999999e-03  -1.1391715179504027e+00   1.6793591084716579e+00   1.5757580662732924e-02   1.1803477427554605e-01
   4.9951700000000002e-03  -1.4841990700865920e-01   4.8925398459256608e-01   5.7947366418172642e-03   7.1618762449111750e-02
   3.2628200000000000e-03   2.6765051951211877e-01  -1.3801687814755279e+00   8.9151860287373565e-03   8.8829623685226372e-02
   4.3972300000000002e-03   8.4433341434665732e-01   7.7921372540863343e-02   6.5287933353248978e-03   7.5838054627776610e-02
   5.1524099999999996e-03   4.3787022157433131e-02  -1.9990722770696528e-01   5.3146491783199416e-03   6.8629553530829238e-02
   4.1798099999999999e-03   3.2061071992998463e-01  -9.8139190149852440e-01   7.1938912368398498e-03   7.9868435197015628e-02
   4.6124299999999998e-03   3.2216087046705616e-01  -4.3634827964227946e-01   5.4935959688022177e-03   6.9643105197333230e-02
   3.1862999999999998e-04  -3.3342017645723954e+00  -5.3809000700582521e-01   1.2301796056212592e-01   3.0846302394969605e-01
   3.8463199999999999e-03   1.7294820180441461e-01  -1.1617742328735330e+00   7.7652280949218272e-03   8.2944472246742215e-02
   1.1406500000000000e-03   2.1876541576896256e+00   1.2189833710573470e+00   2.7464986057970198e-02   1.5508532971544550e-01
   1.3286800000000001e-03  -2.1962610156969022e+00  -9.6797553354310251e-01   2.4667148502594188e-02   1.4711449388448297e-01
   7.7247999999999998e-04   1.2053886945267271e+00   2.5012985443947562e+00   3.8446008597612179e-02   1.8291853939228775e-01
   4.1646299999999999e-03   9.2807451610485614e-01   2.8936455928610899e-01   6.7825569686319779e-03   7.7559512445775428e-02
   2.5222299999999999e-03  -1.4593913128353473e+00  -1.0192721298163547e+00   1.2522501756571143e-02   1.0521617658825214e-01
   4.3136199999999998e-03  -8.3255347281011760e-01  -5.1261636534251920e-02   6.3467996447925503e-03   7.4797878450055255e-02
   3.8463999999999998e-03   5.5008502982710616e-01  -1.0101154861801136e+00   7.5473109672119414e-03   8.1805012125685486e-02
   5.4922499999999997e-03   3.9983094322083079e-01  -2.4397395077777104e-01   6.2455716598386621e-03   7.4364840025453488e-02
   4.6710000000000002e-04   8.8498031737023419e-01   2.9644023398007504e+00   6.0270200872758001e-02   2.2726003393334210e-01
   5.0425000000000003e-04  -2.9976597316899847e+00   4.0620138962239101e-02   4.7996031397728352e-02   2.0362493264425824e-01
   1.3266300000000001e-03  -1.9933806316554687e+00  -1.3078071988089151e+00   2.3382189356038079e-02   1.4332811209716548e-01
   1.6583500000000001e-03  -1.6847239686189279e+00   1.3843522427807600e+00   1.8441188861774909e-02   1.2748795439406932e-01
   4.8228600000000000e-03   1.8745113011783684e-01   7.0746743364251308e-01   6.4072679408499478e-03   7.5393783994348845e-02
   1.2795199999999999e-03  -2.0768299980264255e+00   1.2491324516000686e+00   2.5059473863129612e-02   1.4837678536287743e-01
   2.6768299999999998e-03  -3.0848191575958922e-01   1.6437598100704345e+00   1.1090226258884311e-02   9.9069638111798974e-02
   2.1847600000000000e-03   1.5344647690203161e-01  -1.8349364011728047e+00   1.2222301068213787e-02   1.0391499814075174e-01
   2.4340600000000000e-03  -1.3220921096359195e+00   9.5032118079607986e-01   9.3897144085798925e-03   9.1028765996986921e-02
   5.2558900000000000e-03  -1.4562912424895602e-01   2.7916233442024169e-01   5.6061795479304061e-03   7.0464129058927599e-02
   2.1695999999999998e-03  -9.0892070517113149e-02  -1.7154448327143008e+00   9.7784363015941123e-03   9.2932733378655055e-02
   4.3841799999999997e-03  -7.5056554752575499e-01   1.2591871781847788e-01   5.9663573913972725e-03   7.2649957859491923e-02
   5.2655999999999996e-03  -1.4082762666400606e-01  -2.4825496650042125e-01   5.5621421876107949e-03   7.0200842688335041e-02
   4.7000999999999996e-03  -5.5341396983653501e-01   6.2059787548741219e-01   6.7312209689910250e-03   7.7219133755832586e-02
   4.2022099999999996e-03  -1.2174871987754853e-01  -9.3116274683824085e-01   6.7657232479782564e-03   7.7244370106366825e-02
   4.9169100000000000e-03  -5.6571307796229298e-01  -3.6363571645069809e-01   6.3132489456414519e-03   7.4693812962544501e-02
   1.7165300000000000e-03   1.2440661180502832e+00  -1.7146029446038267e+00   1.6529136650580256e-02   1.2081556738417557e-01
   2.3321000000000000e-04  -1.4738254094577057e+00   3.1445176380668287e+00   1.3413735440367894e-01   3.1827416700539812e-01
   3.8862200000000001e-03  -1.0737318919658032e+00   3.0300702717833411e-01   7.3297996978908247e-03   8.0574843624357614e-02
   4.1716000000000001e-03  -7.7673904942481253e-01   6.8386904775017920e-01   7.2406486203089818e-03   8.0088771017034363e-02
   2.4973999999999999e-03   1.6400795359769087e+00  -5.5200543836932747e-01   1.1476922922369643e-02   1.0066715401676907e-01
   5.8014999999999998e-04   2.3794101806541383e+00  -1.7562061394185913e+00   4.9470365128290457e-02   2.0711494762099922e-01
   4.3785600000000001e-03   9.9061200007486264e-02  -9.5238694949390579e-01   7.0388819001322156e-03   7.8973766297274733e-02
   2.0924000000000000e-04  -3.7533698606480520e-01  -3.5097596411148748e+00   1.4883702502930732e-01   3.3706442193820008e-01
   4.1723400000000001e-03   9.6681472459451767e-01  -4.7173798274125095e-01   7.6082807064292018e-03   8.2038816545265444e-02
   4.8679999999999999e-03   8.3729579928461390e-02  -1.7467013243137409e-02   5.0083770255816198e-03   6.6543055525956893e-02
   2.1889000000000001e-04   2.5595080231138230e+00  -2.3954381926143178e+00   1.4077861278748979e-01   3.2852843226634526e-01
   1.2958600000000000e-03  -3.1134203837124036e-01   2.2373801830312616e+00   1.7185031454257847e-02   1.2294657002994891e-01
   1.8021500000000000e-03   2.1014971736906953e+00  -1.7211386605612025e-01   1.7212619859030623e-02   1.2306259992395485e-01
   4.4601900000000002e-03  -7.7990879001489044e-01  -4.0404424978679498e-01   6.6725054121778088e-03   7.6836091369559212e-02
   3.3122600000000000e-03   1.4893917249344144e-01   1.4009233512951611e+00   9.0407656862820096e-03   8.9481714561451681e-02
   3.1979700000000001e-03  -1.4134669033425427e+00  -5.3031922668951781e-01   1.0143362543508618e-02   9.4764717421715355e-02
   3.3862200000000001e-03   1.3292458514002266e+00  -2.3527044899694730e-01   8.6573624375254343e-03   8.7428429750127684e-02
   1.7232800000000000e-03   7.5202194939265721e-01  -2.0089825663880982e+00   1.7678431313430044e-02   1.2484453596151289e-01
   4.4281600000000004e-03   7.3372117931254066e-01  -4.4590968696703609e-01   6.5001441677311990e-03   7.5885380202699707e-02
   2.3358000000000000e-04   3.9924738467878329e-01   3.5147433292971071e+00   1.5226274866401177e-01   3.4495263005787924e-01
   2.9475999999999999e-03  -1.4120116224334391e+00   1.0321992132258895e-01   8.2220697363040544e-03   8.5182330371853535e-02
   3.4293599999999998e-03   5.6745608862069197e-01   1.1433398028792714e+00   7.9342103517272694e-03   8.3709526868368703e-02
   1.4087399999999999e-03   9.9153519765025711e-01   2.1191004269743230e+00   2.2440340117115914e-02   1.4065046524110789e-01
   4.7062800000000002e-03   5.6180166662631903e-01   5.1003527180612018e-01   6.3905220055854063e-03   7.5205512171977351e-02
   3.3168999999999999e-04  -3.0983580153604446e+00   1.2282208372009158e+00   1.0853909466754856e-01   2.9190098715487101e-01
   1.8158400000000000e-03   1.8724332397649228e+00   5.7988368481285280e-01   1.2840466920331620e-02   1.0632655850014809e-01
   6.6157000000000000e-04  -2.4715091442165487e+00   1.5024205999919256e+00   4.5329532227678007e-02   1.9870927363818508e-01
   3.0720600000000002e-03  -1.2546955766820411e+00   7.2847167118170875e-01   9.0837622197251881e-03   8.9555147462480181e-02
   5.1428000000000003e-03  -4.9576019875447042e-01   4.0445515610273447e-01   6.4552414879404402e-03   7.5566072078122978e-02
   3.6789600000000002e-03  -1.0086252502220916e+00   7.1145296279630077e-01   7.9987807797310562e-03   8.4163014942612219e-02
   2.6958700000000000e-03  -1.5404700784712444e+00   8.0428690245438350e-01   1.2573093597628310e-02   1.0536185752112158e-01
   1.7122600000000000e-03  -6.5605248810103826e-03   2.1113624371012945e+00   1.6579334509576871e-02   1.2088161535472837e-01
   3.1751300000000000e-03   1.0459365288274083e+00  -9.7583752095389165e-01   9.0964986964128924e-03   8.9614916102873879e-02
   7.7530999999999997e-04   3.3915136582256322e-01   2.7888514133279738e+00   4.2269842961515272e-02   1.9152280351009970e-01
   4.8581099999999997e-03  -6.1185636777706587e-01  -1.3598825596548405e-02   5.9459433738745186e-03   7.2592527756310907e-02
   2.3663299999999998e-03  -4.9046079387634840e-02   1.8061293858504344e+00   1.2453012116740719e-02   1.0484978220218395e-01
   1.8725000000000000e-03  -1.3870340280798255e+00  -1.5661934280123866e+00   1.7004863579022051e-02   1.2263276864091417e-01
   4.2884200000000003e-03   9.7502543389014662e-01  -8.3806827046869550e-02   7.0485586746192987e-03   7.9026984612967005e-02
   1.2641300000000000e-03  -2.3664530894254452e+00   5.4876811423745253e-01   2.4896143592671182e-02   1.4791218932461306e-01
   1.0670800000000000e-03   1.5226379401072541e+00  -2.0004336595602021e+00   2.6055954576007428e-02   1.5136474567900679e-01
   1.7166200000000001e-03   1.3500751868101146e-01  -2.1403528879044695e+00   1.7592646081821199e-02   1.2457513892513149e-01
   4.7174000000000001e-03   6.3134369799198264e-01  -2.6931389276583589e-01   6.1184761257723763e-03   7.3558886190174144e-02
   2.2932700000000000e-03  -6.1920612301857880e-01  -1.7074930379323090e+00   1.2340948697068229e-02   1.0431508405688723e-01
   4.1316199999999999e-03  -1.5324680096955182e-01  -7.5145315326451001e-01   5.7004875295595288e-03   7.0926461249455092e-02
   3.0688400000000002e-03  -4.6135349276294957e-01  -1.4724197494043165e+00   1.0326539555051301e-02   9.5565535423054362e-02
   8.5800999999999998e-04  -3.0888647430997845e-01  -2.6175767759524837e+00   2.9671651208226565e-02   1.6077593512819999e-01
   4.0121499999999999e-03  -5.8429407916351916e-01  -7.9466632255882774e-01   6.7554899227781733e-03   7.7196907888061009e-02
   0.0000000000000000e+00   0.0000000000000000e+00   0.0000000000000000e+00   1.0960403801210061e-02   9.2865112592843080e-02
