   1.4023000000000000e-03   1.9753241304587221e+00   1.5721097314194161e+00  -5.1178878731385269e-01   1.1150246639666259e+00   6.5925141265208798e-01   7.6503433962411205e-01
   3.4443199999999998e-03   7.9346250940631835e-01  -1.7418596222568755e-01   9.8898707742002642e-02  -1.5616766511529958e+00   2.6669254258062131e-01   5.0160267604553521e-01
   1.5905900000000000e-03  -1.6077857339975732e+00   1.1987658259812617e+00   9.6768819372635761e-01  -1.4652468443397129e+00   5.7463189689617034e-01   7.1397771315115988e-01
   1.7813300000000000e-03   4.8972889855679314e-01   2.0515332565297606e+00  -4.7522295099497802e-01   1.5200734625345531e+00   5.6904482698542425e-01   7.1387349322782612e-01
   1.5673499999999999e-03   2.0782623105535327e+00   7.9768772652205955e-01  -1.0044462307860245e+00  -1.1366183875082945e+00   5.8964723964098387e-01   7.2491669010653648e-01
   1.6468800000000001e-03  -1.0854053745422878e+00   1.4041900744560507e+00  -1.5898560737991976e+00  -1.2451423692737345e+00   5.9311387838843155e-01   7.2820809811863318e-01
   3.6405500000000002e-03   4.6913927203470768e-01  -1.3552631131534925e+00   4.1108145640384286e-01   6.4911266432690584e-01   2.3994371071904583e-01   4.7651917873495470e-01
   2.9892800000000000e-03  -2.5244051610428897e-01   1.4711483000092509e+00  -1.1639461085279128e+00  -1.0601418033706161e-01   2.8249372478281898e-01   5.1568031448550988e-01
   1.5297700000000000e-03   1.4395478749536359e+00  -2.0473280092789023e+00  -7.4357456334825689e-01   9.0856247902674281e-01   6.3271212182774184e-01   7.5160004567868266e-01
   1.5647800000000000e-03  -1.2169827005006359e+00  -8.9714217828418275e-01  -2.6911593921374244e-01  -2.2067132974327412e+00   5.8560700992257664e-01   7.2188050547231564e-01
   4.2127099999999997e-03  -1.2504547360303445e-01   6.2266841453795829e-01  -1.0230344100267892e+00  -2.7268238247733440e-01   1.9437411994902951e-01   4.2944728710665825e-01
   3.4723300000000000e-03  -1.1497858498136500e+00  -5.3414954448737806e-01  -7.3186449370149217e-02  -1.1277744372014367e+00   2.5253569794022890e-01   4.8852809549499432e-01
   1.7278899999999999e-03   1.1968215307923973e+00   5.2071816442175889e-01  -6.4130283078999406e-01  -2.1993061629920301e+00   5.5960695328755761e-01   7.0887570072395989e-01
   1.7678600000000000e-03  -1.9503486871522553e+00  -1.2689173764332617e+00   7.0550025026227869e-01   9.5555048746464999e-01   5.5356611227176133e-01   7.0341815099137095e-01
   3.1963700000000000e-03   1.3086931933127782e-01   8.4459280887548990e-02  -6.7258014199935812e-01  -1.7149391031155583e+00   2.7758002416142757e-01   5.1166541991814496e-01
   1.5498599999999999e-03   8.4809443442642785e-01  -8.2664218224320751e-01  -1.5384769802951392e-01  -2.4558809848434291e+00   6.1722458451455464e-01   7.4246019255858420e-01
   1.6803100000000000e-03  -2.6024104827513322e-01   2.2179579970577308e+00  -9.2061277129787389e-01  -1.1434328074548379e+00   5.9298859180205132e-01   7.2708579653210825e-01
   4.1207800000000001e-03   7.8975736618845604e-01   4.5661150793244171e-01   7.6388815131275031e-02   8.7269204318476723e-01   1.9762739182551198e-01   4.3300499562788419e-01
   1.8090900000000000e-03  -2.5548899359381281e+00  -2.9691352461901643e-01   5.5136294765315474e-01   7.5053521294553380e-02   5.6828914579642298e-01   7.1287012230584512e-01
   1.5485500000000001e-03   1.7289995731990191e+00  -5.1904798160826948e-01  -1.1809017165965907e+00  -1.6465795497871130e+00   5.9573700920748740e-01   7.2938484888508870e-01
   4.5418899999999998e-03  -8.0788515427654239e-01  -4.3682896142547095e-01  -3.6596115120784189e-01  -3.6893567535797062e-01   1.8134572042603728e-01   4.1511810419485240e-01
   3.5554800000000002e-03  -1.0496006907624336e+00  -1.3129641490716908e+00  -4.1404289569651770e-01  -4.3051751540851402e-01   2.7609014903759710e-01   5.1062551487145802e-01
   1.5861499999999999e-03   1.6611551442856329e+00   1.7010680556448370e+00   1.1138921220833857e+00  -4.8634377305466275e-01   5.7313898123212681e-01   7.1459832893598818e-01
   1.9210200000000001e-03   5.3657422916227160e-01  -2.0753395657448435e+00  -3.5833069140202573e-01  -1.2810721240674035e+00   5.0792699709877664e-01   6.7548482736546167e-01
   2.7803799999999998e-03  -2.1614437371106082e-01  -6.6249223178634165e-01   8.0758854949276621e-02  -1.8794083519816982e+00   3.0701288784286046e-01   5.3737479242592245e-01
   1.5312100000000001e-03  -1.2635285232139246e+00  -1.8982874379507573e+00  -5.4613730942695526e-01   1.3435020501334123e+00   5.9046214432045108e-01   7.2520847890656859e-01
   1.6115000000000001e-03  -3.8400419383329781e-01   1.1068389636783798e+00  -1.3867940185681622e+00   1.9592024878032013e+00   5.7576223820656103e-01   7.1604296641521059e-01
   3.1457199999999999e-03  -1.2115796462446558e+00   1.0754300662927114e-02  -1.8013170824036688e-02   1.2697283818010294e+00   2.5387575119753930e-01   4.8940836506347851e-01
   1.6056700000000000e-03   1.2006251210837495e+00  -1.3130840533093127e+00  -2.0212837968917938e+00   4.7160711653859227e-01   6.1807545849122048e-01   7.4417725845426574e-01
   3.3222000000000000e-03  -1.2748878101711270e-01   4.1423573073403508e-01   1.5844773376420869e+00   6.7851122351799320e-01   2.6297739107656259e-01   4.9852573269704020e-01
   4.1050300000000000e-03   1.2113244830236349e+00  -5.9847033303186925e-01  -4.9751637632073747e-01  -8.8508449340441192e-02   2.2197843077265153e-01   4.5846399231389007e-01
   4.0782800000000001e-03  -4.7317095977584422e-01   7.2641991078156665e-01   6.5132599361113500e-02   1.0651505561782286e+00   2.1060453967466847e-01   4.4669796238964804e-01
   1.5742600000000001e-03   1.1601347927688763e+00  -3.5240164778657213e-01   2.2909773890475109e+00  -8.4490895760458984e-01   6.0902978123574270e-01   7.3804685198164310e-01
   3.4654500000000001e-03  -7.0623546057998932e-01  -9.6178508762833237e-01  -1.2671227058546228e+00  -3.0409877927450180e-01   2.6895101415412243e-01   5.0392390312296187e-01
   1.7001900000000001e-03   8.4218059568435422e-02   2.3093262462630677e+00   8.2961254709215515e-01   8.6467650133051233e-01   5.4061329914016221e-01   6.9473257672256516e-01
   3.4340999999999998e-03  -8.8795723410850935e-01  -7.0527131873495863e-01   5.7434956278863125e-01   1.2082471761545757e+00   2.6119191646149192e-01   4.9695131423295563e-01
   3.6925500000000002e-03  -3.9891787489399233e-01  -8.5910450614015099e-01   1.3103863735585195e+00  -2.0255027497943937e-01   2.4329593977454309e-01   4.7968213961244976e-01
   3.2749699999999999e-03   1.3179271048150776e+00  -4.3051716138034596e-01  -3.7507905556566784e-01  -1.0182993766999144e+00   2.5882583188207797e-01   4.9410442897049373e-01
   1.6294300000000001e-03  -1.9678759067122873e+00   1.7984620714189428e-01  -7.9405192638933608e-01  -1.5686980685892489e+00   5.6636506298711253e-01   7.0956509442470284e-01
   2.0288099999999998e-03   2.4103834154722175e+00  -3.0232758768138740e-01  -3.9462015949066404e-01  -4.9834706969375137e-01   5.1277547546294733e-01   6.7799332833498260e-01
   1.6447800000000000e-03  -9.5016618508307893e-02  -1.3708078074758705e+00  -5.5755756068786988e-01   2.2169947066854112e+00   5.7936673525844262e-01   7.1846972844303192e-01
   4.6409700000000003e-03   6.6417314971378749e-01  -5.8632569383197464e-01   9.6560534234509651e-02  -5.6872904304156879e-01   1.8258320008999379e-01   4.1673187184902610e-01
   2.3271899999999998e-03   1.5109871886124451e+00  -1.0917432443955692e+00   1.0302185292389507e+00   1.1852420334742417e-01   3.2505905302825799e-01   5.5073168066593481e-01
   1.6111400000000001e-03   1.1294682435914938e+00  -7.6787822173643161e-01   1.2026465752959175e+00  -1.9555107372165441e+00   5.6651085506282295e-01   7.1251636025482856e-01
   1.5893200000000000e-03  -1.2943672892221123e+00  -1.0039721528075256e+00   1.1403885982049422e+00  -1.7888893371125913e+00   5.7220195210983227e-01   7.1554686763548025e-01
   1.7989900000000001e-03  -2.1279071961703857e+00  -1.4991607465692540e+00  -3.3285197964179580e-01  -1.8656484236214094e-02   5.6043862166485781e-01   7.0874401645744989e-01
   1.4927899999999999e-03  -3.0726483844798532e-02  -2.5595469041291539e+00  -2.5356992445349785e-01   9.4331379409904337e-01   6.0774672532978224e-01   7.3583542545920622e-01
   3.5393000000000000e-03   1.1729531802552682e+00  -2.6342078941854358e-01   1.2504294069907369e+00  -8.2974195256526832e-03   2.6438192204607291e-01   4.9930703275146476e-01
   4.7184699999999998e-03   2.1389431748529786e-01   8.1220744835441339e-01   3.9556210220926313e-02   4.0464984201748755e-01   1.7355228099903011e-01   4.0627264900106785e-01
   4.4406000000000003e-03   1.1415156638118816e-01   4.4963107727790552e-01   7.0349541011872552e-01   7.7399494848783679e-01   1.8776893783476473e-01   4.2250052223540485e-01
   1.5475400000000000e-03   4.3097884048361318e-03  -1.9142206429048390e+00  -1.4423702315981899e+00   1.2811492377111691e+00   6.0189228121823524e-01   7.3347291077256105e-01
   3.2632099999999999e-03   1.4899006525384964e-01   6.1890668607996357e-01   1.9679565097894108e-01   1.6825781618190325e+00   2.6977762350837081e-01   5.0460953200271719e-01
   2.7968300000000001e-03  -5.4122442025679263e-01   1.8412639839819755e+00   7.5102994712832744e-03  -3.5795840589686651e-01   2.8950475988773350e-01   5.2198683613578167e-01
   4.4030900000000001e-03  -6.7138175312367521e-01   3.3106551461116829e-01  -8.6209354722301901e-02  -8.7622507975601338e-01   1.9117193822456702e-01   4.2588570276577209e-01
   3.4327300000000002e-03   1.0520753091033171e-01   1.4001056781750998e+00   2.6621271885043968e-01  -1.0190236875676491e+00   2.6464485677302890e-01   4.9990444701300102e-01
   1.6254200000000000e-03   7.7605004727729920e-01   9.3242690531005079e-01  -4.2736320832102764e-01   2.3536663197294057e+00   5.8521004296841450e-01   7.2290461391224581e-01
   3.1131800000000001e-03  -1.0587205662374886e+00   9.5655266731409616e-02   1.2114230975804390e+00   9.5076229738496787e-01   2.8057112043054766e-01   5.1437587981668997e-01
   1.6986799999999999e-03   1.1060785207729109e+00   5.4642335026328137e-01  -1.9923555988976136e+00  -1.2017588580515619e+00   5.5202237732403092e-01   7.0310225187285003e-01
   2.4584899999999998e-03  -8.1817685964282283e-01   2.5948239264124734e-01   4.4969921161305276e-01   1.9257530646327881e+00   3.4580748765902891e-01   5.6648871828939806e-01
   4.3542299999999997e-03  -5.4319596076164178e-01  -7.0806521359694830e-01   3.9333337914217409e-01  -5.8864795266771741e-01   1.8604365162569100e-01   4.2049019339276927e-01
   3.6177000000000002e-03   4.6322137906639527e-01  -1.0163916323837334e+00   1.2537418465882713e+00   3.3469930690322180e-01   2.5917939522898464e-01   4.9486061797033520e-01
   3.0459900000000002e-03   1.6832463131760751e+00   7.8420330324883281e-01   5.3313980108995331e-02   4.2257664762029212e-01   2.8857109981040285e-01   5.2121821610213992e-01
   1.5144799999999999e-03   1.5688173940438053e+00  -2.1448209338069404e+00   1.8376799860918269e-01  -4.0973536468917821e-01   5.7362048310322744e-01   7.1582984509020187e-01
   4.6030799999999998e-03   6.9367705932889601e-01   2.2882259889308043e-01  -8.0452429277306159e-01  -3.0602617036234625e-01   1.9042988922440421e-01   4.2530568455331946e-01
   3.5607099999999999e-03   2.8991214262737536e-01   1.6422085945965128e+00   3.4230287709061702e-01   3.5619976733953694e-02   2.5369234426890569e-01   4.8978039549129537e-01
   3.3486599999999998e-03  -1.6674155420148007e+00   5.1396813293798227e-01   3.0935817254487300e-02   2.8655435251641645e-02   2.5951247934859162e-01   4.9460477274667602e-01
   3.2036800000000000e-03  -5.5155190219635419e-01  -1.3845880189146531e+00  -7.9971091257047089e-01   6.1937948307565061e-01   2.6687365949475744e-01   5.0184255229083885e-01
   4.6192700000000000e-03  -5.3770523999764153e-01  -1.9968238264368967e-02   4.0923174810541352e-01   8.6867640286908809e-01   1.8749395472598468e-01   4.2215156357949984e-01
   1.6887499999999999e-03   2.0046765376161135e-01   2.3258765944763975e+00   1.1863833606084957e+00  -4.0673793628529348e-01   5.7127870752959875e-01   7.1357004114861622e-01
   3.2621600000000001e-03   1.1028437098189889e+00   1.3307774770254808e+00   2.2637322061410337e-01  -4.2643384759364172e-01   2.6661509249810889e-01   5.0166798370621413e-01
   1.6438900000000001e-03   1.8361530532701618e+00   4.5821814875924738e-01   1.8836408628504329e+00   8.2199029615643484e-03   5.7576802960075746e-01   7.1694442599356523e-01
   4.7048799999999998e-03   7.8294181736059787e-02   5.9239348596293429e-01  -4.3741167431503108e-01  -9.0316949837297222e-01   1.9601670612245090e-01   4.3159538725515190e-01
   3.1006800000000002e-03  -9.5011155937080305e-01   7.9315199663182334e-01  -1.3205020419145619e+00  -3.3935098725948359e-01   2.7174702576882487e-01   5.0633039381109723e-01
   1.8495899999999999e-03  -1.8105641795006000e-01  -1.6214212827806753e+00  -2.0216228157565332e+00  -7.6120366773146783e-03   5.5001947636099224e-01   7.0256323982513713e-01
   3.4372000000000001e-03  -5.9175717920061627e-02  -1.5714574601312161e+00  -7.7976875472704765e-01  -1.9534651297520586e-01   2.6678018249497953e-01   5.0191461177574115e-01
   1.6193700000000000e-03   1.8578169270098814e+00   2.0419808412540050e-01  -8.4832839567188301e-01   1.7265267147987051e+00   5.9052221471281297e-01   7.2587962446262633e-01
   1.7639100000000000e-03   4.6112228959170704e-01   6.8050238895987353e-02  -1.5325949292894143e+00   2.0777732830955928e+00   5.6012754732008396e-01   7.0777746429663235e-01
   1.6211999999999999e-03  -1.7582819761609786e-01  -4.1633496592490665e-01   1.0005245438411532e+00  -2.4529966244693280e+00   5.8070444261805243e-01   7.2091736139374829e-01
   4.5487300000000000e-03   3.6101729236942054e-01  -3.9067866649592620e-01  -7.0545809155285355e-01   7.0173123422402706e-01   1.8905214628351591e-01   4.2383576314376359e-01
   1.5472000000000001e-03  -2.1086157787331978e+00  -7.0723685100079842e-02   1.3611953560771264e+00  -9.8763136490738856e-01   5.8389509975713771e-01   7.2088894617489874e-01
   1.7765100000000000e-03   7.0277845706973219e-01   1.5941310563323339e+00   1.1188556318791631e+00  -1.5360125207754285e+00   5.2276933900651978e-01   6.8401109108429270e-01
   2.7790699999999998e-03   1.1908330737159663e+00   9.0545870092612135e-01  -9.4542104957617348e-02   1.3470330228937131e+00   3.1106320991122544e-01   5.4097046112405278e-01
   2.7785900000000001e-03  -9.1958376203240944e-01   1.7795464656666302e-01  -3.6246334967571420e-01  -1.6716825760625262e+00   2.8641411935312128e-01   5.1963154390446753e-01
   1.4741200000000000e-03  -2.5106313299320111e+00   6.8348112691810692e-01   1.0747742633768971e-02  -8.1985694509803575e-01   6.0843698974788196e-01   7.3384922397893160e-01
   1.7306699999999999e-03   4.6443339423060220e-01  -3.8195867027276459e-01  -1.6065524434867393e+00  -1.9628166562626177e+00   5.4169280964986977e-01   6.9662943881631711e-01
   3.2916700000000000e-03   9.1628759324409881e-01   3.5099526611139659e-01  -8.9527079261559095e-01  -1.2185152135940664e+00   2.6832221668234379e-01   5.0337219575638104e-01
   3.6729599999999999e-03   9.3853857801514917e-01   1.1373603580238900e+00   6.4845292179633629e-01   4.7549894827937189e-01   2.5253267640723986e-01   4.8874116611569396e-01
   2.8204599999999999e-03   1.5692065228383310e+00   4.4291871144912670e-01   7.6205951975521116e-02  -1.0615391844962452e+00   2.8987582080749053e-01   5.2262079558575125e-01
   1.6275100000000000e-03   2.4533539220420963e+00   9.2716507390830427e-01   2.8027072876204229e-01  -4.6466719100278497e-01   5.8572111135878913e-01   7.2142810914567990e-01
   1.5565200000000000e-03   2.5649849672242930e+00   1.5405469911419722e-01   8.9204126443621426e-02   8.3219533413992808e-01   5.8728906519524193e-01   7.2375440988736850e-01
   3.4440800000000000e-03  -1.1277724814698340e+00  -4.9598335614405897e-01   1.0431275214176541e+00  -7.0951356563852752e-01   2.6625609445581339e-01   5.0145401920309518e-01
   4.8487399999999998e-03   3.9165802352414825e-01  -9.9003840986236968e-01  -2.6621573958752143e-01   1.5491494139296405e-01   1.9166522505976477e-01   4.2705351818347248e-01
   2.8045800000000001e-03  -6.3336803319250079e-01   1.2729126717056858e+00  -5.1847444632458850e-01   1.2144672124582105e+00   2.8853554608583110e-01   5.2112491748663592e-01
   3.0943500000000001e-03   1.4619001836156156e+00   2.5408669385655019e-01   8.4028479726407090e-01   8.0604079330687628e-01   2.8328422905571399e-01   5.1723687195249979e-01
   3.0211999999999999e-03  -1.4303499022237147e+00   7.3336150907571207e-01  -4.9668551840389108e-01  -8.6315653946522175e-01   2.8264995464497494e-01   5.1600521120127851e-01
   1.8697300000000000e-03   1.8716496604053001e+00  -1.4322948254965635e+00  -9.4672746592724399e-01  -4.2477460331335093e-01   5.2917106952244586e-01   6.8971315101975406e-01
   2.6532299999999999e-03  -1.8375804570154302e+00  -3.6356191457195691e-01  -2.3939429777731791e-01   6.0121737430785693e-01   2.9196839945472758e-01   5.2404502579833478e-01
   3.5084299999999999e-03  -7.4907293976125378e-01   9.8619803023611696e-01   3.6705313542704843e-01  -1.2058556549839652e+00   2.6944414300727748e-01   5.0447603330719837e-01
   5.2583999999999999e-03  -1.3869456638607200e-01  -1.9621034574173418e-01   1.0331114676705133e-01  -4.0617925851197678e-01   1.5618064392982930e-01   3.8546399311113383e-01
   1.5101200000000000e-03  -8.2170833832416723e-01  -1.8472987584291511e+00   8.5038355087378448e-01   1.6004590662571139e+00   5.9804498150952190e-01   7.2887178032170807e-01
   4.3375499999999999e-03  -7.4894554106832001e-01   4.7038679735833325e-02  -8.9353244405565024e-01   1.8047990023874244e-01   1.9020170863890215e-01   4.2506809964429121e-01
   1.7542700000000000e-03  -2.7072001559420167e-01   1.8658076580937364e+00  -1.5211431800424808e+00   9.1433013670767616e-01   5.3266525068070059e-01   6.9009191033230199e-01
   1.4645500000000000e-03  -1.1191302999431378e+00   1.1794893111979152e+00  -2.2407701269745952e+00   1.6119061334657464e-01   6.3397256619058984e-01   7.5194923642966427e-01
   3.1288700000000002e-03  -2.0856338906000199e-01  -1.0495959337973597e+00   1.0420416453409562e+00  -1.1763756581571936e+00   2.9047415075631827e-01   5.2330275854094899e-01
   1.7648900000000001e-03  -1.6114391355072779e+00   1.3371643039844685e+00  -1.1524118274788122e+00   1.0710600031669457e+00   5.5714203331446988e-01   7.0640733412036139e-01
   3.2636200000000001e-03  -1.6995227125040421e-01  -5.4472079146749607e-03   9.9965111205447088e-01   1.4649651285283480e+00   2.6302333142328316e-01   4.9823900505840352e-01
   1.9039100000000000e-03  -9.0092095457332833e-01   2.0509145593240938e-01   1.6998664855013870e+00  -1.6422433041569524e+00   5.1262089872864236e-01   6.7854908417287751e-01
   4.4219600000000000e-03   8.1153372205625307e-01   2.8530964775439288e-01  -9.3519758795430577e-02  -7.0690541100569471e-01   1.8551179718998970e-01   4.1976533038091518e-01
   1.3541499999999999e-03   1.0582795585765685e+00   1.8408220182871364e+00  -1.2854712797524035e+00  -1.3033141049477186e+00   6.4090953416068452e-01   7.5567584485558748e-01
   1.4439200000000000e-03  -2.1935300377102789e+00  -8.7713339503599297e-01  -7.4842700874116352e-01   1.2520764382638094e+00   6.3311537478989899e-01   7.5125093922483854e-01
   5.1466400000000001e-03  -6.0075142918148072e-01  -4.5735543357060787e-01   5.8151761973819716e-01   2.1225860323962598e-01   1.8505426613662720e-01   4.1946931581271352e-01
   1.9799800000000001e-03  -1.6341824342738633e+00  -1.0473227629829793e+00  -1.0388406508522043e+00  -1.2145767860859378e+00   5.0080307257462608e-01   6.7216717390342606e-01
   1.6256599999999999e-03   6.5225558871546263e-01  -1.8170992862931417e+00   3.4487041054328216e-01   1.8061815601774773e+00   5.8307055682802433e-01   7.2064713537351610e-01
   4.8126899999999997e-03  -3.3269646539673309e-01   5.6779258081884043e-01   4.2504920519696432e-01  -4.4559152153791542e-01   1.7303776088737569e-01   4.0552773177694895e-01
   1.6170200000000000e-03  -1.2307951996711206e+00   1.2401317326564991e+00  -4.0363120371483319e-01  -2.0306587037051593e+00   6.1706841696681414e-01   7.4052537278551467e-01
   2.8788600000000000e-03   2.7417932451689029e-02  -1.6039277030175105e+00   9.8270170394270639e-01  -2.2027230509594942e-01   2.7704870461721331e-01   5.1071468709639334e-01
   3.5949500000000000e-03  -3.3535833219402122e-01  -5.3386048973528377e-01   1.3740337083168406e+00   7.2604076227905878e-01   2.5082278371037237e-01   4.8692272200519987e-01
   4.5356499999999996e-03   2.5175332999806677e-01   6.5778270262582483e-01   8.4233608693998407e-01  -2.1600048637173536e-02   1.8550025668490408e-01   4.1988042027629396e-01
   3.3969700000000000e-03  -1.2176424691939047e+00  -1.6471656512579599e-01  -9.8404937678059712e-01  -7.0868860392554023e-01   2.5718692549918953e-01   4.9276106826117494e-01
   2.5778900000000002e-03   6.2338064603520171e-01  -1.9217765103316031e+00  -1.3273222510171864e-01   7.6540550382380029e-02   3.0115536929668252e-01   5.3164660635925109e-01
   3.5682200000000000e-03  -1.4710759888657585e+00  -7.5719514599194881e-01   3.0982277460014823e-01  -2.0381719507573653e-01   2.5543704791488581e-01   4.9121370876454151e-01
   4.4867800000000001e-03  -4.3642551452372852e-01  -5.4673136777052142e-02  -5.5450264345572786e-01   8.7351213368903091e-01   1.8673999892943932e-01   4.2128554728316825e-01
   3.0852800000000001e-03   9.4379368194884194e-01   1.9199621765246053e-01  -9.5090274591728230e-01   1.1494927273270839e+00   2.5611394125491227e-01   4.9158573480247209e-01
   3.5519200000000001e-03  -1.1129019795213463e-01   1.5628716713991835e+00  -4.4968320562423919e-01   4.9906206045000745e-01   2.5544094674673457e-01   4.9126448465995171e-01
   3.3486399999999999e-03  -7.2061342767347192e-01   8.2719074405310111e-01  -1.2562866590496307e+00   6.6313486770997176e-01   2.7232744674110937e-01   5.0689334947918308e-01
   4.4004300000000003e-03   3.8489059598863645e-01   8.5313786869048158e-01   2.6953147394169846e-01  -4.8094874338255006e-01   1.8185848921535505e-01   4.1564773489185741e-01
   3.1144499999999999e-03   1.2576431082307107e+00   7.5593629920140581e-01  -1.0081476063842374e+00   4.9615366904056807e-01   2.7727083893431975e-01   5.1092005958486297e-01
   3.3404900000000002e-03   6.2373067448344732e-01  -1.9670042943290320e-01   1.4067941374480104e+00   9.1281705935117141e-01   2.6988680360744582e-01   5.0480306446228596e-01
   1.6012299999999999e-03  -9.6755353108614939e-01   6.0072156702364821e-01   2.2558495121191586e+00   8.4473005973716464e-01   5.6634328396172662e-01   7.1177937138086844e-01
   1.9972599999999998e-03  -1.5248973233055216e+00   1.1855527179551897e+00   2.6735310293755993e-01   1.5480488633911520e+00   4.8891849276150900e-01   6.6357998154830211e-01
   3.7050899999999999e-03  -1.9828805118488679e-01  -4.0834377550542744e-01   4.6844928287638490e-02   1.6066007358874483e+00   2.5247241134390541e-01   4.8856008899517717e-01
   1.6001600000000000e-03  -2.1244090822232349e+00   1.1991408127270080e+00  -1.1077997211695072e+00  -2.5601091885069588e-01   5.8796020669656146e-01   7.2465667416407642e-01
   1.8139800000000000e-03   1.0177368158470737e+00   1.2227394220160537e+00  -1.4287489826416759e+00   1.4247316291206189e+00   5.2165853779591553e-01   6.8428165910893335e-01
   1.6950900000000000e-03   9.3168072803512825e-01  -4.7849959098731809e-01  -5.5524410194670089e-02   2.4269581731490062e+00   5.6470603897159166e-01   7.1068117085219229e-01
   1.5480600000000000e-03   1.5465747787478681e+00  -7.8363029671006789e-03  -1.9277378966820649e+00   1.0811970243084936e+00   5.8322577157470701e-01   7.2128072697479850e-01
   2.0780299999999998e-03   2.0911650297052544e+00  -6.9797428330835343e-01  -9.4619935422088219e-01   6.2893978996577249e-01   4.9456886788947241e-01   6.6747369970171844e-01
   4.1906000000000001e-03   3.1599564611920983e-01  -6.0471823744741171e-01   8.6515187269619864e-01  -5.4649838067003409e-01   1.9387012955813804e-01   4.2905529305388868e-01
   1.7788200000000000e-03  -1.2224576289200428e+00   1.8591874240182409e+00   1.1884980854687346e+00  -3.5435415846694163e-01   5.0918896365023814e-01   6.7552770518750971e-01
   2.9827700000000000e-03   3.8857917124164992e-01   1.6890376476718834e+00  -5.2805758414461912e-01  -4.6708594469916226e-01   2.7611796830053209e-01   5.1022209034516375e-01
   1.8059899999999999e-03   1.0576981015434253e+00  -1.0416164547728970e+00  -1.2165474875895679e+00   1.7961266753892735e+00   5.7293318872944765e-01   7.1614503088421932e-01
   1.8894500000000000e-03  -4.9686266640890769e-01  -2.3207359362303293e+00  -5.6513774657617886e-02  -6.6216248433070957e-01   4.6438316703282961e-01   6.4706862626899941e-01
   1.6254399999999999e-03   3.6519082072292386e-01   5.0114348506315187e-01   1.0003447013275366e+00   2.4369805065236614e+00   6.0100447109455624e-01   7.3293755872073330e-01
   1.5958100000000000e-03   1.7320938185907517e+00   3.6499430047597098e-01   6.2007395983001667e-01   1.9266320997992448e+00   5.8265652354649755e-01   7.2142246134657761e-01
   3.1007500000000002e-03  -4.0732287951108853e-01  -1.3012503253902787e+00  -3.9905414111146253e-01  -1.1933496318312085e+00   2.7756482551140876e-01   5.1131605952090275e-01
   3.3425199999999999e-03   4.7900252956034101e-01  -1.8118802779857699e-02  -4.7385879369084544e-01   1.6165391295914338e+00   2.6095084231514537e-01   4.9613690397658372e-01
   4.7725099999999998e-03   5.1963458725901268e-01   3.7220563441990223e-01  -6.1576206399905065e-01   4.7681800381188039e-01   1.8172459622768439e-01   4.1550705218058248e-01
   4.0029000000000002e-03   1.4057154693719756e+00  -1.3886220265388369e-02   1.7004645086123163e-01  -2.2816688468595928e-01   2.1876862338743178e-01   4.5490268995844746e-01
   3.0351200000000001e-03   2.4977563852260834e-01  -1.0465010694079886e+00  -1.3312279110604373e+00   5.7606687103777465e-01   2.6148770681071853e-01   4.9642342696460179e-01
   1.6809500000000001e-03  -2.0254906128451919e+00  -1.2066866958501733e-01   6.7614897073858016e-01   1.5387369574562924e+00   5.6020098039685029e-01   7.0674388308867842e-01
   3.3336899999999998e-03   7.8257171219189592e-01   5.8330771146592053e-01   1.4791177415895738e+00   2.9627699814544045e-01   2.6926711740651632e-01   5.0418630871816905e-01
   1.5519500000000001e-03   2.7540234365521998e-01   9.0969749471342909e-01  -2.3085045120542245e+00   1.0058891001946928e+00   5.8243757079917935e-01   7.2064854730388328e-01
   1.2959600000000001e-03   3.5235047162582572e-01  -2.6833833105646931e+00   5.5918135612711184e-01  -2.6530431150199313e-01   6.2092663127909475e-01   7.3975803699264098e-01
   2.8347200000000002e-03   1.5592347856243782e+00   1.1298175669622912e-01  -9.8617251068503953e-01  -4.2726203616715147e-01   2.7662088624210701e-01   5.1051477856335736e-01
   1.6171200000000001e-03  -5.5015822125633607e-01   2.1357109786373654e+00   5.0521259956682052e-01  -1.4195810591429150e+00   5.7360718144867817e-01   7.1560664646234651e-01
   1.6141100000000000e-03  -1.6401279037908567e+00   1.7879830572259661e-01  -1.9369267703785260e+00  -8.6784320616783606e-01   5.8490160557132986e-01   7.2315040825579735e-01
   1.5697300000000001e-03  -2.5835813458579521e-01  -3.4347981313664171e-02  -4.0317849621048774e-01   2.6295551161496657e+00   5.6877684708784071e-01   7.1168298406758757e-01
   4.5170999999999996e-03   8.0298004534364142e-01   8.9270564687687362e-02   6.1888246207323139e-01   4.2849341454185552e-01   1.8640110307379748e-01   4.2074805256433251e-01
   1.6871900000000001e-03   2.4517253499187625e-01  -1.4454651109393997e+00   1.8505326096639467e+00   1.2085934732896939e+00   5.7350775693305611e-01   7.1513951861285141e-01
   1.7943499999999999e-03   1.2342060325799296e+00   2.2166459802609189e+00   3.4077291564980561e-01   4.4168480188370030e-01   5.4411206188768246e-01   6.9815961824068162e-01
   1.5302499999999999e-03   1.7019290562322482e+00  -1.4517163010591543e+00  -1.1396410424001292e-01  -1.5185029689071676e+00   5.9146040176164294e-01   7.2542992565783737e-01
   1.5876300000000000e-03   2.0706953806778960e+00   1.1739100948737360e+00   9.6621665823229097e-01   7.4269629931612335e-01   5.7318816321152177e-01   7.1562665555476057e-01
   4.7587000000000003e-03   1.6567673353087542e-01  -4.4827387320644041e-01   5.8519354401357127e-01   7.5363099446879034e-01   1.8575699543678284e-01   4.2040123955078129e-01
   3.6894800000000002e-03   1.2182551234123573e+00  -3.0374695791318834e-01   7.6296443160804739e-01  -9.0689847359465814e-01   2.6487840176205452e-01   5.0023806699257500e-01
   1.1772499999999999e-03  -9.3102857357808655e-01   2.6628669163306129e+00   3.3782975478545119e-01  -1.7042258372894279e-02   6.4936302930118261e-01   7.5794562938977861e-01
   1.7427800000000000e-03  -2.2090646288537918e+00  -7.4049518422675131e-01   1.8186094275840270e-01  -1.1706725742564588e+00   5.4158976520383084e-01   6.9671105317971038e-01
   1.6672799999999999e-03   9.4502968920325614e-01   4.6265197727874496e-01   7.2035617098831894e-01  -2.3306455143425562e+00   5.6042714049704623e-01   7.0867751682825875e-01
   1.4130099999999999e-03  -8.4249109537983768e-01   2.3019020908432792e+00  -3.0583858861543561e-01   1.2215217239317699e+00   6.1675038255129688e-01   7.4004437305538762e-01
   3.4038300000000001e-03   2.5017805556698347e-01   1.3565636793684084e+00   2.7669779026434727e-01   1.0109799473217316e+00   2.5624325813940785e-01   4.9215337746347948e-01
   3.4119100000000002e-03  -1.4224533742904435e+00  -1.6213190910082267e-01   5.0773481397685671e-01   5.4747567028648370e-01   2.3525515122735849e-01   4.7090603590780555e-01
   1.6715100000000000e-03   1.8796868914001574e+00  -1.0944753439053001e+00  -5.2759761162340952e-03   1.5558367153172576e+00   5.7503110279197678e-01   7.1812840046726190e-01
   1.8115600000000000e-03  -4.6366988124964248e-01   1.3925348754130815e+00   1.7564190824813790e+00  -1.1955226504800978e+00   5.3435100342629338e-01   6.9102181976088062e-01
   3.5227600000000002e-03  -1.2480540206972939e+00   7.5059563123384665e-01   4.8881623370035338e-01   6.5021503397465186e-01   2.4790583461214594e-01   4.8385710659634185e-01
   1.8051800000000000e-03   1.7259356884312269e+00   4.7068086435086304e-01   1.4013987339053569e+00  -1.2933001925068108e+00   5.5442752701635389e-01   7.0481013619325927e-01
   4.9168600000000003e-03  -2.7382544255740870e-01   6.7405741672133912e-01  -5.8429973393992929e-01   4.6458541776964951e-01   1.8633872429918788e-01   4.2102666456343885e-01
   1.6121799999999999e-03  -6.7327617439543419e-01  -2.0599119311361611e+00   1.3479156927807143e+00  -8.7968513016473271e-01   6.0419382017683698e-01   7.3385195325990382e-01
   1.5707799999999999e-03   5.0810633330333943e-01   4.3825467081519015e-01   2.5694504824250806e+00   4.5764588298514203e-01   5.8411911287145157e-01   7.2234448592439038e-01
   3.2350700000000000e-03   1.0969033372075465e+00  -7.7703677064753995e-01   7.5409394186603873e-01   9.6509389349299868e-01   2.7273789426868689e-01   5.0698489276838177e-01
   3.4013200000000002e-03  -1.1737300597782114e+00  -1.2050733702460092e+00   3.8967195682487930e-02   6.0308269724349284e-01   2.7059258140569503e-01   5.0556256886981299e-01
   3.3087500000000001e-03  -6.5777635038455229e-01   1.2523805677055890e+00  -5.5051873500039616e-01  -8.3190111543071099e-01   2.5423461781413093e-01   4.8992988371037249e-01
   4.8068499999999997e-03  -9.4744809637812566e-01   1.5135957269204586e-02   3.4988384603260547e-01  -3.2225460065935468e-01   1.8622913417260770e-01   4.2088262034761642e-01
   3.1989599999999998e-03  -1.6589935700820972e+00  -2.1607867914353804e-01  -2.8671796307475189e-01  -4.1636487741425149e-01   2.5708486994572183e-01   4.9216630349829343e-01
   2.7265300000000000e-03   1.0021312322595723e+00   1.1014947388050886e+00  -1.1713245424447185e+00  -4.0496566397229034e-01   2.8148062937574081e-01   5.1493213043045871e-01
   1.7434900000000001e-03  -1.4490113245203389e+00   1.1929575819094521e-01   5.3230703462875228e-01  -2.1021670900182539e+00   5.5120144472201604e-01   7.0105964687966138e-01
   1.5142500000000000e-03   1.6737478713110967e+00   1.4140965652930704e+00   2.5024765707760388e-01  -1.5740376635129607e+00   5.8620786685979320e-01   7.2310163024985330e-01
   3.7796800000000001e-03   7.5202002447631908e-02  -6.5688691314645986e-01   2.5485623771053822e-01  -1.0959958435489383e+00   1.9397575100379924e-01   4.2872890831149807e-01
   3.5655600000000002e-03  -9.1084063402988458e-01   5.4919205107168756e-01   1.1290115434434422e+00  -7.4747223775833871e-01   2.5834749869899876e-01   4.9432449920924837e-01
   3.5219600000000002e-03  -6.4576216467336411e-02   3.2897686091475437e-01  -1.2048963719034929e+00   1.1176742109412046e+00   2.5085126406410652e-01   4.8650703363692716e-01
   1.4445000000000000e-03   5.2764079951206810e-01  -2.4886326213286289e+00  -1.1392592786646316e+00  -1.1122231973292923e-01   6.4648236490410838e-01   7.5955466868049226e-01
   3.7732800000000000e-03   2.9552869251793120e-02  -1.4509185700289089e+00   2.1932831131231023e-01  -6.6355346441376617e-01   2.4428779256660910e-01   4.8058478942080735e-01
   3.2207300000000002e-03   6.3722517264754719e-01   4.0940974234522076e-01  -1.6634995778716364e+00  -2.2125841508671812e-01   2.7910646169661635e-01   5.1287836902796469e-01
   3.6306699999999999e-03   8.8966714296988991e-01   1.3818740681853203e+00  -3.6642371389943101e-01   4.9329659643279017e-01   2.6964495670517474e-01   5.0488968152779978e-01
   1.6277300000000000e-03   1.1013626176488205e+00  -7.8564925226846538e-01   1.2770108646622556e+00   1.9447564608307777e+00   5.9016369088461740e-01   7.2653451124143442e-01
   5.1195900000000003e-03   6.9847871638731684e-02  -8.0310412086371907e-01   4.1967506063020221e-01   1.0277141733488126e-02   1.7858860209730495e-01   4.1212411064805438e-01
   3.1532999999999999e-03   5.3277013594815703e-01  -8.6309185368617425e-01  -6.2382735531759548e-01  -1.4589175053477159e+00   2.8502586565818483e-01   5.1831560159545731e-01
   4.4570399999999998e-03   3.9862712403679007e-01  -5.5105571613241056e-01  -8.7316957909093484e-01  -1.6916383065469986e-01   1.8556199221037306e-01   4.1994715808697636e-01
   3.2680600000000001e-03  -7.8365780211620406e-01  -5.8472661318552770e-02   1.6440759212235339e+00  -2.9926230459118717e-02   2.7218324550490108e-01   5.0700590906656928e-01
   1.7235000000000000e-03  -1.1390658972233834e+00  -8.2827767510861305e-01   2.1025656037897216e+00  -7.0384985705231384e-01   5.5066480606656998e-01   7.0291338774507761e-01
   2.8159100000000000e-03   7.4015712382657006e-01  -9.1158807371594375e-01   1.4413610292027319e+00  -7.2542024072028000e-01   3.0477205534974700e-01   5.3563995566482225e-01
   3.5399199999999998e-03   2.0717405474511263e-01  -6.6692177998875727e-03  -1.3656310664733380e+00  -9.6653846856914638e-01   2.5185060511642526e-01   4.8780836790425719e-01
   1.7428400000000001e-03   8.8325020231752649e-01   2.0753670048631649e+00  -1.2971273432527199e+00   3.0155911069038577e-01   5.5613016123195547e-01   7.0432251228771692e-01
   3.1173099999999999e-03   5.8875719389503545e-01   1.2619732633371941e+00   1.1275343538286948e+00  -4.4745775271690985e-01   2.7204934905681061e-01   5.0689477028411711e-01
   4.2485600000000002e-03  -5.4105407917534021e-01  -9.6260229380064588e-01  -6.5267163890115318e-02   7.8974509671203327e-02   1.8091932374525208e-01   4.1453852293822746e-01
   1.5643700000000000e-03   1.1352796177909481e-01   9.7821251471580883e-01  -1.5182343799812874e+00  -1.9949192612331683e+00   5.8818614328680618e-01   7.2415286368177767e-01
   3.1273600000000000e-03   9.8385182968010909e-01  -5.4795843368298236e-01  -1.2847120222801709e+00  -7.3463815382142983e-01   2.7702493415796253e-01   5.1114679825720399e-01
   3.1149900000000002e-03   1.8924387143324739e-01  -5.4960396245767340e-01  -1.7681055411656081e+00  -8.1420136519613759e-02   2.7888922359910195e-01   5.1248216428290627e-01
   2.9986900000000000e-03  -1.2160579043213788e+00  -7.8802786918158707e-01   1.1254657978967837e+00   3.3186559139770155e-01   2.7281685402095518e-01   5.0725775638939519e-01
   1.7286199999999999e-03  -2.4399675596517918e+00   5.7303423950350985e-01  -2.4327107243453247e-01   8.4502789838572678e-01   5.8068560613237330e-01   7.1987466763794539e-01
   4.4338299999999997e-03   5.8499068424128789e-02   4.9861900529435010e-02  -1.0849708209776907e+00   2.1948922538728319e-01   1.8430456372440504e-01   4.1849652229630657e-01
   1.2906599999999999e-03   2.4861924396184829e+00  -1.3026309938385483e+00   2.1116498566199474e-01   2.0378382336437506e-01   6.4687011297768116e-01   7.5673969357248083e-01
   1.4906400000000001e-03   2.1591202722692922e+00  -5.3090019535866995e-01   1.2989349763860334e+00   9.3391398185634644e-01   6.1246343106459133e-01   7.3807763125143044e-01
   1.2598300000000000e-03  -2.1135344174243067e+00   8.1805971093021790e-02  -1.7317153722855847e+00   7.7400500267687899e-01   6.5344617528560633e-01   7.6303164916918942e-01
   5.3948399999999997e-03   5.6210027902449833e-01  -1.5289858768762707e-01  -1.6438996578254325e-01   1.9300007075411314e-02   1.6334954263022569e-01   3.9427528679344298e-01
   3.3247600000000000e-03   6.1417754913115796e-01  -9.0589341748070495e-01  -7.7715202333937652e-02   1.4072189171818539e+00   2.6547378905080571e-01   5.0059090415761520e-01
   1.4985700000000001e-03  -2.1412324904549629e-01   2.4879380103496565e-01  -3.3282553526977882e-01  -2.7426691436974275e+00   6.4595374081891932e-01   7.5999342187287267e-01
   1.4419500000000000e-03  -1.6999176474803535e-01  -1.3055105399426972e+00  -1.0349230389230695e+00  -2.1890816521437939e+00   6.1768077297027080e-01   7.4112860608199704e-01
   3.0267800000000002e-03   7.5654730732701847e-01  -1.0971102752121051e+00   4.1173959449355396e-01  -1.2945937420274174e+00   2.8778308792291746e-01   5.2044384772188823e-01
   1.6443800000000000e-03  -5.0066347434911074e-01  -5.9899521046480275e-01   2.4721780200037466e+00   5.3289103908529656e-01   5.5754098351240966e-01   7.0572197485820642e-01
   2.8396500000000000e-03   1.5964440378157245e+00  -9.2887638957392049e-01   2.0101338379581807e-01  -5.2873014114086936e-01   2.8381350376065928e-01   5.1707451773705781e-01
   1.6834100000000000e-03   1.0018788663731435e+00   1.6732571089143042e+00   1.6747170628738817e+00   5.4363066421707540e-01   5.4550119645736372e-01   6.9866795843202523e-01
   3.3873100000000001e-03  -4.8190455457247616e-01  -4.4570678459283053e-01  -1.4790362658213576e+00   6.9205379593843297e-01   2.6336755870573136e-01   4.9866217980503763e-01
   4.6034900000000000e-03  -8.1281766963154270e-02  -8.3957460078693036e-01  -3.9096889655136574e-01  -5.2848299060531945e-01   1.8337081130693123e-01   4.1753785710814334e-01
   1.6649600000000001e-03  -2.2148364660509134e-01  -7.7773977051247944e-01   8.4950667279409586e-01   2.3997799259524597e+00   5.8341683677653822e-01   7.2130295458352367e-01
   4.6306100000000003e-03   7.2986505967546034e-01  -4.2830235374917291e-01  -1.4653543026855884e-02   6.7862820219886366e-01   1.8687238189713418e-01   4.2135836991963554e-01
   1.3397100000000000e-03   1.2492971049457633e-02  -1.0170762020693123e+00   2.0294240522538409e+00  -1.6620639315169268e+00   6.4106836305587978e-01   7.5531299905525628e-01
   1.6858500000000000e-03  -1.2305178122561704e+00  -2.2772427748969859e+00   4.6491084391450788e-01   3.1155571955432276e-01   5.7442245018947902e-01   7.1591289757285559e-01
   1.8834399999999999e-03  -1.8934175460248415e+00   1.6749260074437167e+00   4.4965825075002540e-02   4.1430905378070187e-01   5.3125346779547378e-01   6.8936702484643508e-01
   1.7225100000000000e-03  -3.6312035829088124e-01   1.0455540760948698e+00   8.9347772243140533e-01  -2.1914524716273180e+00   5.4759799414624444e-01   6.9955669394600917e-01
   2.9290499999999999e-03   5.3464282600721602e-01   7.3112657641070200e-01   9.8804979103633353e-02  -1.5550274921188851e+00   2.5753955460364780e-01   4.9239609564483144e-01
   3.5801100000000001e-03   6.5634867336607483e-01   2.4116035532560332e-01   1.4234383724516348e+00  -6.5279508605155245e-01   2.5904072377978449e-01   4.9463955188571107e-01
   1.3109100000000000e-03  -1.5596057510192731e+00  -2.0317058308899041e+00  -1.9531138382480551e-02  -1.1872683271743805e+00   6.6372853758953720e-01   7.6631896378551267e-01
   1.5239900000000000e-03  -2.6749178278717939e-01   2.1872523450745557e-01   2.6369188819202449e+00  -6.9023400933242773e-01   6.1875452854091262e-01   7.4298720159399501e-01
   3.4324799999999999e-03   1.0697010083690408e+00  -2.4163275403131429e-01  -1.3103389956447156e+00   2.4012964859635857e-01   2.5844854929271882e-01   4.9357998131030240e-01
   3.1482599999999999e-03  -1.5062094708190381e+00   1.5066157440149397e-01   9.9008505224133225e-01  -8.9112292125664794e-02   2.6671921842059859e-01   5.0156818107075640e-01
   3.1373700000000000e-03  -7.3881367249283736e-01   1.5993830648621390e+00   3.6627184173723110e-01   5.8724224332499897e-01   2.8986001055251803e-01   5.2294549291689763e-01
   1.7569500000000000e-03  -2.8452308406492888e-01   1.5857826381665552e+00   6.6751513273887275e-01   1.8247954274129188e+00   4.8571921843781002e-01   6.6100897868099306e-01
   4.4610900000000000e-03   4.0570433673557543e-01  -2.4558353672823910e-01  -5.0671098560115957e-01  -8.4253021432948105e-01   1.8336214723227540e-01   4.1739515660112203e-01
   1.5769600000000001e-03   9.2815355158586010e-01  -1.6560815562067548e+00  -1.5299111355758264e+00  -1.2060292279264768e+00   6.1464157893968652e-01   7.3996429490252680e-01
   4.6058300000000000e-03  -8.2898876559671075e-01   4.4589804048844606e-01  -4.3831112199795824e-01  -2.6665470362921823e-01   1.8508334840707447e-01   4.1928721600110486e-01
   3.5022199999999999e-03  -3.6475630438438755e-01   1.3355440965057197e+00   8.6148352452279131e-01  -4.2109673795010122e-01   2.4947832183814375e-01   4.8552177447439376e-01
   1.5921799999999999e-03  -9.0834376079838519e-01   1.3025999857168541e-02  -1.4903278561837341e+00  -2.0604525676219962e+00   5.9349446697248898e-01   7.2796413873402788e-01
   1.3435800000000000e-03  -6.0203232276112095e-01   1.2194216877027451e+00  -1.8951644041614035e-01   2.3758884007883574e+00   5.9937449846334578e-01   7.2656726748836986e-01
   3.5783700000000000e-03   8.0438249969823394e-01  -1.2667873616971446e+00  -4.4071481979887900e-01  -6.6403438185244568e-01   2.5501124471033337e-01   4.9095881644022027e-01
   1.7511099999999999e-03   1.7785395625558931e+00   1.8188621984277102e+00  -5.3632845396922546e-01  -2.8663173377379275e-01   5.4995515294600272e-01   7.0152556894922502e-01
   4.5525100000000001e-03   1.5020927287271924e-01   1.8387038145944457e-01   2.9005445809840841e-01  -9.7005612555717258e-01   1.8073630059974422e-01   4.1438657803406853e-01
   2.9797900000000000e-03  -1.5863807010836188e+00   3.6576310292519260e-01  -8.8737554226950721e-01   1.3851769154489663e-01   2.7304978706646632e-01   5.0717421056676326e-01
   1.6780400000000000e-03  -2.6881517802394478e-01   1.5680508873562311e+00   2.0976996279997002e+00   1.1790565466893527e-01   5.5906917082449881e-01   7.0656715525178115e-01
   1.5137300000000000e-03   1.3091816565206569e+00   4.8153077344331585e-01   1.8499554134369260e+00   1.3977839347969832e+00   5.8216895558563142e-01   7.2109756499555655e-01
   1.6147799999999999e-03   8.2500628783663299e-01   1.1460084383542410e+00   2.1571656883412933e+00  -6.9595187166435002e-01   5.6937372505691375e-01   7.1313388614297435e-01
   1.6339600000000001e-03   7.9013922722522845e-01   2.3677325874171959e+00   1.0633316231731815e-01  -9.0832933374186331e-01   5.6748094232702739e-01   7.1145967933444076e-01
   3.0389800000000002e-03   6.3117999803454139e-01   7.5484086830417640e-01   1.0122704085324796e+00   1.2480101422647401e+00   2.8145685165825030e-01   5.1534756445046526e-01
   1.7523400000000000e-03  -1.0527198940204894e+00  -2.1985212353472563e+00  -9.5231114216246848e-01   1.3877914196526281e-01   5.5700620182429317e-01   7.0590914038444286e-01
   3.0723600000000001e-03  -2.0251067766104122e-01  -2.3574472557916343e-01   1.6030887718014175e+00  -9.2365660773548497e-01   2.8055908061086560e-01   5.1455290653821084e-01
   1.6496799999999999e-03  -8.5509792640474724e-01  -5.7353893052239135e-01  -1.3934301387297443e+00   2.0384093410945452e+00   5.8063769032014811e-01   7.2001479801036394e-01
   3.4961500000000000e-03  -1.4820620359795109e-01   6.4443083598659190e-01   1.6026067796213954e+00  -2.9391160681185885e-01   2.6655291538885939e-01   5.0166272134320078e-01
   3.9679199999999998e-03  -6.4108313473766043e-01  -1.2655330692136249e-01   6.7738984553051440e-01  -1.3019071493830356e+00   2.4790396010528787e-01   4.8430374245408847e-01
   1.6212100000000001e-03  -1.4455784798641098e+00   7.2881699241861464e-01   2.0906159471816532e+00  -4.2055073621001215e-01   5.8615689758547740e-01   7.2196800602733147e-01
   4.3684600000000002e-03   8.4590006639081305e-01  -6.1702188362267063e-01   5.0434654067658735e-01   9.3283012826362838e-02   1.8899709127351300e-01   4.2384834057709242e-01
   1.4709000000000000e-03  -1.2049352267560054e+00   1.8276445171677582e+00   1.3682698750250546e+00   1.0005929429628535e+00   6.2653360049714901e-01   7.4655575283896736e-01
   3.3490600000000001e-03   9.0680753784086421e-01   6.6208433658651444e-01   7.3513943423160499e-01  -1.0709733653254967e+00   2.5226890052143408e-01   4.8796454255932692e-01
   4.7086300000000001e-03  -2.5755638012753557e-01  -1.2017463767214726e-01  -7.7380850236059662e-01  -4.9002151140362216e-01   1.7562638551202844e-01   4.0862724643859838e-01
   1.7078200000000001e-03   4.2701413466989535e-01   4.3593419256258131e-01   1.8475358918214395e+00  -1.7711110734459741e+00   5.4573371019540773e-01   6.9931321883431974e-01
   3.4708100000000000e-03  -3.0887703021274672e-02  -6.8917488350454459e-01  -9.3884861697051980e-01   1.3821052819205550e+00   2.8034486911186735e-01   5.1412635556668407e-01
   1.6581600000000001e-03  -6.2259724192893784e-01  -1.9570869767036780e+00  -1.2817270242282188e+00  -1.0830145285068622e+00   5.7385886281979526e-01   7.1440175610447854e-01
   1.4971500000000000e-03  -1.9252390598158822e+00  -4.1930466426754853e-01   1.8706778859798538e+00   4.4499195871466690e-01   6.2049107466678566e-01   7.4387588726323239e-01
   2.9586000000000000e-03   2.9311344681913093e-01  -2.8692989399637736e-01   1.8817094233984970e+00  -3.0054920833847240e-02   2.8845991900859030e-01   5.2143651849758732e-01
   1.4749400000000001e-03  -6.9821564807407921e-01  -4.3247151775431525e-01  -2.6407500000432793e+00   1.1480266274506840e-01   6.2536714587968756e-01   7.4713081602018760e-01
   1.6757100000000000e-03  -1.9081178218219050e+00  -1.4029433216899236e+00   1.1027479638780209e+00  -4.2513025959353440e-01   5.6060383029494221e-01   7.0810741674073319e-01
   4.5099199999999997e-03   8.5777621551140926e-01   5.5741235330377137e-01   5.8455575089793273e-02   6.7770973428233086e-02   1.7740017530045160e-01   4.1069088822458871e-01
   3.3449600000000001e-03   8.2158476625644361e-01  -1.3649442707598765e+00   5.5279776345058085e-01  -3.2923877520235956e-01   2.5307961542003848e-01   4.8858390059560769e-01
   3.2621500000000001e-03   1.8006970426728167e-02   1.3191337323209629e+00   1.1417576168398251e+00   4.8353817631316270e-01   2.6837188420648739e-01   5.0340913607217952e-01
   3.2698800000000002e-03  -5.5406836921740676e-01  -5.7664519660551450e-01  -9.7810354610784311e-01  -1.2848241292780951e+00   2.7017690119527965e-01   5.0490301697272333e-01
   1.7461099999999999e-03  -9.3942249894041452e-01  -1.6695109439600866e+00   1.7328885232052997e+00   4.5654205975822537e-01   5.5461282389745858e-01   7.0384315773664752e-01
   1.7612100000000000e-03  -1.2985543359833882e+00  -8.1834346711740946e-01   4.9742780527245872e-02   2.1060171694160537e+00   5.5266650265771589e-01   7.0229358944382603e-01
   1.6169600000000000e-03  -1.6449313049105010e-01  -1.7843396056519998e+00   4.2528891862715501e-01  -1.9886181537604768e+00   6.1161761247720503e-01   7.3813292945574027e-01
   2.0542500000000001e-03   2.2727290229523218e+00  -9.7909625813056081e-02   8.6515053598757474e-01  -2.9583767566802771e-01   4.6567778736624466e-01   6.4880638266231283e-01
   5.1701400000000002e-03  -6.4792115805575190e-01   3.4961373054991496e-01   3.3186314756166048e-02   2.6225489975745259e-01   1.7065554483682061e-01   4.0280196284079539e-01
   3.3863000000000001e-03  -9.0573860679006390e-01  -7.5456032471726819e-01  -5.3404753954432216e-01   1.2003829333365323e+00   2.6569588925528093e-01   5.0050591552919799e-01
   1.7016300000000000e-03  -6.1212439244629990e-01  -8.6748159578316597e-01  -2.0794686666943916e+00  -1.1929210821920404e+00   5.5146614659890070e-01   7.0165503277795860e-01
   3.1681299999999999e-03  -1.5155949721156894e+00   2.6776037549774268e-01   3.9664868435047224e-01  -9.7750574525269440e-01   2.8036404611949350e-01   5.1430541760042681e-01
   3.6352099999999998e-03   1.3547848179935467e+00   6.0602336964902914e-01   8.3272590918795353e-01  -2.3177742170860188e-01   2.6188015282717741e-01   4.9744520300711226e-01
   1.6885299999999999e-03   1.3323190904510993e+00  -1.9437037586047741e+00   8.2031587695905295e-01   8.8271750371515911e-01   5.7002660478692790e-01   7.1381534751290865e-01
   3.4632800000000000e-03   3.7295630580730760e-01  -1.8377972801315451e-01   9.6475459082986526e-01  -1.4142378732182403e+00   2.6618579137489523e-01   5.0129785194121346e-01
   4.3950300000000003e-03  -2.7402868528501506e-01   1.0398968531980037e+00  -1.9201828206756039e-01  -2.5118911775116159e-01   1.8516918028762058e-01   4.1948418339740523e-01
   1.5003400000000000e-03   1.8977139070304017e+00  -3.7918325317382212e-01  -1.8909139551261200e+00  -3.6309718441101152e-01   6.0458760015682644e-01   7.3419700256826681e-01
   3.2088099999999999e-03   1.1860277970502024e-01  -1.0150700420160339e+00  -1.2436745520107000e+00  -8.2612414427360870e-01   2.6857398489936374e-01   5.0328441102001353e-01
   4.5500000000000002e-03   1.6492922921242084e-01  -1.5474457970174227e-01   1.0872783302799274e+00   1.3800674559984250e-01   1.8722623207552513e-01   4.2201095507975744e-01
   3.5579399999999999e-03  -4.3762257786233250e-01  -1.2286332091763246e+00   7.8592136500454501e-01   6.0516149488542581e-01   2.4140705230780737e-01   4.7777737854673213e-01
   4.0217300000000003e-03  -1.1041157872674521e+00   1.0080756847627339e+00   3.4966053183075579e-01  -3.0940009388334050e-01   2.4044042327558601e-01   4.7723870676072228e-01
   3.1584899999999999e-03  -5.2354397133098463e-01   3.1036253113580758e-01  -6.1553235128493455e-01   1.6359962850201646e+00   2.7796893771333814e-01   5.1199962867158211e-01
   1.4257400000000000e-03  -1.6985426556080843e+00  -1.2303912725504567e+00  -1.7875685125589003e+00  -2.2258339554787851e-01   6.2112431479633379e-01   7.4324820923917945e-01
   4.9067499999999997e-03  -1.7720148812087541e-01  -7.5591706348208343e-01  -7.2499719859140888e-02   7.7502123597056127e-01   1.9246445164847428e-01   4.2783165611411766e-01
   3.0770799999999998e-03   1.7243884524881370e-01   1.0109688320335173e+00  -1.2793065544341953e+00  -9.3553141340629020e-01   2.8260153556230033e-01   5.1624617674177042e-01
   4.6642500000000000e-03  -9.7620518223056252e-01  -3.0398232673858111e-01  -1.9313928165363631e-01   3.9859152874507908e-01   1.9034466918975629e-01   4.2524266690835749e-01
   1.3875500000000000e-03   3.6411836468689829e-01   1.6636296923973037e+00  -1.7257460201475491e-01  -2.1850167673883458e+00   6.1915564443499727e-01   7.4294491295251430e-01
   3.2427300000000001e-03  -3.0111143814508579e-01  -1.7252712032087894e+00   3.1003038393986306e-02   2.6847690880408959e-01   2.5932742541640619e-01   4.9500439471805519e-01
   3.6378700000000001e-03   3.7008164177923869e-01   1.0001657241995388e+00  -1.2703040905038334e+00   4.7556938343674143e-01   2.6278678809568867e-01   4.9827906248853293e-01
   1.7261399999999999e-03  -1.0884689614428842e+00  -7.6132376011991565e-01   1.6198145321729538e+00   1.5920405236443296e+00   5.5518087302593078e-01   7.0545916882083148e-01
   4.6524000000000001e-03  -5.8126940666104587e-01   2.9373877540550375e-01   8.8049695513668957e-01   2.1516107602379747e-01   1.8947958730108003e-01   4.2439552037799899e-01
   3.7591000000000000e-03  -1.0445632323532901e+00   1.2347682027712812e+00  -4.8203952190050275e-01   1.5209360629908036e-01   2.6046336871423770e-01   4.9638980220000389e-01
   4.9324900000000003e-03   5.8012815106267734e-01   8.7433849225801885e-02   5.9464044912601099e-01  -3.8640627727375604e-01   1.7577668473766214e-01   4.0891092302629944e-01
   3.5895400000000000e-03  -1.1929848054587595e+00   6.0773592737029647e-01  -4.0796087202879178e-01   7.7854800170212235e-01   2.3746383911570762e-01   4.7357005290678583e-01
   2.9617400000000000e-03   1.2253266853316275e-01  -9.8653715335397540e-01   8.7398907511035306e-01   1.3681838009067615e+00   2.8230941222444017e-01   5.1597842239265190e-01
   1.6630499999999999e-03  -8.6020070866051679e-01   2.8809614909751075e-01  -2.1031943871137990e+00   1.3235231389230102e+00   5.5094717135107085e-01   7.0326290487740695e-01
   1.5242200000000000e-03   1.2307271046074533e-01  -7.5729655727730660e-01  -2.2898176170382052e+00   1.2738668890289668e+00   6.0436317723210187e-01   7.3493536217623645e-01
   3.5249200000000000e-03   6.6183157554331717e-01  -8.8602166539899843e-02   5.4633620799396787e-01   1.4868698523442823e+00   2.5838802991579041e-01   4.9370017148614986e-01
   1.6087100000000000e-03   7.2086749242864190e-01  -1.9290382541979350e+00   1.0617842515544966e+00  -1.2692236561805637e+00   5.5311138815932281e-01   7.0334534873931986e-01
   4.1800199999999996e-03  -3.9725213561604056e-01   9.4864693488222196e-01   4.2181299808541795e-01   2.9448248577274666e-01   1.8481140358310652e-01   4.1884763316510376e-01
   1.5940900000000000e-03   2.0950353559065285e+00  -1.8227704509931483e-01   2.7083335336766778e-01  -1.6871348586004753e+00   6.0682669355314311e-01   7.3576714091976958e-01
   1.8742699999999999e-03  -2.8560721728478511e-01   4.6997915009748659e-01  -2.3355945097369784e+00  -9.8601012217298112e-01   5.4437837838716407e-01   6.9950017369978035e-01
   3.8682600000000001e-03   1.3765837005107129e+00   4.8260827461686299e-02  -4.8068473615223073e-01   4.4021651119405203e-01   2.3129321114371912e-01   4.6737245198910599e-01
   1.6822100000000000e-03   2.3174071439093646e+00   5.9734582638768252e-01  -1.0103541734668724e+00   3.0592353930443650e-01   5.4510065536990537e-01   6.9786273377867458e-01
   4.1776900000000004e-03   4.8015402036005495e-01   9.4935161093722875e-01  -5.3781039080379278e-01  -1.4454052909667042e-01   1.9000118311018957e-01   4.2465380856687673e-01
   4.7704899999999996e-03  -2.6185228887875839e-01  -4.4392537290718875e-02   8.9156189955894183e-01  -5.0311127976666381e-01   1.8551962208992059e-01   4.1995324989697419e-01
   2.9985300000000001e-03   8.6152718798149219e-01   1.1652099689240076e+00  -4.2879560731783772e-01  -1.1011367576857218e+00   2.7566703835949158e-01   5.0951678315230409e-01
   3.7669900000000000e-03   2.9950141639269390e-01   9.3245183320602842e-01  -6.0584663391189053e-01   1.2205382819603163e+00   2.5623170007543911e-01   4.9217884360029440e-01
   1.6797400000000001e-03   6.0477141320121927e-02  -1.6974526239134349e-01   2.0570895209107678e+00   1.6440115713369641e+00   5.5488974077284647e-01   7.0513082801811411e-01
   4.3729299999999997e-03  -3.3070708031622731e-01  -6.9018440615776377e-01  -8.0653550423196330e-01   2.3256787017217598e-01   1.8662644531791892e-01   4.2094341711378991e-01
   5.2747899999999997e-03   3.6965821629744551e-02   3.3428750678704916e-01  -2.6495195209764083e-01  -1.8759096660438840e-01   1.5514077745661087e-01   3.8433169167406267e-01
   5.3805600000000004e-03  -1.6200036902399031e-01  -2.3969792046720220e-01  -2.4533808726200418e-01   2.1776677216854551e-01   1.5652830463412945e-01   3.8587506970408653e-01
   2.9207600000000001e-03  -2.4608740096197701e-01   4.6532483745825665e-01  -1.8660698115794827e+00   1.9825161191406859e-01   2.9443681590789311e-01   5.2619827679422404e-01
   2.8751300000000000e-03   4.9325121258824145e-01  -8.1261072914627044e-02  -1.6571256429031509e+00   8.1421282782805371e-01   2.8498674628215709e-01   5.1765785074662229e-01
   1.5517800000000000e-03   1.0769367706711981e+00   1.6365493893369780e+00   7.6098427038937233e-01   1.6971423914757069e+00   5.9103087975146495e-01   7.2594926224832701e-01
   2.8053499999999999e-03  -3.3909444522936016e-01  -1.4228678594468660e+00   1.8043707791414832e-02   1.2756166842926304e+00   2.8521557283636989e-01   5.1846955231929326e-01
   1.3687800000000000e-03   7.0538383934370086e-01   6.9896650654625483e-02  -2.6902615686293103e+00   1.0884528477522368e-01   6.1220975097522468e-01   7.3973121122648644e-01
   1.6808999999999999e-03   1.1950050878078817e+00  -7.7647154371617622e-01   2.1954542201125071e+00   5.7433580562198994e-01   5.9124824381472663e-01   7.2725790961009729e-01
   1.4721500000000000e-03   1.5645411528782702e+00   1.0825563476212945e+00  -1.9886096544509588e+00   1.2208838580194302e-01   6.1559376309005753e-01   7.4166565211042446e-01
   1.6483100000000001e-03   1.6554562938728623e-01   2.5809407757604057e+00  -4.5323636402829248e-01   1.7127149429962002e-01   5.5650517358515761e-01   7.0409616741591197e-01
   2.9511099999999998e-03   8.5785406096490091e-01  -1.3191320240220619e+00  -1.1047682233309593e+00   1.8266084619575771e-02   2.8950482738489774e-01   5.2177056911467357e-01
   3.1495899999999999e-03  -4.9773466661970756e-01  -1.1570944480553640e-01  -1.5744919724781965e+00  -4.7586314145072106e-01   2.4717246438143764e-01   4.8286598028989125e-01
   5.3689000000000002e-03   5.6602259072045552e-02   8.6451364335919809e-02   3.5009441722159251e-01   1.9370389400573509e-01   1.5474273962540702e-01   3.8385580181859258e-01
   1.6550499999999999e-03   1.8033565719871694e-01   1.5667184579231170e+00  -2.1653520814409064e+00  -3.8382927693867885e-01   6.0951376020961512e-01   7.3768566937175539e-01
   3.1090800000000002e-03   4.0039703192733117e-01  -1.4790111800731947e+00  -5.5771764926979328e-01   8.6367200361911511e-01   2.7468266486116161e-01   5.0850331329392284e-01
   1.8585699999999999e-03  -1.6130873473296410e+00   1.7824575582835991e+00  -1.5157647074819963e-01  -8.6357460043041834e-01   5.2496655578362539e-01   6.8583108366594481e-01
   1.4544400000000000e-03   1.9970724085298230e+00  -1.1242117990052689e+00   1.2860255867948998e+00  -9.1264496158485608e-01   6.4346145947033884e-01   7.5655906642871285e-01
   2.5867300000000002e-03  -9.2851871828971189e-01  -1.2567333537057266e+00   4.0290834350725158e-01  -1.1482359636810420e+00   2.8784922797418011e-01   5.2057230923220310e-01
   3.4052300000000000e-03  -6.2014855920951117e-01   4.3962903502490969e-01  -1.0764851248307867e+00  -1.1357449979699124e+00   2.5797496405744691e-01   4.9350425628664779e-01
   1.5509600000000001e-03  -1.6361785300324574e+00   3.8378679157097845e-01  -7.3425266303389425e-01   2.0166973739181433e+00   6.0901899547438565e-01   7.3657285341196177e-01
   1.5577099999999999e-03   8.6359661742331659e-02   1.2626039710161676e+00   1.8649703264892690e+00   1.4580222898897452e+00   5.6810846426931871e-01   7.1274272081135737e-01
   3.0664400000000001e-03   1.7035202869351431e+00  -4.2048263038257977e-01   2.3667563545224937e-01   4.1625895085813530e-01   2.6526244857807735e-01   5.0032726078175649e-01
   3.0807999999999999e-03  -9.3272463934654715e-01   9.5233311174763202e-01   1.2730177126111037e+00   2.1461488102791618e-01   2.7338167122750850e-01   5.0806118157041469e-01
   1.3433399999999999e-03   1.0491074052166112e+00  -1.9426531153287105e+00   1.6761661495025664e+00  -8.3853155541392652e-02   6.1202561878156603e-01   7.3640859392753721e-01
   1.6911199999999999e-03  -1.0814598986559034e+00   2.1382990365916914e+00  -1.0900335571419129e+00   8.5012996608452166e-04   5.6135409801234415e-01   7.0831233694547580e-01
   3.8241000000000000e-03  -1.8325737780951003e-02   6.8463616871208366e-01   1.0010916340883722e+00  -1.1187481965654029e+00   2.5220106643421519e-01   4.8852738301258009e-01
   1.7750999999999999e-03  -1.1744545039943752e+00  -1.2079877485469022e+00  -1.7405978741343477e+00   9.5971880784284558e-01   5.3679741755425048e-01   6.9530032560516297e-01
   3.2150299999999998e-03   1.0758092136421897e+00  -7.7275901336785413e-01  -8.3525337191741600e-01   8.8573508780505117e-01   2.6762444975167110e-01   5.0242565421014607e-01
   1.4897199999999999e-03   6.1223697487791073e-01  -7.1817183956568476e-01  -2.3745414582840176e+00  -8.6152122313374246e-01   5.7351649734697219e-01   7.1531988463322549e-01
   2.9913499999999998e-03   1.3688203631530254e+00  -1.7098180450391817e-01  -7.6829065186979781e-02   1.2502733036371019e+00   2.7364885522639504e-01   5.0792725517225090e-01
   1.5859800000000001e-03  -2.0772447705304806e+00   7.7142608074487273e-01   1.2401685970901797e+00   8.1689421857577571e-01   5.6849156847891247e-01   7.1147113425671782e-01
   1.3342800000000000e-03  -1.0908448553367744e+00   5.9895687197971037e-01   1.4492228025625102e+00   2.0730891543222874e+00   6.6301646863038644e-01   7.6591779692905337e-01
   3.1643800000000001e-03  -5.5451956704591510e-01   8.7449457729502122e-01   9.4541083928083725e-01   1.1491810693428726e+00   2.6659784200984121e-01   5.0160048509239941e-01
   3.2835799999999999e-03   1.2856200179979143e+00  -1.2210454869614946e+00  -8.2274821008411991e-02   4.4168376013512650e-01   2.7565041606125734e-01   5.1013505344932653e-01
   1.6853599999999999e-03   7.8075772938361529e-02  -1.3740495298928943e+00   2.2156231175318402e+00  -3.1980417708417219e-01   5.4882377779290614e-01   7.0082690719602636e-01
   2.9443999999999998e-03  -1.2219916225063041e+00  -2.8714014290825474e-02  -1.0436252391911718e+00   1.0406342633705661e+00   2.8527940753848974e-01   5.1843741500530205e-01
   2.9789899999999999e-03  -1.9168509614406662e-01   3.2746406102240189e-01   2.9400481257910022e-01  -1.7637153121402498e+00   2.6554846305710356e-01   5.0023876304656101e-01
   3.4751999999999999e-03  -1.3387019230358284e+00  -7.8960890876275058e-01  -8.6164356644979845e-01   2.4218996264495005e-01   2.7621795465854154e-01   5.1027569622923308e-01
   1.6004200000000000e-03  -2.4802219333505717e+00  -3.1198910706809402e-01  -9.5762914170488900e-01  -2.5339050663814999e-01   5.8187294269627210e-01   7.2175228499408173e-01
   4.9682800000000003e-03   1.2023038761731994e-01   1.0475760980718071e-01  -7.4913217710065219e-02   9.0388379738384961e-01   1.7762048751662718e-01   4.1086351527077036e-01
   2.4351600000000000e-03  -1.2042160782269282e+00  -1.0971260941152937e-01  -1.6591044080580493e+00   1.5164071045516575e-01   3.0363421253729594e-01   5.3375625956959760e-01
   2.6860400000000002e-03  -1.9550435573991928e-01   1.0629600398383885e+00  -5.0435258924902704e-01  -1.5895191883783519e+00   2.9670132919979408e-01   5.2802372183648028e-01
   3.1529100000000001e-03  -8.6951379239836801e-01  -1.4176297906973869e+00   6.3535390041534312e-01  -2.2721334239251789e-01   2.6252637328963513e-01   4.9758342271593142e-01
   1.7827400000000001e-03   5.8464045458766760e-02  -2.1861839638857621e+00   1.0322075247377958e+00   6.8623642592952461e-01   4.8205617742504836e-01   6.5857212719943159e-01
   3.1547799999999998e-03   1.4334642508093787e+00   7.4829046881357442e-01  -4.1153309622231621e-01  -3.1655640966458931e-01   2.4195240038389834e-01   4.7785871570761240e-01
   1.7682700000000000e-03  -2.0476301669600678e+00   1.0688438642797984e+00   9.0725211951821083e-01  -2.5826124372082165e-01   4.7522586341625789e-01   6.5166174492362738e-01
   3.8693099999999999e-03  -3.1851271787798813e-01  -2.5508315776193025e-01  -2.7239479402935729e-01  -1.1276707929697634e+00   1.8683671052255985e-01   4.2096864889575891e-01
   0.0000000000000000e+00   0.0000000000000000e+00   0.0000000000000000e+00   0.0000000000000000e+00   0.0000000000000000e+00   3.2563420334214616e-01   5.3553290471355963e-01
