   1.9507400000000001e-03  -6.1413459644103241e-01   1.5738783181323490e+00  -1.5302080527545936e+00   1.3851209175936821e-01   3.5682226982105919e-01
   8.1077999999999999e-04   2.5237407652476938e+00   1.6378711147242382e+00   2.2435008349904653e-01   3.3562515169168816e-01   5.3466665197921770e-01
   2.3376000000000000e-03   1.9213862317170223e+00  -5.2496032627052502e-01  -6.7246079740964904e-01   1.2153296698276032e-01   3.3424208011130496e-01
   9.0547999999999996e-04  -1.5681719654282333e+00  -5.2755306130191339e-02   2.5075195529235428e+00   3.1863789645640372e-01   5.2077186580044321e-01
   2.9291999999999999e-03  -1.5842940332210267e+00  -3.7266032711055846e-01  -4.0262078998748191e-01   8.0396036184772840e-02   2.7305266685792434e-01
   2.3909399999999998e-03  -4.6389447220307339e-01   2.0435858184008437e+00   4.1175811423700837e-01   1.2840186892992372e-01   3.4380488962387806e-01
   1.9438100000000000e-03  -7.5685581203365115e-01  -1.7427166232010223e+00   1.1719065276283840e+00   1.2985581986474728e-01   3.4527183525166127e-01
   9.7977000000000003e-04   3.4104250289437904e-01  -2.7965885588247943e+00  -1.7183402592890265e-01   2.5507294850474643e-01   4.6732354374140123e-01
   4.3419799999999996e-03   7.1415203308488540e-01  -1.2900276288702769e-01   8.1537610970590602e-01   6.0421504126650531e-02   2.3688517595808020e-01
   1.8282699999999999e-03   1.4901046649121079e+00   1.7388486549071869e+00   1.1316076580739758e-01   1.3690264927028178e-01   3.5443186443192992e-01
   3.7864700000000001e-03  -4.5537405708063705e-01   8.9095910994011274e-01  -7.3009116482674952e-01   6.2162496651274962e-02   2.4022120058008384e-01
   4.6156699999999997e-03   7.6061868868586746e-01  -1.1275511383368518e-01  -1.4204427664269967e-01   5.1173133824948022e-02   2.1839194550517294e-01
   3.8673700000000002e-03   5.5700460674280819e-02   2.0565116301708197e-01  -1.2829416677218619e+00   6.5939168483997598e-02   2.4737641121638856e-01
   4.8015999999999996e-03   6.9930784437166460e-01   3.0446563031934260e-01   1.0007098963352778e-01   5.2738809995493664e-02   2.2142532798712419e-01
   2.0343900000000001e-03   1.8983005252602494e+00  -4.3922276813077105e-01   9.5654421806442147e-01   1.2192768054241251e-01   3.3450355454948233e-01
   4.3722700000000001e-03   8.1690023705177650e-01  -5.4669858970373253e-01  -4.5337860045265982e-01   5.9850703119086711e-02   2.3592881025735749e-01
   2.0135399999999999e-03   7.5257757151347793e-01   8.0723921885409333e-01  -1.9394431598882969e+00   1.3096052421189705e-01   3.4728962571042576e-01
   3.2303700000000002e-03  -2.3764808633906903e-01  -1.3097621520802332e+00   8.4914355359530547e-01   7.6820984441744997e-02   2.6685996029566322e-01
   2.7604900000000000e-03   8.3810524008750276e-02   1.6072715873773984e+00  -4.6512442183447061e-01   7.7590480621458610e-02   2.6791910235454552e-01
   3.6528699999999999e-03   1.3245810341544155e+00  -3.4240482191915118e-02   8.3669943800528801e-01   8.1515133991825972e-02   2.7527366616406901e-01
   5.1199899999999996e-03   4.4433892134049480e-01   1.9711466374697384e-01   5.1451566707214202e-01   5.3082977497971938e-02   2.2232720167570252e-01
   1.9034700000000000e-03  -1.6628213092101023e+00   1.5201153205887585e+00   2.3953830488211708e-01   1.3492501524705944e-01   3.5148651840414752e-01
   1.9846899999999999e-03  -4.1405977709363334e-01   6.2623495128116091e-01  -2.0993533315083126e+00   1.3018392080705721e-01   3.4609261390180568e-01
   4.3952100000000001e-03  -3.0206354792248263e-01   5.8993192971582376e-01   4.7093129148582624e-01   5.1054317548675197e-02   2.1777503933416503e-01
   3.6651100000000001e-03  -7.2853982716357157e-01   9.1637822960561943e-01   8.9841650654909588e-01   7.4451522859242683e-02   2.6304135354669139e-01
   3.6362700000000000e-03   1.2407545299611260e+00  -5.1055023434554825e-01  -8.1106861966256349e-01   8.1820913014185703e-02   2.7565569364864351e-01
   8.6669999999999998e-04   1.0854494988875472e+00  -1.5456184183301414e+00   2.3257234435450598e+00   3.3379077462636270e-01   5.3191512887680836e-01
   2.1411799999999999e-03  -9.0974832125552751e-01  -3.2744404532558036e-01   1.9397624412866656e+00   1.2438053590664797e-01   3.3825467070391491e-01
   4.5164200000000002e-03  -9.4529838961216928e-01  -4.7322853365349959e-01   3.1817449613332266e-01   6.2310460164694284e-02   2.4078793373585355e-01
   2.1492099999999999e-03  -9.8599433402005943e-01   9.0816177804120990e-02  -1.9413116056801600e+00   1.2664516149742400e-01   3.4163504150448604e-01
   1.4190299999999999e-03   1.6110877802885422e+00   6.4903228082744824e-01   1.9941882480525748e+00   2.2055700116486190e-01   4.4049855815230399e-01
   3.8686100000000002e-03   1.8253630730577439e-03   4.7252189827086116e-01   1.2209063743711952e+00   6.6473679663430665e-02   2.4865655984208926e-01
   2.6330400000000001e-03  -1.6538825789233345e+00   8.2957586086055912e-01   4.3426981489556177e-02   9.1927494892959205e-02   2.9168104124327637e-01
   2.1909899999999999e-03  -7.1317863058421727e-01  -1.1352074813803188e+00   1.7525662746863990e+00   1.3388748884199325e-01   3.5115930883062246e-01
   1.9096700000000000e-03   8.9718349222997451e-01   2.0435576107657805e+00  -3.8591155624581275e-01   1.3475455679527809e-01   3.5159309528160465e-01
   2.0143600000000002e-03  -1.8710425754064324e+00  -6.5505771055013773e-01  -1.0005622055827654e+00   1.2938892905300153e-01   3.4482221370547100e-01
   3.4023600000000001e-03   4.9225983279696878e-01   8.0032954836231729e-01  -1.1965685423734402e+00   7.5125205719902610e-02   2.6395091618761990e-01
   1.2711199999999999e-03   2.6889779170312766e+00  -1.2516299121906393e-01  -1.4208082509949094e-01   2.3328108214163470e-01   4.4968751296661830e-01
   1.8011800000000001e-03  -1.5240738901840494e+00   1.2951616367995176e+00   1.0474923712089927e+00   1.2693640525903285e-01   3.4152795572207401e-01
   3.6685200000000002e-03  -1.7235813399539388e-01   1.4200775715682902e-02   1.5615136000216510e+00   8.2362639900344592e-02   2.7663048646248956e-01
   4.7496099999999996e-03  -6.7483207400139422e-01  -1.1908221654173749e-01   1.5111584527670055e-01   5.0974478016892512e-02   2.1758889563650796e-01
   9.8382000000000005e-04  -2.5070581839470223e+00   2.1907277996157218e-01  -1.3224687858945983e+00   2.6413868510426564e-01   4.7647816568208529e-01
   4.6055499999999999e-03   3.4206826668945434e-01  -5.6464300631921449e-01   7.1140462122430004e-01   5.7576236270305073e-02   2.3144534332237210e-01
   2.2962999999999998e-03   1.2141241489065049e+00  -1.6590383759777114e+00   5.4874110635259754e-01   1.2260696247646814e-01   3.3601432221751060e-01
   1.1255300000000000e-03   5.0939156717322964e-01  -2.0832397123559940e+00   1.6967121323724390e+00   2.3057931386811253e-01   4.4801886815687519e-01
   4.5465400000000000e-03  -1.0849245902125570e+00  -2.2585888532617646e-01  -2.8157948708742708e-01   6.5129241723735284e-02   2.4590144090965721e-01
   2.1175500000000002e-03  -8.9450069344715791e-02  -1.6113206154707469e+00   1.4055389712671431e+00   1.1918092703525347e-01   3.3120701145131715e-01
   5.6677300000000002e-03   2.9408912264684822e-01  -1.8586739902747816e-05   3.0889248993555180e-02   4.9332667840311165e-02   2.1444756714936014e-01
   1.0293500000000001e-03  -2.3210093634896776e+00  -1.7108637772862523e+00   9.3489421970080464e-02   2.9634302603609713e-01   5.0433844779450154e-01
   2.8527000000000001e-03   9.0864994983560016e-02   6.5763263758894419e-01  -1.6412577446057492e+00   8.8135961990454079e-02   2.8555149324917173e-01
   4.0466900000000004e-03   9.7154991350865538e-01   7.1990491624446640e-01   2.4474541868973065e-01   6.4309724871469770e-02   2.4450439473942320e-01
   1.0815700000000000e-03   2.0223737134456838e+00  -1.0805126058829937e+00   1.7032505510616154e+00   2.9033941658872936e-01   4.9887046651966604e-01
   8.8920000000000004e-04  -1.5015299637093609e+00  -1.4747318947405905e+00  -2.0701938734507381e+00   3.0562373584920827e-01   5.1163803231995475e-01
   3.4310999999999999e-03   1.4340724567005008e+00   1.4549331865715850e-01  -8.1196842737553809e-01   8.7494087393861608e-02   2.8468704218074448e-01
   2.0579600000000002e-03  -2.1492969671721660e+00  -4.2869306546227148e-01  -7.4247133048313430e-02   1.2638753866184615e-01   3.4071570556066344e-01
   9.5434000000000003e-04  -1.4328711976233151e+00  -4.1300298952609921e-01  -2.4778872560482115e+00   2.8243643320778589e-01   4.9297157064934122e-01
   3.2799000000000001e-03   1.4495814952958799e+00  -7.1924528669559107e-01  -1.8915025822169684e-01   8.1829917887870071e-02   2.7556405716693055e-01
   7.9597999999999995e-04   2.2896913320764036e+00   1.3296625338394759e+00   1.5092123880520845e+00   3.5315207336142573e-01   5.4666918878229431e-01
   3.5855300000000000e-03   8.0777060308914783e-01  -1.1206048184996993e+00   7.1466673381401979e-01   7.9947803254510175e-02   2.7244774817016798e-01
   2.0131200000000002e-03  -1.0820637970179581e+00   8.7687275004782506e-01  -1.7801637099959202e+00   1.3794974896206749e-01   3.5585606563465716e-01
   4.4011500000000004e-03   1.1059710527551998e+00   3.5299879245164850e-01  -2.4618622881331687e-01   6.4866590135342031e-02   2.4572310779361778e-01
   8.3989999999999998e-04   1.9187493163598950e+00  -4.1993733905459640e-01  -2.2695929875766465e+00   3.3988391335271712e-01   5.3592895945288399e-01
   8.2275000000000002e-04   2.2144457354921059e+00   1.6977060343821750e+00  -1.0851968029264212e+00   3.1526284375150099e-01   5.1865357550847546e-01
   2.1496300000000000e-03   1.3954004827395761e+00   1.0576896239951163e+00   1.1575870642101436e+00   1.1367051150312608e-01   3.2349359191085636e-01
   2.6656300000000000e-03  -1.1286252705857820e+00  -6.5810179546580838e-01   1.3267011851723620e+00   9.3366355405167425e-02   2.9427073284045846e-01
   3.1327500000000001e-03   1.2617079368660646e+00   8.4661689957051500e-01  -5.5705452357971552e-01   7.8126923394112840e-02   2.6930489445499345e-01
   1.0042700000000000e-03   2.7188995186676674e+00   8.0943428509964011e-01  -5.9018630780170345e-01   2.9690059514829897e-01   5.0440894812383896e-01
   2.1403699999999999e-03  -2.0151932391105114e+00   3.0693677516154230e-03  -7.0855280398125497e-01   1.2037576591516864e-01   3.3255586076822347e-01
   2.9044299999999999e-03   8.5041947096433801e-01  -5.9194507605430635e-01  -1.4105246632390400e+00   8.6907623059240338e-02   2.8388893056540271e-01
   3.8932200000000002e-03  -7.5485992138648705e-01  -4.9258112162950551e-01   8.8101345704722922e-01   6.3652573880306595e-02   2.4334987053575197e-01
   2.0983500000000001e-03   2.0713664850222737e+00  -6.9581998087544028e-01   1.7258731971783708e-01   1.2603115169938464e-01   3.4094077475157086e-01
   6.2869000000000000e-04   9.7643795224818852e-01   1.5698978283783802e+00   2.5372017910015665e+00   3.8798512328179430e-01   5.6956016173659196e-01
   3.3525000000000000e-03  -1.1837658364344765e+00  -7.4892149796451479e-01  -6.8023622368267345e-01   7.7454282044562450e-02   2.6787474854824439e-01
   4.5359500000000004e-03   2.3161922712660880e-02   3.0164436677058104e-01   7.7057602183638585e-01   5.2094320157089244e-02   2.2021709607117884e-01
   2.8111199999999999e-03   1.1725517043527183e+00   1.2820442304997683e+00   5.3369501768656757e-01   9.2642298373536672e-02   2.9253102343046533e-01
   3.2560699999999998e-03  -8.2305860187600222e-01  -2.0516172164379093e-01  -1.3729655878218083e+00   8.0737814600896143e-02   2.7358754634414012e-01
   4.6859199999999997e-03  -2.9236289392690290e-01  -1.1769869164703907e-01   9.9809257798274231e-01   6.0722076611697380e-02   2.3792405072680334e-01
   1.8959400000000000e-03  -1.7447459655926584e-01   2.0778609087740749e+00  -9.2793394468668899e-01   1.3681515757992391e-01   3.5453943185554959e-01
   3.9827600000000001e-03  -3.6317744519969453e-01  -1.5203725762729769e-01  -1.1345680375193046e+00   6.2174654678716863e-02   2.4018233007237805e-01
   1.2171599999999999e-03  -6.6015903249819718e-01   2.6081643968906771e+00  -3.6632681245605775e-01   2.3040914149463523e-01   4.4956135154721083e-01
   2.0781500000000000e-03   1.1893656335620051e+00  -1.3204841420078932e+00   1.2954948853711412e+00   1.2786842432203405e-01   3.4289140757338943e-01
   1.7732200000000000e-03   1.9424103591436950e-02   1.2570101648228165e+00  -1.9666336228914494e+00   1.4345599233877432e-01   3.6249117257958768e-01
   2.1908399999999999e-03  -6.5391164858729145e-01  -6.7056222714744029e-01  -1.9324745304425135e+00   1.2317344342210915e-01   3.3681742738244064e-01
   3.4385300000000000e-03   7.4683945434977361e-01   1.1350351120395552e+00  -7.6408473341529737e-01   7.7984204431026549e-02   2.6902434755994725e-01
   2.5326500000000000e-03   7.9343869721987548e-01   9.0020098446608010e-01   1.4209004439205943e+00   9.2378362025303293e-02   2.9186612750907176e-01
   2.6431300000000000e-03   7.4454593399965974e-01   1.7592552003148365e+00   3.1137990508597435e-01   1.0334621929060640e-01   3.0882002942906767e-01
   4.9573899999999999e-03  -1.9077304450967550e-01   6.7762114146819896e-01  -1.7092771099772607e-02   5.1938914491617735e-02   2.1987782982275361e-01
   1.9906099999999999e-03   1.6887248617990103e+00  -1.2032153618003976e+00  -6.4406020141904208e-01   1.2093101993585685e-01   3.3321062178212496e-01
   2.8870499999999999e-03   1.3851169732297173e+00  -9.0432100535730264e-01   5.0416416550259513e-01   8.5083184506659665e-02   2.8061337923225915e-01
   4.1447200000000002e-03   9.1993451152914885e-01  -5.5830595450985676e-01   6.0299637475099943e-01   6.5157583499023022e-02   2.4610612574605412e-01
   8.8977000000000001e-04  -2.1772258182667903e+00  -1.6947782457489471e+00  -1.0870384843310585e+00   3.1947353240212739e-01   5.2183914160090350e-01
   3.6197199999999999e-03  -8.0487421790170888e-01  -2.4780444769897724e-02   1.3258393553658863e+00   7.9954486579391734e-02   2.7249602672173817e-01
   2.1786900000000001e-03  -1.3238217924839655e+00  -6.6102238307142691e-01  -1.5694689763360108e+00   1.2315530977420057e-01   3.3693638874308479e-01
   2.2113400000000000e-03  -1.6278429246227601e+00   4.8187527384166783e-02  -1.4793390979517285e+00   1.3281774275333030e-01   3.4972366127256005e-01
   3.4525900000000002e-03   1.4690163656641848e+00  -3.4896976207716629e-01   3.3362473895149908e-01   7.6968066371728552e-02   2.6736095185151187e-01
   2.6429499999999998e-03   1.7087488251039786e+00   4.6145947935771603e-01  -3.6939665064914079e-01   8.9029199909457679e-02   2.8636218126874563e-01
   2.5929899999999999e-03  -8.2209271296597086e-01  -1.5022745078767059e+00  -8.2888927395386602e-01   9.6838518990505718e-02   2.9938698414421228e-01
   1.0174500000000000e-03   6.6045727360824558e-01   2.4116926796470559e+00   1.5068238457277838e+00   3.1648404920586803e-01   5.1917755620408779e-01
   8.2485999999999996e-04  -1.3889931210428779e+00  -1.8704077418017491e+00   1.8794339647542075e+00   3.2266524136057478e-01   5.2306569324684826e-01
   7.5184000000000004e-04  -2.2880384480256457e+00   1.8674277178615388e+00   8.7578457834135681e-01   3.6204767198751914e-01   5.5568287545517714e-01
   2.0848099999999999e-03  -1.4024569699898739e+00  -1.3110197989701342e+00   1.0901006105190763e+00   1.2972245010378786e-01   3.4555174003796540e-01
   2.8941900000000000e-03   1.2711357170622035e+00  -6.5162366437359776e-01   1.0910828045014962e+00   9.2484471810899457e-02   2.9224730955762612e-01
   4.3495599999999997e-03  -7.0383755079710975e-01  -4.2964073530404201e-01  -7.1953112110383999e-01   6.0200262053093798e-02   2.3671045749764089e-01
   7.3141000000000005e-04   7.8028427979871551e-01   1.6902856398464405e+00  -2.4482682905844078e+00   3.5791060418144977e-01   5.4942465697996068e-01
   2.3610300000000001e-03   5.6587538638748003e-01  -1.6937868425937919e+00   9.9291178493378107e-01   1.1252719289221340e-01   3.2150043886165336e-01
   9.8152999999999999e-04  -2.4328767191169272e+00  -1.8971812807685814e-01   1.6223699477194862e+00   3.1547765899512065e-01   5.1920977803504975e-01
   4.3053600000000003e-03   1.2647514169385565e-01  -2.4226793880779504e-01  -9.8755928024510853e-01   5.6996363647991530e-02   2.3024882652379969e-01
   3.3498299999999998e-03  -5.2473479813723967e-01   1.3834966768196133e+00   1.0907592688944479e-01   7.1786489549641938e-02   2.5798225266826841e-01
   8.4186999999999999e-04  -2.4599352508984160e+00   1.2732590487856585e+00  -1.1280745046241956e+00   3.2574038370173658e-01   5.2512796541825757e-01
   2.1847099999999999e-03  -1.5188602559326994e+00  -9.0962576313704038e-02   1.4688809050543363e+00   1.1881572804758378e-01   3.3004736344404584e-01
   5.4665499999999997e-03  -8.8870753635953259e-02   1.7636955257230291e-01  -2.3127960649477833e-01   4.8507963002048328e-02   2.1258685262274196e-01
   1.0014600000000000e-03   2.6162917393684197e+00  -1.1594000523562300e+00  -3.7631612127569081e-01   2.9309310649605164e-01   5.0011233396461963e-01
   2.1980099999999998e-03   6.6579702728995538e-01  -1.2315752443770882e+00  -1.5528364397197107e+00   1.1259882242317522e-01   3.2228374584366526e-01
   2.2448300000000002e-03  -1.0959889332907362e+00   9.9020203004954188e-01   1.4337099193680154e+00   1.1181160716680953e-01   3.2005852237957522e-01
   1.1522699999999999e-03   1.6494982406685169e-01   2.1726111044100089e+00  -1.7310705771031023e+00   2.5395299774057450e-01   4.6973181886986271e-01
   3.1530199999999999e-03   5.8042847950135357e-01   1.4502618263618916e+00  -2.8100358482577392e-01   7.7051286398581081e-02   2.6700103872153425e-01
   3.7575899999999999e-03   8.0507868526477810e-01   9.0894837042017451e-01   7.9434861226153819e-01   7.4326211563057742e-02   2.6276172290139399e-01
   3.7245099999999999e-03   2.4776799635473123e-01  -7.9392781627882480e-01  -1.2102851277157844e+00   7.5332500515394946e-02   2.6446247020162411e-01
   7.9051000000000002e-04   2.3500811948855325e+00  -1.8370475982529035e+00   5.0729188844457995e-01   3.4297902403986658e-01   5.3854085286193454e-01
   2.4545200000000000e-03   5.3536953316700542e-01  -1.1777658179947892e+00   1.4709057990166008e+00   1.0216720766646921e-01   3.0672584711241391e-01
   2.2525300000000000e-03   9.8738328845244261e-01  -1.6599176071985207e+00  -9.6222367809019038e-01   1.2690266731066460e-01   3.4169794913119256e-01
   1.7982000000000000e-03   6.9816487934547711e-01  -2.0426394131073242e+00  -2.5042201750135118e-01   1.1270432930317764e-01   3.2187167955164148e-01
   3.0634099999999999e-03  -4.9920291190945154e-01   3.4865935058101227e-01  -1.4767774993672311e+00   7.5934807665348159e-02   2.6530774262004303e-01
   5.4328299999999996e-03   3.6744108371156638e-02   3.4033617046364745e-01   2.6261526119062734e-01   4.9875551210170371e-02   2.1542368377123550e-01
   4.8580999999999997e-03   4.3500819075980623e-01  -4.7824970141384898e-01  -1.0519407140202408e-01   4.9614544594665390e-02   2.1507900693109824e-01
   2.1089600000000000e-03   1.0325002164337207e+00  -7.4240903882506770e-01   1.8096606686441561e+00   1.3130689305898069e-01   3.4747107300903290e-01
   1.2325299999999999e-03  -1.5746317490320973e+00   1.6327109846781709e+00  -1.5572791005373186e+00   2.5423326705370580e-01   4.6933891282582690e-01
   3.5519599999999998e-03  -8.7095641728083095e-01  -1.0387589835870468e+00   1.3702821273742921e-01   6.6074419562519970e-02   2.4761589050624488e-01
   3.6064600000000001e-03   1.1189914427106032e-01  -4.7148114127393981e-01   1.2159353097619823e+00   6.4574970441525298e-02   2.4451315345477129e-01
   1.9236900000000000e-03  -1.0085487756714173e+00   1.8432381761538938e+00  -8.4074524013011731e-01   1.3327151962823058e-01   3.5006080592084593e-01
   2.2753700000000001e-03  -1.5956000902451459e+00   1.3567742066487913e+00  -5.7344973450546810e-01   1.2926821422281201e-01   3.4507216743837738e-01
   2.1145299999999999e-03  -2.0517016307145246e+00  -5.4062169229266030e-02   7.5317634045906046e-01   1.2780793991721451e-01   3.4274348618556350e-01
   2.7630599999999999e-03   2.7260823206852414e-01  -1.4271451464868907e+00  -1.0617714638436218e+00   8.9136683829296903e-02   2.8742992966204434e-01
   1.0693800000000000e-03   2.1242635104800747e+00  -1.1590112148656093e+00  -1.4244228531852390e+00   2.5955560993252275e-01   4.7254091769586481e-01
   1.8225699999999999e-03   1.9169278611543799e+00   1.1321029735711929e+00   6.1294627884812503e-01   1.3773628817045652e-01   3.5589566585693344e-01
   4.1190999999999997e-03   8.9785359656954822e-01  -4.8126360979181784e-02  -6.3531212255540448e-01   5.7999013818340120e-02   2.3244677699536703e-01
   9.0777000000000002e-04  -2.9235302634477369e+00   2.7411991650601242e-01  -3.1608602844253558e-01   3.1054146579604353e-01   5.1507337905070882e-01
   2.1516399999999998e-03  -1.7104228558007069e+00   4.9624068282788925e-01   1.1488836859474389e+00   1.1829879597810426e-01   3.2928186386772468e-01
   9.5576999999999999e-04   1.9476133029941833e+00  -2.0621746332631470e+00  -6.9826547804335837e-01   3.0044051685381595e-01   5.0725382209168224e-01
   3.5219600000000002e-03   6.6479893312491722e-01  -6.5952191497390278e-01   1.1587901262927274e+00   7.4459754614828302e-02   2.6286699727114338e-01
   3.3386800000000001e-03  -3.3879088557335102e-01  -1.4689008977567262e+00   3.0288485466205378e-01   7.5172140845336854e-02   2.6397192580074913e-01
   4.4993899999999998e-03  -9.0112627012406743e-02   6.8389108219133155e-01  -4.8824499363602936e-01   5.2170220516649650e-02   2.2037283859152684e-01
   3.5373499999999999e-03  -1.5346475393073222e+00   2.0470240642398785e-01  -1.4685625304031208e-01   7.9157632988941018e-02   2.7112331006724272e-01
   9.1708999999999996e-04   4.3776893682180207e-01   2.8630916072961847e+00  -7.7719291996790008e-01   3.4130681443937561e-01   5.4050400868631732e-01
   4.6357700000000000e-03   5.7696061344047234e-01   2.7708718756954182e-01  -4.0995565468288486e-01   5.1186681637914157e-02   2.1827562629104791e-01
   2.3229600000000002e-03   1.2981446170198681e+00   1.5193118083376902e+00  -8.1952969685793109e-01   1.2998041490087917e-01   3.4592029603812696e-01
   5.4077200000000004e-03   3.4383238453059162e-01  -1.2355630999914236e-01  -4.8848746586478298e-01   5.2723821042863217e-02   2.2160473377564338e-01
   8.5501999999999996e-04   5.2589876127639357e-01  -2.7644349883395174e+00   9.5973268525855804e-01   3.1949125149026175e-01   5.1979815722617151e-01
   8.1448999999999996e-04  -3.9907567392804745e-02   2.9797837377453664e+00   4.1378391274823673e-01   3.2704085446203024e-01   5.2687853824159103e-01
   1.0402600000000001e-03  -2.0631609394582662e+00   9.3874361547153717e-01   1.8014488165081892e+00   3.0125653832877719e-01   5.0999869142592169e-01
   4.1961200000000002e-03  -4.8866305167155660e-01   3.8112757414162340e-01   9.5944912880380306e-01   6.0796704551296599e-02   2.3781699984855736e-01
   3.2077000000000000e-03  -4.9644238773490357e-01   9.0527910400402423e-01  -1.3472212056781814e+00   8.7338387118792854e-02   2.8442084102091403e-01
   2.0788999999999998e-03   1.5395783272661030e+00  -1.7535882579489209e-01   1.5359094473040344e+00   1.2455979313681928e-01   3.3847498978480345e-01
   1.9853599999999998e-03   9.3597466770878124e-01  -1.2419842952856381e-02   1.9892922317940793e+00   1.2311027154551112e-01   3.3675305672585987e-01
   3.8980700000000000e-03  -2.2563314106759658e-02   7.1158005850460104e-01  -1.0407063463196324e+00   6.3885194404223133e-02   2.4360393764318186e-01
   8.1174999999999997e-04   1.6243639865817912e+00  -3.7025487125111051e-01   2.4826929585420774e+00   3.1821687689108535e-01   5.1943767530720764e-01
   8.5745999999999999e-04  -2.3276863334002424e+00  -1.4263781638259143e+00   1.2040517469949115e+00   3.2382212304022562e-01   5.2446282227114704e-01
   9.7566000000000005e-04   1.3148354920693881e+00   5.0326443519275410e-01  -2.5180691191802587e+00   2.9093971405477648e-01   4.9816041657411714e-01
   2.2942000000000001e-03   1.2876877307549095e+00  -1.0543100730900499e+00  -1.1915654149511128e+00   1.0998129416071224e-01   3.1825416737655504e-01
   4.5269000000000004e-03  -9.3765768395511551e-01   2.5861997952402849e-01  -2.8313395240141404e-01   5.8309669922276409e-02   2.3301367266852360e-01
   4.4399399999999999e-03   9.9169205264614546e-01  -4.7437811574936532e-02   3.1481563106352722e-01   5.8981765714783432e-02   2.3420390948997469e-01
   2.1454600000000001e-03   1.9047874551141619e-01   2.1982107996392726e+00  -1.0558771062967104e-01   1.3204154375680641e-01   3.4861656550095255e-01
   4.6519300000000003e-03   4.2268873191786654e-01   6.7479092177550981e-01   2.2368281254685574e-01   5.3954830185200690e-02   2.2372220994201777e-01
   2.9490100000000002e-03  -7.1694948740049025e-01  -1.5725878456936750e+00  -1.4042453629748555e-01   8.6341789978521905e-02   2.8281262726961492e-01
   3.4822000000000000e-03  -1.0927460474342845e+00   4.1236419681191017e-01   1.0302879001246239e+00   7.8243300390228962e-02   2.6964558518671983e-01
   4.3998800000000001e-03   4.9129089043439145e-01   1.7764490985059025e-01  -9.6357371271479419e-01   6.0701549076446273e-02   2.3764695461649646e-01
   3.6344099999999998e-03  -1.3007409317151770e+00  -1.9202960610273173e-01   8.3271623502561221e-01   8.0878931114637606e-02   2.7407949029844642e-01
   2.2305799999999998e-03  -2.3408867650754484e-01  -4.8981404288145131e-01   2.0367374423084383e+00   1.1832916305158701e-01   3.2967673495261823e-01
   4.3163300000000002e-03   2.8120604211948663e-01  -5.3939521013447192e-02   1.0980854861171405e+00   6.2528881677089962e-02   2.4092299552000290e-01
   9.0958000000000000e-04   1.4476790177079595e+00  -1.8315318633522364e+00  -1.7972463269181822e+00   3.1782652293735042e-01   5.1801876089570986e-01
   3.4911700000000000e-03   3.6356938232601388e-01  -2.2407889755873164e-01  -1.4925266409955535e+00   7.8367263809209442e-02   2.6972740480817403e-01
   1.9791600000000002e-03  -1.2103635019391592e+00   4.3057180306257020e-01   1.7808730089911440e+00   1.2442028450541860e-01   3.3786635102793500e-01
   9.1779000000000003e-04   2.7594681562921557e+00  -6.8332569416940891e-01   7.5920956985802635e-01   3.1607633407644986e-01   5.1795642896385585e-01
   4.8062399999999998e-03  -3.9278621799381491e-01  -3.7555530237688689e-01   5.1890021004122688e-01   5.1753285300795163e-02   2.1958724580283565e-01
   3.4193900000000000e-03  -7.8235869150405157e-01  -7.8687134880698961e-01  -1.1581787538818418e+00   8.1715528617322467e-02   2.7537800951902891e-01
   4.6363100000000003e-03  -4.4741223549782716e-02  -9.4249920508027973e-01   3.9248474602367250e-01   5.9430037613828403e-02   2.3536103199912936e-01
   2.2696499999999998e-03   1.6300837636879486e+00  -3.6375422575381261e-01  -1.3894570740344434e+00   1.2933389699184450e-01   3.4507995606635672e-01
   2.4747200000000001e-03   2.9391511531788495e-01  -6.5211714306095359e-01  -2.0074560507433814e+00   1.2937048974253157e-01   3.4521200900582960e-01
   2.4681600000000001e-03  -1.4143552960041208e+00  -1.4489813114927310e+00   2.6879846800800994e-01   1.1438566309701571e-01   3.2455643210973772e-01
   9.3163000000000002e-04   6.8793384626735887e-01  -3.8415094544593748e-01  -2.8522289977145845e+00   3.2715286406656674e-01   5.2685899714970441e-01
   3.3462200000000000e-03  -2.0582456301434551e-01  -1.5346270582411148e+00  -5.1679993699973781e-01   8.2719495011066221e-02   2.7718164914644494e-01
   2.8025400000000001e-03   8.4317707021771202e-02   1.3249171204089323e+00  -1.2807062371855189e+00   9.6146512719536753e-02   2.9797689884950906e-01
   1.4752000000000001e-03   1.1789828666199471e+00  -8.8002623861400864e-01  -1.9911390731430705e+00   1.6502750222022652e-01   3.8608413463859520e-01
   3.7638300000000001e-03   6.6349983269754309e-01  -9.6643193338516165e-01  -8.6543827253644945e-01   7.4617478098650561e-02   2.6334044432104509e-01
   4.2759399999999998e-03   5.5648052640729517e-01  -9.6723054506123041e-01  -2.4784949398598244e-01   6.1473019391101377e-02   2.3925980612420927e-01
   1.8309500000000000e-03  -1.4057601686888654e+00  -1.8257853588901642e+00  -3.6853429660667669e-01   1.4556160610566293e-01   3.6540890709941315e-01
   8.4283000000000003e-04   2.3329083981731076e+00   6.1002240018910336e-01  -1.7497383421726802e+00   3.1850647863304699e-01   5.2060943583330732e-01
   4.9395600000000000e-03   2.4805365916342625e-01  -5.9786492856249629e-01  -6.0201487572225854e-01   5.6883049801891669e-02   2.3021899505150342e-01
   3.2681099999999999e-03   2.4090196659449889e-01  -1.4473638919228655e+00   4.9601702112035356e-01   7.5033286890774903e-02   2.6373787306045260e-01
   2.5995500000000000e-03   1.8707931026778049e+00  -9.6147980685014303e-02  -1.7484259590796022e-01   9.5167349842348647e-02   2.9664793516050852e-01
   3.2857799999999999e-03  -2.2365268211493433e-01  -6.0443818587590159e-01  -1.4697008904492777e+00   8.0147058994572654e-02   2.7249127031549342e-01
   1.9178999999999999e-03   1.8657131992020439e+00   1.2335341199484895e+00  -3.2926762489357492e-01   1.3333791073592161e-01   3.4993798301645651e-01
   4.5393100000000004e-03  -6.7192333350667910e-01   7.7762337387019864e-01  -2.2072088426173467e-01   5.9645966162213696e-02   2.3569598014976256e-01
   2.9626800000000001e-03  -9.4968008563983852e-02  -9.4710630160590248e-01   1.4120924452796528e+00   8.3681953018913707e-02   2.7848171749235195e-01
   4.0655800000000001e-03   1.2874503538415392e+00  -1.7816397312789181e-01  -2.5492471190828342e-01   6.9672281241019179e-02   2.5435607008622840e-01
   2.0691600000000000e-03  -8.2706426788240328e-01  -2.0402298273669546e+00   3.4479900855874857e-01   1.3460911509553858e-01   3.5154419390991049e-01
   1.8680900000000000e-03  -5.8478343113752074e-01  -2.2015567716128848e+00  -4.8201052416072415e-01   1.4451957142612115e-01   3.6449616704138088e-01
   1.1216100000000001e-03  -2.4840295000374693e+00   1.2648203666087448e+00  -6.8821162593972085e-02   2.5550878070315036e-01   4.7028991139686227e-01
   8.7633999999999997e-04  -5.5648127522880475e-01  -2.5881668222199896e+00   1.3520405405754512e+00   3.2091351525938666e-01   5.2216770415486224e-01
   2.9829300000000000e-03  -3.9301360560640952e-01   1.4087899378514306e+00  -8.6638872782542808e-01   8.3426338530904587e-02   2.7822093319857966e-01
   1.1448599999999999e-03   9.4894006903535388e-01   2.5877827252755501e+00   4.1993107981899613e-01   2.6130099389664124e-01   4.7455889569404364e-01
   9.3187000000000001e-04  -1.3740718546946897e+00   1.8888149844996991e+00   1.7712578663834471e+00   3.0855497478151828e-01   5.1326177571665743e-01
   5.1477099999999998e-03   7.2802385920897161e-02  -4.7258247244727775e-01   2.7270283988425276e-01   4.9894592887087232e-02   2.1556553964166800e-01
   4.6132899999999999e-03  -2.0605536568194308e-02   1.0119169471864642e+00   2.9837920383034128e-01   6.0786007770109944e-02   2.3788855394740166e-01
   3.6351899999999999e-03   2.6016347218336677e-01  -1.0417302529217887e+00   9.0862418997658423e-01   6.9921530511489291e-02   2.5466085854596210e-01
   3.2211000000000002e-03  -1.2538755377488258e+00   8.7867767724773249e-01   5.9536412772690361e-01   8.1980493328174073e-02   2.7571839306303325e-01
   2.1091500000000002e-03   2.2505759064491926e-01   2.0512999239737768e+00   6.7548575955000878e-01   1.2545366987920992e-01   3.3925502185166034e-01
   3.2390600000000002e-03  -1.0324594054466421e+00   3.9288849566542572e-01  -1.2449330894737598e+00   8.4832583594885450e-02   2.8045761574796901e-01
   2.2155600000000001e-03  -5.8826140784647575e-02  -1.2550948418989465e+00  -1.7596841900394444e+00   1.2522343473609124e-01   3.3982315707063765e-01
   3.0911699999999999e-03  -6.9365061905516068e-01  -1.0251470165300525e+00   1.0869515485683872e+00   8.0026586341112649e-02   2.7245765166883767e-01
   4.1110799999999996e-03  -2.3003370881740767e-01  -6.3708295418959038e-01  -8.9867938938421488e-01   5.9142199800880035e-02   2.3472050451833229e-01
   3.1153299999999999e-03  -5.6888719576044722e-01   5.4606194082924664e-01   1.4520015493792382e+00   8.1323814030752672e-02   2.7470514639765925e-01
   9.2208999999999998e-04   2.8123627857403593e+00   5.1137870124563900e-01   7.1470515105305288e-01   3.0946658319544790e-01   5.1464415567296617e-01
   2.1244699999999998e-03  -1.4041142822983186e+00  -1.2493685024916290e+00  -1.0775453463005151e+00   1.2376029553738148e-01   3.3750100040300612e-01
   2.1985899999999998e-03  -1.8194923062005344e+00  -1.0956439357292382e+00  -3.8449313070483870e-01   1.2435193074485287e-01   3.3854992026101621e-01
   2.8723199999999998e-03  -2.7714549295944452e-01   1.0814882596419686e+00   1.2888144310693810e+00   8.2330907739884440e-02   2.7604879245373198e-01
   5.0014300000000003e-03   6.8623498442287031e-02   2.5794947175819705e-01  -6.9895310417215606e-01   5.3061941012971917e-02   2.2224725031851808e-01
   2.1392000000000000e-03  -5.3343536139535075e-01   3.2704542165580347e-01   2.0797538642062436e+00   1.2591180653801406e-01   3.4032757650555973e-01
   2.0162200000000000e-03  -1.8090943391885745e+00  -6.5490168683309435e-01   1.0372943758926283e+00   1.2314479534051809e-01   3.3627396099824358e-01
   5.4413700000000001e-03  -5.3667733449469235e-01   3.3427324894828725e-01   6.8589751918275280e-02   5.3280489079839233e-02   2.2280899623133599e-01
   2.9300400000000001e-03  -2.2077805153899174e-01  -8.4025557183828356e-02  -1.7821658072562505e+00   9.2740323243065970e-02   2.9301193056732472e-01
   2.4902399999999999e-03  -4.4556848944192851e-01   1.8201708501500551e+00  -2.9097807994293529e-01   9.3736426756474492e-02   2.9459381129902928e-01
   3.3211899999999999e-03  -1.2524565367860361e+00  -2.5694643703135422e-01  -9.5586530985145746e-01   8.0446935494284652e-02   2.7295909702479504e-01
   2.2980399999999999e-03   5.1499908355595247e-01   1.7770327009281000e+00  -9.2583822557327788e-01   1.1493422949556815e-01   3.2489090264527615e-01
   4.3213799999999997e-03  -8.0743737825367667e-01  -2.4605110033599324e-02   7.0088750375542019e-01   5.9092363195724314e-02   2.3437415698352093e-01
   4.6998600000000001e-03  -3.7355605258118718e-01   1.2222443820487124e-01   5.1099273103771226e-01   4.8601796480806807e-02   2.1285626386404849e-01
   2.4891000000000002e-03   7.9010685174031381e-01   1.6013765987021626e+00   1.0346449466783163e+00   1.1840599264427568e-01   3.3034897876252223e-01
   3.4231999999999999e-03  -1.5691562878766576e+00  -2.9707287331398935e-01   2.9289692511766313e-01   8.4159433309089524e-02   2.7934471890803564e-01
   8.0862999999999996e-04  -2.9181747467631108e-01  -1.8989579172872810e+00   2.2940695100999200e+00   3.2185187680114224e-01   5.2194272989952839e-01
   8.8917000000000000e-04   5.7818393729315887e-01  -1.4767367042294766e+00  -2.4995353857929863e+00   3.1585487045155475e-01   5.1690654779411671e-01
   3.9237899999999999e-03   9.0935972636964346e-01   4.8723235797134462e-01  -8.0962384022651057e-01   6.7416450578148504e-02   2.5023657624157025e-01
   9.5436000000000002e-04  -1.8672067070233551e+00   2.2437225245147769e+00  -5.1439876503826021e-01   3.3104030328936568e-01   5.3336497698603524e-01
   3.1507000000000002e-03  -2.8871355600555526e-01  -1.1568071790050685e+00  -1.1003669395615328e+00   7.8461743259925248e-02   2.7004445863347643e-01
   2.7586799999999999e-03  -2.0966588500288173e-02  -1.9493598814312483e+00  -1.0596435797885962e-02   1.0811724611200070e-01   3.1603210015839667e-01
   1.9597500000000001e-03   1.7318256851419869e+00  -1.3515888873241129e+00   6.6270683383493123e-02   1.2391512756992137e-01   3.3688290316921354e-01
   8.0139000000000002e-04  -4.5465810078078722e-01  -2.0755417007071419e+00  -2.1218692729369146e+00   3.2136408566235392e-01   5.2221337680557312e-01
   2.1318900000000000e-03   1.2234671984388974e+00  -1.6772541032976680e+00  -2.4511116406612860e-01   1.1197509386692991e-01   3.2072333093823735e-01
   5.1439099999999998e-03  -2.2478811956750683e-01  -1.2724645690885905e-01  -6.4370097070789245e-01   5.2961358902974640e-02   2.2206136081892069e-01
   7.1686999999999999e-04  -1.4803929766791055e+00  -2.7171757320604271e+00  -2.5895053824391256e-01   3.7669272615066890e-01   5.6456618299234462e-01
   1.9888200000000001e-03   1.9863229803806418e-01   9.9331035389703407e-02   2.2097499730121726e+00   1.2656391675674120e-01   3.4152011819220596e-01
   8.8106999999999997e-04  -2.7850518470290142e+00   6.1252915240332750e-01   8.4871445395405387e-01   3.2297680993034428e-01   5.2541342390665724e-01
   3.4844799999999999e-03   3.0371352970967025e-01   1.3340058967435227e+00   6.9867870225222062e-01   7.6766041921695991e-02   2.6701094902995831e-01
   3.4760899999999998e-03  -1.2174909753755208e+00  -8.3125523301887527e-01   6.4287612477943756e-01   8.2330403705829627e-02   2.7666138175040839e-01
   1.6960899999999999e-03   1.6619950573953074e-01  -1.1363933924204259e+00   2.0612842467264700e+00   1.4586244496816519e-01   3.6533793552428862e-01
   1.8075299999999999e-03   2.0887290081397114e+00   1.5957998288239528e-01  -8.9893784937352728e-01   1.3271899104587617e-01   3.4914683667331187e-01
   3.3003600000000000e-03   1.0228587538123837e+00  -2.4587547532576793e-02  -1.2109474598936587e+00   7.8382527357211906e-02   2.6965226941345177e-01
   2.7810800000000000e-03  -8.5721529849775957e-01  -1.4030366528969618e+00   5.9835156230779230e-01   8.4985261646394833e-02   2.8022669117340010e-01
   3.2006199999999999e-03   4.9529867931950483e-01  -1.4700241606037243e+00  -4.9010664701898765e-01   8.0229850857449922e-02   2.7273029117578518e-01
   4.0684099999999997e-03   5.6930388418278310e-01   4.1187090934442511e-01   1.0444975275775117e+00   6.5258558388335025e-02   2.4638759612572225e-01
   3.2503499999999999e-03  -4.7026297359419567e-01  -5.0225474684243610e-01   1.4062007203957438e+00   7.5764965208434260e-02   2.6520820266616713e-01
   3.4530500000000000e-03  -2.9601945166777133e-01   1.4036317557414448e+00   6.6772078231815712e-01   8.0574524650163307e-02   2.7335101835142417e-01
   2.1946900000000000e-03  -6.9664130726271289e-01   1.5989674483395699e+00   1.2069569923868706e+00   1.1932435332930481e-01   3.3118774219206565e-01
   1.1639500000000000e-03  -1.5717831789606935e+00  -2.1882497336047160e+00   7.7426619255910756e-01   2.6944530062470962e-01   4.8311871615412044e-01
   7.5686999999999998e-04   8.6071363033326709e-01   3.3705553819953427e-01   2.8683717803053139e+00   3.2192148388032710e-01   5.2185714954253248e-01
   4.4786499999999998e-03  -7.9933070115802074e-01  -6.4097009283865025e-01  -2.0799982683123550e-01   5.9088224985513187e-02   2.3456272092871411e-01
   2.0131699999999999e-03   1.8858229279827143e+00   4.3916289021114874e-01   1.1243739727652635e+00   1.3314511289859871e-01   3.4992229989841861e-01
   2.1784800000000000e-03  -1.0877657613954477e+00   1.8474344268108778e+00  -6.1707848290117204e-02   1.2191137841000300e-01   3.3490392301999761e-01
   1.1098700000000000e-03  -7.9191267112974240e-03   9.8207604453150343e-01   2.6079707041542242e+00   2.4788872913727406e-01   4.6406653034166567e-01
   3.9624999999999999e-03  -5.9051856154901605e-01  -1.0095566459456051e+00  -5.9331199450714411e-01   6.7585949623068603e-02   2.5071997737108426e-01
   1.2321400000000001e-03   1.6127987299375841e+00   2.0364243454916013e+00   9.5357223729020479e-01   2.6634232561951754e-01   4.7763942074241383e-01
   1.1250100000000001e-03   5.0213472114666691e-01  -6.8019583911312753e-01   2.6853097570222064e+00   2.7345031189273333e-01   4.8487562748103341e-01
   4.2775900000000004e-03   5.6230950090772620e-02  -1.0514838322883573e+00  -6.0240562708074652e-01   6.5233174255721241e-02   2.4644674071552244e-01
   7.4009000000000000e-04  -2.3723379587021898e-01  -2.8536093537673484e+00  -1.1322339889483484e+00   3.5699846732781004e-01   5.5072845540125059e-01
   1.2953800000000001e-03  -1.6248815018459224e+00  -9.0203288814215821e-01   1.9277613230569135e+00   2.2517968682879116e-01   4.4326551387311736e-01
   3.1929400000000000e-03   1.0695618575354044e+00  -1.0821191145950881e+00  -4.9884457693258727e-01   7.8151873984299194e-02   2.6926574898035105e-01
   4.1784099999999996e-03  -1.1062839855403515e+00   4.1592618560578387e-02   2.1512259593197980e-01   6.0408973817952613e-02   2.3695272196258113e-01
   9.1675999999999997e-04  -4.2970205686876212e-01   1.1986071002689457e-02   2.9090902781420596e+00   3.0862412761246388e-01   5.1305727447039673e-01
   1.7543800000000000e-03   7.4869185237658442e-01   7.3055405703792275e-01   2.0417108362897469e+00   1.3187726233943101e-01   3.4832098570068631e-01
   9.9550000000000007e-04  -2.7946237525354021e+00  -6.2405747693196345e-01   5.2379580175757923e-01   3.0322750375891672e-01   5.1009900076369885e-01
   2.1119600000000000e-03  -1.9137610920654320e+00  -9.5637272652584915e-01   4.1217808434623748e-01   1.2613811343910258e-01   3.4046746339024186e-01
   4.9157500000000000e-03   4.8768761244791103e-01  -8.7926611037186220e-01   2.9250243457855135e-01   6.2464005306248668e-02   2.4132810786503986e-01
   2.2649599999999999e-03  -1.6417908181433716e+00   7.6173119003658518e-01  -1.1720077019022399e+00   1.2695361654723600e-01   3.4190176526888838e-01
   9.1116999999999999e-04  -1.1296046479501385e+00   9.9934115496976006e-01   2.5335007393901554e+00   3.1198354516787291e-01   5.1561864598910456e-01
   5.2746599999999996e-03  -1.9065280669481627e-01  -7.8542526562465756e-02   1.4263699692859852e-01   4.6717357525957723e-02   2.0866829659081432e-01
   2.0494900000000002e-03  -1.9975150063581570e+00   6.7730956358958372e-01  -5.3376119667013988e-01   1.2225015528685330e-01   3.3530598461590272e-01
   4.8830799999999997e-03  -4.6465308514078457e-01   3.5309049388299890e-01  -4.5022741632487168e-01   5.1860330482013196e-02   2.1986164993707721e-01
   4.4012000000000001e-03  -6.1671242318815245e-01   9.0910403363373271e-01   3.0875713957142592e-01   6.3416918900995684e-02   2.4273058726731145e-01
   1.4097599999999999e-03  -2.9227809987631981e-01  -1.8413393176274553e-01  -2.5564023891204415e+00   1.9358038768698743e-01   4.1542242933216367e-01
   2.2132300000000001e-03   4.0435758626894075e-03   1.7156731384899573e+00   1.2364788453288285e+00   1.1927622744709926e-01   3.3097658520846401e-01
   5.1878000000000002e-03  -1.6313762703855691e-02  -3.0854484049341807e-01  -2.2171999975004608e-01   4.7340995996303627e-02   2.1003113775855345e-01
   9.9558000000000003e-04  -4.5003367070728495e-01  -2.8049672930757290e+00   2.6360174267769898e-01   2.7605531319341187e-01   4.8578444984152391e-01
   3.4029099999999999e-03  -1.4865611922127269e+00   3.2048598021000985e-01   5.1243395542393100e-01   8.1231043436146427e-02   2.7471027014444771e-01
   4.2842799999999997e-03   4.0513692919425098e-01   6.6375711520723446e-01  -6.6031039838879024e-01   5.6257164712539137e-02   2.2888755973751099e-01
   2.1449300000000002e-03   9.7201009702618957e-01  -1.2580621694737412e-01  -1.9323401383653602e+00   1.2418296253521688e-01   3.3795118182200906e-01
   1.1473500000000001e-03  -1.1875491458589751e+00  -2.1622980449393125e+00  -1.2337394102460437e+00   2.4402617288782388e-01   4.6040941621646037e-01
   7.7906000000000004e-04   1.7218218462585106e+00   2.4825601263890205e+00  -3.3609369586479615e-01   3.4262755015166735e-01   5.4052129130725390e-01
   3.0096799999999998e-03   3.7029531486183903e-01  -4.3481396845522019e-01   1.7224651237534727e+00   9.6692390816617527e-02   2.9907951100395241e-01
   9.6268000000000005e-04  -4.8003935208188825e-01  -1.0892204675452526e+00  -2.6409034745795057e+00   3.0231126458085189e-01   5.0595914640147310e-01
   4.1978400000000004e-03   9.1790758713757548e-01   3.6665458388387151e-01   6.4675237090063387e-01   6.3359670250502209e-02   2.4249530398376154e-01
   1.0438600000000000e-03   1.3924710890521790e+00  -2.4782718050070032e+00   1.6951300816586071e-01   2.7965617410585913e-01   4.8945542360255379e-01
   1.9057200000000001e-03   3.4587649822723554e-01   1.4191535009915746e+00   1.7575600793498078e+00   1.3759869574815728e-01   3.5551212839582202e-01
   2.2419699999999998e-03  -1.2266833886499155e-01  -2.0217987402206981e+00   7.4657785088833384e-01   1.2624881740549854e-01   3.4095123275210776e-01
   2.0078499999999998e-03   2.1225879289241174e+00   5.8517239154235035e-01   1.3287336215787132e-01   1.2850555166237027e-01   3.4328164105602421e-01
   3.0688600000000001e-03   1.4353845219649453e+00   6.0193321010313416e-01   6.6559553733053467e-01   8.4607072644412570e-02   2.8002246521721041e-01
   3.8058900000000001e-03   1.2796280239743471e-01  -1.3190742855321911e+00  -4.7052067889026099e-02   6.6317805869771970e-02   2.4823090906254780e-01
   4.6103400000000001e-03   6.9672785785112393e-02  -8.0605118239229412e-01  -1.0341180753402193e-01   5.1882610527352067e-02   2.1991796465220284e-01
   5.1447999999999997e-03  -3.9589509196144806e-01  -5.7287524937083634e-01   8.3479401630319236e-02   5.2863498067386730e-02   2.2196266422737548e-01
   3.2944599999999999e-03   8.5988825795045543e-01  -1.5491739199218249e-01   1.3196432689797042e+00   7.8298430269101035e-02   2.6951969864921110e-01
   2.1459399999999998e-03   1.4711652939653252e+00   3.5047113063085183e-01  -1.5809431501490634e+00   1.2943507950663463e-01   3.4508370542152600e-01
   9.1443000000000004e-04  -7.4243622128725506e-01  -9.8989007719571342e-01   2.6791906023427376e+00   3.1422839043079048e-01   5.1729109017102293e-01
   4.4127599999999999e-03  -1.9026183385360337e-01  -6.7434672271572904e-01   8.5039871896804853e-01   6.1222732216610586e-02   2.3870209731281403e-01
   9.6856999999999998e-04   2.0673391461012752e-01   7.2712499821597665e-01  -2.8096593556881979e+00   2.9648037601283228e-01   5.0417566141546810e-01
   7.2495999999999997e-04  -1.3174402935272382e+00   2.7447152808081778e+00   4.1926749636977140e-01   3.5112469077745584e-01   5.4577076965594951e-01
   4.2130199999999996e-03  -5.5957995697263962e-01  -8.8173846471520123e-01   4.9934292486731413e-01   6.1911489707380959e-02   2.4000862184422825e-01
   9.6832999999999999e-04   1.1975828636802346e+00   2.2296541361601747e+00  -1.4047909607942117e+00   2.8702168790065885e-01   4.9620741235123794e-01
   3.5703300000000000e-03   8.1378928752969260e-02   1.5541032610552616e+00   1.4879816969660459e-01   8.0173335746884539e-02   2.7298623969222918e-01
   1.2989500000000001e-03   4.5080963550831082e-01  -2.0516619086897183e+00  -1.6073397457716210e+00   2.0863670848035945e-01   4.2864540668067819e-01
   8.4037000000000001e-04  -2.2881160782197951e+00  -6.7284513280466018e-01  -1.7886800620965748e+00   3.1545996371768015e-01   5.1891068717172240e-01
   2.8036699999999999e-03  -9.2177526289696399e-01   1.4055254377282014e+00   5.6380264696240645e-01   8.7349625747220883e-02   2.8435306468859511e-01
   2.1403300000000002e-03  -2.1400339821922545e+00   2.7600324814494887e-01   1.2243739805727175e-01   1.2436639188344870e-01   3.3783151549405588e-01
   3.1490699999999999e-03   1.1406988085827401e+00   4.0013288837376054e-01   1.2910334423771053e+00   9.4185896892887519e-02   2.9512454917574843e-01
   2.8509999999999998e-03  -1.1303827424695247e+00  -1.1881312126100023e+00  -3.4967445124748758e-01   7.8872955437370926e-02   2.7038273459301615e-01
   8.4838999999999997e-04   2.4632843221274823e+00   8.7425151575128788e-03   1.6825557982934782e+00   3.1869363116595550e-01   5.2096918767807876e-01
   3.2456000000000000e-03  -8.4495193384373435e-01   1.2755887185189387e+00  -4.6012221157977951e-01   7.8165210955412096e-02   2.6943579293612013e-01
   3.7049100000000001e-03   1.4213209559011160e+00   2.4786095083212673e-01   2.1100665118172046e-01   7.4282817632532139e-02   2.6263441532777582e-01
   4.3728600000000001e-03  -8.2889497098578024e-01   4.4116472054568417e-01   5.1347210250801378e-01   5.9427646348020134e-02   2.3511313822492183e-01
   4.3821499999999996e-03  -7.9871664344093696e-01   4.7354076460639771e-02  -7.7020972372161933e-01   6.1365518024356837e-02   2.3889831465054839e-01
   2.8298500000000001e-03  -1.0496592222848757e+00   1.1172971592182763e+00  -1.0536427684277772e+00   9.6807294535231889e-02   2.9960049513238574e-01
   2.2520600000000002e-03   2.0134290667944041e+00   3.2961460611990859e-02   5.1888128480143270e-01   1.1438024803060308e-01   3.2400762833073066e-01
   1.9285299999999999e-03  -3.2021266840953472e-01  -1.8390385043511299e+00  -1.2062386002072147e+00   1.2478540085657941e-01   3.3913646805492026e-01
   8.6094999999999997e-04  -2.9127242527592784e-01   1.9992743784384899e+00   2.1956014642038091e+00   3.1994171183324960e-01   5.2253575455689105e-01
   1.0277200000000000e-03  -4.7786591830240993e-01   2.5170074598159591e+00   1.2583286807315996e+00   2.7151135904103024e-01   4.8420014321133303e-01
   4.5623900000000004e-03   7.4496876888304064e-01   7.9055191074923137e-01  -2.5106794676122085e-01   6.2655107022091303e-02   2.4159268172309520e-01
   2.7477199999999999e-03   1.1219982244294147e+00   8.1135181684958546e-01  -1.2326502892001008e+00   9.5869044830798236e-02   2.9776186294433643e-01
   4.0612699999999996e-03   6.1711863259859912e-01  -3.7982422399378601e-01  -9.3788071548149288e-01   6.1619559347767160e-02   2.3948198524425521e-01
   9.3305000000000005e-04  -1.9159987740781468e+00   6.6060401112532485e-01  -2.1564275160126916e+00   3.2114777495653157e-01   5.2409181458606402e-01
   1.9950300000000001e-03  -7.9562515653048371e-01  -1.3219508089269725e+00  -1.5764698346923820e+00   1.2539179105231477e-01   3.3957719755532573e-01
   2.1965299999999999e-03   3.3327486568106429e-01   1.7416203460268334e-01  -2.1028570108547640e+00   1.2097379263105483e-01   3.3373960878880399e-01
   7.5248000000000003e-04  -8.8599664829543490e-01   2.5775884294371822e+00  -1.4604046921759890e+00   3.7742653519988295e-01   5.6447745281747397e-01
   5.3439899999999999e-03   7.8962063599175972e-02  -1.5490996741197113e-01   6.0375675769185133e-01   5.3138973810297203e-02   2.2229500662436302e-01
   3.9311299999999997e-03  -1.0784883921572896e+00   5.7790254037156841e-01   8.9440359001487849e-02   6.2490572161643713e-02   2.4110210016536476e-01
   3.0374099999999999e-03   6.6537005504333802e-01   3.2111166144928383e-01  -1.4922365983831107e+00   8.1362236502865809e-02   2.7471844961218084e-01
   4.9711800000000004e-03   5.3812200090403539e-01  -2.8507457767966921e-01   3.3342360625683148e-01   5.1519855779358047e-02   2.1908742667269673e-01
   2.6552300000000002e-03   5.2867080684413960e-02   7.1235004953671299e-01   1.7677739965819392e+00   9.8964152225192517e-02   3.0270860177246067e-01
   4.5021000000000002e-03   3.0278197736728862e-01   7.0921392557571616e-01   6.5789478468040807e-01   5.9069592914219218e-02   2.3419678563119442e-01
   1.8457500000000000e-03  -5.4540945903870464e-01   1.1774515718344241e+00   1.8838014744574270e+00   1.3534686476870966e-01   3.5275973072349903e-01
   9.6385999999999998e-04   1.5302020240750158e+00  -2.1420901055036423e+00   1.2836516738308350e+00   3.0716980445242298e-01   5.1280678067308549e-01
   3.6614500000000001e-03   1.6918641944640725e-01   1.1345226138332449e+00  -7.2419933885794741e-01   6.7064055977689038e-02   2.4953614945606203e-01
   4.4862699999999997e-03   2.5518192651326299e-01   1.0072538286554036e+00  -1.8392921235528320e-01   5.9491135957619054e-02   2.3534682350097502e-01
   7.2508000000000002e-04  -9.7737244798045486e-01   4.8621179720017643e-01  -2.8467023325027934e+00   3.3477406019375450e-01   5.3134890307979921e-01
   3.3243999999999999e-03   1.0290772093124780e+00  -1.0939095356584525e+00   1.0587340540143828e-01   7.2920391784771652e-02   2.5996271609873955e-01
   4.2962800000000004e-03  -3.7376809962570351e-01  -1.0692474726840802e+00  -1.0165990705339281e-01   6.1659076353909159e-02   2.3951002912731556e-01
   2.0144600000000000e-03   1.7722292725795348e+00   8.3410640202883202e-01  -1.0022978788005585e+00   1.2555603026058146e-01   3.3986000706522296e-01
   9.4894000000000000e-04  -2.7442180978170723e+00  -8.0773499585047981e-01  -6.2862503581123919e-01   3.0295200290415442e-01   5.0936919724741003e-01
   8.5033000000000005e-04  -7.6686026364416882e-01   1.5744920938634213e+00  -2.4675690863302715e+00   3.4976652788127427e-01   5.4680081514674317e-01
   1.2290500000000000e-03   1.2332539800440736e+00   1.5373833576588822e+00   1.6934323982454174e+00   1.8243181002181416e-01   4.0379103965392460e-01
   4.3862299999999996e-03   9.4307329678436180e-01  -5.7219127052741381e-01   6.6858880447879215e-02   6.0966402596263257e-02   2.3819026624442174e-01
   3.4178199999999998e-03  -1.2694874165465646e+00   7.7140590910888995e-01  -4.6173413257246010e-01   7.7919762710597668e-02   2.6887987636895205e-01
   4.6325600000000000e-03  -2.9596032050222304e-01  -6.1710135402366284e-01  -4.1311084193394065e-01   5.1961670009895655e-02   2.2003830256252818e-01
   4.1114000000000003e-03  -2.5266676592969295e-01   1.1612444647160147e+00  -2.6418574949511908e-01   6.3870618948322425e-02   2.4370456845211758e-01
   8.1897000000000003e-04   2.6966906934408148e+00  -3.1643675393799175e-01  -1.2312167751989440e+00   3.2300241724253625e-01   5.2219636741961861e-01
   1.8789600000000000e-03   5.6608511060502087e-01  -2.0896851621998898e+00   4.2914585423599311e-01   1.2330769215369308e-01   3.3605807289210843e-01
   3.1348999999999999e-03  -1.1063640795153302e+00   1.1491407476283830e+00   1.6028109013164125e-02   7.6280796994646141e-02   2.6607182564101323e-01
   3.4212900000000000e-03  -1.3847082781201923e+00   2.4349227539767651e-01  -7.2301077670550085e-01   8.0031485211672582e-02   2.7240243392320118e-01
   1.7695600000000001e-03  -1.9989447416110973e+00   8.7460600986292791e-01   6.3532909360640122e-01   1.2985665970788793e-01   3.4498189302660809e-01
   1.5965199999999999e-03   1.8398885837462813e+00  -1.2055992948089023e+00   8.7038525092572039e-01   1.4029683417933358e-01   3.5860416343838325e-01
   1.2524299999999999e-03   1.5415660322822340e+00   1.2876161039239007e+00  -1.7794105772109143e+00   2.1990546425482774e-01   4.3886747064529419e-01
   3.7238599999999998e-03  -8.6746705768386678e-01   6.0336541206247185e-01  -7.5648095711513907e-01   6.5102338189430953e-02   2.4561436899443162e-01
   2.1161800000000001e-03   7.4070983652981870e-01   1.4048234239458413e+00  -1.4695908309568924e+00   1.2272535370136554e-01   3.3621041315729683e-01
   4.2633500000000000e-03  -4.0220670276142567e-01   3.4818396087869302e-01  -9.3892721974108750e-01   5.9258613020109235e-02   2.3457832216182825e-01
   3.3895599999999998e-03  -1.3613682554539606e+00  -7.4635679044160619e-01   2.5935015188514507e-03   7.6897969592951032e-02   2.6709679837129924e-01
   5.3961399999999998e-03  -5.3419318869841192e-01  -1.4145714492502515e-01  -2.8209293122895363e-01   5.2663164602135236e-02   2.2156487123330179e-01
   3.1353399999999999e-03   4.6093913125293273e-01   2.6001550569452175e-01   1.5697121314167453e+00   8.1831201128027511e-02   2.7553344757550779e-01
   4.9673699999999996e-03   2.5636317199092246e-01   4.7888861068267757e-01  -1.7820087171812879e-01   4.9255011245243688e-02   2.1406581967016641e-01
   3.1156299999999999e-03   6.5735447884406406e-01  -1.4739686714925972e+00   1.2955283596270992e-01   7.9358376520508103e-02   2.7099825361417140e-01
   1.4075800000000001e-03  -1.2127447904927851e+00   1.9818719193640579e+00   8.0386376993579156e-01   1.5114759852511442e-01   3.7125936673806348e-01
   3.9464799999999996e-03   5.9164596674315195e-01   1.1510526934219802e+00   2.4977694529392619e-01   6.7821706734340542e-02   2.5113647413684165e-01
   2.9158500000000002e-03   1.4616072250689573e+00   8.5474368008268231e-01   6.5878467831902279e-02   8.1908632916375582e-02   2.7543271273545222e-01
   8.5640000000000000e-04   1.0491611721238214e+00  -2.6097454066275119e+00  -9.4675789985725911e-01   3.1054974873874447e-01   5.1326352833068778e-01
   3.2846099999999999e-03   3.0235202246898552e-01   9.9882070379416488e-01   1.1744609415151730e+00   7.7356559715908366e-02   2.6767030118307938e-01
   3.8516399999999999e-03  -1.6261278098477921e-01   8.7006035948843519e-01   8.1662887265369477e-01   6.1209923279557391e-02   2.3839426111010148e-01
   1.9448099999999999e-03   2.1529409248576833e-01  -2.0685806924119672e+00  -7.3378297551166038e-01   1.2366337122065962e-01   3.3727404864513261e-01
   3.0419800000000001e-03   1.0857213611893362e+00   1.2650424601270935e+00  -1.4922213982583585e-01   8.2499466767370550e-02   2.7638218368739870e-01
   0.0000000000000000e+00   0.0000000000000000e+00   0.0000000000000000e+00   0.0000000000000000e+00   9.9176614249057063e-02   2.8992720754886814e-01
