   1.6959000000000000e-03  -2.0443148124695449e+00   4.1856077020480176e-01   1.5530305224586786e-02   1.1694687827153047e-01
   2.7125399999999998e-03  -7.7918500740884211e-01   1.3904069561149326e+00   1.0023661188126955e-02   9.3997516294623454e-02
   2.7311900000000001e-03  -1.5332351797065256e+00   4.9243056296672061e-01   1.0232578173432448e-02   9.5098473976729117e-02
   8.0590000000000002e-04  -9.2340685292357227e-01  -2.5632705003510803e+00   3.5328899046627997e-02   1.7515637496934319e-01
   3.2582399999999999e-03   9.0405863666359798e-01  -8.0728818036439243e-01   6.9942307269335886e-03   7.8607106206385349e-02
   2.2216000000000000e-04   1.6804559733982729e+00   3.1375156146648044e+00   1.5867748772399443e-01   3.5271076392790673e-01
   9.9128999999999992e-04   7.0974507109414486e-01   2.4682638973583853e+00   2.7935121940612179e-02   1.5639859022014974e-01
   2.1024999999999999e-04   3.5104416650484072e+00   2.9082384352090741e-02   1.3865548219738749e-01   3.2410999213136954e-01
   2.6843599999999998e-03   3.2640776549754308e-01  -1.5749503554034272e+00   1.0049346323010780e-02   9.4208792784951922e-02
   1.5550900000000001e-03  -2.1897713630159488e+00   1.3211985950017222e-01   1.7792823917661911e-02   1.2521113498895609e-01
   3.9045600000000001e-03   3.8686723348286639e-01   1.0483813690310455e+00   7.3825751140971880e-03   8.0881743923017238e-02
   2.0864400000000002e-03   1.9316514631649750e+00  -2.0244550837736125e-01   1.4039660023901753e-02   1.1136420385333304e-01
   3.3944999999999998e-04   3.2233600784030765e+00   8.2044834348888085e-01   1.1069884668701589e-01   2.9309621821458509e-01
   3.8445300000000001e-03   1.1020292202039184e+00  -6.9583086833770180e-01   9.1530549970595780e-03   8.9955318536074386e-02
   5.1763000000000004e-04   9.9261408196827594e-01  -2.8358555303894684e+00   5.1711511020662029e-02   2.1056335833399956e-01
   3.7087299999999999e-03   1.2296369473768518e+00  -4.5907228907904177e-02   8.0270304617323044e-03   8.4306051825106157e-02
   1.7538300000000001e-03   1.8275680554724307e+00  -1.0833122313133519e+00   1.7226354457034538e-02   1.2323128452259062e-01
   1.9808099999999999e-03   1.5923966382697432e+00   1.2814540124490981e+00   1.6323006707467693e-02   1.2008386395272115e-01
   1.7975500000000000e-03  -1.0030564205165180e+00   1.8787098759575402e+00   1.7710020141205551e-02   1.2510606376225192e-01
   2.3322000000000000e-03  -1.7667126801414936e+00  -2.1690990220272335e-01   1.1670122751689832e-02   1.0151663499668206e-01
   5.6807600000000000e-03   6.9353977888300153e-02   1.7356751979664622e-01   5.8770053001370058e-03   7.2149267430586250e-02
   1.9934900000000001e-03  -1.1293494467441665e+00  -1.4843610375990608e+00   1.1633567515216148e-02   1.0132815983234471e-01
   2.8492800000000000e-03   8.4700932711341034e-02  -1.5141795122023580e+00   9.2475151427608062e-03   9.0330166061636907e-02
   3.1625700000000000e-03  -5.0397443454826318e-01   1.4642901369831247e+00   1.0671082596759321e-02   9.7186873566997664e-02
   2.2792000000000000e-04  -2.0907829793882380e+00  -2.8137283293102229e+00   1.3996893976274297e-01   3.2794473387165379e-01
   1.7231099999999999e-03  -1.2925232345487967e+00   1.6626727852259318e+00   1.6177883360515861e-02   1.1945138829386659e-01
   1.8343400000000001e-03   1.8661192133429718e+00   1.0541220577109254e+00   1.8700546334918498e-02   1.2842719734324640e-01
   3.7943299999999998e-03   1.7145621201218084e-01   1.1530735075906258e+00   7.5759993660377296e-03   8.1934988279452767e-02
   1.8332999999999999e-04  -3.5724949757144011e+00   4.3237692123435800e-01   1.6269019485217956e-01   3.5173926653481752e-01
   6.8313000000000000e-04  -2.1660405780776548e+00  -1.7556347602282474e+00   3.4826692206643917e-02   1.7444513928629804e-01
   1.9028500000000000e-03  -8.0794768307328002e-01  -1.8874920042563366e+00   1.5981735834686320e-02   1.1880929810404287e-01
   4.1284700000000004e-03  -8.8686878289420790e-01   4.9340100819873361e-01   7.0688719412836292e-03   7.9061497300244629e-02
   1.9925400000000001e-03  -4.8037759402519586e-01  -1.9300158270159362e+00   1.4684222593830955e-02   1.1393384714851726e-01
   5.0628299999999999e-03  -2.6193748774033754e-01   3.3027113865858465e-01   5.5984994696665433e-03   7.0421885936592155e-02
   2.4910000000000002e-03  -1.6124086768751089e+00  -7.7342333648260231e-01   1.2547155041839737e-02   1.0540184250755219e-01
   1.4647900000000001e-03   1.2886444599897591e+00   1.6902134385802479e+00   1.4751320378134427e-02   1.1374476868369088e-01
   2.9953300000000000e-03   1.2499923557276813e+00   8.6037739046747730e-01   9.6069538553026357e-03   9.2226864768640560e-02
   1.3192700000000000e-03   2.2238179261907729e+00   8.5584898846194013e-01   2.3392079780792517e-02   1.4334410750554616e-01
   2.1868500000000002e-03   1.4726238869601322e+00  -1.1485848191105319e+00   1.2893708067603692e-02   1.0658628550636493e-01
   5.2939199999999997e-03  -4.8899929575157694e-02  -2.0357632550788343e-03   5.3982075262827773e-03   6.9106285110428017e-02
   6.3000000000000003e-04   2.7455471090126462e+00  -9.5010408645318511e-01   4.6354643915122264e-02   2.0006654119779463e-01
   2.7350299999999998e-03   1.4411213331384305e+00   6.9652084678470150e-01   1.0000546065769545e-02   9.4071912812456707e-02
   4.4668099999999999e-03   6.0873842699023872e-01  -6.0393184150095613e-01   6.5515574213009815e-03   7.6170003100069245e-02
   1.5264899999999999e-03   2.1868882790677660e+00   4.5301064175906475e-01   1.9141502813191311e-02   1.2983091374080680e-01
   3.4604599999999998e-03   7.8805494760059946e-01  -1.0021142478290805e+00   7.9140313199804035e-03   8.3714656085011857e-02
   3.1062700000000000e-03   5.0392008905774743e-01  -1.3863886412234403e+00   9.3718346360126183e-03   9.1092373237707205e-02
   4.5961500000000002e-03   5.9223874279258282e-01   3.2188396122391749e-01   5.9099308386830161e-03   7.2277894569574536e-02
   1.1901600000000000e-03  -1.7459023876053728e+00  -1.6921372529242913e+00   2.3797469578976570e-02   1.4461640978950105e-01
   7.1942000000000002e-04  -2.7113417661642827e+00  -9.3239904831466014e-01   4.6130362417223583e-02   2.0003261379967779e-01
   2.8492999999999999e-03   1.4805503252346492e+00  -4.3800498932406484e-01   9.6265541807604871e-03   9.2208803885674831e-02
   5.1282799999999998e-03  -2.4956489581932997e-01  -1.4504912001399056e-02   5.3535030798505063e-03   6.8886659040210144e-02
   2.3656999999999999e-04   3.0789596898864784e+00   1.6991107240025325e+00   1.4629582905242350e-01   3.3660223239927717e-01
   1.5703099999999999e-03   1.6769507846444180e+00  -1.3920985394105791e+00   1.7379076140898075e-02   1.2378964710937847e-01
   2.0417500000000002e-03  -1.7729933173817434e+00   3.6638576619142316e-01   1.0783385060928217e-02   9.7528453555707981e-02
   3.0866100000000000e-03  -7.4305048394196083e-01  -1.1608556905365344e+00   8.2339353986387309e-03   8.5201830238069307e-02
   3.0879000000000002e-03  -9.8099460441762898e-01  -1.2636905536624605e+00   1.1386228195794969e-02   1.0025625785883127e-01
   9.9227999999999990e-04  -2.0413175966745012e+00   1.5575988640830969e+00   2.7837967871992702e-02   1.5636035456738967e-01
   4.1104000000000002e-03  -3.7397605048503418e-01   9.4897314178918135e-01   7.0210340009567544e-03   7.8860640711332156e-02
   4.8512900000000003e-03  -4.0568290704128485e-01  -3.9348397349510644e-01   5.7495931408074411e-03   7.1400338606827818e-02
   2.9437000000000002e-04  -2.6165153936907930e+00  -2.1270555454352098e+00   1.1472567333657693e-01   2.9735846759561385e-01
   6.1499000000000005e-04   1.8429161034693387e+00  -2.2988034117112655e+00   5.0203291101657159e-02   2.0837021465551808e-01
   4.9201499999999999e-03   2.4032419100313593e-01   5.0981568500588059e-01   5.8196677844416407e-03   7.1833848693335103e-02
   1.9710900000000000e-03   2.2849543895539320e-01   1.9838421063202447e+00   1.4760064126406611e-02   1.1421067328304013e-01
   2.4981999999999999e-04  -6.7120508820478886e-01   3.4241700142323981e+00   1.3965866041825070e-01   3.2996634427379173e-01
   1.6997799999999999e-03   2.0941863108474386e+00  -5.2316725282457166e-01   1.8132280002529366e-02   1.2629433680492866e-01
   7.5310999999999998e-04  -4.9031940803947111e-01   2.7285323984129755e+00   3.7267715115758819e-02   1.7990846328126467e-01
   4.4732000000000002e-04  -6.4729730917565975e-01  -2.9730877258362605e+00   5.0590696892809747e-02   2.0833290091958440e-01
   6.9828000000000002e-04  -1.4332427063858495e+00  -2.4901708387743651e+00   4.5496838458576917e-02   1.9883318194833202e-01
   4.7919900000000003e-03  -1.4711750189730757e-01   6.7079307969744772e-01   6.1429547049629595e-03   7.3768669853270602e-02
   3.3429800000000002e-03   6.5687949604119622e-01  -1.1944995091934820e+00   8.6312913395027464e-03   8.7424442127808671e-02
   5.5685000000000001e-04  -3.8662748503982498e-02  -2.9793205829353728e+00   5.0281931745021990e-02   2.0864728994656856e-01
   7.0377000000000005e-04  -2.4801833097068640e+00  -1.3938550929123019e+00   4.2565010000212594e-02   1.9207811595412300e-01
   3.7486300000000002e-03  -9.2383613327132852e-01  -2.4399813029739778e-01   6.0671532329847179e-03   7.3217796310500169e-02
   3.5471299999999999e-03  -4.0832472463536429e-01   1.1865084639204784e+00   8.0377224197871119e-03   8.4143659494289272e-02
   1.3658300000000000e-03  -1.6502795407809618e+00   1.6441708514649429e+00   2.1253627006799048e-02   1.3692237111926592e-01
   6.5147999999999996e-04  -1.8937210192347380e+00  -2.1826281963320358e+00   4.4727861352807277e-02   1.9727960981750800e-01
   4.9415099999999997e-03   5.1044108324506038e-02   5.9334609856159626e-01   5.9795234062065671e-03   7.2822539135289563e-02
   3.6258400000000000e-03   1.0145095700978513e+00   7.5354019293552899e-01   8.1702546378890715e-03   8.5093990420600549e-02
   5.0729399999999997e-03  -1.5546710746218972e-01   1.4800832047993262e-01   5.3458103815815792e-03   6.8708116567231595e-02
   4.8203100000000004e-03   2.3301946479083632e-01  -2.4165563140603832e-01   5.2619451239546604e-03   6.8110708129738809e-02
   1.3378299999999999e-03   2.8919493894643467e-01   2.3346571059386907e+00   2.1965680012944931e-02   1.3907331325928038e-01
   2.5193999999999998e-04   6.3324535711876473e-01  -3.4151389803414505e+00   1.4096506401632672e-01   3.2938056937259463e-01
   1.8540700000000000e-03  -1.7977300812507517e+00  -1.0388646363805631e+00   1.6299944121390613e-02   1.2005220612399638e-01
   3.9391799999999996e-03   6.8133008256546468e-01  -7.9691904573242756e-01   6.9052232891010177e-03   7.8209852787609405e-02
   2.9597600000000001e-03   1.3549560440835364e+00  -6.8032275477074722e-01   9.5814895365342427e-03   9.2060402960733811e-02
   2.5294000000000000e-04   1.6910291644349555e+00  -3.0686022419411425e+00   1.4570486703267416e-01   3.3845893824343037e-01
   3.6840699999999998e-03  -2.5715608981660515e-01  -1.2212720614129808e+00   8.1825256365601132e-03   8.5083120993831363e-02
   3.6972699999999999e-03  -5.7855371957802115e-01   1.0113460279010584e+00   7.4046442605364251e-03   8.0990928133554130e-02
   6.6275999999999998e-04  -1.5242129427255142e+00   2.4580041420776113e+00   4.5604646690003234e-02   1.9927513345091391e-01
   2.7480000000000001e-04   2.4590656728792717e+00   2.4286976283266966e+00   1.3550492803997510e-01   3.2579878127246653e-01
   3.2485999999999999e-03  -8.0317315680809331e-01   1.0973689326375173e+00   8.4058937575148592e-03   8.6197064969992854e-02
   5.0305500000000000e-03   7.9892367069204107e-02   3.9286304195237437e-01   5.5708399894175168e-03   7.0185460592783522e-02
   4.2681500000000001e-03  -5.4745942571399775e-01   7.9274347060707617e-01   6.8636805409217757e-03   7.8008187959552472e-02
   3.2882599999999999e-03   8.2195892865306774e-01   1.0940492392708514e+00   8.5910160592655004e-03   8.7180180970972826e-02
   3.9639799999999998e-03   1.0933538272371808e+00   1.3375563748565189e-01   7.3675625623420404e-03   8.0776798431534791e-02
   4.1419100000000004e-03  -5.5685558150693803e-03   1.0192458380596845e+00   7.0363425646287649e-03   7.8964086148599441e-02
   4.6122899999999998e-03   7.7413047669873125e-01  -8.3720283790858233e-02   6.3481918365488801e-03   7.4943603359184666e-02
   3.0501700000000001e-03  -1.8426006902887726e-01  -1.4435581617824969e+00   8.9575637005376626e-03   8.9007476928970292e-02
   9.3294000000000005e-04   2.5901455366185511e+00   6.2819404292899372e-01   3.4241275202917441e-02   1.7283924279663573e-01
   3.4300200000000002e-03  -2.5437426574735750e-01   1.3679643386425033e+00   9.2000708561454075e-03   9.0248433828975516e-02
   1.0401700000000000e-03  -5.9396129732628269e-02   2.5467822267770455e+00   2.7299609809432173e-02   1.5527144358644107e-01
   1.1109600000000000e-03  -1.0824175644469380e+00   2.2356317913090900e+00   2.5715040700687471e-02   1.4991358537402624e-01
   3.9074200000000000e-03   8.3818554811727497e-01  -6.2183326239143266e-01   7.0025943524310522e-03   7.8532260494089720e-02
   1.9713299999999999e-03   1.6908991211537492e+00   8.0158866655604877e-01   1.1701496099602955e-02   1.0155789866363690e-01
   4.1910200000000002e-03   6.0295200867404708e-01   7.3768147571831777e-01   6.6951839069230726e-03   7.7005212465858397e-02
   4.8423700000000004e-03   3.0578936186151207e-01  -8.4480702729118062e-02   5.2814766733777357e-03   6.8206352830220474e-02
   2.4890799999999999e-03   1.6502263374831556e+00   5.1478156910812278e-01   1.1300381585434380e-02   1.0000278786774384e-01
   5.3093000000000003e-03  -4.7976544776037015e-02  -5.2201031921543450e-01   6.2003035289395743e-03   7.4063468631901885e-02
   3.7284400000000000e-03  -4.8161263233897744e-01  -9.5143817553021126e-01   6.7499893103241419e-03   7.7208724215754351e-02
   3.6522899999999999e-03  -3.6004996374989606e-02   1.2647382939368588e+00   8.2363455212288821e-03   8.5409336437444736e-02
   6.2872000000000004e-04  -2.8632646492785843e+00   5.0720883491953772e-01   4.5367781554847476e-02   1.9905930771100019e-01
   3.7006000000000001e-03  -1.3032761524533811e+00   3.4831521263297727e-01   9.3244844355103943e-03   9.0864181917145057e-02
   3.1238600000000000e-03   1.3944138788101443e+00   4.3384326296444831e-01   9.1920117951312091e-03   9.0235997691857112e-02
   6.7049000000000004e-04   2.3647455806856343e+00   1.6975832320464959e+00   4.9813678085891759e-02   2.0748232892253068e-01
   1.1997300000000000e-03  -1.4544745739807525e+00  -1.9858623881789250e+00   2.5839816541764142e-02   1.5072065594420664e-01
   2.1013999999999998e-03  -5.0750298450022735e-01   1.7403350936114810e+00   1.1225072685109659e-02   9.9406065367220534e-02
   5.0040600000000003e-03  -2.1314529207116570e-01  -3.7479220658991269e-01   5.6269535066626750e-03   7.0506816416773796e-02
   2.9147200000000000e-03   1.2825870300615605e+00  -9.1594961115406381e-01   1.0360075350078338e-02   9.5707457170657220e-02
   1.6149199999999999e-03   5.6161649105028444e-01   2.1078804046568531e+00   1.7771414439111771e-02   1.2521687925853756e-01
   4.0469599999999996e-03  -2.8669391014216167e-01  -1.0037579762460980e+00   7.1962581568778081e-03   7.9670531742012621e-02
   3.6434900000000001e-03   4.0915332945817900e-01  -1.1602182635513731e+00   7.8767299019638689e-03   8.3522169080958539e-02
   4.8634000000000004e-03  -3.4849025606398887e-01  -7.7367758953701915e-01   7.0574545622953721e-03   7.9076714222923505e-02
   4.9760999999999998e-03  -3.1296377387387325e-01   5.2081521200000913e-01   6.0773014165028125e-03   7.3369537264736176e-02
   6.0853999999999997e-04   2.9056684706015501e+00   2.4432728671150028e-01   4.4927897613107025e-02   1.9784829987264094e-01
   4.7823199999999996e-03   3.8933090050312891e-01  -5.9304235004823813e-01   6.2400708219990230e-03   7.4361573491458874e-02
   3.8728999999999999e-03   9.8736125335879588e-01   5.1988558584704758e-01   7.2957224684727642e-03   8.0416031906533056e-02
   4.6279199999999998e-03   4.1381663718621092e-01   6.2324686303983567e-01   6.1774073078554349e-03   7.4015924386128862e-02
   7.9118999999999999e-04  -2.7087357836124766e+00  -4.2011096509613016e-01   3.5866348047146973e-02   1.7678171134948947e-01
   3.0163799999999999e-03   9.2050355186474919e-01  -1.2091064136897891e+00   9.6904414914953160e-03   9.2646981476977766e-02
   2.0226799999999998e-03  -1.8077504916047666e+00   6.4204473215131619e-01   1.3072625604106278e-02   1.0746887468846152e-01
   3.0614599999999998e-03  -1.3273385354204066e+00  -8.0266813186640917e-01   1.0353910787776760e-02   9.5763067498964516e-02
   3.0155999999999998e-03  -1.1765730417810736e+00  -1.0415656389460630e+00   1.0572306490534254e-02   9.6645906166098167e-02
   1.7930999999999999e-04  -3.0376655546704519e+00   1.9858534783935020e+00   1.6217738765538961e-01   3.5516041118523384e-01
   4.9641499999999996e-03   4.3739804684490075e-01   2.1281522887230747e-01   5.6935601135583019e-03   7.0955081021083943e-02
   1.8800300000000000e-03  -1.4672215623059401e+00   1.3537581719432801e+00   1.4245643226580373e-02   1.1209275920861414e-01
   2.3301300000000001e-03   6.1682775797738942e-01  -1.6353443006660502e+00   1.1251832596617705e-02   9.9391831652264215e-02
   4.5970600000000000e-03   2.2523981515680476e-02   8.0074621274031732e-01   6.3915447386727340e-03   7.5277505764358960e-02
   4.8657000000000003e-04  -2.3249762676898973e+00   1.9366723958803924e+00   5.1787745191438306e-02   2.1108293955952032e-01
   3.5530499999999999e-03   1.2280599158181511e+00  -4.6934101977698717e-01   8.5679137095822696e-03   8.7113194526602752e-02
   8.7588000000000000e-04   1.9017805120917337e+00   1.9282056276302495e+00   3.7013144358565668e-02   1.7905121335476279e-01
   1.4727500000000001e-03  -2.8349774893271296e-01  -2.2223932363894967e+00   1.8703742841925046e-02   1.2836895615771843e-01
   4.6243899999999999e-03  -3.4699099250836046e-01   7.2984563740642494e-01   6.5019555790320248e-03   7.5914616859444062e-02
   3.7927700000000000e-03  -1.0579257823365131e+00  -3.8999679740916865e-01   7.4110377753984959e-03   8.0849375382566133e-02
   3.9713099999999996e-03  -6.7671020618906633e-02  -1.0771593307703986e+00   7.1963311051878639e-03   7.9841815907256752e-02
   1.8011000000000001e-04   3.4623206997899265e+00  -9.2187319560715009e-01   1.4771472531156796e-01   3.3706506977657447e-01
   3.1321700000000001e-03   1.4807661265231855e+00  -2.4724566219040305e-03   9.4934837040613045e-03   9.1711331994881892e-02
   4.2847299999999996e-03   1.9800999792905810e-01   9.2757350315287712e-01   6.7871681562677779e-03   7.7550568651371818e-02
   2.7425800000000001e-03  -9.9167279716673662e-01   1.2358057236110205e+00   9.9117614143957641e-03   9.3562385418488783e-02
   2.5326300000000001e-03   1.7582320739214232e+00   4.3571914452107015e-02   1.2124042050257989e-02   1.0356865686356841e-01
   3.6906500000000002e-03  -1.1727553794036654e+00   1.0157485138695342e-01   7.6689900629612687e-03   8.2184460148316513e-02
   1.1534799999999999e-03   2.0462020695607608e+00  -1.3776623655119409e+00   2.5511562875935041e-02   1.4940235587517775e-01
   1.1327900000000001e-03   8.2543328218569867e-01  -2.3733147836095245e+00   2.7447427008865398e-02   1.5512161706028701e-01
   3.2915399999999999e-03   3.6609825865770573e-01   1.2754446281156333e+00   8.0572158976079302e-03   8.4452187532752535e-02
   1.8459500000000001e-03   2.0721785734232929e+00   1.0370576766546837e-01   1.6161134035039978e-02   1.1952687568426965e-01
   2.7205200000000001e-03   1.0441835700866360e+00   1.2634951928067513e+00   1.0621160783933907e-02   9.6894941935033896e-02
   2.3189800000000000e-03   1.5095258648369798e+00   9.8723646190784331e-01   1.2237838243691304e-02   1.0376614552838423e-01
   2.3764000000000001e-04  -3.1472516897874296e+00  -1.5236918548660532e+00   1.4009690757492468e-01   3.2793598250811362e-01
   4.2976200000000003e-03   4.0271571218358809e-01   8.3174631294763435e-01   6.6821686733355623e-03   7.6961122896661155e-02
   7.2658000000000000e-04   4.6771590392032780e-01  -2.7727745843143419e+00   3.9543376822311342e-02   1.8578526918755506e-01
   2.1038900000000002e-03   1.2997386650093239e+00   1.4040090496799287e+00   1.3620806482941297e-02   1.0949848762639768e-01
   1.9641400000000001e-03  -3.3102074856383967e-01   1.9592410421153128e+00   1.4478934750063108e-02   1.1305838783521700e-01
   2.8446700000000001e-03   1.5786060125914212e+00   2.4614160188283418e-01   1.0339323827366381e-02   9.5655873079512344e-02
   2.7755999999999999e-04   2.9773327723956893e+00  -1.6780801308858535e+00   1.2370710397311536e-01   3.1075096313315326e-01
   2.9740499999999998e-03  -6.9239977026866872e-01  -1.3770294411650987e+00   1.0125412322403578e-02   9.4431278346557609e-02
   3.1905100000000001e-03   1.0381224972162111e+00   9.9514626748978585e-01   9.1310452129444511e-03   8.9901095529513711e-02
   6.1092999999999998e-04  -1.0155919706760277e+00   2.7464137867244673e+00   4.7276220405498844e-02   2.0239044054629957e-01
   2.4934499999999999e-03  -3.4686601081948659e-01  -1.6648517302616435e+00   1.0786904135425140e-02   9.7672371673015304e-02
   1.9631300000000000e-03   1.3309265608308425e+00  -1.4122481049203461e+00   1.3246406359772317e-02   1.0813092719027274e-01
   2.2177299999999998e-03   1.8656048997418544e+00   3.3678900115803467e-01   1.3599078369745643e-02   1.0960924089409067e-01
   2.0021599999999998e-03  -1.7467674705787217e-01  -1.9215638451158203e+00   1.3233426669759836e-02   1.0809244548239524e-01
   4.7095899999999996e-03  -4.8176543284797468e-01  -5.9053500390387847e-01   6.3955566391027873e-03   7.5274271986818297e-02
   2.2010699999999998e-03  -1.5232691184137521e+00   1.0582404496164037e+00   1.2508013409204951e-02   1.0517668864876858e-01
   1.1709500000000000e-03   2.4259731355206484e+00   1.9801773473534456e-01   2.3621205335720024e-02   1.4401156689981265e-01
   3.3862900000000001e-03   1.2076461934870319e+00   6.0500408452931853e-01   8.4866505956622540e-03   8.6718179253552893e-02
   2.8326800000000002e-03  -1.5777878311602480e+00  -3.1019146245025230e-02   1.0054067474274925e-02   9.4307414702929040e-02
   2.5848799999999999e-03   5.7522280271070703e-01   1.3904579776780401e+00   8.2094971951813464e-03   8.5204251457009272e-02
   3.4752199999999998e-03  -1.1912161354680879e+00  -5.8418760024421235e-01   8.4873380687704916e-03   8.6691902849044503e-02
   1.8112899999999999e-03  -2.0117956062640943e+00  -4.3199992959001371e-01   1.5446466025348448e-02   1.1679764355212105e-01
   3.6460199999999998e-03   1.1664019267041399e+00   3.6558218960337746e-01   7.7597981937649147e-03   8.2919201694110573e-02
   8.4831000000000001e-04   2.6148905155755942e+00  -1.6058565936317723e-01   2.7368352312685428e-02   1.5468000639019244e-01
   4.6715100000000002e-03   4.4259428011741431e-01   2.6301765466879450e-02   5.3260637678017760e-03   6.8496348490138290e-02
   4.3326600000000003e-03  -8.4915027803195897e-01   2.9093026556788737e-01   6.6175429694032527e-03   7.6531807755075842e-02
   3.9503999999999997e-03   7.6147590400226639e-01   2.3814450681637864e-01   5.5592526372828261e-03   7.0133135370962121e-02
   1.6557200000000001e-03  -2.0218402907624675e+00  -1.3071436813985027e-01   1.3311471380156507e-02   1.0833485526063223e-01
   4.2719600000000000e-03  -7.1063978211414047e-01  -6.0143558336213077e-01   6.7144322628439543e-03   7.7086131408541120e-02
   4.4035699999999999e-03  -6.7392397163252693e-01   4.5499625825408174e-01   6.2995640571445292e-03   7.4562267673850907e-02
   2.6034100000000000e-03  -1.2395344034382230e+00   1.1173488636754307e+00   1.0775321316426606e-02   9.7546510324961005e-02
   4.8590400000000002e-03   4.1434809100057174e-01   4.1489580520894942e-01   5.8501584818150118e-03   7.2025507564333305e-02
   5.1935300000000000e-03   2.4504067484004854e-01   3.0027004010369629e-01   5.7111128165007307e-03   7.1104839053751978e-02
   2.7736200000000001e-03   1.6245211804371613e+00  -2.1346104878893965e-01   1.0806120737865969e-02   9.7754430339052872e-02
   2.3662800000000001e-03  -8.7799948751253698e-01  -1.5717110222272910e+00   1.2352929214096057e-02   1.0437950798230063e-01
   4.4251899999999999e-03   8.8330281147888456e-01  -2.6898239408949232e-01   6.8654172133629631e-03   7.7995682345751965e-02
   2.6095500000000000e-03   1.1859675614432739e+00  -1.1792818967852561e+00   1.0751038628173238e-02   9.7507798918388899e-02
   5.2055299999999999e-03  -3.5401416119656132e-01   1.6050918986072826e-01   5.7334214273238749e-03   7.1194151022837243e-02
   2.4285900000000000e-03   6.9164758165377094e-01   1.6011911459714161e+00   1.1489354750138616e-02   1.0062277908645963e-01
   1.0003200000000001e-03  -2.5602554950603849e+00   7.5699114503982673e-02   2.7734029885125189e-02   1.5580231961545080e-01
   1.0401399999999999e-03  -7.3524135334971585e-01   2.3651269577034393e+00   2.3166558158726574e-02   1.4268516712921728e-01
   1.8068800000000001e-03  -1.6166641452304598e+00  -1.3308283194003474e+00   1.6506665327248354e-02   1.2080680911098994e-01
   1.8466500000000000e-03  -1.8084088830857137e+00   9.4399423126148385e-01   1.5088921376221271e-02   1.1538399110595496e-01
   7.8414999999999995e-04   1.3174442787852096e+00  -2.4339450215555067e+00   3.8661068921741114e-02   1.8294141675411138e-01
   1.4200700000000001e-03   1.0506945574000328e+00  -2.0519946240740854e+00   2.0783036278035148e-02   1.3524743905498526e-01
   2.6973999999999998e-04  -2.2031858508226514e+00   2.6357046838464342e+00   1.2645880068826421e-01   3.1463220111318335e-01
   4.8032600000000002e-03   1.2041072611132091e-01  -3.9135482932043902e-01   5.3710141438116556e-03   6.8885523456211337e-02
   1.3044700000000001e-03  -2.3082291915615998e+00  -6.4341289110194422e-01   2.3965789013580704e-02   1.4510136980721161e-01
   4.3829799999999999e-03  -1.7599891047798344e-01   8.7754560923252356e-01   6.6260672360854032e-03   7.6648145078057534e-02
   3.5828800000000001e-03  -1.2656876174728546e+00  -3.3532337317592370e-01   8.6752674299621479e-03   8.7549925448565616e-02
   3.5399799999999999e-03  -1.0140745565387850e+00   9.6092616106543860e-01   9.5625001632475854e-03   9.1950534119747587e-02
   2.7280700000000000e-03   3.9218785882036872e-01   1.5387608961010699e+00   9.8403593108714795e-03   9.3231763669654868e-02
   1.2941700000000001e-03   1.4991942373273046e+00  -1.6697694361103386e+00   1.6496805117966359e-02   1.2055985595752004e-01
   4.2199400000000001e-03  -9.6954717992286732e-01   9.5703240411762924e-02   6.9520359061450493e-03   7.8357525394204722e-02
   1.2910899999999999e-03  -2.3324511068415434e+00  -2.4555967710896276e-01   2.0772842767522160e-02   1.3520063389403475e-01
   1.8351299999999999e-03   7.8115389428461224e-01   1.8593633609508173e+00   1.4615687264424955e-02   1.1343044231789604e-01
   2.6093200000000000e-03   1.7725424652874219e-01   1.6822105822945588e+00   1.1123851617497113e-02   9.9160302146466747e-02
   3.8679200000000000e-03  -8.2852086931116320e-01  -7.8408105203379064e-01   7.5117585837899395e-03   8.1564335311189409e-02
   1.2622099999999999e-03  -1.0708415778336342e+00  -2.1604875487225481e+00   2.3816023859289805e-02   1.4478382464015349e-01
   2.1033800000000002e-03   8.7834572124764654e-01  -1.7332487045290335e+00   1.4240240432204383e-02   1.1216197089654127e-01
   2.9731200000000001e-03  -4.3798018242402675e-02   1.5252465775571957e+00   9.7045711880516076e-03   9.2635591854284799e-02
   8.1598000000000000e-04  -1.8281736179946124e+00   2.0303310484126125e+00   3.6278055999619356e-02   1.7740028679092096e-01
   5.3076999999999996e-04   1.7732922423522912e+00   2.4183553625753436e+00   5.1508756448794858e-02   2.1094037312967867e-01
   4.9961600000000004e-03  -4.3544634920220388e-01  -3.8087608407598832e-02   5.5704392591732366e-03   7.0276771146614209e-02
   2.2705099999999999e-03   1.5681527228630734e+00  -8.9936858902874850e-01   1.2069972044291848e-02   1.0312263913866082e-01
   2.7629999999999999e-04  -1.3011454490641252e+00  -3.1682341662967750e+00   1.2595120046396668e-01   3.1272152093434369e-01
   1.7168000000000001e-03  -1.1235232779671434e+00  -1.7997438234164533e+00   1.6575088407323756e-02   1.2100608154660612e-01
   1.1954699999999999e-03   1.4222754304157446e+00   2.0572479199310463e+00   2.8137360391082528e-02   1.5731950345474180e-01
   1.4148699999999999e-03   1.5909731890636578e+00   1.6435566886734598e+00   2.0376760400475303e-02   1.3364062308398028e-01
   4.6707099999999998e-03   3.7846623187876224e-02  -7.1513945497522180e-01   6.1226775465923998e-03   7.3643255378901096e-02
   4.5314099999999996e-03   5.7493472793394929e-01  -9.4189325851528810e-02   5.5037585148788671e-03   6.9719338584550594e-02
   2.3013800000000000e-03  -1.3036518024148569e+00  -1.2784946068018841e+00   1.2535591828055711e-02   1.0517153581150826e-01
   3.9002899999999998e-03  -9.5620291094203325e-01  -5.9728600767442230e-01   7.4334482820240053e-03   8.1167295166415535e-02
   4.3164700000000002e-03   4.6479192475140119e-01  -7.8110129461615008e-01   6.6228282370463434e-03   7.6596735728365659e-02
   3.5346399999999999e-03  -6.8907496563331772e-01  -9.5789968582279728e-01   7.3387644573683413e-03   8.0408239016548769e-02
   1.8615800000000000e-03  -1.9330981938827450e+00  -7.4508067310266712e-01   1.6262886151336215e-02   1.1981238253178948e-01
   4.8631400000000002e-03   5.2700337616989168e-01  -4.1998299838524233e-01   6.1812943986802220e-03   7.4003978695868902e-02
   9.0021000000000003e-04  -2.5258636862799100e+00   8.9983916624522975e-01   3.4324901246805282e-02   1.7311412557995820e-01
   1.2332400000000000e-03   1.9137392983569406e+00   1.4618749842140504e+00   2.3597653958332750e-02   1.4376047011827656e-01
   2.5332300000000000e-03   1.2805470082028287e+00   1.1286499487084225e+00   1.1169159221169225e-02   9.9269742023443713e-02
   4.1770499999999999e-03  -6.4332116580589238e-01   2.7467936313080799e-01   5.4806350659635473e-03   6.9580362989934086e-02
   2.6487300000000002e-03  -1.5655666215000474e+00   2.3178273816539860e-01   9.6470002958702963e-03   9.2154170774051664e-02
   4.8057999999999998e-03  -5.1912812333278180e-01  -2.2346251592587751e-01   5.7118915056440251e-03   7.1150879746011308e-02
   1.4090400000000001e-03  -6.6864465063011536e-01  -2.2252666857449839e+00   2.1423603531710474e-02   1.3748634506286928e-01
   1.0965599999999999e-03   2.4601185942888142e+00  -5.7694090263998721e-01   2.7899872766092907e-02   1.5651017652300403e-01
   6.8031000000000005e-04   2.6453783604729519e+00   1.1495036941997065e+00   4.6313031829211419e-02   2.0061197403265274e-01
   5.0131999999999998e-04   2.9867107167445215e+00  -4.2141168395239420e-01   5.0505496580194265e-02   2.0976317722353688e-01
   3.8448100000000002e-03  -7.6798166346202290e-01   8.7100395956465859e-01   7.6800334989640933e-03   8.2419712212687374e-02
   5.0177700000000004e-03   6.3194096997489524e-01   9.6696866018036662e-02   6.3139228483731552e-03   7.4710364037675295e-02
   3.7332500000000000e-03   8.0952008209587689e-01   8.6610886620872807e-01   7.6699852309241720e-03   8.2357395473553599e-02
   3.4456399999999998e-03   1.3263348719013048e+00   1.8828139399724431e-01   8.5407194992625762e-03   8.6984168978427340e-02
   4.5968700000000003e-03   2.4872212049637379e-01  -7.5938405239388262e-01   6.3878419518624951e-03   7.5246957377106821e-02
   2.7477000000000001e-03   8.0983161171201445e-01   1.3416908347832031e+00   9.6345811908391688e-03   9.2294155693271346e-02
   4.0567800000000003e-03   7.9848805104036269e-01   6.4621580716640736e-01   6.9848811809391249e-03   7.8647600618969762e-02
   1.8498000000000000e-03  -6.8514059290289553e-01   2.0078345907522337e+00   1.8081659211072097e-02   1.2618629704404488e-01
   4.1688300000000001e-03   7.8475489484729943e-01   4.3722150936817078e-01   6.3250484869045295e-03   7.4866582087431618e-02
   3.5090099999999999e-03  -3.7127895814390616e-03  -1.2875161183298076e+00   8.1607216131687130e-03   8.4974664966229310e-02
   4.7356200000000003e-03  -5.3584418687851365e-01   1.3240888663506334e-01   5.7053438807615304e-03   7.0946193980883379e-02
   2.2457100000000002e-03   4.6564579231022113e-01   1.7998278667399186e+00   1.2837112167416721e-02   1.0655978785538861e-01
   2.2623999999999999e-03  -7.4286033021034448e-01   1.6645940599818798e+00   1.2465027392766547e-02   1.0463932312056003e-01
   5.0247399999999998e-03   2.6542433848755320e-01   1.1595615984330222e-01   5.3223334026356664e-03   6.8675403165638554e-02
   4.4590999999999997e-03  -7.1495627826790153e-01  -2.3943708716643666e-01   5.9975860250254922e-03   7.2905533505035203e-02
   2.3974999999999999e-03   1.0426873532351668e+00  -1.4530380418837769e+00   1.2102697371464287e-02   1.0341517648955219e-01
   1.8766500000000001e-03   1.8853542957440659e+00  -7.7414633416865231e-01   1.5387749281578208e-02   1.1656104002653495e-01
   2.4267799999999999e-03   9.9336935374693558e-01   1.5548516849747478e+00   1.3633434129245574e-02   1.0974787420709767e-01
   3.6587799999999999e-03  -1.1049020996494914e+00   5.2087706563493708e-01   7.9150312404135410e-03   8.3656122767986132e-02
   3.8918899999999998e-03  -2.0453351645964182e-01   1.1076149479168911e+00   7.4793005045962306e-03   8.1340264843541177e-02
   3.3368099999999999e-03  -9.3132151910402128e-01  -1.0034905167433317e+00   8.6477702508924864e-03   8.7517559513643858e-02
   3.7963099999999998e-03  -4.9855894814713064e-01  -1.1727302002905751e+00   8.7432332875095001e-03   8.7908128236635727e-02
   3.8245300000000000e-03   6.0006323776857284e-01   9.4876127245992525e-01   7.3241045655721192e-03   8.0471943007041760e-02
   2.9718100000000001e-03  -1.5096232343363030e+00  -2.9296014994867287e-01   9.8664360005657724e-03   9.3484506737979284e-02
   1.4961200000000001e-03  -2.1212021370311658e+00   7.6112331703489211e-01   1.9432315525508691e-02   1.3089637676047206e-01
   4.3187399999999997e-03  -1.0952684692455830e+00  -1.2551752495301496e-01   8.1737685488834106e-03   8.4986157566057582e-02
   7.0003000000000003e-04   2.4506524449558738e+00  -1.3301850731881377e+00   3.6527664700704655e-02   1.7825447308811881e-01
   1.2577199999999999e-03   4.1654077719276644e-01  -2.3492048606034106e+00   2.2964493449107462e-02   1.4185350975810604e-01
   2.4793900000000002e-03  -1.7066123398589139e+00  -5.0373057745394600e-01   1.2233991528029647e-02   1.0398322380758607e-01
   1.4169600000000001e-03   2.2079086827071164e+00  -9.4365930977797974e-01   2.6071221505944955e-02   1.5136158007918152e-01
   1.1123000000000001e-03   2.7193708655856415e-02  -2.5073445320711336e+00   2.6668919687323139e-02   1.5309628009424645e-01
   2.7237799999999999e-03   7.7703832998880373e-01  -1.4330973643116354e+00   1.0473089379592905e-02   9.6217301196969723e-02
   4.7698200000000001e-03  -2.8289016929298377e-01  -5.5691786112905428e-01   5.9745356185556811e-03   7.2620659539512536e-02
   5.0619999999999997e-03  -3.2524437236248604e-01  -2.0599988575237149e-01   5.5281832257673587e-03   7.0011563887686895e-02
   3.9272400000000002e-03   1.1137444903315927e+00  -2.6618618935956440e-01   7.6784727679841489e-03   8.2490389612356663e-02
   4.9374700000000002e-03   1.7484378110418716e-01  -5.6804407875316965e-01   6.0232882091488223e-03   7.3013415267842760e-02
   1.5484100000000001e-03   3.4380826635404055e-01  -2.0534429633458662e+00   1.4131023598566637e-02   1.1136237371911073e-01
   3.4552699999999999e-03  -1.0720083739010278e+00  -8.0013550892378993e-01   8.5722192492785031e-03   8.7135618869016607e-02
   3.4463200000000001e-03  -1.3247381632124089e+00  -1.0400622604370904e-01   8.4817104342649139e-03   8.6628843711054726e-02
   2.3759400000000000e-03  -1.8393094979950471e+00   1.0026282965769252e-01   1.3355654799944090e-02   1.0846745951861553e-01
   1.0111600000000001e-03   1.8459766399071489e+00  -1.7768727970339360e+00   2.8303534197310052e-02   1.5744417811898165e-01
   2.1481199999999999e-03  -9.9592914343144379e-01   1.5493002133012268e+00   1.2128057056903703e-02   1.0334986041961751e-01
   4.9139900000000000e-03  -1.1539135506775132e-01   4.7698168362903742e-01   5.6242501501250581e-03   7.0573559563649357e-02
   3.2978899999999999e-03   2.4888446780907114e-01  -1.3348741184731749e+00   8.4214936110362931e-03   8.6370946627506703e-02
   4.2444700000000002e-03   8.7161493515601618e-01   8.7004963702819585e-02   6.4261091720085404e-03   7.5317303626293589e-02
   5.1086500000000002e-03   5.9116550528548389e-02  -1.7966566880776824e-01   5.3487336464596103e-03   6.8753115450955637e-02
   4.1541800000000004e-03   3.1999681341884034e-01  -9.5475319714059648e-01   7.0166797445021557e-03   7.8851283277026993e-02
   4.9594000000000001e-03   3.2131818490341335e-01  -4.0933828069596007e-01   5.7552192001470255e-03   7.1397354763591256e-02
   2.8794999999999998e-04  -3.3590154193363366e+00  -6.4476331159474787e-01   1.3032684121834887e-01   3.1755827420984062e-01
   3.8791699999999999e-03   1.6552758337387727e-01  -1.1207719715923468e+00   7.4743993583499709e-03   8.1363295470676042e-02
   9.8196999999999998e-04   2.1983858641407821e+00   1.2356558524766927e+00   2.4949889056185604e-02   1.4774895587054057e-01
   1.2936499999999999e-03  -2.1852190096192876e+00  -1.0183698135033752e+00   2.4826299274560898e-02   1.4739027520952344e-01
   7.5790999999999999e-04   1.2418636616942111e+00   2.5001180329260912e+00   4.0151257790556047e-02   1.8642671381310968e-01
   3.9755700000000003e-03   9.5587014004404902e-01   3.0069420365813243e-01   6.6381995565658212e-03   7.6677614794277399e-02
   2.4530200000000002e-03  -1.4735692735116173e+00  -1.0386964705218205e+00   1.2684572282987732e-02   1.0591917374842261e-01
   4.2982500000000000e-03  -8.4925569721309691e-01  -6.8050811595288002e-02   6.3674786307009673e-03   7.4947211095006835e-02
   3.8418400000000000e-03   5.5161909060567671e-01  -9.8355444634441769e-01   7.3331285849112474e-03   8.0614907531421670e-02
   5.2210599999999996e-03   4.3886429518312470e-01  -2.3280835798696725e-01   6.0205174853755448e-03   7.2982174498509217e-02
   4.6619000000000001e-04   9.1655751660229046e-01   2.9454475569876006e+00   6.1080727299200950e-02   2.2741844162863215e-01
   4.8105000000000001e-04  -3.0252944410968836e+00  -4.2101869649466793e-02   5.1304760481119011e-02   2.0975645653657560e-01
   1.2626600000000001e-03  -1.9799015723112334e+00  -1.3506660809048903e+00   2.3118448424568422e-02   1.4245657918346744e-01
   1.5624600000000001e-03  -1.7787564014184980e+00   1.2753891973715672e+00   1.7513604425879972e-02   1.2434216967392250e-01
   4.6765699999999997e-03   2.2137841838288810e-01   7.1727586637903751e-01   6.2629040573019467e-03   7.4515473992068801e-02
   1.2512800000000000e-03  -2.1221597296377963e+00   1.1360123525627557e+00   2.3573924187226966e-02   1.4388177394200280e-01
   2.6688900000000002e-03  -2.6967831034835205e-01   1.6352434486021885e+00   1.0836644636286629e-02   9.7799435216841202e-02
   2.4018600000000000e-03   1.4343990680377122e-01  -1.8130303139870358e+00   1.2802740922053617e-02   1.0636466447395333e-01
   2.7046399999999999e-03  -1.3101157553886900e+00   8.7983442320606497e-01   9.6757745760777322e-03   9.2363805447358005e-02
   4.5968500000000004e-03  -7.1422380013667353e-02   2.9722853598347460e-01   4.9353862044283700e-03   6.6053495022859121e-02
   2.2927099999999999e-03  -8.7044557928511776e-02  -1.6758189175553342e+00   9.5613616637335377e-03   9.1874912295485028e-02
   4.4069699999999996e-03  -7.4822479851417478e-01   1.0710953061996596e-01   5.9465883321965065e-03   7.2556314383573656e-02
   5.1003200000000002e-03  -1.3984321840954730e-01  -1.7192691127634144e-01   5.3114105287466818e-03   6.8576755809879403e-02
   4.7218599999999996e-03  -5.0499513698235110e-01   5.7461310583903025e-01   6.4328993925041695e-03   7.5494234837034768e-02
   4.3057800000000004e-03  -1.2354510699693186e-01  -8.7073329866558324e-01   6.5176897938371437e-03   7.5857942807085466e-02
   4.6564600000000003e-03  -6.0769883062102714e-01  -4.1603515376319661e-01   6.1632524871268121e-03   7.3912316717787099e-02
   1.7003000000000001e-03   1.1857708564033511e+00  -1.7285764461795201e+00   1.5680272042594080e-02   1.1762210102794377e-01
   2.1707000000000001e-04  -1.5381657671428126e+00   3.1439998063017569e+00   1.3373387321044797e-01   3.1973806347593464e-01
   3.9988599999999999e-03  -1.0647029260487684e+00   3.0453402352613490e-01   7.5572875404611725e-03   8.1770572958678026e-02
   4.1420199999999997e-03  -7.1105698940613771e-01   6.5214142710137990e-01   6.7082226782729385e-03   7.7077559318280933e-02
   2.2050099999999999e-03   1.6131747389175395e+00  -6.5151092224145390e-01   1.0301722271818190e-02   9.5331611336762878e-02
   5.7684999999999995e-04   2.3031530343023303e+00  -1.8623855501895108e+00   4.9257318106607523e-02   2.0688071907695479e-01
   4.3702599999999999e-03   9.1199194186144528e-02  -9.1792481759388234e-01   6.7706940020460325e-03   7.7475450689502401e-02
   1.7432000000000000e-04  -3.2454120718319418e-01  -3.5893425274655062e+00   1.5816693963537071e-01   3.4867340842475125e-01
   4.1518299999999996e-03   9.9172114500339359e-01  -4.7002113815628005e-01   7.7069044592253952e-03   8.2608910522707524e-02
   5.0200399999999999e-03   1.3462656544300092e-01  -1.3769040042860356e-02   5.2086853649961282e-03   6.7810661311241499e-02
   2.0772000000000000e-04   2.4835740197106468e+00  -2.5262593344346822e+00   1.4823892668710212e-01   3.3764899153590344e-01
   1.3904700000000000e-03  -3.7810040853234239e-01   2.2731690284817105e+00   2.0698534306079954e-02   1.3469096221735641e-01
   1.4494300000000000e-03   2.2537995604877716e+00  -1.9593871906217153e-01   1.9349970379124205e-02   1.3053402581188178e-01
   4.1864099999999998e-03  -8.2273493157830901e-01  -4.2381310445106557e-01   6.5381848336625078e-03   7.6095132513630773e-02
   3.2171800000000000e-03   1.6914540208459108e-01   1.4023004460610182e+00   8.8660601707092855e-03   8.8576956343427229e-02
   3.0636499999999998e-03  -1.4352757158850924e+00  -5.4524238655146129e-01   1.0128660948575943e-02   9.4696354398791885e-02
   3.3357199999999999e-03   1.3548585510124866e+00  -2.3811767885423299e-01   8.7446493496280645e-03   8.7942479356438813e-02
   1.8322099999999999e-03   6.8995170446768672e-01  -2.0045067848918148e+00   1.8027864056594185e-02   1.2598005858207117e-01
   4.3602600000000004e-03   7.5321766537140145e-01  -4.3947778575188251e-01   6.4941426116079141e-03   7.5796163761721880e-02
   2.1968000000000001e-04   4.7125185205429238e-01   3.5197449245238404e+00   1.6173086869341710e-01   3.5250066358392002e-01
   2.8679299999999999e-03  -1.3791088385464698e+00   1.2089951619909518e-01   7.7242520753754351e-03   8.2571032173535203e-02
   3.3303800000000000e-03   5.9624417256871598e-01   1.1658852658850116e+00   8.0595091420736214e-03   8.4411312072968647e-02
   1.2546000000000000e-03   9.5829575844837944e-01   2.1753196971798459e+00   2.2144769489259301e-02   1.3932732764148500e-01
   4.5247200000000003e-03   5.9778497289751908e-01   5.2908078326268937e-01   6.2914480554610948e-03   7.4656751930809923e-02
   3.2296000000000001e-04  -3.1361110804869057e+00   1.1243534933196633e+00   9.8009765264915200e-02   2.8133465591636148e-01
   1.8569999999999999e-03   1.9346154829410014e+00   6.6765571754500308e-01   1.5606450894862484e-02   1.1717536254353410e-01
   6.6562000000000001e-04  -2.5202237382447565e+00   1.3925203169080453e+00   4.5621029251087485e-02   1.9859439713242585e-01
   3.0564099999999999e-03  -1.3242660535533133e+00   6.1155854797055553e-01   9.0089692983208337e-03   8.9295519604573922e-02
   5.3662700000000002e-03  -4.6214317843747532e-01   3.5701134677264273e-01   6.4813131474016151e-03   7.5753146576181665e-02
   3.6898700000000000e-03  -9.2344462123332949e-01   7.1107190704913781e-01   7.4968149832258394e-03   8.1321294531404020e-02
   2.4645900000000000e-03  -1.5491741045435790e+00   7.6829022053472862e-01   1.1195456379211389e-02   9.9549618723776809e-02
   1.6833900000000001e-03  -4.5339241346251530e-02   2.1449682367396372e+00   1.7303364204871545e-02   1.2343446623770553e-01
   3.1520699999999999e-03   1.0432331707013485e+00  -9.7026344460654201e-01   8.9426234778104043e-03   8.8819717378604474e-02
   4.7616999999999999e-04  -7.5790073583526588e-02   3.0323762590935126e+00   5.3080612354586713e-02   2.1263413639440831e-01
   4.7079599999999997e-03  -6.3314612505632839e-01  -5.1451479071577780e-02   5.8298802253280400e-03   7.1881686273878989e-02
   2.3363199999999998e-03  -5.5972595965676587e-02   1.8245820726954316e+00   1.2587387741307153e-02   1.0551381062511410e-01
   1.6668200000000001e-03  -1.4053501768798691e+00  -1.5983880569156188e+00   1.6457609415107637e-02   1.2048551019454590e-01
   4.1493399999999996e-03   1.0005445995593907e+00  -7.9839778333951825e-02   6.9567058386504795e-03   7.8499940538979393e-02
   1.1902900000000001e-03  -2.3913679242840362e+00   4.7241597696575122e-01   2.3987273990586009e-02   1.4519287281600926e-01
   1.0791900000000001e-03   1.4474584433544835e+00  -2.0237308145578590e+00   2.4744829576949703e-02   1.4739536362092012e-01
   1.6346600000000000e-03   5.3039459646504403e-02  -2.1413994406523456e+00   1.6713891577638199e-02   1.2131352612251173e-01
   4.6158800000000002e-03   6.6035093973362202e-01  -2.6511257743960676e-01   6.0582949306713339e-03   7.3217208238651785e-02
   2.4632800000000000e-03  -6.1064729899151293e-01  -1.6416594664241269e+00   1.1668620971722086e-02   1.0153947858175663e-01
   4.2409300000000004e-03  -1.5833170065282681e-01  -6.8756794594262305e-01   5.5800959879098730e-03   7.0220733913732361e-02
   3.1667900000000001e-03  -4.3693666968551387e-01  -1.4097629213590754e+00   9.5523822597641701e-03   9.1964407369307735e-02
   9.3397000000000000e-04  -4.1559789981682488e-01  -2.5770547654633016e+00   2.9132146361261831e-02   1.5991425330069473e-01
   4.1435899999999999e-03  -5.8463102390667432e-01  -7.6534705701245598e-01   6.7274860124460680e-03   7.7147269740766092e-02
   7.1285999999999995e-04   3.8135301594924365e-01   2.7775560534744943e+00   3.8679062896068227e-02   1.8330650189758546e-01
   1.1988400000000001e-03  -1.3941274704587414e+00   1.9901586896456642e+00   2.3824761634117866e-02   1.4470162116898072e-01
   2.2328299999999999e-03   1.7855855753984256e+00  -4.5231710104147582e-01   1.2500255960621208e-02   1.0511413654654982e-01
   1.9246100000000000e-03   4.4183611074699258e-01  -1.8073086908434319e+00   1.1300884566807159e-02   9.9709530046561176e-02
   2.9906400000000001e-03  -1.1255539582713894e+00   7.5199027444908950e-01   7.7037240252078561e-03   8.2466427324605782e-02
   2.9322699999999998e-03  -6.1662865717549042e-01   1.2408887716512400e+00   7.8743387921685927e-03   8.3360253505447846e-02
   1.4383700000000000e-03   1.0754235041993119e+00   1.8679985173789246e+00   1.5564226449150037e-02   1.1674882537655833e-01
   1.9655699999999998e-03  -1.1978713944420194e+00   1.3783179935596321e+00   1.0693819970028627e-02   9.7120050496392774e-02
   4.5123100000000003e-03  -4.2000272418849439e-02  -3.2944957973038597e-01   4.8616558985322151e-03   6.5566041676450290e-02
   0.0000000000000000e+00   0.0000000000000000e+00   0.0000000000000000e+00   1.0702472158802424e-02   9.1777156146676558e-02
