   2.0545699999999999e-03  -7.8410145118792185e-01  -5.0722951763733848e-01   2.2122632632524355e+00  -4.0143978715929196e-01  -7.3768811623938513e-01  -2.2442332079384503e-01   1.4098826280014458e+00
   2.1908200000000000e-03  -1.8379860488391455e+00   7.3972517172386576e-01  -7.0787551830922280e-02  -2.3213320500648263e-01  -4.8067391821726019e-01   1.4749963258688106e+00   1.3951502805806053e+00
   2.2260499999999998e-03  -1.8065452351233666e+00   6.9137230013843864e-01   1.1904207156944924e+00   7.4617566773695099e-01  -4.3624816017680118e-01  -6.7814432256536172e-01   1.3978773606731574e+00
   2.4635600000000001e-03  -6.1090883251495687e-01  -1.1690869271172750e+00   1.0072289920722269e-01  -1.7989381500855978e-01  -1.8275795300415223e+00  -7.5759321808657565e-01   1.2712924713298559e+00
   2.3340100000000001e-03  -9.0500362411924340e-01  -1.2533174243804874e+00  -7.2058547140794726e-01   4.4071574164226046e-01   1.5872290076160656e+00   7.4260275624017813e-01   1.3673814516814349e+00
   1.8473800000000000e-03   1.2832319991453769e+00   1.3872306427735317e+00   2.7699877209571510e-03   1.4173474284144041e+00   1.2235184220938324e+00   2.5534174297750722e-01   1.5282955344500293e+00
   2.4578899999999999e-03  -1.0489814726428035e+00  -1.7065564464037895e+00   3.1854472739270800e-01   8.8333101014168081e-01  -6.2579227255684722e-01  -5.2625196360364956e-01   1.2311674955754675e+00
   2.4174000000000001e-03   6.7351143523686718e-01  -5.0960757131460799e-01  -1.1726078729229108e+00   5.6335632351810072e-01   1.8653409463330974e+00   1.8384639145531598e-01   1.3180911193005647e+00
   2.3525999999999998e-03   1.6752156918474179e+00  -9.3817007411171283e-01  -1.0163588124275555e+00  -4.7600561872792857e-01  -1.2352404823051277e-01   9.9353561317471406e-01   1.2955536256601621e+00
   2.2155100000000000e-03   1.2188639480048262e-01   2.3947627229493165e+00  -2.3215668385461119e-01  -2.7966159820918890e-01  -4.4192093217329736e-01  -5.3949240534042908e-01   1.3907853345725611e+00
   2.4598300000000001e-03  -3.4238702785889641e-01  -1.8375785200487793e-01  -1.4998984746389883e+00   7.1169608892173011e-02  -1.8135823153648514e+00  -5.5440864309677096e-01   1.3369794242437743e+00
   2.4945200000000001e-03   1.3168769280014962e+00   6.3555071957253351e-01   5.7000337439576010e-01   5.4549244688046605e-01  -1.0411973047711489e+00  -1.4077672953252585e+00   1.3006701697361327e+00
   2.5220799999999999e-03  -1.6854792480110972e+00   1.0168008299820608e+00   3.8992062681530543e-01   1.0352316360651779e+00   4.3225271538204268e-01   3.4881432456346440e-01   1.2020610367396218e+00
   2.2588899999999999e-03  -2.0333674392512466e-01  -1.2884759291275458e+00   1.0396237037030882e+00   2.7040747562574897e-02  -5.6130307481089214e-01  -1.7907935643557018e+00   1.3808233658472799e+00
   2.1170199999999998e-03  -1.9452589723711604e+00   6.5029966458306787e-01   4.3240787993929347e-01  -3.2906470893923595e-01   1.0826875071101343e+00  -1.0299961977472400e+00   1.4753076216951144e+00
   2.1969699999999999e-03  -1.7265423420227546e+00  -1.7053460654898143e+00   2.8305175994580900e-01  -3.2142181802977371e-01   1.6935317351410395e-01   6.0158784610959293e-01   1.4072729029992659e+00
   2.2079999999999999e-03  -1.6721030904070509e+00  -5.6879579462146190e-01   1.5903751060097120e+00  -9.8642605833205318e-02   7.8547333799089636e-01  -3.8257114311011370e-01   1.3902848785756157e+00
   2.7133900000000000e-03  -2.0749450233511885e-01  -5.7022139887202705e-01  -3.1640557845638428e-01   1.2190704008343995e+00   1.5502487661061648e+00  -8.9517206571864272e-01   1.1754588613127936e+00
   2.3448499999999999e-03  -1.2534404605871150e+00   4.5240355730542736e-01  -1.6349239230096044e+00  -1.0505204092793775e-01  -1.1056652894432459e+00   7.4903223874719782e-01   1.3909644124276495e+00
   2.1930900000000000e-03  -8.1915826392446212e-01   1.4009673741260957e+00  -1.4093649869974738e+00  -2.5756441896680454e-01  -1.0146736699217886e+00  -8.3005502267784614e-01   1.3977542119359450e+00
   2.3641100000000000e-03   1.2415777211049499e+00   1.0336849938818395e+00   1.2453234942213569e+00   1.1102283405224427e+00  -6.8317429924072559e-01   1.1620649479051459e-01   1.2879277239292095e+00
   2.5246399999999999e-03  -5.5669559548472769e-01  -2.8089262842028301e-01  -4.8654991357061145e-01   9.0552750772873081e-01   8.5257450413032587e-01   1.8416480269628526e+00   1.2493555716430516e+00
   2.3586200000000001e-03  -1.1388365180339632e+00  -4.2731861731856308e-01   1.3723857282305818e+00  -9.4726346952862217e-01   4.9704210384013964e-01   1.1959761398221327e+00   1.2937697223100233e+00
   2.3041500000000000e-03  -3.1635536380703999e-01  -1.4463021531454845e+00  -1.2497060046504946e+00  -4.4918482111363922e-01   1.2633436827181337e+00  -6.5879645518810925e-01   1.3095230469422861e+00
   4.0379200000000004e-03  -4.0316519095091730e-01  -6.9255662972577448e-01   8.7095011156587121e-01   2.7864664821581386e-01  -3.8850799477299380e-01   5.4449835884471631e-01   6.9753120616531328e-01
   4.0632300000000001e-03   2.5690049757624706e-01  -6.8206824106761188e-01  -4.5466826873990929e-01  -7.0261746253427493e-01  -7.2003295915522247e-01  -5.3858411804437800e-01   7.0856357541124304e-01
   2.6098699999999998e-03  -9.3141042440776045e-01  -8.1289776030813971e-02   7.4766494645903259e-01  -1.4087382673229221e+00  -1.4264394119217019e+00  -2.9961809762991160e-01   1.2460326899688143e+00
   2.1158300000000000e-03  -6.9420100177324762e-01  -2.6095458009031924e-01  -2.7214819469420265e-01  -1.1346711675750230e+00   7.9107194203688525e-01  -2.0674015638174970e+00   1.4982208402485067e+00
   2.0980600000000001e-03  -1.4420510997378264e+00   6.1383082225155183e-01  -7.8487020962379250e-01  -1.3979035171492329e+00  -1.2178195822489388e+00  -9.4940373644473691e-02   1.4067841146896511e+00
   4.1239400000000004e-03   3.5879275389550858e-01   7.5290022331709516e-01  -1.1814813419118067e-01  -7.6917269244350917e-01  -3.1198314263242605e-01   7.8091266153265548e-01   7.1072713129507192e-01
   2.5099100000000002e-03   7.5724711588029603e-01  -1.4595743893597029e+00   1.0550388809041779e-01  -1.0228893599534705e+00   6.3354930351493088e-01  -1.3445259289577989e+00   1.3347952282366069e+00
   2.6218100000000000e-03   1.3032272419198780e+00   1.3199906780931958e+00   3.8395603983645005e-01  -1.0501472973546151e+00  -3.3306550211627778e-01  -9.2930824497347086e-01   1.2683326570517450e+00
   2.0969299999999999e-03  -5.4954735712039582e-01  -1.8322241592852930e+00   3.8879050244211177e-01   3.6521528632737404e-01  -1.3361963418890659e+00   9.9755736694952757e-01   1.4676280818587968e+00
   2.3872699999999999e-03   8.6775788113438124e-01  -3.5580629224328864e-01  -8.2688334668665797e-01  -1.6355459642195627e+00  -1.0882990695559414e+00   7.8529858678301279e-01   1.3296236133265791e+00
   2.4026700000000000e-03   3.6880389179050416e-01  -9.8823634882090594e-01   7.1514359929260740e-01   1.3296141206315637e+00   1.6019959689202966e-02   1.5858020714715266e+00   1.3147646326721378e+00
   2.4040899999999998e-03   1.2585039141305376e+00  -6.6004392841848802e-01   4.4379313791177177e-01  -2.2394032340463363e-01   7.7704964243255348e-02   1.9220663006118706e+00   1.3064873281292264e+00
   2.3059899999999999e-03  -1.1514898362276502e+00   7.5874267010088337e-01   5.6318044694763325e-01  -1.7994785709792835e+00  -2.9435346248253802e-01   8.0014823731509310e-01   1.3509111263672080e+00
   2.3199300000000000e-03  -1.4725271091642871e+00   1.7165489806775831e+00   7.1997110434145295e-01  -3.5332762135753415e-01   3.5574717126303002e-01   3.3913760541264765e-01   1.3121379841161576e+00
   2.3920800000000000e-03   9.5383413402768635e-01   1.2512155249940635e-01   8.3730113632969405e-01   1.8570208754026933e+00   3.5693322846259673e-01   6.0452353207498455e-01   1.2209417706056833e+00
   2.3277900000000002e-03   1.0333709851364621e+00   6.8129532731756270e-01  -6.7365361509628496e-01  -6.7973164174008371e-01  -6.0253641061481378e-01   1.8516914613791551e+00   1.3815259569965173e+00
   5.5658499999999998e-03   5.9512496730329371e-03  -8.4070391066803311e-03   1.8203931138749806e-02  -1.5634925925684116e-04   6.5905253043341142e-03  -2.2123960342547069e-02   5.3195551275327535e-01
   1.7794099999999999e-03   1.6633444880208188e+00   3.4332418185336727e-01  -6.4013266905454502e-01  -6.4265113944536567e-01   1.3423981458612870e+00   1.3016617683414353e+00   1.5283196267103911e+00
   2.2755100000000001e-03   5.4029147431531444e-01   4.4323599474920550e-01  -5.7549884675091934e-01   1.8300924298825494e+00  -7.8869942002408233e-01  -1.2390735139775020e+00   1.3895333535488599e+00
   2.4947699999999999e-03   7.0202737658436487e-01   1.5495054916300020e+00   2.5480413092551113e-01   1.4015214866869861e+00  -1.5939594165947055e-01  -7.0933947019459687e-01   1.2161524767449226e+00
   2.2452100000000001e-03   1.5657873282948243e-01  -1.6507502184960852e+00  -9.3924250900274497e-01   1.4644064802641694e+00   7.3527960247980628e-01   1.5036328732216245e-01   1.3809830059766293e+00
   2.5742400000000002e-03  -1.7402080039144221e+00  -5.3465842570088251e-01  -3.2463856689522613e-01  -8.9679814789006507e-01   1.3438182206556148e+00   6.0331329398671689e-02   1.3695302538070697e+00
   2.3762399999999999e-03   1.1245944253379585e+00  -1.8594517328734272e+00   4.0474549358561518e-01   1.5848785845596436e-01  -5.7850542575516739e-01   8.7111419996495421e-01   1.3304421376730717e+00
   2.0312600000000000e-03   1.6993112890699793e+00  -4.9252798508702295e-01   1.5642884749008461e+00   7.3082649085531259e-01  -4.8187183931183492e-01   7.0842178385618171e-01   1.4787369677412703e+00
   2.4451199999999998e-03   3.2790351991698241e-01  -3.2778408739556797e-01   5.4202799840550275e-01  -1.7393090183295603e+00  -2.6740120954107932e-01   1.5074805712969139e+00   1.3111744950766493e+00
   2.3853699999999999e-03  -1.1566366236434378e+00  -2.8156842922444475e-01  -4.9605231699361646e-01  -6.6804956275497640e-01   1.1040587191055802e+00   1.6536239254561120e+00   1.3459805886568967e+00
   4.5481599999999999e-03   1.9864120684052949e-01   9.0485483594602278e-01  -2.0234682079562963e-01  -4.0063772216543286e-01   7.5356734257895830e-01  -3.4628170979193434e-01   7.0133709414182444e-01
   2.4578800000000000e-03  -1.0096705894661144e+00  -6.7821004329817658e-01   1.5582642920634100e+00   9.8746971240761605e-01  -3.4481940309647158e-01  -7.5133767400200846e-01   1.2260598757071950e+00
   2.2591000000000000e-03   1.2129748004156675e+00   1.8405094890425164e+00   1.0339274501089846e+00  -1.9664345634323244e-01   1.5793620019042506e-01   5.4171033544323832e-01   1.3691899327140065e+00
   2.1182800000000002e-03  -2.1079128312380093e+00  -7.6847459101042925e-01  -5.1130769746266669e-01  -7.9079720565094813e-01  -8.1915979969003083e-01  -2.3250208140820022e-01   1.4556391674548821e+00
   2.0748400000000001e-03   1.2977856630083422e+00   1.1802964761602597e+00  -1.4329308926689035e+00   5.7751515397755493e-01   6.7662421689509922e-01   8.2225477045627371e-01   1.4392336722537564e+00
   2.2981500000000001e-03  -3.0178476655705955e-01   1.2773063570688594e+00   8.4984761002434017e-01  -6.8636805414899071e-01   5.7603516389089260e-01  -1.7629886855098584e+00   1.3904941939428122e+00
   2.2360499999999998e-03   1.0154275087469364e+00  -1.1439296340503884e-01  -6.3325306962198080e-01  -1.9138308772839243e+00  -4.1510951752742886e-01  -1.0399687101093129e+00   1.4045335629184921e+00
   2.2931900000000001e-03   1.3884112911992588e+00   1.9457691156263546e-01   1.3732577806774875e+00  -6.7717405118868546e-01   8.8327867785732084e-01   1.0208723000648707e+00   1.3462082786562994e+00
   2.4154699999999999e-03   5.4208777323525670e-01   5.5857027226677625e-01   3.0796799751470300e-01  -1.5272078672522693e+00   1.5635446327550122e+00   3.5065611823412041e-01   1.2382297025335218e+00
   2.1488100000000001e-03  -1.4681929580465336e+00   9.1468662996218941e-01  -7.7952389295980162e-01   4.4472312240132789e-01   1.2362291407887793e+00   9.2940614517768361e-01   1.3481460187009950e+00
   2.2824199999999998e-03  -3.5769799851463258e-01  -9.9362757205282870e-01   8.4782188771804740e-02  -1.6279619311143416e+00  -7.1999105986526901e-01  -1.3809765850596043e+00   1.3672147515325561e+00
   2.1290800000000002e-03   9.4064461213489658e-02   5.9521802918063627e-01   4.8230296351256691e-01   1.9966360663116174e+00  -1.0715731237334649e+00   8.5987458060239774e-01   1.3968154813136653e+00
   4.2613399999999997e-03   3.7631549382763779e-01  -8.0836676297593002e-01  -8.4728123227526730e-01  -3.1745983685217932e-01   4.6851213133775199e-01   2.1973812183133998e-01   7.0320097827301709e-01
   2.4011499999999999e-03  -5.5995398485967607e-01   5.4651973533291220e-01  -9.5340496580431466e-01  -1.3833504565078789e+00  -7.6257001733414387e-01   1.3921447191422764e+00   1.3140609736534326e+00
   2.0345900000000002e-03   9.8581100877314398e-01  -6.2147264319190265e-01  -9.5964396444122968e-01   1.4868044670991987e-01   1.5471805921596209e+00  -1.4051516609557093e+00   1.4357112597984936e+00
   2.3459900000000001e-03  -1.5721084571422266e+00  -1.2015632273118917e+00   2.1372786692455475e-01  -3.7290591083266589e-01   7.6036335145844527e-02  -1.3117784222709115e+00   1.2769758177240753e+00
   2.4165800000000002e-03   1.4954909982366702e+00  -1.7330668453335124e-01   5.7528037214812988e-01  -1.5819163012871698e+00   5.8051050819284922e-01  -5.8883925852148800e-01   1.2787934464515351e+00
   2.4249100000000002e-03   1.2189916113619401e+00  -1.7690479955036573e+00   7.6612266375526217e-01   5.3863665954889595e-01   3.9901888297743049e-02  -7.2192522293028238e-01   1.3404828595305469e+00
   2.6126800000000000e-03   1.8293536749231831e+00   7.9981836632711023e-01   2.6034461090824296e-01  -3.8946586362475444e-01   1.0685238441203457e+00  -1.2254378824488878e-01   1.1970066045087360e+00
   2.2161899999999998e-03  -1.1906468595579516e+00  -1.3767911420574752e+00  -1.0336241766474203e+00   4.6566331437971920e-01  -1.2663167418893493e+00   2.1875449686872991e-01   1.3650439623628867e+00
   2.1022300000000001e-03  -1.1360677126931971e+00   3.2208331994190031e-01   9.1392510870848542e-01   1.6188600169669756e+00   1.1133991916879389e+00  -6.2697401567408173e-01   1.3920928385177198e+00
   2.5338600000000002e-03   1.2214068313335902e+00  -5.4760960956877644e-02   4.7971091280678307e-01   7.5768377821730060e-01   1.4682659900703143e+00   1.1630155607718908e+00   1.2872343203942620e+00
   2.2180300000000002e-03   5.5218452542721452e-01   6.9796448806106837e-01   2.2186275895946825e+00  -2.0986725660683364e-01  -4.8402238674763620e-01   4.1590242831533075e-01   1.3372259194134959e+00
   2.1017300000000000e-03  -1.0400962078674035e-01   9.4560733188203494e-01  -1.6148174212529802e+00   3.5880254318980696e-02   9.8595649642319261e-01  -1.4666431174607530e+00   1.4503115316532644e+00
   2.3404799999999998e-03   1.3228664572327717e+00  -8.2458170074208825e-01   1.5164973851929031e+00  -9.4211777553490339e-01  -3.2334614207125717e-01   4.7850555874045936e-01   1.3073947296239892e+00
   2.3926700000000000e-03   1.4162904840682031e+00  -9.5269423738005754e-01   8.7390187627022120e-01   4.1998359557947115e-03  -1.4268275928432372e+00  -4.4230151554104497e-01   1.2977929415470999e+00
   2.5347700000000000e-03  -4.3541247341122358e-02   1.8513666229325119e+00   7.5764882319472315e-01  -1.0610081310954174e+00   5.4531132326318266e-01  -1.3145816204728686e-01   1.2161086355203801e+00
   4.2367500000000001e-03  -1.2290791038573741e-01  -6.6057017777985716e-01  -2.9638738820984872e-01   6.8229582694137469e-01  -8.2007264797391266e-01   5.0618999567676870e-01   7.0830723231525661e-01
   2.1573700000000000e-03  -1.2425633544319481e+00  -6.7668297465009208e-01   1.0130033071435964e+00  -6.6773918702885182e-01  -1.0346972985735936e+00   1.2986673110423310e+00   1.3599599297282794e+00
   2.0830900000000001e-03  -1.0836921241488693e+00  -3.0506043832711860e-01  -1.7471349614816938e+00  -1.4123709570867364e+00   3.0817171544487393e-01   5.5106828959009946e-01   1.4599475852999899e+00
   2.4255499999999998e-03  -5.0668333257746123e-01   3.8148720442523271e-01   4.3499081981392462e-01  -6.0855660422023061e-01  -2.1030749898299558e-01   2.2215015449190165e+00   1.3170537402998705e+00
   2.5476299999999999e-03  -1.1173135864096131e+00  -1.3073316777174080e+00  -2.6993254675627676e-01   1.3798129388712219e+00  -6.5839998747048767e-02   8.8494078135776322e-01   1.2814256711053613e+00
   2.4473799999999999e-03   6.4255032475568785e-01   4.5297154958988378e-01  -9.9642188824311040e-01  -1.9268353681099064e+00   4.9177266250205132e-01   5.0799229656303813e-01   1.2954496683888854e+00
   2.5276200000000000e-03   2.7988874010166465e-01  -2.7402324752558288e-01   7.5388544444639927e-01  -6.3907690743616863e-01  -1.6302628974739577e+00  -1.3280647883720464e+00   1.2413961877161042e+00
   4.0142700000000003e-03   1.5605936042898078e-01  -3.5044938676015180e-01  -1.0561540930420372e+00   6.0300459825914909e-01  -4.7453298898829399e-01  -6.3405178256223571e-01   7.3637497648673289e-01
   2.4314699999999998e-03   8.8505403500121338e-01  -2.7854450948743775e-01   1.8827335351298242e+00   5.6321327378284791e-01  -3.5299375465320060e-01  -1.1272763831501873e+00   1.3665746940370620e+00
   2.2723200000000000e-03  -1.4658824898788750e-01  -1.7635141555740093e+00   1.1808208425078572e+00  -9.6221166754999199e-01  -1.0597351510111340e-01   8.3984314055355969e-01   1.3454225630189320e+00
   3.9494899999999999e-03   9.0765462612492784e-02  -8.8244033244619761e-03   6.7115672584148311e-01   8.3213383166750129e-02   5.4232699537339946e-01   1.1638461787755114e+00   7.1553036827377214e-01
   2.3562100000000001e-03   2.8888538101623146e-01  -1.6354176285842648e+00   1.5709320855445272e+00   3.9556116470938968e-01  -7.8623894844779618e-01  -1.1270023300228874e-02   1.3205314169886848e+00
   2.5153300000000001e-03  -4.8794357063868393e-01   1.6137797395657179e+00  -6.5599811515794915e-01  -1.4677833098713715e+00  -1.6198153078173214e-02   1.0511180188955128e-01   1.2156376028670464e+00
   2.3376600000000001e-03  -7.0090883750983368e-01   6.3038969504367004e-01   1.4777144579231849e+00   6.2030172968459571e-02  -1.5831810115701874e+00  -7.0712955477012529e-01   1.3477747394536275e+00
   2.2362200000000001e-03  -7.7385932862584228e-01  -1.1994295331427882e+00   5.3868132630885535e-01  -9.7951808122283590e-01   1.3717249210013449e+00  -1.0158763187079380e+00   1.3532906616085643e+00
   2.2232900000000002e-03   1.0667888357390988e-01   1.3025031896831087e+00   2.7062064633392152e-01  -4.5081052684605982e-01  -1.5670733447506098e+00  -1.3221696981705682e+00   1.3528334886750188e+00
   4.3629300000000001e-03   7.9538873970587809e-01  -3.6894198125403227e-01   8.8657567196450604e-01   5.2442735821811137e-01   1.1779950930305425e-01   2.4965078204507654e-01   7.1262267280614078e-01
   3.0669500000000001e-03  -9.6415113797930241e-01  -2.9758660854514640e-01  -2.6933313515144020e-01  -4.4139464508859727e-01  -1.6533677000096361e+00   7.3510851240817510e-01   1.0859550950925734e+00
   2.7095600000000002e-03  -1.8099660322499653e-01   5.9907036637986621e-01   1.1562257304138042e+00   1.6704563483888129e+00  -4.3708924170831254e-01  -8.1967875961307457e-01   1.2231875533652914e+00
   2.5582600000000001e-03   3.6956870062384533e-03   1.4284296386289090e+00   1.1191215242059278e+00  -1.0444499991040286e+00  -1.0334024752698439e+00   7.6824597658745192e-02   1.2088703192643802e+00
   2.1038699999999999e-03  -9.7343938418528275e-01  -1.3701759629429413e+00   1.5588808942234609e+00   7.7409467814291322e-01   1.3496371657653647e-01   8.3733784291887126e-01   1.4175039018820086e+00
   4.0563300000000004e-03   4.8352210874028467e-02  -1.0695866029445844e+00   1.0533072176232007e-01   5.5212720971878160e-01   4.1363982374636210e-01   5.6836027701509451e-01   6.9955928608772222e-01
   2.7334400000000002e-03   1.7421841359289516e+00   1.0305506674275694e-01   5.2378154247744524e-01   1.1423812813523893e+00   3.3105900125065219e-01  -7.1542378773074256e-01   1.1915920664640862e+00
   4.1419600000000001e-03  -2.8236177064973533e-01   3.5217432699482853e-01  -1.8379373469794902e-01   2.8521414193474126e-01  -1.0772875301213714e+00  -7.8817619204943012e-01   7.2261746375031988e-01
   3.9525799999999998e-03   4.1771134634826200e-02  -1.2008679773448894e+00  -3.2444852095680787e-01   3.2074467375365645e-01   2.1069204561995153e-01  -6.7879263667210377e-01   7.2272823483393567e-01
   2.1006400000000000e-03  -1.2655909076394214e-01  -1.1007746112719453e-01   1.7284052221643766e+00  -1.8470285784295251e+00  -2.8412884843157016e-01   4.6852659492348936e-01   1.4492862980835994e+00
   2.3027000000000000e-03   3.5645169813152505e-01   3.8712404656344351e-01  -1.5487847644951878e+00   9.4669534724425752e-01  -6.0072374895422842e-01   1.4436689989700136e+00   1.3160397945756386e+00
   2.4824900000000000e-03   6.3601370306044666e-02   1.3365253515854555e-01  -6.0736160534935724e-01  -1.2229349201408113e+00  -1.8607061161827421e+00  -5.8031020705089364e-01   1.2700432404139692e+00
   4.3751099999999998e-03  -3.0477559092633233e-01  -6.5207651526598942e-01   8.8494312739739178e-01  -7.5653026274462953e-01  -1.4378878708587875e-01  -3.1657042880083103e-01   7.2119037880300263e-01
   2.2889600000000000e-03   1.5282796441469668e+00  -1.1390254286975816e+00  -1.8591542212262455e-01   1.4058253640993164e+00   1.3447628368796197e-01   7.6622654266700030e-01   1.3901881860287610e+00
   2.2477299999999999e-03  -2.1863238851225406e-02   8.4764483894441256e-01   1.1836963945625669e+00   3.3109933309648865e-01  -1.6404560881978045e+00   1.2703955860136451e+00   1.4435247358977688e+00
   2.2420999999999999e-03   2.1394867081270004e+00  -4.5338733362632094e-01  -3.0485050427774912e-01  -4.4634294356097215e-01   1.9152880371443397e-02  -1.0775636787317702e+00   1.3675797086982617e+00
   2.7983700000000001e-03   1.7329223011912899e-02  -1.2614108048517756e+00   6.8830961319183015e-01   1.7397447865714391e+00  -2.3827654638895887e-01   1.0603564242820447e-01   1.1951547877750752e+00
   2.0969999999999999e-03   1.6018580683441039e+00  -2.9328528266660980e-01   4.0109113496878784e-01  -4.9143360167226352e-01  -1.5438847092726924e+00   1.1018337201778665e+00   1.4337484582516968e+00
   4.2494200000000003e-03   4.3454964451137612e-01   1.4269233534874071e-01   2.2867086788587054e-01   1.1234458616058447e+00  -5.8602240931436012e-01  -1.4192042213856548e-01   7.0289850436504009e-01
   2.3114199999999998e-03   2.8856298071043995e-01  -1.1319042344470998e+00   2.2192150039460040e-01  -2.1143294292056196e+00  -1.0755150934471094e-01   8.8868001201725545e-03   1.2781318276503895e+00
   2.7201600000000001e-03   9.2799202294259187e-01   3.2093261996053557e-02   6.9107130065388056e-01  -1.6251654311544983e+00  -1.1128560675600709e+00  -1.1120428202509600e-01   1.1900602045347730e+00
   2.1196700000000001e-03  -5.2126311078901733e-01   7.3823059112907416e-02  -6.1071561499149174e-01  -2.3676515698080061e+00  -2.5045961827168428e-01  -2.9035570294823199e-01   1.3917076561187085e+00
   3.9335600000000000e-03   8.7961516024711739e-01  -1.6802123408380401e-01  -4.5750552143488810e-01   5.6425864285012051e-01   2.1449446238448963e-01   8.6407558968695453e-01   7.1572255804442697e-01
   2.3696300000000002e-03  -8.8618143761202617e-01   1.4070927971359215e+00  -1.9475539534657926e-01   1.0508113072654091e+00  -9.7874343430717625e-01  -1.1207069908397245e+00   1.3559931100239722e+00
   2.1311799999999999e-03  -2.7339341971090031e-01   2.0605945518080504e-01   1.8946713188788828e+00   5.7970024572106871e-01   1.3859522253049039e+00   7.6444772228064184e-01   1.4286299579090793e+00
   4.0856099999999999e-03   1.1822679680267209e-01  -8.5025066214486711e-01   3.8466575257151092e-01   3.9052641170282743e-01  -8.3587175002414860e-01  -5.4415736486131605e-01   7.1322107438393401e-01
   2.1666500000000000e-03   4.5785755969808628e-01   4.2709828919382747e-01   1.7724115650544976e+00  -1.0636293988152679e+00  -6.7742426643424203e-01  -1.0249427909959707e+00   1.3235047522632455e+00
   2.3870599999999999e-03  -4.4258166315746827e-01  -1.3977356462661239e+00   2.4297093195043173e-01  -1.4468665010386245e-01   2.6078840333917286e-01   1.9210784790323652e+00   1.3208004966277007e+00
   2.5209600000000000e-03   2.6098249240275889e-01  -1.8516325651149375e+00  -1.3758535213968826e+00   1.5049619587713023e-01  -5.3546184007525433e-01  -1.0538243123407766e-01   1.2742667534563856e+00
   2.6960700000000001e-03  -8.9143786997431362e-01  -1.3891629915777552e+00  -1.1272517953098717e+00  -3.9510101866803959e-01   1.7142625734244954e-01   7.9662560040967323e-01   1.0942319917579089e+00
   2.3425000000000000e-03   1.7047429442315147e+00  -2.3099817368678682e-01  -1.2146354723829760e+00  -9.0350381921630296e-01   8.2922045646865672e-01  -2.2864035831888865e-01   1.3173191769818411e+00
   2.1434599999999998e-03  -2.2785489940478219e-02   5.6416300123501828e-01  -1.9442067497253848e+00  -1.3372764823146270e+00  -7.0408152349390452e-01  -4.9948323072134808e-02   1.3806139028417306e+00
   2.5198000000000000e-03  -6.7266094342821003e-01   4.6349803492532937e-01  -1.1349803678410852e+00  -1.3331782189018246e+00   1.1478084601322587e+00  -6.8569253699649180e-01   1.2296884239383523e+00
   2.0582199999999999e-03   2.0576568214405646e+00   4.0026926327081952e-01   1.3521566951013890e+00  -3.9162143469040867e-01  -3.1414011399335851e-01  -5.0231540810492403e-01   1.4628551082296126e+00
   4.2753000000000001e-03  -2.5737713497881034e-02   6.5475588793627038e-01  -9.6133826450513249e-01  -4.7702153576800210e-01  -3.1022909322579301e-01  -5.2435835916845475e-01   7.1450888718922168e-01
   2.2387000000000002e-03  -1.4212200016663143e+00  -4.3175491238590225e-01   1.8350377724729727e-01   8.4352595662920338e-01  -9.3612386097817213e-01  -1.5396639077718530e+00   1.3523128599228362e+00
   2.5364599999999999e-03   7.1445727974231188e-01  -1.0530251226852652e+00  -1.3146045868042924e+00  -4.0865635401955458e-01   1.1373908727696064e-01  -1.3588705548560795e+00   1.1996926334530171e+00
   2.8946300000000000e-03   1.3773571428284062e-01  -4.9067119135154597e-01   2.0553983707531103e+00  -2.6282009818030916e-01   4.4377157699296371e-01   2.1035690826661985e-01   1.1156010753965702e+00
   4.1583799999999997e-03  -3.0399123509062703e-01  -1.4863892118233968e-01  -1.8642965311124501e-01  -1.2541271754142558e+00  -4.8400483947712591e-01   3.0708628481359401e-01   7.1899484332091845e-01
   2.2591000000000000e-03  -1.1578631274271265e+00  -7.1183291977164884e-04   9.0333515533558811e-02   2.0911307037186604e+00  -6.8261121079235221e-01  -3.0648132542548201e-01   1.3842822715364012e+00
   2.2178900000000001e-03  -1.2191613662514794e-01   1.4864747662306872e+00  -1.6251627211033985e+00  -5.8805209348577969e-01   1.0249010348230367e+00   3.5831073054119006e-01   1.4099969271065733e+00
   2.1592299999999998e-03  -4.3793618400557888e-01  -1.7882910285408218e-01  -2.0250289737421383e+00   3.2648279045761724e-01   7.9582925114817915e-01   1.1665522800409325e+00   1.3983687483348803e+00
   2.0245599999999999e-03   1.8872882686880271e-01  -5.2188301911731916e-01   1.1923927603499715e+00   1.1163347781605688e+00  -1.6557952653912773e+00  -9.7035759821372281e-01   1.4377854289307648e+00
   2.5705699999999999e-03   2.0649976338081504e+00  -7.6479236729871070e-01   4.4021784596552771e-01  -5.3888457161469359e-02   4.9048836118015166e-01   3.8874682733406118e-01   1.2128132376302168e+00
   4.1685400000000001e-03  -3.1838230185316463e-01   1.2054090748458625e-01   9.3540613966707445e-02   1.1215077026617060e+00   2.3881524052010944e-01   7.1459795382825508e-01   7.0443013087997419e-01
   2.3062000000000000e-03   1.2166391306277220e+00  -1.1060261814241967e+00   3.7750124193758033e-01   1.2659568653947464e+00   1.2640478320230280e+00  -4.1618639893641324e-01   1.3810398439419496e+00
   2.5482800000000000e-03   1.1880983768002000e-02  -5.3926501832381535e-03   8.1713374778617820e-01  -1.8948051942882300e+00   4.7671077520175981e-01  -9.4618808094469842e-01   1.1884947829562011e+00
   2.0145599999999999e-03  -8.2698067189651669e-01   1.8639480539227282e+00   4.5503753377854339e-01   9.9281209995071840e-01   5.6591407146669515e-01  -1.0772743932402296e+00   1.4658672549449063e+00
   2.2370200000000002e-03   1.2648286404478233e+00   6.1827699412274661e-01  -1.2814914933021462e-01   1.0384526736584287e+00  -1.6849179542755086e+00   5.3158672684275299e-01   1.3592991334290268e+00
   4.5418300000000002e-03  -7.9904983106892125e-01  -3.1236962422640796e-01   5.0311072376056920e-02   9.4462270280091321e-01  -8.5553152159545658e-04  -4.4773794914320397e-01   7.0984717518597862e-01
   4.3076700000000004e-03   1.1992632573548970e-01   1.8305425675117915e-01   1.1360262362367095e+00   1.4689123797576581e-01  -5.9689400240614221e-01  -4.1507176330857648e-01   7.0466215822915090e-01
   3.7174100000000000e-03   6.1966342833918553e-01  -1.3018531844307197e+00   4.3754326196575599e-01  -5.1455263030017984e-01   3.9635645401598729e-01  -9.9240835674861208e-03   7.8148122848260126e-01
   2.1945900000000002e-03   1.9588900837097152e+00   1.4794467887868101e+00  -2.3356021578643343e-01   3.9623673202995058e-01  -1.9453970149746974e-01  -4.2683308677944909e-01   1.4169510000816326e+00
   2.3362600000000002e-03   1.4373302501742085e+00  -7.1990917465807258e-01   1.3874781249431882e+00  -1.9375950960878480e-01   9.8797143793075737e-01  -8.4672300354826024e-01   1.3905939627618435e+00
   2.1084500000000000e-03   1.8726218170510973e-02  -3.4752430596207307e-01  -6.9148950374615614e-01   4.2154719440257910e-01   2.6520535659802608e-01  -2.3922052752573619e+00   1.4377854156002059e+00
   1.9399400000000000e-03   5.7740631372013039e-02  -7.7995906182356123e-01  -1.8583439705410594e+00  -4.3855848541702203e-01  -1.0065222936819120e+00   1.3099067900095946e+00   1.5019102104757942e+00
   2.3338199999999999e-03  -1.0204249889542529e+00  -2.2283230395253936e-01   9.1750713721507726e-01   5.7855281515534052e-01   6.5671546516513368e-01  -1.7924375489537070e+00   1.2937546483030997e+00
   4.0707399999999998e-03   1.0698406937911982e+00  -8.0815032934074338e-01  -3.7806066679003764e-01   3.1070394335824986e-01  -4.0380403562743622e-01  -7.0407415660832348e-02   7.3255023898872773e-01
   2.3836100000000000e-03   2.9642530205401085e-02  -1.2884764601861611e+00   4.8031153386421627e-01  -1.2985299221234585e+00  -1.5108251907237951e+00   2.9350365759497571e-01   1.3341452044367166e+00
   4.0511100000000001e-03  -5.1819412671187415e-01   9.8044350264925181e-02   5.6830170398728919e-01  -3.6176949811160247e-01   8.0910871967458564e-01  -8.3421871662983549e-01   7.1554643813512986e-01
   3.9156800000000004e-03   2.1378475051250601e-01   1.3250595262761131e-01   1.5308926736692535e-01   6.4269865729431219e-01   5.2533823554507919e-02  -1.2597813297044858e+00   7.0985130018488607e-01
   2.2362200000000001e-03  -2.4037238106730927e-01   1.1225146717838286e+00   1.5677902133990207e+00  -8.7978777305696820e-01   5.5924616801096849e-01   1.2715589881897440e+00   1.4275629390712772e+00
   4.4929400000000000e-03  -1.2316094432035435e-02   5.3491957698772663e-01   2.3061223471027040e-01  -8.8764953904041599e-01  -3.8868781162395932e-01  -7.6352494848229990e-01   7.1168262651106284e-01
   2.4114599999999998e-03   5.5852527655935513e-01   1.2375743085128266e+00   7.0555979544271363e-01  -1.8225809479232075e-01   1.6973144786466163e+00   7.4532526809696797e-01   1.2802794177357131e+00
   2.6663500000000001e-03   1.0134629916210562e+00  -2.1070502803419106e-01  -5.1429291134025046e-01   5.4924829963526556e-01  -1.6434083654833633e+00  -7.3375312570607598e-01   1.1015448649910722e+00
   2.0533999999999999e-03  -2.0856081730621101e-01  -4.8632950372084055e-01   1.4450034472387552e+00   3.8184300963919332e-01   1.8889024623108830e+00  -7.3174193589479386e-01   1.4256761727462219e+00
   2.1747799999999999e-03   3.5988087317861533e-01  -9.8092449878157961e-01   1.2965002393496214e+00  -1.4486362884781032e+00   1.2798423594743600e+00   1.5505403366806211e-01   1.4190110039846544e+00
   4.0823099999999996e-03  -1.1476017384604467e+00   4.5540305145813503e-01  -2.8887790529410651e-01   1.6390514016420160e-01   6.6391817199683711e-01  -1.9031832566460224e-01   7.1880561625056538e-01
   2.3536400000000002e-03   1.8141307712190938e-01  -5.4627876376514428e-01  -8.9139285662435386e-01  -1.2213636865083317e+00   3.5497859828748674e-01   1.7874730574003175e+00   1.3073856363831660e+00
   1.7856400000000000e-03   4.5590646851845162e-01  -6.6375310629762607e-01  -7.3110342560693309e-01  -1.8708138764065285e+00   1.3849013226355313e+00  -8.2059498977557543e-01   1.5459921997775301e+00
   2.5584300000000000e-03   1.2876192123014124e-01  -6.3225003856383755e-01   2.1038656253039769e-02  -4.4096044629914116e-01  -1.3855912181116248e+00   1.7933345733781012e+00   1.2916126527785536e+00
   2.6410399999999999e-03   1.1031757535504738e+00   1.7347344226374790e+00  -4.8473948455328197e-01  -7.5247856041883965e-01   4.9603820609432864e-01   5.5237746880423033e-01   1.2574758241341442e+00
   2.2682599999999998e-03  -2.0539160027685266e-01   2.2368654841356319e+00  -8.0631803329715770e-03   3.8519724317932957e-01   9.4094786958423349e-01   6.3696114231730949e-01   1.4247270265229242e+00
   2.4603500000000000e-03   2.5970016525799033e-01  -1.4576305480642313e+00  -9.3205437222033583e-01   8.0366534822738411e-01  -3.4001830039227127e-01   1.4423297838611646e+00   1.3129348550284166e+00
   4.4498100000000002e-03  -1.9615549456173639e-01  -5.5799911815195086e-02  -2.0499146050534295e-01   2.4714865903650093e-01   1.2367893411186908e+00   3.8952989441162311e-01   7.0431828217308501e-01
   2.5579999999999999e-03  -2.9315713577350944e-01  -2.7086047974194311e-01  -3.2768499161078385e-01  -5.0840720456743760e-01   2.0771564265826257e+00  -6.6088865273372943e-01   1.1819044928433360e+00
   4.6026799999999996e-03   2.3810460793575100e-01   1.2103144694479492e-01   1.0788539198446502e-01  -2.2815619289059472e-01  -1.2872245535926568e+00   1.5804624771243106e-01   7.1340151828714926e-01
   2.1621800000000001e-03  -1.2503738778333886e+00  -6.9400830497793975e-01  -8.3299331170841429e-01   8.7561409893835068e-02  -6.1519717806470131e-01   1.8226755061037789e+00   1.4068319772211362e+00
   2.3729599999999999e-03  -3.0245926717649280e-01  -2.4042709741806162e-01  -1.5119229057522514e+00  -1.1796944326572214e+00  -2.9415384934400268e-01  -1.3353714011720859e+00   1.2580029806630462e+00
   2.0926400000000002e-03   1.4873444170438324e+00   2.8400043229772970e-01  -1.5905715431047707e+00   5.1311117454325095e-01  -5.5315150380311082e-02  -1.2567477567524894e+00   1.4582163437486120e+00
   2.3211700000000000e-03   1.1944342316719843e+00   1.3065866477121570e+00  -1.4165993394221119e+00  -7.9281922484758260e-01   4.1089389027243892e-02  -7.4838982300669532e-01   1.4049987915517570e+00
   2.4227099999999998e-03  -2.5016501341872022e-01   1.0077697619902741e+00  -1.2102539681326561e+00   1.3954688291669080e+00  -1.2815402653898973e+00   7.7908513976249302e-02   1.3666628718829161e+00
   2.2896599999999998e-03   4.2707242745403613e-02   4.0024011028966344e-01  -1.6479464143657132e+00   1.7467153258275254e+00   3.0342585289330248e-01  -3.0453855390381079e-01   1.3446753287915121e+00
   2.6813100000000001e-03  -2.6498319679903448e-01   1.0218432112643596e+00  -7.0793667928047899e-01   1.0533429715716802e+00   1.6408446373585521e+00  -2.7263088449156408e-01   1.2554127540140649e+00
   2.3021800000000000e-03   3.0006968859874988e-01  -1.8266767779838842e+00  -5.2380338126935755e-01  -9.2372329365564365e-01  -4.4264447204093743e-01   1.1133013159624128e+00   1.3030969895970104e+00
   2.6221899999999999e-03   6.7505757115169496e-01  -7.3840188848527710e-01   6.7871365493687519e-01   1.0452149025574857e+00  -1.5233781379890663e+00   8.3261990707058164e-01   1.2535874925943222e+00
   2.7609700000000002e-03  -9.6499883860662339e-01   7.9967651304484710e-01   1.6540194440212237e+00  -9.0361522423995289e-01   4.9880608997967903e-02  -3.1625596886732549e-01   1.1859241510010861e+00
   2.5641100000000001e-03   2.2196842797913875e-02   1.3442662645951429e-03   1.8859362343596113e+00   1.1857545306455852e+00  -6.9809588710593773e-01   4.7902210601597012e-01   1.2749982638069817e+00
   2.2598399999999999e-03  -6.9321287633974837e-01   3.9992085365625452e-01  -3.9051717953796161e-01   1.6298867386680747e+00   3.7224217260067533e-01  -1.5869023314589350e+00   1.3311502766633232e+00
   2.1475499999999998e-03   5.3879233049805086e-01   1.7171894648777477e+00   1.4318971255074386e+00   1.6517028977818871e-01  -3.4590915738271810e-01  -1.0211638031853658e+00   1.4161301793014616e+00
   4.1693499999999996e-03   9.4410166827372299e-01   1.3927616011646943e-01  -5.4927672173487951e-01  -8.4887792387429561e-01  -1.2427430394464135e-01  -1.0813640932183821e-01   7.0778723016311373e-01
   2.3573100000000000e-03   8.1349145555910773e-01  -1.3981584628162127e+00   1.3731412302538757e+00   2.5917221962647635e-01   9.9377691481286679e-01   8.5165188528134261e-01   1.4116734100206458e+00
   2.3265199999999999e-03  -4.9579625540757816e-01   1.9372032478540171e+00   1.1933867036257018e+00   5.1313587634258817e-01  -7.0364217581886213e-01   2.0382619100467050e-01   1.3836345451497443e+00
   4.0855600000000002e-03  -7.0334556471922674e-02  -1.6004121415266789e-01  -4.7071556150137245e-01  -3.5315822183326767e-02  -8.8591298563328619e-02   1.3492068515912223e+00   7.1935106316790465e-01
   1.9167900000000000e-03   2.3520834764857765e+00  -4.8922224037929768e-01  -3.1666844035484926e-01   6.5238131975820735e-01  -8.4919920718917463e-01  -1.3360278255997399e-01   1.5136619853996958e+00
   4.1504500000000000e-03  -7.7393442045379668e-01   8.7166907465604404e-01  -2.0740522878387715e-01  -4.5207039226884110e-01  -6.1679410191823081e-01   1.9626961410070237e-01   7.1406199495807443e-01
   4.1041200000000002e-03  -3.9573688317604566e-01   2.9648038365747015e-01   8.9480472709496084e-01  -5.2105610014062853e-01  -5.5521943243560057e-01   7.3471047176730597e-01   7.2937147911019895e-01
   2.0596899999999999e-03   2.8206759321232994e-01   3.2715863141083760e-03   1.3224089642884923e-01   2.4405405202325885e+00   7.5271427282324221e-01  -4.3631911912046512e-01   1.4788122660682343e+00
   2.5012200000000002e-03  -1.9740697459994743e+00  -5.0403329240222128e-01   2.7795096729809821e-01   6.9607556828662098e-01  -8.4844275749002129e-01   4.8810038438166903e-01   1.2666498835673461e+00
   2.2776799999999998e-03  -1.3355904552301687e+00  -5.1939490123042019e-02   2.5874915390372688e-01   5.2944148594199969e-01   1.9855517807049174e+00  -1.1984322164147515e-01   1.3304570385940007e+00
   2.5934399999999998e-03  -1.0774156567823144e-01  -8.1168318023661878e-01   5.4747935089642452e-01   1.4273842525822871e+00   1.4539587045108855e+00   6.6970321799173216e-01   1.2586406694417402e+00
   2.8518800000000002e-03  -1.1706235386700037e+00   6.1721432522528963e-01  -3.3956966656214699e-01   1.2011751279934026e-01  -2.9521255476727581e-02  -1.6847979819536476e+00   1.0904963422401535e+00
   3.9618500000000003e-03   4.8700801672066468e-01  -3.2825521627335535e-01  -3.6977198624594437e-01   1.1703988497120503e+00   4.4032727380960363e-01  -2.0120966965288775e-01   7.1148510805553811e-01
   2.3356499999999999e-03  -1.1461024516203211e+00   1.9292074564486832e+00  -7.0835232749343346e-01   4.8612004897886485e-01  -3.7412302442049172e-01   4.2558899861681854e-01   1.3427018662459991e+00
   2.6102000000000000e-03   1.0166331964825971e-01  -2.8389195646382104e-01  -1.0853924748030157e+00  -1.0297476737083071e+00   1.6468942116294605e+00   6.7266132363307352e-01   1.2419237511066132e+00
   2.3183700000000002e-03   1.5392557749038198e+00  -1.4177428216157177e+00  -1.2428690698691541e-01  -1.1370585975609171e+00  -6.6824472960079651e-01  -1.6361905128435633e-01   1.3593652767786928e+00
   2.1691499999999999e-03  -3.0900330676181914e-01  -1.8546885052987723e+00  -1.9386341897004747e-01  -1.2037328387240507e+00   1.1840407883348703e+00   4.8141003523347015e-01   1.4569519609329602e+00
   1.7570999999999999e-03  -2.3556589131239819e-01   9.4758743886324059e-01   5.2648554002180370e-01  -2.0213013041799766e+00  -8.3972496807268937e-01  -1.0095894639375589e+00   1.4779839876461498e+00
   2.0840300000000002e-03   8.7534240640256911e-01  -1.4657175713038668e+00  -4.3470134370652530e-01  -3.3524731876837621e-01  -1.1884788397624944e+00  -1.4286045664626934e+00   1.4678980045676191e+00
   2.0607899999999998e-03   1.3074570912073562e+00   1.6077578721993442e+00   9.3016351192557370e-02  -3.6527707262814207e-01  -1.3110741979633334e+00   6.7376727695475003e-01   1.4159902714012464e+00
   2.2645000000000000e-03   6.4282254086160495e-01   9.9990034222432911e-01   5.5155093204650363e-01  -2.0945611704312506e+00   6.2241522396332946e-02   5.0398780096018547e-01   1.4111873083437347e+00
   3.8340200000000000e-03  -2.8769037107990469e-01  -4.7820938404536240e-01   2.5898489306474742e-02  -3.0499678659085566e-01  -1.6722367249251024e-01  -1.3761051472089185e+00   7.3652398832153054e-01
   2.2161600000000000e-03   5.2437763251043701e-01  -1.8904656571992107e+00  -2.5261645573618724e-01   1.1076145553029944e+00  -1.0744337686275824e+00  -3.4126634082091029e-01   1.4249534826574690e+00
   2.3128699999999999e-03   2.0344991756782487e+00   6.1420907859304241e-01   2.2025092676254857e-01   6.1931319650440453e-01  -4.6685169457602517e-02   1.2215097495113361e+00   1.4230130387320548e+00
   4.2285700000000001e-03  -1.0897889079941534e+00  -1.1850444964438835e-01   5.1570852658825828e-01  -1.1354110717530028e-01  -6.3298424888587135e-01  -4.2407818175902678e-01   7.2117948016586131e-01
   4.3300400000000003e-03  -1.1167730964248275e+00  -1.6962311295466578e-01  -6.0483980843763410e-03  -1.4408679229722504e-01  -1.8901885527029903e-02   7.8803666071415457e-01   7.1153493373409749e-01
   2.2739900000000000e-03  -1.3064162456503072e+00  -9.5968361732833229e-01   8.3135003736679569e-01  -1.7294103010013731e+00   1.5943899861803842e-01  -2.2765057731125155e-01   1.3982710588470615e+00
   2.3944999999999999e-03  -2.0025150349100640e+00  -3.1335148205549801e-01  -1.1581933860987783e+00   2.1003649120033491e-01   2.8567157587765674e-01   5.7444103583719508e-01   1.2997178172259909e+00
   2.2831200000000000e-03   5.4724126339289592e-01   4.6543020777425359e-01  -1.1700169229857380e+00  -2.9894622639857354e-01  -1.9215910401081917e+00   7.3696563705287677e-01   1.3564600517469119e+00
   2.4432000000000000e-03  -2.1905388963489139e+00   1.2864206762865424e-01   7.0441497340481241e-01  -7.0790497181669687e-01   4.7647548326717706e-02   2.3371853336468290e-01   1.3063917773571283e+00
   4.2213600000000004e-03   5.9151196560033448e-01   2.5972611461930822e-01   8.6052120413109257e-01  -8.8896398018619061e-01   1.5472933591506613e-01   1.4775339559092976e-01   7.1482557438028238e-01
   2.5898900000000001e-03   8.7940714605522041e-01   5.8590129908183253e-01  -7.1815142896839612e-01   1.2429858300808185e+00   9.8841862957492654e-01  -1.1755755736953317e+00   1.2456523749399908e+00
   2.2085400000000002e-03  -1.3078020238876862e+00  -6.3133042262989914e-01  -6.2727575218364984e-01   3.8132811063316285e-01   1.2143842266920550e+00  -1.4419245723291005e+00   1.3489485779513906e+00
   2.3555999999999998e-03  -1.5131550089256369e+00  -4.0536825807585913e-02  -1.2773145142394353e+00   1.0711666173293586e+00  -6.6355637920222199e-01  -6.6977013654822526e-01   1.3178052314672595e+00
   2.2174299999999998e-03   2.0551464256597156e+00   4.1733605536220209e-01  -6.5682873324664657e-03  -1.3017194136125712e+00  -1.7823441515190036e-01   6.3884110134676875e-01   1.4282563783127058e+00
   2.1770000000000001e-03  -5.3985679559524526e-02   5.3821124746693894e-01   3.2471114874829726e-01  -1.4035642951432075e+00  -1.7569993826296273e+00   1.0436832505915439e+00   1.4410372928634667e+00
   2.3322700000000000e-03  -1.8238670972060853e+00  -4.2662803339090888e-01   4.6211490429983237e-01   6.7618995870450693e-01   8.1695337540514901e-01   1.1101569469740327e+00   1.3398745598855750e+00
   2.6108899999999998e-03   5.6597631936397286e-01   1.8570502108666644e+00  -1.6704183201903824e-01   9.6193392730464500e-01  -6.1836110980678949e-01   8.9826069409235065e-01   1.3488248416239228e+00
   2.2147400000000002e-03  -1.0693341120060891e+00   7.3650874947097475e-02  -4.1109048676541654e-01  -7.3906979806239959e-01  -1.2606093623861168e+00  -1.6867181369587427e+00   1.3798831895971906e+00
   2.3848099999999998e-03   9.1713209995794531e-01   8.9926342140678805e-01  -9.4734555195278636e-01  -3.2261714527824620e-01   1.8277698910645042e+00  -3.7167524235835481e-01   1.3640182276384880e+00
   3.8749200000000000e-03   3.2796662532605270e-01  -1.4373468398300143e-01   8.2647405889141712e-01  -2.2815033341698721e-01   1.2137044109183528e+00   7.9494749034205225e-02   7.4044409210605799e-01
   2.4841099999999999e-03   6.3939815937950306e-01  -1.2580771503723092e+00  -5.9275471548828329e-01  -1.7411922339574309e-01  -1.8309556780063732e+00   3.1989005800537540e-01   1.2977136650406831e+00
   2.1677400000000000e-03  -6.1109274763904342e-01  -1.1219352289231435e+00  -1.1857641792252720e+00  -1.3235334454171188e+00  -1.3244460373560185e+00  -5.5616072177904562e-02   1.4367854801569513e+00
   2.0882800000000001e-03  -1.7343784641147000e+00   1.6643229599790726e-02  -1.5168835453863703e+00  -5.2427238313309898e-01   2.6742456854674840e-01  -1.0617448441007746e+00   1.4831745837349355e+00
   4.1254400000000002e-03   4.3411058110126138e-01   1.2169294140631817e+00   1.6963154631912050e-01   4.7338632129507043e-02  -5.5311976143815000e-01  -1.8450982684652747e-01   7.1404890190445991e-01
   2.3137900000000000e-03   1.0363313628309929e+00   7.2168002669319908e-01   1.1410898564257592e+00  -8.0110946441396380e-01  -6.1438777229441643e-01   1.4363710166733075e+00   1.3032160776843522e+00
   2.5645300000000002e-03   7.2501144673958118e-01   3.1715893429914865e-01  -1.7971638061181592e+00  -6.7410080168850006e-01   2.2804609585957705e-01   9.8650023448332014e-01   1.1876702462793922e+00
   4.1369400000000004e-03  -5.9849993432089454e-01   6.2230110097784175e-01   5.4220342364881258e-01   6.9053355406233330e-01  -6.6608480234439438e-01   2.9122065893647975e-01   7.1930308093334683e-01
   2.4256799999999999e-03   6.8225588872101639e-01   1.2136945231745226e+00   9.7549979450938865e-02   3.6924241680408483e-02   5.6097920013422065e-01   1.9062953693937623e+00   1.2962916160000764e+00
   2.2910000000000001e-03  -6.5982438144268851e-01  -2.1105561034247419e-01  -3.2449351481576801e-02  -2.0586739776609817e+00   1.0113328438467544e+00   6.6088792490254433e-01   1.3615424895600097e+00
   2.0935099999999998e-03  -4.1497296976323406e-01  -2.5313278936937078e-01  -6.3263430327493553e-01   1.0573996018445537e+00  -1.8999764723195751e+00   1.1415036420369227e+00   1.4446518019608001e+00
   2.5268999999999999e-03  -3.7346313972372347e-01   7.4251914710320732e-01  -1.1649977051758989e-01   2.7578697886248560e-01   1.5758789308724004e+00  -1.5304979963506669e+00   1.2576418412599384e+00
   2.1948400000000000e-03  -6.0517502407088219e-01   9.4846007267451715e-01  -1.2142745123641507e+00  -1.1069325161426841e-01   1.6282865663333448e-01   1.8892209749446169e+00   1.3873267351662293e+00
   2.4205600000000000e-03  -1.7327466931306196e-01  -2.2827685383219398e+00   5.8763189941663683e-03  -7.0595724950387007e-01  -4.4906795300022928e-01  -5.3796970088327944e-01   1.4005775133006126e+00
   2.4047000000000001e-03   8.2301281857981134e-01   1.3144019617280782e+00  -9.8319739084335533e-01   3.2848881817346215e-01  -1.4455116920169424e+00  -7.0577226584576713e-01   1.3541797500744839e+00
   2.4366399999999999e-03   1.8040818675908196e-01  -1.5907267273054932e+00   1.7733100309012775e-01   1.6619642591771064e-01   1.6939412984855029e+00  -3.3379012829118876e-01   1.2331146538417979e+00
   4.3674100000000004e-03   8.1232496677374449e-02  -3.4414249286414095e-01  -2.1931203157656423e-01  -1.0549034195003915e+00   6.6262928692173639e-01  -3.9106411798695007e-01   7.0731711581998680e-01
   2.3019700000000000e-03  -7.2658177265567525e-01   1.1655578441584500e+00  -2.4598274526226099e-01  -6.8492663249702679e-01   1.9491677184734060e+00   1.0964656356071895e-01   1.3678974230676317e+00
   2.3351999999999999e-03  -2.1241119384256444e+00   8.0212623520831405e-01  -4.2770341877496620e-01   1.0383836770264500e-01  -5.0873856282111940e-01  -3.4190684627110590e-01   1.2495677519399377e+00
   2.4015700000000000e-03   1.2140575750612477e+00  -5.0974294307136636e-01  -1.7290716575130773e+00  -5.6805296652237913e-01  -9.6522751319534761e-01  -4.0775492359717164e-01   1.3605145154724996e+00
   2.4763599999999999e-03  -4.3819125917821566e-01   1.2792036552530468e+00  -1.9289869878755472e-01   1.9751983740612460e+00   1.1331782942251301e-01   9.9154055913656211e-02   1.2848465357616370e+00
   2.4169000000000000e-03  -1.9928513402711320e-01   1.1670072094785009e+00  -3.0180466221024832e-01  -1.2935653661330386e+00   8.6847436421630997e-01   1.4567308297684090e+00   1.3519989792224154e+00
   2.2773899999999998e-03   1.5034626601983511e-01   1.0556351868238483e+00   4.9669672064811066e-01   1.1540733040342561e+00  -1.7754905627035202e+00  -4.2118155996512913e-01   1.3168634729550603e+00
   2.7379300000000000e-03  -9.1700246990182022e-01   7.8806625504097128e-01  -1.8340309910766843e+00   1.4899159666550432e-01   1.7119946123815249e-01   9.8776258748455911e-03   1.1129317733484343e+00
   4.1827200000000000e-03  -9.2967447529598624e-01  -3.4529830672283390e-01  -7.7575646667130271e-01  -1.8149430455884422e-01  -4.7655308117378775e-01  -3.7527225792337765e-01   7.1064021731560933e-01
   4.3339399999999997e-03  -4.9358641904374645e-01   1.8400044173261526e-01  -9.1430659853007290e-01  -6.4642951876151900e-01   4.3334964585285951e-01   4.4323131824254308e-01   7.1066334959796262e-01
   2.3182500000000000e-03  -5.5259720079828289e-01  -7.4675123735222049e-01  -2.1826133201212849e+00  -2.1033820900037029e-01  -2.1653130921513764e-01  -2.7550687787246692e-01   1.2629694678149952e+00
   2.1402100000000000e-03   3.2501794227521980e-01  -6.9524823419583337e-01   1.8203093382873223e+00   1.4445323827118253e+00   6.9637925082204444e-01  -2.8505663117960645e-01   1.4296816025499470e+00
   2.2594400000000001e-03  -7.5751020504879818e-01  -1.3262603481722979e+00  -1.1086746078046052e+00   4.5793598573479359e-02  -7.5503524351972795e-01  -1.4946774132922069e+00   1.3933829256967369e+00
   2.3867200000000002e-03  -2.5752300782004767e-01   1.1638388142129781e+00  -1.2938416524085818e+00   1.1403617200293967e+00   5.0614964270569573e-01   8.6451337229314984e-01   1.1836623166354183e+00
   2.1253999999999999e-03  -1.3305059790947964e+00   4.1705204875338564e-01  -8.2480886599783942e-01   1.4993688769309970e+00  -2.7640754446674781e-01   1.2802336808983186e+00   1.4370144476951643e+00
   2.3127600000000001e-03  -4.0024791777547719e-01   8.0641415211382739e-01   3.8087343340543162e-01   1.2967374479464038e+00   1.5925528226493169e+00   9.4414042033358336e-01   1.3278557896547858e+00
   2.3174400000000000e-03   1.2736941112243425e+00   6.4157357373005885e-01   1.6146978341790097e+00   6.9240677265703643e-01   1.0211329111382603e+00  -3.7319908703466811e-02   1.3467463117571086e+00
   2.1880400000000000e-03  -1.5327321528828772e-01  -2.4277284324332817e+00   6.6180314902318974e-02   4.5964956346414160e-01   4.0977958414314242e-01   4.4938196741214381e-01   1.4199312184376132e+00
   2.6192500000000001e-03   7.5976093366099584e-01  -1.3028924113740585e+00  -2.2196672352271543e-01   8.8333517732720995e-02   1.2729705154448023e+00   1.2718570033745327e+00   1.2498854784054880e+00
   2.2588000000000000e-03  -3.9100741476887102e-01  -1.8345153490093247e+00   1.3981282766128269e+00  -1.2686124875137883e-01   5.7007611539731029e-01  -5.7938758304139504e-01   1.3481197143817654e+00
   2.7104000000000000e-03  -9.0206264114964085e-01  -1.2902700425841982e+00  -7.7307081007734724e-01  -1.2505923588081167e+00   2.3931615762221542e-01  -5.9609740268570088e-01   1.1539376994641077e+00
   2.6044100000000001e-03  -8.6130874979642325e-01  -2.3061229724244514e-01   6.2322673621299352e-01   8.4674239138126661e-01  -7.7336859087081178e-01   1.6759286018589066e+00   1.1846481784387188e+00
   1.8756000000000001e-03   5.0202763218845647e-01   1.2934743391367431e-01   2.1730904284170936e-02   9.2312265444587427e-01  -7.5184904958430587e-01   2.3137388186726118e+00   1.5082544266526281e+00
   4.2203099999999997e-03  -5.8129997216302243e-01   4.9032515678179489e-01   3.9644271732446412e-01  -8.8195486111000698e-01   6.0764408765781197e-01   3.0766200833228247e-01   7.0978684834957795e-01
   2.5158699999999999e-03   1.9656824586899735e-01   7.0616652853558426e-01  -7.8360694425637833e-01   1.8040131501412493e-01   1.6325738621657422e+00   1.2848305820755856e+00   1.2325334317416803e+00
   2.5727599999999999e-03   1.7738549503366660e-01  -4.6670218667683411e-01  -6.2937328487413680e-01   2.0803321290138026e+00  -4.8625994991763555e-01   7.2295917045308788e-01   1.2934794511848247e+00
   2.1816900000000000e-03  -1.9161651643974201e-01  -6.5640371841316869e-01  -1.9114900063035714e+00   8.8151880600374821e-01   7.9371713622549656e-01  -9.2037613525373929e-01   1.3918640190151588e+00
   2.5013499999999998e-03  -1.1606514936675516e+00  -2.3274088321244951e-01  -7.3815614293249676e-01   1.7373474402370011e+00   9.6946690708999805e-01   1.5729492510998397e-01   1.3246369895494814e+00
   4.1817900000000003e-03   4.6030127138907218e-01   6.1263529922516557e-01  -7.4240235757778217e-01   4.6908042613667844e-01  -6.0219073307402249e-01   4.0009405976060725e-01   6.9892036780624212e-01
   3.9867599999999998e-03   1.0086522006679395e+00   4.1064538607195888e-01  -4.7062336181084885e-01   2.5765059931874273e-01  -2.1210554522868458e-01  -7.3562886426065632e-01   7.0911309073667228e-01
   4.2040799999999998e-03   7.9350111066338858e-01   8.5914352991031928e-01   4.9249819100993096e-02   5.6768484481169101e-01   5.0447026868402145e-01   3.0808725870442788e-01   7.1988219087360428e-01
   2.3139699999999998e-03   7.0892565430124777e-01   1.8930990406790320e+00   2.4872223082600095e-01   1.5794448302911648e-01   1.1533085397155551e+00  -8.1672373732492254e-01   1.3460993598012387e+00
   1.9802999999999999e-03  -8.9760683903754260e-02  -2.7138311748470761e-01   2.9598297158805059e-01  -1.7836381059656856e-01   2.4157183349318059e+00   8.8011161017390593e-01   1.4746499564796831e+00
   3.5385299999999998e-03  -1.2260015453256510e+00   1.3143775731590215e-01  -1.6525114163839844e-01  -1.0923036587453043e+00   4.8897582495212193e-02  -6.6565671727136977e-01   8.4848117070048223e-01
   4.3623600000000000e-03  -3.2440565185387510e-01   1.0134963002467969e+00  -2.7652083330714722e-01   9.8782782813774131e-02   3.5164098758205758e-01   7.2213421483558426e-01   7.0457425967163756e-01
   2.2160000000000001e-03  -9.7454137003461405e-01  -2.7631570863454767e-02   1.0786352255815681e+00   1.9137792228394876e+00   1.9006831383455761e-01   7.8475228247926676e-01   1.4088973822714925e+00
   4.1499600000000003e-03   7.8918326641133163e-01   1.4592772870758364e-01  -1.7068339213105210e-01  -5.4230706508818571e-01   7.0450931104753201e-01   7.4860376144060925e-01   7.1512596951367191e-01
   2.0852499999999999e-03  -1.4983589092341707e+00   7.9456728445379232e-01   9.3449896885940875e-01  -4.4795932586539089e-01  -1.4491219492198220e+00   5.8171157328366174e-01   1.3766052822442432e+00
   2.2972700000000001e-03  -9.4391784798941814e-01   1.4106821173679739e-02  -1.5735565052058762e+00   1.1646765570900161e-01   1.6643267109971362e+00  -1.1497165788882117e-01   1.3596936053478705e+00
   2.5080400000000000e-03  -6.3706667637738057e-01   1.2621408707939781e+00   1.0904053417591590e+00   1.4425995292445612e-01   1.5429114285715808e+00  -3.6398367874689663e-01   1.2805495287312527e+00
   2.2748800000000000e-03   4.3044304318348475e-01  -5.6076759028511988e-02  -2.1156282886595381e+00  -6.6473811263657379e-01   8.2161378355044123e-01  -5.0646895489684762e-01   1.3229826398369042e+00
   2.1659499999999998e-03   7.8541910617219191e-01   4.1320301051338694e-02   6.5308427840288363e-01  -8.6714357137959752e-01  -1.6452532759137165e-01  -2.2192517792889221e+00   1.4884844307159313e+00
   1.8952600000000000e-03  -1.6268756686582817e+00   1.0087138850114883e+00  -1.0790170200329310e+00   1.1010840108188464e+00   6.8858861351878342e-01  -6.8689359313785359e-01   1.4952348674197098e+00
   4.1316699999999996e-03  -4.6332176635064498e-01  -4.2276101556892037e-01  -9.9231018532684245e-01   6.3840570836577260e-01   3.5903661549923099e-01   3.7361679335564196e-01   7.1524160724437547e-01
   2.1838700000000001e-03   1.3427049202541368e+00  -7.0909623385714327e-01   9.9521561371532258e-02  -6.3003665790920893e-01   1.9105610846799856e+00  -2.2517026767379386e-03   1.3832040874630078e+00
   4.1252700000000003e-03   2.2420724210022742e-02   4.6725948354378566e-01   5.1417596255687004e-01   9.3620925787644838e-01   8.3030291750925300e-01  -3.2972806704053220e-01   7.3139247209941427e-01
   2.3764099999999998e-03  -1.2386663449750011e+00  -8.7031170610368036e-01  -2.5447021518137120e-01  -1.5590280550211810e+00  -4.2085650804532571e-01   1.1171179932404309e+00   1.3924936043781719e+00
   4.2491200000000003e-03  -3.1232075737554699e-01  -1.2227134899432056e-01  -8.1916106216890183e-01   3.4579669939450573e-02   6.4410962254568860e-01  -8.3922638964625951e-01   7.0470133011685454e-01
   2.4319799999999998e-03  -7.7148711861984109e-01   1.2764162326621089e+00   5.4591261777224753e-01   7.8173373232188914e-01   6.4969472964654079e-02   1.6413274916177631e+00   1.2843219648823043e+00
   2.1028399999999999e-03   7.1112968225674278e-01   8.9867781518020051e-01   1.8329006479987295e+00  -9.4673032948413749e-01   9.7589825295714383e-01  -4.5118578994699943e-01   1.4732685875879232e+00
   2.5105900000000000e-03  -1.1858929967687508e+00   7.3716208588717269e-01   5.9523711427931825e-01  -2.6021552397284015e-01   1.2690380646115587e+00   1.2354255789747703e+00   1.2325152422999786e+00
   2.3822600000000002e-03  -4.1735102686021769e-01   1.4912100161163468e+00  -2.5975198553564499e-01  -1.8222256792584704e-01  -1.8549444042209171e+00   2.1021981308534424e-01   1.3199376687559334e+00
   3.9324499999999997e-03  -5.7331342540551533e-01  -1.1944787944879474e+00  -8.5108544556288884e-02  -3.3764612457182580e-01  -5.3717574621684772e-01   2.4994105001268058e-01   7.2708075894128599e-01
   2.2753500000000002e-03  -1.7519691532042505e+00   9.9233648437426347e-01  -8.3127992873933176e-01  -1.0406128585671028e+00   4.7144165474481309e-01   4.9665240475389805e-01   1.3863873274169427e+00
   3.8564400000000000e-03   1.3679115221937321e+00   2.9166650276212758e-01   3.5870587538034804e-01  -3.7867886599396182e-02  -4.5050634502350173e-01   1.8631388375824398e-01   7.3578856968729622e-01
   3.9881600000000001e-03  -7.3298475316769234e-03  -7.0505437636924928e-01   8.6926366420299228e-01   4.9487663693544126e-01   4.6385933375908517e-01  -6.1562655743835160e-01   7.1410513500552564e-01
   2.3527100000000000e-03   4.6369632946836059e-01  -1.1827275362596210e+00  -1.4233925184889649e+00  -1.5257816354740048e+00   6.6448470069953233e-02   5.0590511427626828e-02   1.2998156464061896e+00
   2.3272499999999999e-03  -1.2890285477526509e+00   5.5020053108463540e-01   1.8359338330679498e+00   3.4585933936466079e-01  -2.2888689414072641e-01   9.6956173986471517e-01   1.4255264284445619e+00
   2.3370600000000002e-03   1.6418594313073345e+00   2.7197592509179663e-01  -2.6690767558119116e-01  -7.6716825953502066e-01  -1.5120197146055472e+00  -5.2891214690680899e-01   1.3275477220142791e+00
   2.3181399999999998e-03  -5.0403168928947950e-01  -1.0714404291219586e+00  -8.5223007196607237e-01   1.7141189217970685e+00  -2.2672776335689104e-01  -9.4470034330752406e-01   1.3148928086605634e+00
   2.2780900000000000e-03  -3.0007781483230883e-01   3.8013707892199533e-01  -1.6424268985488464e+00   6.2362372077809669e-01  -5.5531655456722462e-01  -1.5575929287128827e+00   1.3367138140956651e+00
   3.1910100000000002e-03   6.2827028760976833e-01   2.2727414591275816e-01  -5.5590411411280594e-01  -6.9288144700678778e-01   5.7865289795677866e-01  -1.4432962147498440e+00   9.0709027716721868e-01
   2.0422700000000001e-03   6.1357943238460577e-01  -1.3514935743535446e+00   1.4502556803952482e+00  -1.1786451274702825e+00  -5.2414031152713669e-01  -8.9074552855138478e-01   1.4617801894813838e+00
   2.2477100000000000e-03   1.4148237212754260e+00  -1.8615142557913094e+00  -7.5255164412827313e-01  -2.7858505727893376e-02   6.9187286782340107e-01  -2.0884409752906472e-01   1.4442380850179393e+00
   2.3289199999999999e-03   2.0017228127849624e+00  -4.8565036677387569e-02  -7.5964903093363267e-01   7.3037576501556212e-01   9.9031340902055975e-01   3.0204593718054566e-02   1.3376017255930051e+00
   4.0247199999999999e-03   8.9604912250472546e-01  -4.0765518890663638e-01   5.1909777031152127e-01  -4.5452399705268459e-01  -2.8461486262068442e-01  -8.1246153300052715e-01   7.2785439948794151e-01
   4.4095200000000001e-03   6.0344094978473739e-01  -6.2121167087594276e-01   2.7242017864609208e-01  -5.0858693429129453e-01  -4.9822723504241484e-01   6.9461627473051490e-01   6.9957064081499620e-01
   1.8064200000000000e-03  -1.2649661203595097e-01  -2.0178886950405763e+00  -2.1650830702733495e-01   5.0029748202612945e-01   5.9194098275161222e-01  -1.5995922194872283e+00   1.5488887411179493e+00
   2.1693500000000000e-03  -4.5456789525549338e-02   1.4991151627886103e+00   1.3550051347074730e+00   1.3758010961776090e+00   5.5906241333469653e-01   3.0165838303921921e-01   1.3878599924205284e+00
   4.3651799999999998e-03   9.0481977081212372e-01  -3.1573811143652081e-01  -7.6875522946057082e-02   5.9959586810316080e-02   8.6117125420011942e-01  -4.9630577949995835e-01   7.0888239658914631e-01
   3.9832699999999997e-03   5.3922534957692736e-01   3.5463799141523294e-01   4.7909157654074813e-01   4.2924291073278420e-01  -6.2235639426827227e-01   1.0165098194196414e+00   7.3640001518250053e-01
   2.2200200000000001e-03   5.3478353594768824e-01  -1.5915513515360480e-01  -9.2037701921793136e-01   1.7022247870957126e+00   1.2138951513512433e+00   8.7338892419845870e-01   1.3834754635974771e+00
   2.2316800000000002e-03   1.0582165076867365e+00   7.3315951186733264e-01   1.2096614097958258e+00  -1.5235598037240597e-01  -1.6895130989076979e+00  -1.1808150557795449e-01   1.3000028179922469e+00
   4.2349700000000002e-03  -2.6928091186476982e-01   8.4950997088294478e-01  -5.7437976842964678e-01   7.5389394244729779e-01   7.7239047386700080e-02  -4.8308386420937494e-01   7.0389263953564574e-01
   2.2965699999999999e-03  -1.4110659132480291e-01  -4.0171863622939236e-01   1.7348464325165462e+00  -6.6466817154672397e-01   5.8709823334798927e-01  -1.4044521223893260e+00   1.3003828974908971e+00
   2.1888200000000002e-03  -8.3487665422032031e-01   1.5263117206771523e-01   1.3220605088692008e+00  -1.1013261366331886e+00   1.6559595219178265e+00   6.1177777649725415e-02   1.3921253416127199e+00
   2.1686800000000001e-03  -1.4494731351354739e+00   2.5291468034631154e-01  -2.1932078827547535e-01   2.7824877195819364e-01  -1.9419767299766082e+00  -5.0293587101500614e-01   1.3770329244956163e+00
   2.3152699999999999e-03   5.9478842075234017e-02  -8.8989896310340555e-01   6.0881829937106402e-01   1.6498742580510208e+00  -4.3361391143848429e-03  -1.5143037056060737e+00   1.3570138309301927e+00
   2.7854099999999999e-03  -3.3816080994057529e-01   9.1245707750657479e-01  -3.9575002140268156e-01   2.1748268466060969e-01  -1.2166321602998000e+00   1.4814253095676482e+00   1.1070766427929968e+00
   4.0682200000000000e-03  -6.1197736239853573e-01   9.7865917665274182e-01   5.4262100202057573e-01   1.4097235017986212e-01  -3.0987073059021365e-03  -6.6064280576393930e-01   7.1841842490152374e-01
   2.2274100000000000e-03  -1.3928477386278384e+00  -1.5814698529394693e+00  -1.0908559833547740e+00   5.0948970072941668e-01   3.8584809319175967e-01  -3.9505222934696060e-01   1.3396912918369359e+00
   2.2189499999999999e-03  -1.3394797186758367e+00   2.5257582155839342e-02   1.0935973932649752e+00  -8.6741243467390150e-01  -4.3773118255287646e-01  -1.5762955229817432e+00   1.4041965453238001e+00
   2.5195100000000000e-03  -8.9039541825091628e-01  -4.4453004619282677e-01   9.9306175064199753e-01   9.4347272670209625e-01  -1.6278455872110122e+00   2.8567035218338893e-01   1.2599389328638326e+00
   4.2418700000000000e-03  -8.8518864285165055e-01  -8.6100411093179152e-01   4.7654523453060080e-02  -9.6580318518176791e-02   6.7133790874739840e-01  -1.7570486229808149e-01   7.1946003483616061e-01
   2.1161700000000001e-03   6.6510015544083811e-01   7.5960107821276535e-01   1.5084486091725102e+00   8.0629300247713120e-01   1.8896458245059186e-01   1.5558989739168230e+00   1.3810923736158418e+00
   2.1024600000000000e-03   5.7886193162768884e-01   6.5238732727908466e-01   1.0994913956510310e+00   1.1745577516287156e+00   9.4787472178100329e-01  -1.6189878941222202e+00   1.5107387096353646e+00
   2.3298199999999998e-03   1.2110547574117814e+00  -1.0091472617741304e+00   2.0391289944505855e-02  -1.5081056993833768e+00   7.1504546869150098e-01   8.4254641976401257e-01   1.3194195457920814e+00
   2.1973000000000001e-03   5.2305907085421199e-01   3.6924065131001799e-01   6.4523796907225917e-01  -8.9516123540266079e-01   1.7977785773128399e+00  -1.2163760444544245e+00   1.3781294611392900e+00
   2.2719300000000001e-03   1.1779863318317829e+00  -1.0261034806607958e+00  -9.3275407682997380e-01   1.3530263635894748e+00   6.2909429755655347e-02  -1.0972911861820493e+00   1.3976424257136741e+00
   2.5427399999999999e-03   1.3756829016106493e+00   5.9536190048283333e-01  -8.1420973751283365e-01   1.6856146436295794e+00  -2.7453277259836473e-01   1.7879923771352690e-01   1.3045170331454996e+00
   2.1916499999999998e-03   4.0254656926095927e-01   6.1527978709640452e-01  -2.2765266051711257e+00   3.9966694051048329e-01  -5.7771423466233907e-01  -8.2512210907059111e-02   1.3467958143409955e+00
   2.5679900000000000e-03   3.9312190610840919e-01   1.3680913195648317e+00  -3.4958801061357991e-01   2.8933932893655462e-01  -1.1001407987621759e-01  -1.8693572754137786e+00   1.2841315232284043e+00
   2.2647900000000000e-03  -2.9987042296825572e-01   1.9579323465165261e+00   2.6077324034128030e-01  -6.6592678226222468e-01  -5.4583286840684253e-01   1.2828794136434989e+00   1.4004182872069930e+00
   2.0580799999999999e-03   8.3208448741210417e-01  -6.3485282429244327e-01  -1.5156517565871055e+00   1.2231251718898855e+00  -1.3015952113636799e+00  -3.0720896084387010e-03   1.4341604591790955e+00
   2.1740300000000000e-03   6.6575269338971754e-01   1.2311594693009007e+00  -3.2209455719996533e-01  -1.6275885854587819e+00   8.8763906589310737e-01  -8.7431153531093941e-01   1.3779624955400860e+00
   2.4081200000000001e-03  -4.8599686068602038e-01   6.9128251400976892e-01   2.0866748332841314e+00   4.7101110022354892e-01   3.8821675061497518e-01  -7.3761732656451884e-01   1.3271939950020386e+00
   2.5618300000000002e-03   1.7624220920977967e+00   5.8447791753785483e-01  -1.2124514530205843e+00  -1.2199593793857258e-01  -6.1727587331619427e-01   4.5750646437390402e-01   1.2401208130941728e+00
   2.4768099999999999e-03   2.0575549866761159e-01   1.6647025753869018e+00  -1.3791048546028695e+00  -2.8270362288745632e-01  -5.7863632381736740e-01   7.2629622718110054e-01   1.2620172754026171e+00
   4.1403799999999999e-03  -8.4037959655354921e-01   2.1960384675207958e-02   9.8678712634926358e-01   3.8397087020815579e-01   5.2136348214336015e-01   2.0327372651707953e-01   7.2984981443160735e-01
   2.5857800000000002e-03   1.6290613707167273e-01  -4.8118336610544332e-01   1.4835197209186972e+00  -4.5193559499837083e-01  -1.6226631977224284e+00   4.6103985734392017e-01   1.2383299895504238e+00
   2.3474500000000001e-03   7.7364548781363496e-01   3.1418347398779184e-01   3.7274678349902562e-01   7.7170901188083341e-01   2.1299659295462421e+00  -3.9365408525434104e-01   1.3528525606995911e+00
   2.4899200000000001e-03   7.3857992280713025e-01   2.6695834179348965e-01  -7.9953992960576226e-01  -5.3682941752164026e-01  -9.9182042822470795e-01  -1.7700513087533407e+00   1.2651002327664096e+00
   2.1943200000000000e-03  -2.2276732495685003e+00  -4.5828853322993607e-01   5.6916713700111546e-02   8.1105850694358761e-01   3.3876676897485691e-01  -5.3211761254795664e-01   1.3463708589628174e+00
   1.9422199999999999e-03   1.2394216839754026e-01  -2.5261452021809513e-02   2.7819033160193879e-01   1.1321123490401816e-01  -2.6108559880670561e+00   3.4518903706003953e-02   1.4950028450495363e+00
   2.4252300000000000e-03   4.1550285860529007e-01  -7.0214124603455752e-01   5.4299730739007313e-01   1.9859230560265118e-01   1.1645294843642766e+00  -1.7951698984872657e+00   1.2248414449367517e+00
   3.9237600000000001e-03  -2.3939831018598812e-01  -6.8175574787424353e-01   2.1079705230364917e-01  -8.1318704091342198e-01   5.3447016128359282e-01   7.7160340020604479e-01   7.1217649280500628e-01
   2.2580299999999998e-03  -1.0817312935788914e+00  -1.4316480992044118e+00   5.8353003313380969e-01   1.2683995748845152e+00   9.7323097028111105e-01  -4.3474888940131279e-01   1.3787288380119740e+00
   2.5007699999999998e-03   1.1381514313026739e+00  -6.3422468951168887e-01  -1.8709588375040032e+00   6.8939706498381592e-01   1.8609334592349527e-01   3.0021290421632896e-01   1.2842574328421381e+00
   1.7808800000000001e-03  -1.4169417593993987e+00   1.1147653323627666e+00   2.2248013004346773e-01   1.2047202123101852e+00  -1.3823732903703283e+00   6.3455676152758189e-01   1.4803367024849057e+00
   2.3748100000000002e-03   6.4504296301107555e-01   1.3039000180175317e+00  -6.1727793521750762e-01  -1.4979546541869608e+00  -1.0706760541728477e+00  -2.4931312932244213e-02   1.2923688088687211e+00
   2.3288900000000001e-03   4.1023382672917236e-01   1.8864219658506880e+00  -1.2469637077708684e+00   7.8485731326686115e-01   2.0931107930402737e-01  -5.2581283866582251e-01   1.3744499158814991e+00
   2.4279300000000000e-03  -2.9524604113589986e-01   5.7296799037303980e-01   9.9620265697384935e-01   4.2663841944370218e-01  -6.1986399296213934e-01  -1.9926528620054635e+00   1.3204802028035192e+00
   4.0150799999999999e-03   5.1505734805196546e-01   4.0605632210001141e-01  -1.1955098507692687e+00   2.4395520735043466e-01   6.3943049997013246e-01  -1.2253905991277361e-02   7.4694295158023694e-01
   2.3115700000000002e-03   1.2749026023033803e+00  -6.7041207525769864e-01   1.9059730113973197e-01   5.8259235629813366e-01  -2.6018605353869795e-01  -1.8310503061397043e+00   1.2800537442605893e+00
   1.9026399999999999e-03   1.6530687526715619e+00   6.8483075520001646e-01   5.6291757834281406e-02  -4.0418334988725046e-02   9.0955109401774470e-01  -1.7147575463521283e+00   1.4974649465660432e+00
   4.1637000000000002e-03   7.6409165228292927e-02  -2.3714284357215232e-01  -1.0818175255780749e+00  -2.9773094815751161e-01  -6.8656000303084352e-01   4.7123685762198991e-01   7.1570215274237403e-01
   2.6079800000000002e-03  -9.2228978622721869e-01   1.7284093260163020e+00  -6.3695741248839854e-01  -3.3566948371787614e-01   6.9018543486071016e-01  -7.6481535357546615e-01   1.2200506819287613e+00
   2.1033599999999999e-03   1.2864911847161025e+00  -5.2483926678529513e-01   5.3242997624699939e-01   1.8277566798790363e+00  -8.9533686404248902e-01  -4.6780595882534171e-01   1.4242129273855209e+00
   2.4229999999999998e-03  -3.4690272951338597e-01  -5.2529632495097767e-01  -3.5792028803415710e-01   1.4506398046007372e+00  -1.6763574170741755e+00  -4.1294905901768236e-01   1.2382266682464778e+00
   1.8354599999999999e-03   9.3293314108121705e-01  -2.7588570484336278e-01  -1.0400506914801089e+00   4.2156648521013401e-01   6.5095063894193050e-01   2.0847606556589313e+00   1.4685661572085089e+00
   3.9456900000000000e-03   4.1708048145585666e-02   9.7237567291822213e-01   9.9924213891675062e-01   1.1606201952251508e-01   2.7247712147854974e-01   4.0046959641576363e-01   7.2499342296474301e-01
   1.9430199999999999e-03  -1.1109921657993529e+00   9.0946044493353051e-01   3.6653402025805859e-01  -1.8300289826198257e+00   8.9899946624695271e-01  -6.3047028176822573e-01   1.4564950007220481e+00
   2.0040300000000000e-03  -6.5992659948316446e-01  -6.9654077752933941e-01  -1.9076351710012984e+00   1.2363884331984185e+00  -4.9209807164319691e-01   5.2226641653558326e-01   1.4019442968072366e+00
   2.3268199999999998e-03   2.1061628265787377e-01  -5.9986237347055038e-01   1.6805383860879062e+00  -1.4022756028794600e-01  -4.5036636279240522e-01   1.6457249051748144e+00   1.3544424693366264e+00
   3.8403600000000001e-03   7.1099507097920955e-01   5.7934966939523402e-01   8.5576519399785422e-01  -5.1929785124214693e-02   4.1365424762678304e-01  -8.5264913262607567e-01   7.5519566013693196e-01
   2.1989499999999999e-03  -1.4017507444771684e+00   1.5772674786513892e+00   4.4297726142766264e-01  -7.1665417257816111e-01  -7.7659517127786160e-01  -8.4288113553262223e-01   1.4143309271607114e+00
   2.4441599999999999e-03  -7.4966583101450046e-01  -1.1950160954727507e+00   9.6421139604795802e-01  -1.6277388735759796e-01   1.4183287453573759e+00   7.1399545165052503e-01   1.1994945907654351e+00
   2.0126200000000001e-03   3.2383407360994737e-02  -3.3215929560163671e-01  -3.0255513157473923e-01   8.0672161311197554e-01  -1.4221390040077380e+00  -1.9367470895056880e+00   1.4278214703086447e+00
   3.8350099999999998e-03  -8.5810344087584545e-01   3.2265150686515026e-01  -6.6354222816647079e-01   6.5586251086014635e-01  -6.2745305670331475e-01   3.6037639923111664e-01   7.2555357962225653e-01
   2.1283999999999999e-03   2.8858269328844732e-01  -2.1763750504306664e-01   6.5051126728782860e-01  -9.9185032520637273e-01   1.2965096564685772e+00   1.7897924372180520e+00   1.4011225740528763e+00
   2.3957100000000001e-03   1.2670564204646910e+00  -4.8374627202239762e-01  -7.1076195598672987e-01   5.5503967331967019e-01  -1.0951758113361774e+00   1.2285148653860518e+00   1.1731415120016244e+00
   2.0694400000000001e-03  -3.3434898461620222e-01   1.2128433976264905e+00  -7.2145792221921912e-01  -1.2548307762613762e+00  -1.6438916426151590e-01  -1.6782102189862032e+00   1.3993222821366402e+00
   1.6896000000000001e-03   3.9722922529706012e-01  -1.4827081870339587e+00  -1.7772293862706601e+00  -2.3419988898677893e-01   9.2450615261915969e-01   8.9112724286142220e-01   1.4992983165668476e+00
   1.7320000000000000e-03  -4.7667945486984581e-01  -2.0597742844881625e-01   1.0503829888778731e+00   5.8782875617952657e-01   9.2471363324042577e-01   2.1172653194758455e+00   1.4808128085691530e+00
   2.1078099999999999e-03   4.8505351383414530e-01   8.1656980534213763e-01  -1.7326018932466444e-01   1.6168496278148952e+00   3.5598390706800759e-01   1.5462313025172016e+00   1.2983575619204382e+00
   2.0471800000000000e-03  -1.4699119621660908e+00  -1.3272034738468885e+00   1.0930974091938803e+00  -3.8447829292919417e-01  -1.0687596860953590e+00  -2.8819248411138948e-01   1.4028277991535441e+00
   0.0000000000000000e+00   0.0000000000000000e+00   0.0000000000000000e+00   0.0000000000000000e+00   0.0000000000000000e+00   0.0000000000000000e+00   0.0000000000000000e+00   1.1491586376600087e+00
