   1.5512600000000001e-03   1.9882234743777749e+00   1.5505481476603356e+00  -3.8663021088209826e-01   9.3046717273159085e-01   6.0266409820027522e-01   7.3242259464210968e-01
   3.2078499999999999e-03   7.4972577808395302e-01  -6.3625911079714562e-02   7.9927320729691956e-02  -1.5687236324791560e+00   2.5223512472979387e-01   4.8783888988855612e-01
   1.5880700000000000e-03  -1.5703105522439595e+00   1.1234579371897446e+00   1.1198802280309454e+00  -1.4476180823837737e+00   5.5683137192476484e-01   7.0494836826053564e-01
   1.4045500000000001e-03  -1.4720076909070432e-02   1.8698352864030268e+00  -9.7894083385062791e-01   1.7103863255935159e+00   5.7294203395043519e-01   7.1327129369799402e-01
   1.5965700000000001e-03   2.0919394436239140e+00   7.2903310946688216e-01  -9.1566146928818548e-01  -1.2207581886496857e+00   5.8711892157772727e-01   7.2422841235904778e-01
   1.4724300000000000e-03  -1.4483824689221074e+00   1.1703894508613533e+00  -1.2418003005987714e+00  -1.4838879318081206e+00   5.5779933635408918e-01   7.0627800339974589e-01
   3.5894199999999999e-03   3.9237673417869595e-01  -1.3544380445277799e+00   4.5872732476430261e-01   6.0423772772832440e-01   2.3589334640495280e-01   4.7228765612805595e-01
   2.9758800000000002e-03  -2.0579653474429269e-01   1.2262541762834118e+00  -1.4085891357137150e+00   1.4797051599716954e-01   2.7894678327287192e-01   5.1303525527808069e-01
   1.4074500000000000e-03   1.2859822939791343e+00  -2.0734640254979988e+00  -7.6447636274523212e-01   1.0724447174475487e+00   6.2772395759640609e-01   7.4664925957096051e-01
   1.4894000000000001e-03  -1.0655673429981363e+00  -1.0490786668638963e+00  -2.0487100157243884e-01  -2.2508372361117388e+00   5.8106506769496113e-01   7.1976761091869323e-01
   4.0929499999999997e-03  -2.5247996560880853e-01   5.1254064624742435e-01  -1.0538840893749675e+00  -2.9912921862569258e-01   1.9149485694925344e-01   4.2649274111657376e-01
   3.3273199999999999e-03  -1.2451770006215710e+00  -2.0926183648413330e-01  -3.0568367034599531e-01  -9.4135216362096441e-01   2.2670538057921394e-01   4.6306908729270141e-01
   1.5948600000000000e-03   1.1061717969889697e+00   4.7259371492782254e-01  -6.6915615224169422e-01  -2.2751910506188473e+00   5.5841926813561182e-01   7.0694429893359412e-01
   1.5666400000000000e-03  -1.9450593157607017e+00  -1.3584742734911175e+00   7.3593705566884127e-01   9.9084695979339310e-01   5.6906215994674603e-01   7.1182219622995446e-01
   3.0888100000000000e-03   7.2199580871469701e-02   3.1093207553728952e-01  -5.8576040268098772e-01  -1.6855261816708207e+00   2.6361525239677375e-01   4.9867945309877015e-01
   1.3639500000000001e-03   8.9252429192023386e-01  -9.8393752461216355e-01   5.9179804985733331e-02  -2.4352250354241280e+00   6.1522300377157768e-01   7.3979168901585102e-01
   1.4489600000000000e-03  -5.1727643949074376e-01   2.2431055721584507e+00  -7.9652936312572309e-01  -1.3120868018445258e+00   6.1924922622928802e-01   7.4269185136096461e-01
   4.0905200000000003e-03   6.2411056463625358e-01   8.2542757291012292e-02   2.0374399028518403e-01   9.4255219744586960e-01   1.8307547319189113e-01   4.1679127860203591e-01
   1.7423300000000001e-03  -2.5146029354755379e+00  -3.1276916602006172e-01   6.3893299811008719e-01   7.3272229069777303e-02   5.4264063720155431e-01   6.9757445612517976e-01
   1.3667799999999999e-03   1.5629637456702432e+00  -3.6582045770676935e-01  -1.4266009489013778e+00  -1.6818218463075114e+00   5.8508082024582808e-01   7.1921872094305705e-01
   4.2891700000000001e-03  -6.4023379159868532e-01  -6.7453785312657766e-01  -4.5187356252574179e-01  -6.0143945276249855e-01   1.9196494117541912e-01   4.2685066652301867e-01
   3.3060400000000001e-03  -1.0044190519530403e+00  -1.3693472645819780e+00  -2.6730072995097626e-01  -3.9390322177249076e-01   2.6058055065001573e-01   4.9617944458254282e-01
   1.6241199999999999e-03   1.6466912069984128e+00   1.4256491230546249e+00   1.2250774794544899e+00  -6.7780931232153185e-01   5.0953031876798016e-01   6.7597206167517787e-01
   1.8041999999999999e-03   6.5951965597285955e-01  -2.1137238019392184e+00  -3.9772371022268255e-01  -1.2838497886044691e+00   5.3417252633098955e-01   6.9218733148182898e-01
   2.6737000000000002e-03  -8.2906853516278134e-02  -6.0715870367962965e-01   1.4524944798815936e-01  -1.8499784436404068e+00   2.8370596391364983e-01   5.1709031783931747e-01
   1.6158500000000001e-03  -1.5282494723118678e+00  -1.7571063469037556e+00  -5.8253215068983311e-01   9.8200790928789494e-01   5.1781610863198102e-01   6.7964962022037378e-01
   1.9039700000000001e-03   3.9133097757022228e-02   6.9715383878586878e-01  -1.0640325971894387e+00   1.9996014741436818e+00   4.0234983956613968e-01   6.0569252325071876e-01
   3.2327900000000001e-03  -1.2619544470080486e+00  -4.6642837541389165e-01  -2.8744081169795693e-01   1.1855840011059193e+00   2.6828975235439900e-01   5.0342944420678981e-01
   1.6624000000000001e-03   1.4654733504684756e+00  -1.3189141407318523e+00  -1.6995869599881213e+00   2.4213640807162995e-01   5.3640051734237171e-01   6.9249434720053193e-01
   3.2404299999999999e-03  -1.1016336787685667e-01   4.7090911264270635e-01   1.4959773717768889e+00   7.7250119460037892e-01   2.5408876599539532e-01   4.9014440292581329e-01
   3.2504700000000001e-03   1.3742072220960262e+00  -8.4288863345713538e-01  -5.7418143929760235e-01  -1.4396848704322174e-01   2.4863499908753148e-01   4.8456771655304554e-01
   4.2268200000000001e-03  -4.2993990456901593e-01   7.3928967914077826e-01  -1.4580140738782738e-02   7.3888451951882672e-01   1.8388850988533800e-01   4.1776213137378160e-01
   1.5821800000000001e-03   9.2992689600241019e-01  -4.6945271694006846e-01   2.3882539413916817e+00  -6.0757881601635144e-01   5.7730411931134329e-01   7.1696780554593176e-01
   2.8517199999999999e-03  -8.4775533750958043e-01  -1.1312752961421562e+00  -1.2440360569335336e+00  -3.7098558589594421e-01   2.8204037774008200e-01   5.1543408528489743e-01
   1.4314799999999999e-03   1.8268456342398751e-01   2.4525070188734088e+00   9.3952343172447739e-01   7.4492002912859701e-01   5.9813551977818125e-01   7.3010654208123782e-01
   2.9851500000000002e-03  -1.0034318462965315e+00  -6.6379110856630019e-01   6.8241689300849395e-01   1.2753382732024257e+00   2.7574779000398963e-01   5.1022632371721577e-01
   3.6201599999999999e-03  -3.8049078005569892e-01  -8.2312282224638211e-01   1.2397091127691671e+00  -1.1564443153619669e-01   2.2393667741615536e-01   4.6046295235737800e-01
   3.1444400000000001e-03   1.3834124069714375e+00  -2.2716292850356967e-01  -4.3168761374579617e-01  -1.0504213925845389e+00   2.6295281092678552e-01   4.9830613879990859e-01
   1.6521500000000000e-03  -1.8465122655487853e+00  -2.8376259586463900e-03  -6.4450754777270669e-01  -1.6494027064865024e+00   4.9327837643710676e-01   6.6517487697870448e-01
   2.4570999999999998e-03   2.0182994726273784e+00  -4.2660461664460581e-02  -2.8501645979570894e-01  -2.5456775907950874e-01   3.0145888798709702e-01   5.3191817457051771e-01
   1.6601700000000001e-03   1.2355141703439279e-02  -1.3440212323855123e+00  -2.1432752002737945e-01   2.2317084956134692e+00   5.3538182524319389e-01   6.9239706409783941e-01
   4.0213100000000002e-03   7.1566590951881004e-01  -4.1468443681346567e-01   1.7202159536727382e-01  -7.9126547536680569e-01   1.8094479218069220e-01   4.1451775859849543e-01
   2.6884200000000000e-03   1.1652695236132580e+00  -1.3163077212479342e+00   8.7846645528174860e-01  -1.4717082279359535e-02   2.8646794627710725e-01   5.1941681704620535e-01
   1.4501200000000001e-03   1.1507894382143300e+00  -8.8938575459158709e-01   1.4009542440115694e+00  -1.8647265115453779e+00   5.9737618736850329e-01   7.3134823834639029e-01
   1.5321899999999999e-03  -1.2676115676695212e+00  -1.2026683190297138e+00   1.2074743020248024e+00  -1.6154882596717810e+00   5.5147087746618362e-01   7.0266385681222987e-01
   1.6305300000000000e-03  -2.1076990910584144e+00  -1.5376071090601262e+00  -1.5648596728287792e-01  -1.7156410101056555e-01   5.3797805210423222e-01   6.9284756049516505e-01
   1.4792600000000000e-03  -3.3093070846361794e-01  -2.4151124017351586e+00  -4.5870395258972180e-01   1.2391223500670401e+00   6.4331537177193332e-01   7.5599989518234623e-01
   3.1518900000000001e-03   1.3225872988164331e+00  -3.8352790053906538e-01   1.1315314436561910e+00  -5.0454960337623939e-03   2.5831703048336357e-01   4.9414136396351072e-01
   4.6835999999999996e-03   3.6224410519310352e-01   7.9005044694605220e-01  -5.9246433410154987e-02   5.7119510380371652e-01   1.8179123987068160e-01   4.1581840862341873e-01
   3.9084400000000000e-03  -9.8730703298100270e-02   2.6790954179895293e-01   3.5794767498917923e-01   1.1511240113098069e+00   1.8648594012368119e-01   4.2094728593542124e-01
   1.3321299999999999e-03   5.3873392737386505e-02  -1.4584084455334292e+00  -1.4795986635858629e+00   1.8505115684416922e+00   6.3453540040883860e-01   7.4915168993764414e-01
   3.0913899999999998e-03   6.6297339624464768e-02   1.0277680376114264e+00  -1.6595973238043360e-01   1.4181832635256315e+00   2.5152694320033597e-01   4.8733071551766088e-01
   3.0979800000000002e-03  -5.2475292652492711e-01   1.6218351867981766e+00   4.3020315479797087e-02  -5.5195301844533584e-01   2.5866964793875108e-01   4.9444212540809890e-01
   4.3090899999999998e-03  -4.4451902980290320e-01   7.8882474397620972e-01   4.1313797684082547e-02  -5.4266439390829146e-01   1.7617022129996801e-01   4.0925415022022166e-01
   3.6392000000000000e-03   1.9286499137594226e-01   1.1759200789433126e+00   3.9128609686491206e-01  -9.4976879844555706e-01   2.3290737528484953e-01   4.6910706020072129e-01
   1.4246700000000001e-03   9.3635940903398551e-01   1.1457367476999636e+00  -2.3442612910528260e-01   2.3440422494512663e+00   6.2534700556897727e-01   7.4711846239880597e-01
   2.8330299999999998e-03  -1.1701754713702237e+00   1.8617527953232119e-01   1.1991541054248878e+00   9.3642232858451147e-01   2.8290894239396275e-01   5.1625056810910674e-01
   1.5425199999999999e-03   1.0409992378553390e+00   7.6308967515166493e-01  -2.0352032357535914e+00  -1.2636544764599578e+00   6.0116937795966141e-01   7.3271752819007119e-01
   3.3037399999999999e-03  -1.0213395248046575e+00   3.2192399122715126e-01   3.1187804640173150e-01   1.2774522771344625e+00   2.4446144966728725e-01   4.8069230791173773e-01
   4.2909699999999999e-03  -5.7942170117030611e-01  -8.1641578461825159e-01   3.5970379989559931e-01  -3.8215265022205308e-01   1.8289217754211631e-01   4.1699842621311473e-01
   2.7720700000000002e-03   3.0225000530135049e-01  -1.1190634354664661e+00   1.3909443246282913e+00   6.5841362014973948e-01   2.8206239594599020e-01   5.1526624173808433e-01
   2.5039900000000002e-03   1.8140025529878803e+00   5.8161057991040666e-01   1.3659541480603299e-01   5.9188547288089377e-01   2.8863218627988185e-01   5.2109282926873146e-01
   1.6782100000000001e-03   1.6656696016781460e+00  -1.8728695899967525e+00  -6.0846755861506907e-01  -3.3717700702881348e-01   5.3379481214278501e-01   6.9071975315153411e-01
   4.2637500000000002e-03   5.2031336153219276e-01   2.4091046584113174e-01  -8.9759022384223863e-01  -3.4522589216418748e-01   1.8180249679633256e-01   4.1559918779778915e-01
   2.9305199999999998e-03   3.1961794503085678e-01   1.8434250249650181e+00   3.9167484279958542e-01  -1.8261594925436244e-02   2.8192959991961325e-01   5.1581166645062582e-01
   3.2529999999999998e-03  -1.7060143939355850e+00   2.6988140477738520e-01   5.2211853772983673e-02  -2.7241121783050015e-01   2.5470418259621996e-01   4.9046050295450516e-01
   2.9424500000000001e-03  -5.1220780131641719e-01  -1.5556897581829396e+00  -7.0039575512297225e-01   4.5359574210817122e-01   2.6415333389117868e-01   4.9926519308499739e-01
   4.6786400000000004e-03  -6.1841451724575069e-01  -3.2760631218900543e-01   2.3546643240189449e-01   7.3390557917561794e-01   1.8218649234986808e-01   4.1615705671567860e-01
   1.5779800000000001e-03   4.0481435129769305e-01   2.2207879156576547e+00   1.2693341581888815e+00  -6.7360133003305622e-01   5.7278340020502239e-01   7.1360270585030683e-01
   3.0074799999999999e-03   1.0547003157725268e+00   1.3329597952369934e+00   3.3605326803130481e-01  -5.8985323077809060e-01   2.6525917987138176e-01   4.9993261501247732e-01
   1.6434600000000000e-03   1.7461632179502879e+00   4.1462878407488041e-01   1.9209342666905822e+00   3.6376125424059345e-02   5.4589956900248027e-01   6.9714254976204915e-01
   4.4106500000000003e-03   1.5027543507016072e-01   7.2993903644509339e-01  -5.3631040301114519e-01  -7.9896638105221363e-01   1.9576100789297096e-01   4.3131361077776537e-01
   2.5990800000000001e-03  -8.2421866128380517e-01   5.0162335546144110e-01  -1.6700206494028833e+00  -4.5979078785105026e-01   2.8778670846435878e-01   5.2026140133459076e-01
   1.7912399999999999e-03  -1.5076724547855541e-01  -1.5986511652480768e+00  -1.8933588465800948e+00  -3.5828681628732545e-01   4.7403809954367537e-01   6.5400557483992217e-01
   3.0744100000000001e-03  -8.4065578994362830e-02  -1.6526493738577570e+00  -6.4665692022285204e-01  -4.3950123501267568e-01   2.6554758516711607e-01   5.0090460883587129e-01
   1.6266900000000001e-03   1.9300020303102376e+00   2.6362522984559317e-01  -7.2068849801294832e-01   1.6414684297862923e+00   5.5134765066252378e-01   7.0255878844104247e-01
   1.3774600000000001e-03   7.3933905023083579e-01  -5.1868745352587016e-02  -1.5874080717078587e+00   2.1776385653952159e+00   6.4353424711560414e-01   7.5532410878816081e-01
   1.5296400000000001e-03  -1.7164173724291526e-01  -5.6115496487102534e-01   1.0906597822350113e+00  -2.3787233807068797e+00   5.5877512000951290e-01   7.0769330148045928e-01
   3.9485099999999997e-03   2.7127985894753770e-01  -6.0686148259521100e-01  -8.1177528664711074e-01   7.4387839627817542e-01   1.9436000050926686e-01   4.2943030191311904e-01
   1.4366800000000001e-03  -2.1321858514517227e+00  -1.2627061805355963e-01   1.4451093834284396e+00  -9.1891623544734435e-01   5.9378161279031261e-01   7.2679663064597078e-01
   1.8756300000000001e-03   6.7968581186826638e-01   1.3962009007964573e+00   1.1584798919478847e+00  -1.6001882936736982e+00   4.8939907111329256e-01   6.6321928575091837e-01
   3.3935900000000001e-03   1.0674332137618769e+00   8.6797448557126389e-01  -1.1352406906825341e-01   1.1459130084652440e+00   2.7034304336640508e-01   5.0542757931889060e-01
   2.9060599999999998e-03  -8.0704198678519157e-01   1.0276395863539600e-01  -6.7757999878938754e-02  -1.7001372055498059e+00   2.7417488605027901e-01   5.0845060353939586e-01
   1.3830900000000000e-03  -2.4213743772360474e+00   7.2348187018495491e-01  -5.2204735944370265e-02  -1.1041351318699490e+00   6.1555057493315690e-01   7.3844331004978025e-01
   1.5978200000000000e-03   3.5027530768230752e-01  -2.3004169964630292e-01  -1.6721432743547000e+00  -1.9773555814186405e+00   5.2839925581421465e-01   6.8810220686096546e-01
   3.1392400000000002e-03   8.2837687349294209e-01   4.3928435661592857e-01  -9.5989078730661970e-01  -1.2283058830099640e+00   2.6572701105688951e-01   5.0116774434862854e-01
   3.6166499999999999e-03   1.0015612667213207e+00   1.1933942378224776e+00   5.0936923022484615e-01   3.9856942851925187e-01   2.5471110255054902e-01   4.9029380520532845e-01
   2.6218900000000000e-03   1.6523276635666782e+00   5.2206566950820676e-01   1.5673515289909717e-01  -1.0547010352030424e+00   3.0536881482567824e-01   5.3554606253119363e-01
   1.3345700000000000e-03   2.5247042990687976e+00   1.1244453665524017e+00   1.7757127084314134e-01  -4.2430842394074386e-01   6.3494036937874621e-01   7.5178780487436259e-01
   1.2599600000000001e-03   2.7114432080008650e+00  -2.7680007560654842e-02   9.9612740837605684e-02   7.6952523172334031e-01   6.3719788913160458e-01   7.5136192809301861e-01
   3.1893099999999999e-03  -1.0673218775177766e+00  -5.0645455028534681e-01   1.0995795413800808e+00  -7.1079328766952932e-01   2.5363682065529358e-01   4.8966395211243041e-01
   4.1626299999999996e-03   3.4427383972169373e-01  -1.1047632608544595e+00  -2.9894374224550047e-01   2.7827305490578902e-01   1.9117332032534479e-01   4.2614984211853313e-01
   3.1382099999999998e-03  -5.0416193376242868e-01   1.0591091909299639e+00  -9.9600766562855192e-01   9.9730559581869449e-01   2.7119560891973460e-01   5.0603671167610154e-01
   3.3216000000000001e-03   1.2913534180587183e+00   2.4308004530512672e-01   8.3709238998690738e-01   7.8219994589518482e-01   2.5714184639901588e-01   4.9270722752053542e-01
   3.1416700000000001e-03  -1.2371530103064872e+00   8.0578414255677522e-01  -1.7777308791844795e-01  -1.0059151435983138e+00   2.5918968748258070e-01   4.9486821213089666e-01
   1.6294400000000000e-03   2.1695796490283743e+00  -6.6479248586370432e-01  -1.1587310052173854e+00  -5.6071003711131429e-01   5.3328942079707142e-01   6.8962331882605243e-01
   3.1990800000000000e-03  -1.5850427944814802e+00   2.7923001842987256e-02  -5.7846605946285690e-01   3.4167206290812108e-01   2.4682719847260332e-01   4.8282220749854632e-01
   3.3132900000000000e-03  -6.5454891029641959e-01   8.3856950875577552e-01   5.3639957691318219e-01  -1.2387065412987035e+00   2.4999228262352510e-01   4.8598818183261128e-01
   5.3888399999999998e-03  -2.5838701904411887e-01  -1.2129567548417980e-01   1.1886652213275105e-01  -3.0374044756045038e-01   1.5583926928258532e-01   3.8512284769767552e-01
   1.6104500000000000e-03  -7.2267258475642060e-01  -1.8257554423856464e+00   7.9496850993401957e-01   1.5729855103375672e+00   5.4118138158797002e-01   6.9646918955298809e-01
   4.3125100000000003e-03  -7.3303069686984246e-01  -1.7444183442143993e-01  -9.5625116794998632e-01   8.8357237153038434e-02   1.9280546231962428e-01   4.2823511080214349e-01
   1.3000399999999999e-03  -5.7021437340658387e-01   2.0534779397538139e+00  -1.6582711303347275e+00   6.9857482528226866e-01   6.1213043827885749e-01   7.3829023768017432e-01
   1.3844899999999999e-03  -1.2954562735395916e+00   7.8104161939700312e-01  -2.2820320439711379e+00   4.3627564643694794e-01   6.2087111013616125e-01   7.4367806299156514e-01
   3.1485500000000000e-03  -2.5921289396111663e-01  -1.0292311978855768e+00   1.0448783847013527e+00  -1.1429021405168183e+00   2.8231931720300568e-01   5.1614240662393396e-01
   1.5206400000000000e-03  -1.0853331575562999e+00   7.7962738488995265e-01  -1.6567196325901026e+00   1.6028129701688785e+00   5.5068688956451683e-01   7.0088770933053213e-01
   2.9348500000000001e-03  -3.2408362680543967e-01  -6.6841717326974019e-03   1.0565194533237934e+00   1.5010303411853678e+00   2.6992088580706858e-01   5.0464175445638559e-01
   1.6881999999999999e-03  -9.3308810147296606e-01  -4.3383936792546200e-02   1.8603947874515512e+00  -1.5604056252431435e+00   5.2375771147474681e-01   6.8551583326140697e-01
   4.1144399999999996e-03   8.0330158403400986e-01   4.2108520488993995e-01  -6.3856610620874263e-02  -7.6233242522169831e-01   1.8668266519277474e-01   4.2099372215634057e-01
   1.6224799999999999e-03   8.0261091264345608e-01   1.6277899150486819e+00  -1.0240116772472583e+00  -1.5558463897396460e+00   5.1845351948653473e-01   6.8164727590785046e-01
   1.8151199999999999e-03  -2.2745755262968741e+00  -7.1767479819973634e-01  -4.3654204396335883e-01   7.7525317360185797e-01   5.0873692717112839e-01   6.7526553411001067e-01
   4.6184800000000003e-03  -7.4016969748820483e-01  -2.8682562525908728e-01   6.8470170979783573e-01   1.0307750227657217e-01   1.8290640444739770e-01   4.1694137492879441e-01
   2.0231300000000002e-03  -1.5186863740820995e+00  -1.1762429753263679e+00  -8.6634897105239117e-01  -1.2594067291910727e+00   4.6938505850561202e-01   6.5080463331322391e-01
   1.6858500000000000e-03   7.3104132965850077e-01  -1.9172332857828203e+00   4.2544880927543982e-01   1.5965179089834811e+00   5.5585768469469254e-01   7.0422246616601403e-01
   4.7933899999999998e-03  -2.8751856066325954e-01   5.0559522086849795e-01   7.5732524601987061e-01  -2.9002100409918791e-01   1.8201470481228219e-01   4.1574348844729503e-01
   1.5944900000000001e-03  -1.1353360632879235e+00   1.0930984170497831e+00  -1.2567693909549582e-01  -2.1645323379944044e+00   5.7061081460263507e-01   7.1506762010065927e-01
   3.1119500000000000e-03   1.2487608942284394e-01  -1.5383745677035685e+00   9.4014288046733929e-01  -1.5882032940228369e-01   2.6576741264404391e-01   5.0052850858820541e-01
   3.1221500000000002e-03  -4.9614326634387523e-01  -5.3394077123682815e-01   1.4633577039737806e+00   8.0624769789003214e-01   2.6910816623015099e-01   5.0369687347109060e-01
   4.4265499999999996e-03   3.2253012296337186e-01   5.9172721237544657e-01   7.7191317505280588e-01   5.2613862094999875e-01   1.8863388082613589e-01   4.2338862300504332e-01
   3.1364000000000001e-03  -9.3895305555499831e-01  -2.8254052430029225e-01  -1.1856824572987195e+00  -8.2389678053220994e-01   2.5035431842615535e-01   4.8595684958089236e-01
   2.2734900000000000e-03   4.0334912014912366e-01  -2.0682190711110522e+00  -2.3349214432552853e-01   4.0045052096489298e-01   3.2806476558903042e-01   5.5358092207084997e-01
   3.3512099999999999e-03  -1.5444086703543529e+00  -6.3206013450366749e-01   3.5132174278142725e-01  -3.6607292543926145e-01   2.5736443248353719e-01   4.9301501175576484e-01
   4.1290099999999998e-03  -4.8190058892362941e-01  -4.6157569929615394e-01  -6.1159027909607933e-01   8.3020475143774886e-01   1.9178760542892370e-01   4.2670072286594629e-01
   3.4940700000000002e-03   8.8479693693980455e-01   6.1702435442711409e-02  -8.5334955202638763e-01   1.1659624377027036e+00   2.5196340748840568e-01   4.8800561695669509e-01
   3.3086000000000001e-03  -5.5699300761231529e-02   1.6553174088446212e+00  -4.2641180144185925e-01   5.4381683438228934e-01   2.6640282742308458e-01   5.0173763265371962e-01
   3.3371600000000000e-03  -1.0906040493592912e+00   8.0341480876802518e-01  -1.1125420733464311e+00   2.8187114479683684e-01   2.6392359925482722e-01   4.9910310752754639e-01
   3.9968299999999998e-03   2.5418162436269848e-01   1.1403413629060222e+00  -3.2379430569844131e-02  -2.2593619350358887e-01   1.8502899218000995e-01   4.1898477681255658e-01
   3.2373100000000002e-03   1.2680960322843118e+00   7.9564851241732926e-01  -8.8939771624252884e-01   4.8021813277295627e-01   2.6861236345472950e-01   5.0338514998510331e-01
   3.2770999999999998e-03   6.0665148406539726e-01  -1.1180642993414065e-01   1.3216409134557598e+00   9.5920653978965065e-01   2.5538072054839128e-01   4.9112141933000419e-01
   1.6391500000000000e-03  -8.6785670420559458e-01   5.9965461025718292e-01   2.2625321448186724e+00   8.6298977277113487e-01   5.4646752077489313e-01   7.0021195634218714e-01
   1.5919899999999999e-03  -1.6695218369897207e+00   1.2041657407928983e+00   4.4704722281826764e-01   1.5981292386963717e+00   5.4894364372730897e-01   7.0030336112177882e-01
   3.5034799999999998e-03  -3.5315535037947215e-01  -4.5478651195224956e-01   4.0600326639218885e-02   1.6455808418701727e+00   2.6176472875073969e-01   4.9756790198870460e-01
   1.4511700000000001e-03  -2.1173780662572139e+00   1.3657754487098501e+00  -1.0416806177998961e+00  -2.4680654061490970e-01   5.9891022430116758e-01   7.3011970951039840e-01
   1.6283599999999999e-03   1.2681166071039773e+00   1.1129146351147734e+00  -1.3171187014919570e+00   1.5190399691232681e+00   5.3826623876625490e-01   6.9288543442148731e-01
   1.4867200000000000e-03   1.1160654878488985e+00  -5.2279530287580001e-01  -5.5774077498785962e-02   2.4135055829627934e+00   5.8885714774890852e-01   7.2313050514654220e-01
   1.6451700000000001e-03   1.5913543119419529e+00  -5.6982567551483287e-02  -1.8540472088309161e+00   1.0200170477683588e+00   5.6183517227979762e-01   7.0828701403569494e-01
   1.6689800000000000e-03   2.2022076432974949e+00  -8.8108425564105897e-01  -8.5074463177704951e-01   6.7449210881541755e-01   5.3261619927348824e-01   6.8961893038014066e-01
   3.9933099999999999e-03   2.4213918817041352e-01  -8.2760590876229112e-01   6.1395007482401287e-01  -5.5932940240073548e-01   1.8519992507205421e-01   4.1921225608725771e-01
   1.5782299999999999e-03  -1.2116554677739215e+00   1.9610057014562305e+00   1.2834292471872950e+00  -3.6881938283958060e-01   5.6284232875090057e-01   7.0861786912672320e-01
   3.1362299999999998e-03   1.4907626645144614e-01   1.6561337864997066e+00  -6.8708154736671689e-01  -4.7173619852154519e-01   2.7826100118070118e-01   5.1246385373042536e-01
   1.6914499999999999e-03   1.2785579133797644e+00  -1.0056666880287148e+00  -1.0852412332786856e+00   1.6980531396929501e+00   5.2059448943703623e-01   6.8327059405115609e-01
   1.6530900000000001e-03  -1.7196011860029872e-01  -2.5977556514226938e+00   1.2391141079162064e-01  -4.6961376469100202e-01   5.6633242153735941e-01   7.1089534229132001e-01
   2.2957300000000002e-03  -2.8474597675898167e-01   5.9881770799715361e-01   3.4595072053627263e-01   1.9831174268167389e+00   3.1651725470617631e-01   5.4405246819565645e-01
   1.7296900000000001e-03   1.7487217010089420e+00   4.2180684161613707e-01   5.6663359205581409e-01   1.7980640757500987e+00   5.3577692363498663e-01   6.9294097922983267e-01
   3.0187199999999999e-03  -2.3518609287867143e-01  -1.2404927986543195e+00  -3.9164035313903850e-01  -1.2607263883268329e+00   2.6667080663618237e-01   5.0123711338333254e-01
   2.9451799999999999e-03   5.8063739895353583e-01   2.5414444998525215e-01  -2.3967030861012215e-01   1.7419623334198207e+00   2.7427842981675354e-01   5.0813994980207067e-01
   4.7448600000000000e-03   5.6745740401470046e-01   1.8129233991559601e-01  -5.9779107451835201e-01   4.3264895759194866e-01   1.7465477339100985e-01   4.0764533233683503e-01
   3.8210900000000001e-03   1.2555802902898392e+00   1.5141017536834118e-02   3.3585521993285294e-01  -3.0939547268356588e-01   1.9756197210772808e-01   4.3298392580167988e-01
   2.5349299999999999e-03   2.8727469532794403e-01  -1.4849737872864044e+00  -1.2429451416727566e+00   6.6237961332976614e-01   3.1074430371349138e-01   5.3972228612465889e-01
   1.6331399999999999e-03  -2.1302497201226451e+00  -1.1088519746849809e-01   7.1973793127087804e-01   1.3952450793351221e+00   5.5374312657413505e-01   7.0351658102863501e-01
   3.2774499999999999e-03   7.0617232480830450e-01   2.6542856966399825e-01   1.4206973356299211e+00   7.4545707508554854e-02   2.2922409745171313e-01   4.6493719677411816e-01
   1.6352599999999999e-03   1.7165472566281390e-01   9.8190219740394791e-01  -2.1400114468739106e+00   1.2564483266009845e+00   5.8106511598843180e-01   7.2028680951469037e-01
   1.3921400000000000e-03   1.1939700134288997e+00  -2.4678229700673850e+00   4.6046004292296094e-01   4.0091433684290384e-02   6.3084986915716446e-01   7.4811750270305222e-01
   3.9209199999999996e-03   1.0941745870007078e+00  -7.9610663743314686e-02  -4.3632117443231505e-01  -2.3580457589659418e-01   1.8492958520857761e-01   4.1890098725742553e-01
   1.7130500000000000e-03  -5.0680970237834189e-01   1.9323730715419161e+00   6.7622177180317156e-01  -1.4976669480638598e+00   5.1936760822280503e-01   6.8199911440652417e-01
   1.3655200000000001e-03  -1.8345350471093382e+00  -2.9086424351697535e-02  -1.8904983707656016e+00  -9.6745003566358811e-01   6.4304780246949444e-01   7.5707464718203776e-01
   1.3445600000000001e-03  -3.9731731784247111e-02   1.3118747901924140e-02  -2.4648051803752655e-01   2.7497739243046078e+00   5.9603749092414382e-01   7.2730561992519749e-01
   4.4670999999999999e-03   6.7657669133664822e-01  -1.1444167483981885e-01   6.0645014312018275e-01   2.8949066033812010e-01   1.6940317299969895e-01   4.0163245981795992e-01
   1.2322500000000001e-03   1.7176321717526463e-01  -1.5445220300495672e+00   1.8711211778963075e+00   1.4643097851674696e+00   6.4772936576665630e-01   7.5866163228897998e-01
   1.5999100000000000e-03   1.4683679176113762e+00   2.2311029101341791e+00   3.6420591577099548e-01   4.8322741610208435e-02   5.8792376870171037e-01   7.2503021415763713e-01
   1.6526200000000000e-03   1.6051881909523524e+00  -1.2410067092873172e+00  -5.6843301253674361e-01  -1.4638917354347609e+00   4.9322855956038825e-01   6.6527390624705496e-01
   1.5137700000000000e-03   2.0996976097226754e+00   1.1387320745688518e+00   1.0228762979497401e+00   6.3684621597260305e-01   5.6068277948060874e-01   7.0677475351841590e-01
   4.2626399999999998e-03   2.1331167534341611e-02  -3.6616291856403410e-01   7.9587107797060541e-01   7.6991716553449119e-01   1.8722438190767235e-01   4.2178369488703926e-01
   2.8656599999999999e-03   1.3727628966525958e+00  -3.2905195312918933e-01   7.4298453238449558e-01  -1.0688459139946400e+00   2.8359789735971491e-01   5.1663822064061404e-01
   1.3818000000000001e-03  -5.6803437647651123e-01   2.6335434788321024e+00   3.3820700410961102e-01  -3.1435149493416731e-01   5.8553470474777258e-01   7.2126611780472427e-01
   1.6298100000000000e-03  -2.1334727822746138e+00  -8.2212578849682005e-01   2.3055469414781546e-01  -1.2788027239110207e+00   5.4051165157907466e-01   6.9471299460124269e-01
   1.6363700000000001e-03   9.3411148157937307e-01   4.1535197233667825e-01   7.8277950877552205e-01  -2.3039344747001906e+00   5.4022214789134071e-01   6.9627561173103525e-01
   1.3181400000000000e-03  -6.7933248285392400e-01   2.4692318886927493e+00  -1.3613009517531119e-01   1.0786028816068429e+00   6.0646477399377074e-01   7.3497171089321800e-01
   3.1209100000000002e-03   2.3953216184835194e-01   1.4653989658970468e+00   4.3011573885335963e-01   8.9756325098662737e-01   2.5844635646831354e-01   4.9386987939807420e-01
   3.6186899999999999e-03  -1.5134775721223017e+00  -8.5000488725266804e-02   3.2254580247365949e-01   5.6043019013695472e-01   2.4610350907679526e-01   4.8214935637493000e-01
   1.5299700000000001e-03   1.9155180795376345e+00  -1.1253350643142457e+00   1.4694002284315449e-01   1.4821021099078688e+00   5.5873259783448637e-01   7.0601046490025077e-01
   1.6635500000000000e-03  -4.3119228339059923e-01   1.2614650556449938e+00   1.8850385745508458e+00  -1.2086664997779373e+00   5.2982222239928334e-01   6.8778546346773206e-01
   3.2394600000000000e-03  -1.3447145316648959e+00   8.7175616608574202e-01   4.8710204520586320e-01   5.5404452773768265e-01   2.5740487371286652e-01   4.9318107473991657e-01
   1.4783999999999999e-03   1.8472252231541944e+00   3.9675653625580487e-01   1.4290529087589512e+00  -1.3784528671990588e+00   6.2281495911429907e-01   7.4290776260598201e-01
   4.4086999999999998e-03  -2.5507434594785705e-01   4.3279230815309805e-01  -7.9284512477135360e-01   5.0456413453755888e-01   1.7974265537649156e-01   4.1325662631922744e-01
   1.4059100000000000e-03  -6.1051056266349191e-01  -2.1634908125277752e+00   1.4512075193006864e+00  -7.2219998164530974e-01   6.2017474052996313e-01   7.4276586819050561e-01
   1.5610500000000000e-03   5.4322094922069253e-01   5.6465217428382775e-01   2.5034003273189933e+00   5.4067289482647596e-01   5.6670854579753749e-01   7.1101432653354768e-01
   3.6521800000000001e-03   9.4824561603959934e-01  -7.1473964346891705e-01   7.1712436092518361e-01   8.4673767550407542e-01   2.4114602884674152e-01   4.7771033099687465e-01
   3.4967200000000000e-03  -1.2826541317542348e+00  -1.0346136246344921e+00   1.3125430979257305e-01   4.2404821190106179e-01   2.5310919075277560e-01   4.8932058919994864e-01
   3.2513099999999999e-03  -7.5911795796963699e-01   1.1842481781552516e+00  -8.1608382146543779e-01  -6.0784119239347567e-01   2.5087351624388687e-01   4.8702790609367108e-01
   4.5303699999999997e-03  -8.5353232514707478e-01   6.2724014246575810e-02   3.6317847823295712e-01  -6.6197714688752274e-01   1.8902700268411546e-01   4.2402105086522557e-01
   2.9240899999999998e-03  -1.5769655070948665e+00  -6.2208055224432579e-01  -6.3496231993862140e-01  -3.2003766760987334e-01   2.6480664344202431e-01   4.9955557814055979e-01
   2.9198700000000002e-03   1.4324391104195753e+00   4.0657214326889085e-01  -1.1092895361612651e+00  -4.5665528766279706e-01   2.8297579747228191e-01   5.1622715409863806e-01
   1.3773600000000000e-03  -1.4622525054283200e+00  -4.8539148047656695e-02   6.6979047223757548e-01  -2.2262286387747259e+00   5.9654779674197445e-01   7.2846510598123826e-01
   1.3548700000000000e-03   1.6885724775804727e+00   1.5178106771046409e+00   1.9924624217295400e-01  -1.6392566559285615e+00   6.4690693094908025e-01   7.5799371451346342e-01
   4.4160500000000004e-03  -1.4199712171476714e-01  -4.6640230653742309e-01   1.4203752507373330e-01  -1.0684817071593788e+00   1.9259903956061941e-01   4.2773720379244490e-01
   3.2128899999999999e-03  -8.4425495469801759e-01   4.6135766828341535e-01   1.2675558203794981e+00  -7.4731573122513328e-01   2.5593255757858724e-01   4.9147945105807184e-01
   3.2523399999999998e-03  -7.5889226238198909e-02   1.1287812389858008e-01  -1.2571206562266350e+00   1.1887118402877490e+00   2.5108348346473230e-01   4.8692548488151699e-01
   1.2817000000000000e-03   4.3059171805682700e-01  -2.5178064015733326e+00  -1.2395210092861797e+00  -3.9134780252184288e-02   6.7196025899454737e-01   7.7136328262980725e-01
   3.0412600000000001e-03  -2.2362164415606831e-01  -1.5361769936300174e+00   2.9443443334406483e-01  -8.4492624326569432e-01   2.5615466742382442e-01   4.9176065850629935e-01
   2.9915100000000002e-03   4.3977704970806447e-01   2.8089123534853661e-01  -1.7554455026642652e+00  -3.8558613656400409e-01   2.7452709731683167e-01   5.0892471414892848e-01
   3.1440399999999999e-03   9.0834135639563307e-01   1.5120197828923139e+00  -3.6579769611278051e-01   2.4550626553664262e-01   2.6523732386109827e-01   5.0058943070950845e-01
   1.6992200000000000e-03   1.1543485923945385e+00  -7.6212125080461568e-01   1.2131071842904702e+00   1.8351981098856693e+00   5.2957083529577109e-01   6.8902587232198120e-01
   5.1834899999999998e-03   4.8300333566811321e-02  -6.5114986773933015e-01   4.2449251570108748e-01   1.4194413725847657e-01   1.7005952106666847e-01   4.0225942006500637e-01
   2.7917500000000000e-03   5.8981315464222928e-01  -5.9784914784207399e-01  -6.7367498756252109e-01  -1.6089898318015450e+00   2.8633615031710224e-01   5.1902980570767743e-01
   4.4393499999999999e-03   5.3875371370964309e-01  -5.4689103490542523e-01  -7.0878904957827327e-01  -1.3100878895199514e-01   1.7792270177028013e-01   4.1134811719058850e-01
   3.2205400000000000e-03  -7.7239223995499706e-01  -2.3804955393249703e-02   1.6229118968146814e+00   1.6815205981783290e-02   2.6357465396990326e-01   4.9894612521508525e-01
   1.7368900000000000e-03  -1.1134238020692675e+00  -8.6579395004234549e-01   2.0745632286156095e+00  -5.4008167882827440e-01   5.0714275103873352e-01   6.7478530732580755e-01
   2.9744600000000000e-03   7.7365294977716825e-01  -9.2567274983421455e-01   1.2612322688249564e+00  -7.7444137106224264e-01   2.8574356367935855e-01   5.1899194976874585e-01
   3.3237800000000001e-03   2.3955512534399915e-02   3.6760499056579285e-02  -1.3204521579183437e+00  -1.0775647780484263e+00   2.4722780493105254e-01   4.8324777065146529e-01
   1.9616600000000001e-03   7.3227955593101079e-01   1.7868275799946813e+00  -1.3659714376681538e+00   6.0793193803519818e-01   4.5121283744837914e-01   6.3842395407344221e-01
   3.5270399999999999e-03   5.3718174449380796e-01   1.0745253860996706e+00   1.0870243720691541e+00  -3.6959625567478649e-01   2.4607418079189222e-01   4.8232115890122734e-01
   4.3900099999999997e-03  -4.7583606179480914e-01  -8.6511787164679166e-01  -1.6228674516551950e-01   2.5385946603650600e-01   1.7615380449452583e-01   4.0917699187527051e-01
   1.4759899999999999e-03  -1.3811733671537044e-01   1.0329803361289189e+00  -1.3415145182470369e+00  -2.1173833817338417e+00   5.8606208991825115e-01   7.2253364276630261e-01
   3.2933699999999999e-03   9.1753686071185958e-01  -4.4874126437497674e-01  -1.2672485434582510e+00  -7.6469549705560469e-01   2.6774769477321364e-01   5.0274984005361678e-01
   2.9145899999999999e-03   4.8696895608392787e-01  -7.8004131142825495e-01  -1.6291604881714810e+00  -2.0949187877165890e-02   2.6953451842350268e-01   5.0434189676606345e-01
   2.9293200000000000e-03  -1.3234908158491305e+00  -7.1932143115187996e-01   1.0775062641329025e+00   3.4032502553028604e-01   2.7389109706748282e-01   5.0831373084370046e-01
   1.7676100000000000e-03  -2.4381454349615463e+00   7.0386665442775842e-01  -9.1507276516292216e-02   5.6227030161234814e-01   5.3813791777230668e-01   6.9422331276830729e-01
   4.0564599999999996e-03   1.1665848808804626e-01  -9.9492781033442779e-02  -1.1922766837179473e+00   2.4387398301506896e-01   1.8935802978735433e-01   4.2401652575405524e-01
   1.5005400000000001e-03   2.3236407073280168e+00  -1.3358775405670564e+00   3.3979543926916517e-01   1.5935002474717039e-01   5.7679671028406754e-01   7.1765639178084983e-01
   1.6716999999999999e-03   2.0814713355165253e+00  -4.4189825168028996e-01   1.2232483307190858e+00   8.6023307976911534e-01   5.2519575587351186e-01   6.8550302695619580e-01
   1.4905700000000001e-03  -2.1879674575865780e+00   3.3570689494172212e-01  -1.4030643883017255e+00   5.6333256671516740e-01   5.6071932791619872e-01   7.0680893450184801e-01
   5.3282199999999998e-03   4.3094950318143149e-01  -7.8373273738773397e-02  -2.6257139976050382e-02  -1.7628531695101415e-01   1.5573378549017636e-01   3.8517490731570947e-01
   3.1258599999999998e-03   7.6979276450723144e-01  -8.2324265057257051e-01  -5.1328504609167679e-02   1.3642586327277404e+00   2.5756922149940420e-01   4.9277324395735445e-01
   1.4943400000000000e-03  -1.1336820637818998e-01   8.0442131723443708e-02  -2.2378125816094688e-01  -2.7354500023260009e+00   6.0860452815139610e-01   7.3834468303628309e-01
   1.3861399999999999e-03   1.0213109737999469e-01  -1.2867733723604646e+00  -1.0147425039939129e+00  -2.2087441810064323e+00   6.0024501208330361e-01   7.3104921499101438e-01
   3.1756599999999999e-03   6.5053640746652763e-01  -1.0816927141943384e+00   3.3057925373694674e-01  -1.3398757921069271e+00   2.8289335567006541e-01   5.1661303315281382e-01
   1.2819900000000000e-03  -4.5275948524486559e-01  -6.6676172153842894e-01   2.6239761776168145e+00   6.1404088650673172e-01   6.3607376080720290e-01   7.5093908020183708e-01
   2.9939300000000001e-03   1.4984422019128967e+00  -8.9483242311477329e-01   2.1608294708513776e-01  -5.9054613777903386e-01   2.7309124053349842e-01   5.0725662849518427e-01
   2.4623100000000001e-03   8.5666727293301848e-01   9.0872639356528562e-01   1.3932095946203487e+00   6.3457329699481513e-01   2.7804164700159539e-01   5.1175474249548347e-01
   3.0839999999999999e-03  -4.4163126410575870e-01  -7.0426496353847312e-01  -1.5584378897831019e+00   5.9229166975877845e-01   2.7507469197289636e-01   5.0961680914480756e-01
   4.7792499999999996e-03   8.1930904169635971e-02  -8.4777720545559754e-01  -1.7957464934016085e-01  -4.3848746574719866e-01   1.7749056203111507e-01   4.1094152887490548e-01
   1.4473200000000000e-03  -1.6758461720823994e-01  -7.6095100859869436e-01   9.8507377750170200e-01   2.4332218435086905e+00   5.9331476249375215e-01   7.2793369373985917e-01
   4.5813000000000000e-03   7.6961860176644492e-01  -4.3683240387536143e-01  -1.5132356984226908e-01   5.0086772085732068e-01   1.7931069592615603e-01   4.1288464564031191e-01
   1.3349499999999999e-03   1.0952875043876724e-02  -1.1418140342100545e+00   2.0712913302699723e+00  -1.4742868117043317e+00   6.1772290315456435e-01   7.4109764724201210e-01
   1.8388899999999999e-03  -1.1464071855558298e+00  -2.2161433503835863e+00   4.2818551383814846e-01   3.6316947819937501e-01   5.1668982410737063e-01   6.8078859371773814e-01
   1.4731900000000001e-03  -1.8288045181173371e+00   1.9659761693609576e+00   2.3970485304509132e-01   3.6714955916076841e-01   5.8385808775043857e-01   7.2130331290627037e-01
   1.5083300000000000e-03  -4.2144676197829184e-01   8.0860409453679627e-01   1.1239047631327395e+00  -2.2482125009359240e+00   5.5130918429035403e-01   7.0186007967928910e-01
   2.7487900000000001e-03   7.1164186628252923e-01   9.3212305114059513e-01  -7.5643369460041743e-02  -1.4816405531328931e+00   2.6906676570818255e-01   5.0370227572301551e-01
   2.7556600000000001e-03   9.1798217496580226e-01   1.2677967056413078e-01   1.4982500775567011e+00  -7.4916847174119894e-01   2.7826205572144974e-01   5.1182949753032758e-01
   1.6012000000000001e-03  -1.2773706173808415e+00  -2.0205845122551462e+00   1.5766861538847513e-01  -1.1562282938492749e+00   5.6087186333172701e-01   7.0748007386525102e-01
   1.5268100000000000e-03  -3.2962786227960539e-01   1.8336449474500041e-01   2.6027492357650166e+00  -5.8531657399006631e-01   5.8102296870973358e-01   7.1927539116675432e-01
   3.3447400000000001e-03   1.0957599648160152e+00  -1.8469807138715402e-01  -1.2996625440228624e+00   2.1711637988022575e-01   2.5346117745349206e-01   4.8914865584975775e-01
   3.3297000000000001e-03  -1.4345371343852633e+00   2.1126774327396056e-01   9.8004376744852206e-01  -7.7922873602408155e-02   2.5693689925008889e-01   4.9275369927633045e-01
   3.0569799999999999e-03  -7.0637256621397648e-01   1.6369715732366785e+00   4.3102124085822341e-01   3.0653617389449078e-01   2.7417587880201644e-01   5.0882036181311596e-01
   2.7625900000000001e-03  -8.2556474299255789e-01   1.3860568944519165e+00  -8.4447859881577353e-02   1.0862314002743243e+00   2.8691509002712318e-01   5.1976351934815102e-01
   4.5145699999999999e-03   3.4726874293789006e-01  -1.7847708452615882e-01  -4.7104348677683827e-01  -9.1419978751714870e-01   1.8492807186886842e-01   4.1936692412358223e-01
   1.7070700000000000e-03   8.9278499696161406e-01  -1.5207230383848915e+00  -1.6077071383144981e+00  -1.1311651238389819e+00   5.7349444052653764e-01   7.1467683295395057e-01
   4.6514700000000004e-03  -8.4839048679916784e-01   3.2488761055536319e-01  -4.9343548823440703e-01  -3.1240845406007250e-01   1.8481552658514863e-01   4.1929294990529414e-01
   3.0995100000000002e-03  -3.4434263992603287e-01   1.3618666299643405e+00   9.8543783285083819e-01  -5.2999485780480404e-01   2.5910788483891239e-01   4.9454963900604387e-01
   1.4711100000000001e-03  -9.6609657584411857e-01  -9.1430913476683515e-02  -1.2780954628260244e+00  -2.1705889904515892e+00   5.6865333529550643e-01   7.1198979909814197e-01
   1.4643200000000001e-03  -9.4149958470997686e-01   1.1306706159896598e+00  -4.4458540686736570e-01   2.2264621008324239e+00   5.7833933641591873e-01   7.1660082143116821e-01
   3.4755599999999999e-03   7.4139737447892817e-01  -1.0256114676968451e+00  -4.6973232325903541e-01  -8.3589873701247630e-01   2.2920001433505205e-01   4.6560301861559200e-01
   1.6162600000000000e-03   1.6877890348387192e+00   1.8693834749417586e+00  -9.7086649139532399e-01  -3.4886507495823449e-01   6.1092397564919509e-01   7.3941429054858798e-01
   4.8918199999999998e-03   1.0884219751022046e-01   3.0120695125280406e-01   2.8790122937448276e-01  -8.8475835319173124e-01   1.8066269150041664e-01   4.1458676893241070e-01
   2.7364600000000000e-03  -1.5987423332714443e+00   4.1439638853761984e-01  -9.3550038491536402e-01  -5.2457910496667692e-01   2.8849189121908486e-01   5.2130344652173999e-01
   1.4858800000000000e-03  -3.1511494451345368e-01   1.5749721288749856e+00   2.1662106550686331e+00   8.8307337213922379e-02   5.7950130467597705e-01   7.1787439949060705e-01
   1.4027200000000001e-03   1.3663937584905870e+00   4.7802621605261475e-01   1.8023205402673284e+00   1.4708959591272261e+00   5.9070799608733304e-01   7.2386738486820368e-01
   1.6847100000000001e-03   7.7598960553927476e-01   1.0434816347760920e+00   2.1442966716958782e+00  -6.9453344383697235e-01   5.2972247397884265e-01   6.8760204499597233e-01
   1.9145900000000001e-03   6.2162492196106656e-01   2.2108812667164210e+00   5.5423777277644505e-03  -1.0600167751463982e+00   5.0682050240857957e-01   6.7533693387809146e-01
   3.2468699999999998e-03   5.6323300287900713e-01   7.2759196551045346e-01   7.5917296595602179e-01   1.3830582736035208e+00   2.7343883152488058e-01   5.0813634194419632e-01
   1.4861799999999999e-03  -1.0887048496055129e+00  -2.3035746564073851e+00  -8.7481351069562541e-01  -1.4321613239977804e-01   5.6992723498603015e-01   7.1350574876591288e-01
   3.2542900000000000e-03  -4.3731974144271428e-02  -2.6201631432276135e-01   1.6268110755944045e+00  -7.6052375223603397e-01   2.6946066299753363e-01   5.0474934536260274e-01
   1.6880700000000001e-03  -8.1069207760579298e-01  -3.0238473665709065e-01  -1.0690988782050155e+00   2.2040104391576425e+00   5.2794875967378863e-01   6.8758564923487464e-01
   3.1876600000000001e-03  -6.5245347667574977e-02   6.3686015236746751e-01   1.6501326273280896e+00  -2.2488287757940162e-01   2.5985357898909184e-01   4.9542908491791399e-01
   3.2026699999999999e-03  -5.9052899502720113e-01  -1.0992276630768300e-01   8.3263551606363906e-01  -1.4310876183240187e+00   2.5397866511208655e-01   4.8987305732933489e-01
   1.5455400000000000e-03  -1.4537715944108973e+00   7.5489453629486070e-01   2.0792032793113995e+00  -3.5068688610057558e-01   5.6014293559275663e-01   7.0727799961739279e-01
   4.3385899999999998e-03   8.0988018389343996e-01  -7.6232048131507557e-01   2.5725724007309470e-01  -7.4810931089998339e-02   1.8621469069125926e-01   4.2064625243916093e-01
   1.5960799999999999e-03  -9.9804879435085581e-01   1.8311986488562770e+00   1.3027204576802105e+00   1.0065216638883943e+00   5.5502936020181048e-01   7.0489451811220016e-01
   3.3162899999999999e-03   8.8309835128644765e-01   5.6349592299833906e-01   7.6436311191157957e-01  -1.0940873209054895e+00   2.4479813112273235e-01   4.8099734103254488e-01
   4.6341899999999998e-03  -1.6591606055752176e-01  -1.8019527731709717e-01  -7.4550923085711884e-01  -4.5766127630602277e-01   1.7013818234567235e-01   4.0213987330139689e-01
   1.6036399999999999e-03   4.3553638212627582e-01   2.5524888801042622e-01   1.9391489295733795e+00  -1.7393215862713594e+00   5.4997854256666390e-01   7.0120870163035198e-01
   2.8995100000000001e-03   2.0076936424392725e-01  -4.9835932329141724e-01  -7.4572145378824994e-01   1.6542976795274800e+00   2.7567039195424364e-01   5.0971538268241834e-01
   1.4637700000000001e-03  -5.4834659079140724e-01  -2.0457372189582474e+00  -1.0803524519522461e+00  -1.3116547358412280e+00   5.8827732643499597e-01   7.2289801847230173e-01
   1.4345000000000000e-03  -1.8514633624696664e+00  -3.7992070749567863e-01   1.9259530567134959e+00   4.5598598659163353e-01   5.9077557616973420e-01   7.2623169921167563e-01
   2.6312200000000001e-03   1.5490453620747602e-01  -2.5064285652682866e-01   1.8900854197561034e+00   2.1538714774022161e-01   2.7253688043121599e-01   5.0659956042305143e-01
   1.4311100000000000e-03  -8.2890240287373029e-01  -5.5098313625747319e-01  -2.6000694813090854e+00  -1.3075607835917212e-02   6.3467349434287257e-01   7.5353651764091134e-01
   1.3845900000000000e-03  -1.9550953405053026e+00  -1.4688893331301873e+00   1.1901912764637823e+00  -3.6552604207671885e-01   5.9127514503306255e-01   7.2506211590565528e-01
   3.8839000000000000e-03   8.0275599455185476e-01   6.6807160347435424e-01  -3.3512571604922037e-01  -1.1239603538780876e-01   1.7322693310932302e-01   4.0544667220964803e-01
   3.3993800000000000e-03   6.8070967240734648e-01  -1.5567801678278708e+00   1.3027370168728261e-01  -3.9607823639534462e-01   2.6050667750200390e-01   4.9614996610536000e-01
   2.9012700000000001e-03   4.4068407653787049e-02   1.3686113376156841e+00   1.2108366502655672e+00   3.5580775878727733e-01   2.6797515305343828e-01   5.0259726537780658e-01
   3.1714999999999998e-03  -4.7585967330474760e-01  -4.9896083664244589e-01  -7.4685234835421310e-01  -1.4542181140245631e+00   2.5922627973110463e-01   4.9438618416688979e-01
   1.8229299999999999e-03  -9.1510910066937956e-01  -1.6466328600566456e+00   1.6754888235158694e+00   5.2792452612072305e-01   5.1873364825526080e-01   6.8300250695252107e-01
   1.4802000000000001e-03  -1.3855605597757452e+00  -1.1727899110640230e+00  -1.4066753319102396e-01   2.0347726654708795e+00   6.1234816847120876e-01   7.3628869492982241e-01
   1.5483599999999999e-03  -1.4218491630687302e-01  -1.7870118394387746e+00   4.8784224574768953e-01  -1.9468013829712634e+00   5.8422145929324576e-01   7.2116370669886365e-01
   2.0108999999999999e-03   2.2057829815244188e+00   5.5200563542983944e-02   8.3286514792923183e-01  -2.4951353483303548e-01   4.1220335792904295e-01   6.1355047959902065e-01
   4.6783099999999998e-03  -8.4000762003067841e-01   4.3913157205725495e-01   2.2287854214552325e-01   6.9613539925278273e-02   1.7613938800487841e-01   4.0923313476209205e-01
   2.5840300000000002e-03  -6.2101205586999508e-01  -1.0170040583369493e+00  -9.6546497059260239e-01   1.3444529583864029e+00   3.0704730883227388e-01   5.3678724345889217e-01
   1.6129400000000000e-03  -7.4317735318980926e-01  -9.8066990827661926e-01  -1.9154336281318234e+00  -1.3726751126446295e+00   5.5811729442022084e-01   7.0607827533890921e-01
   2.6557799999999999e-03  -1.5345651851239854e+00   1.6020396472341661e-01   5.6090182269761890e-01  -1.1269792611301532e+00   2.9148291778761359e-01   5.2401501405185913e-01
   3.3748900000000002e-03   1.3339663074336947e+00   6.2743495198327792e-01   8.4579757189877669e-01  -1.6553194703977742e-01   2.4972890805578851e-01   4.8582906046698238e-01
   1.5223700000000001e-03   1.4296579844809405e+00  -1.6447020178895564e+00   1.1829635155061278e+00   9.0964169202805822e-01   5.3355067084216556e-01   6.9012580308112992e-01
   3.3931399999999998e-03   3.8387649302669563e-01  -2.6255255604503724e-01   9.2614114093446886e-01  -1.3873182799911912e+00   2.5493697480608379e-01   4.9073326318164079e-01
   4.1972499999999996e-03  -5.4827210960630401e-01   1.0671220498929368e+00  -4.1566709848824612e-01   1.4203789518913051e-01   1.9917924803509071e-01   4.3489425495959144e-01
   1.4711800000000001e-03   1.5671907583066680e+00  -1.8851484161420823e-01  -2.1530599975623606e+00  -3.6177216936929840e-01   5.7341414068255925e-01   7.1389089176955800e-01
   3.5054299999999999e-03   6.5161685066314520e-02  -9.0024933943330687e-01  -1.1679357120353970e+00  -8.8596576604548927e-01   2.5624120270239337e-01   4.9209428220440632e-01
   4.3652600000000001e-03  -2.7409338974039587e-02  -1.7455763452283647e-02   1.0293091923328943e+00   8.3108590709702543e-02   1.7570651300707235e-01   4.0868156274183914e-01
   3.7767600000000001e-03  -5.2147620834086006e-01  -1.1398173291052491e+00   7.3282230033947859e-01   5.5997427305113701e-01   2.3250297341702506e-01   4.6886494330934281e-01
   3.3759500000000000e-03  -1.1432221590475229e+00   1.0208430779000159e+00   5.6559358338141041e-01  -4.1488032745567233e-01   2.4501184140434318e-01   4.8134457498428729e-01
   3.4397700000000000e-03  -6.0799039281229839e-01   2.9772225830330018e-01  -4.8291021548112517e-01   1.4875779176784478e+00   2.5035421025090299e-01   4.8670932048967924e-01
   1.3584800000000000e-03  -1.8891161540563433e+00  -1.3000391980443846e+00  -1.6090091420932828e+00  -1.6676339855458336e-01   6.4910512283573008e-01   7.5950540862869353e-01
   4.5117100000000004e-03   9.9648262967079196e-02  -6.2591058600511329e-01   5.7914117096537487e-02   8.7562398812644826e-01   1.8262296294139843e-01   4.1667483445796627e-01
   2.7464600000000000e-03  -9.0816258294610739e-03   1.0426994559843925e+00  -1.3972208714626149e+00  -9.7914722026468459e-01   3.0085602712543341e-01   5.3162089206781626e-01
   4.5567799999999999e-03  -9.6189388145290611e-01  -3.2620947769213426e-01  -1.2963634440877100e-01  -1.0081808956044365e-03   1.7781576756469222e-01   4.1122981074114906e-01
   1.3527400000000001e-03   2.1144101218728417e-01   1.5077927587355611e+00   1.7921507451810828e-02  -2.2996039085137507e+00   5.9686374072290282e-01   7.2854965247515757e-01
   3.3836100000000000e-03  -3.1497536927472741e-01  -1.6073781302472652e+00   1.6101030982184303e-01   1.1594220123409442e-01   2.3852462559460358e-01   4.7459388046845724e-01
   3.2154400000000000e-03   5.6578778955049680e-01   5.4888379275192878e-01  -1.5170639693383723e+00   5.6610693744863616e-01   2.6487575155206622e-01   5.0011876119276677e-01
   1.4332900000000000e-03  -1.2003657716708358e+00  -6.9167593184474774e-01   1.6739460622143976e+00   1.6814444880490786e+00   6.0921361612059199e-01   7.3687922512403503e-01
   4.2408599999999999e-03  -5.6460010031567165e-01   3.1076681452427790e-01   7.7884125311231089e-01   5.4382809490625650e-01   1.8477297026810285e-01   4.1896750569340652e-01
   3.2930600000000000e-03  -1.3866732950902714e+00   1.0705721254456133e+00  -2.5305368252065114e-01   1.1820544108885396e-03   2.6256996298698110e-01   4.9790151036428226e-01
   4.5371900000000000e-03   5.1760846823408790e-01  -4.6631082525701362e-02   8.0139582244263319e-01  -4.8907182734629456e-01   1.8364008474433594e-01   4.1769290056335900e-01
   2.9501699999999998e-03  -1.3609968775552364e+00   6.7550464173319902e-01  -4.2652992985002464e-01   9.3075714993698455e-01   2.6365071178224314e-01   4.9863823705885446e-01
   2.9871899999999998e-03   7.0478073620740517e-02  -1.0222278321618172e+00   7.7622554225683527e-01   1.3992374218646266e+00   2.8202607123868290e-01   5.1566726850216404e-01
   1.4972399999999999e-03  -4.9924243646065158e-01  -3.2533290239639051e-01  -2.2304215020899854e+00   1.4343054368563783e+00   5.8437107952293110e-01   7.2310594295187147e-01
   1.1254300000000000e-03   4.8966105428875767e-01  -1.3262290291296541e+00  -2.4180477072536108e+00   7.0922543999995813e-01   6.8539212185367682e-01   7.7748725121981521e-01
   2.9264899999999999e-03   5.2398456588064635e-01  -1.9984001026597276e-01   5.9056728300657479e-01   1.6694970895242198e+00   2.6903408312668509e-01   5.0359248363626219e-01
   1.6665400000000000e-03   5.6556969070112539e-01  -2.0008594508362716e+00   1.0391942300371921e+00  -1.0792559681609160e+00   4.9446442876872543e-01   6.6677794130495593e-01
   4.3818199999999998e-03  -2.0890738304801953e-01   9.8863780286605818e-01   4.3465938874430948e-01   1.7136913084583433e-01   1.8486912217542786e-01   4.1893025232461822e-01
   1.2113099999999999e-03   2.6482601519745983e+00  -5.2079211338375864e-01   9.3526226388700479e-02  -9.4570762476478720e-01   6.6876414795102124e-01   7.6973583115078636e-01
   1.5082600000000000e-03  -5.1451401593398383e-01   4.0494482404089177e-01  -2.2908901614980786e+00  -1.2813216972629498e+00   5.8106724801194476e-01   7.2021375605014104e-01
   3.0968200000000001e-03   1.5298609164688086e+00  -2.8667933287966171e-02  -6.1263650776982281e-01   5.4374052059684974e-01   2.4715672939255209e-01   4.8281646509822146e-01
   1.5441599999999999e-03   2.3769565222675655e+00   5.6189446648474162e-01  -1.1678565719495633e+00   2.4245216177232967e-01   5.9797074468257072e-01   7.3089907652383379e-01
   3.8146299999999998e-03   2.6164529155133670e-01   9.4676647355700372e-01  -7.8430985040232315e-01   1.6606414497468058e-01   1.8855965700985930e-01   4.2307389167140874e-01
   4.1248099999999996e-03  -2.5229379437079918e-01  -2.0953337424677640e-01   8.3643232453520933e-01  -6.2683982961426876e-01   1.7632248212457616e-01   4.0936246115548602e-01
   2.8626099999999998e-03   9.9929578524428797e-01   1.1961705983463804e+00  -5.3022068757782714e-01  -7.6792598680400770e-01   2.5825664998168352e-01   4.9294450565965009e-01
   3.3832799999999998e-03   4.2661542424274457e-01   9.1861934780069421e-01  -8.3087683490956021e-01   1.0273443629997707e+00   2.4177862569007591e-01   4.7792589234308136e-01
   1.6973800000000001e-03   1.6668680472207492e-01  -1.3689761531016614e-01   2.0185274620818405e+00   1.6137775548337381e+00   5.2514771839101360e-01   6.8667339223432289e-01
   4.0214900000000000e-03  -1.7830286771774814e-01  -8.7908709823144615e-01  -9.1935000944708045e-01   1.0826847911562991e-02   1.9479636065600700e-01   4.3009155812522820e-01
   5.3661100000000003e-03  -5.2368664986009297e-02   4.3135765786389163e-01  -2.6308854974649803e-01  -8.9911941166176623e-02   1.5845380577941479e-01   3.8842681374015847e-01
   5.2320600000000002e-03  -8.7255583183723881e-02  -2.6025242111987307e-01  -3.6037396443192460e-01   2.3222175934465128e-01   1.5560696401969643e-01   3.8501553995114163e-01
   2.9701100000000002e-03  -4.0560780462399859e-01   3.3870335491807430e-01  -1.7568351400265079e+00   4.5780848058693990e-01   2.7733421169595673e-01   5.1145670789582365e-01
   2.5138299999999999e-03   5.2848400952798158e-01  -4.9349006410330110e-01  -1.6288608721364000e+00   1.0327144960556280e+00   3.0825940827819015e-01   5.3776575807654092e-01
   1.6273600000000000e-03   1.2168710021604330e+00   1.6334182523428662e+00   8.3691896240338703e-01   1.4467679881351068e+00   5.4426073097959538e-01   6.9745666678186125e-01
   3.3436099999999999e-03  -5.6827891919501294e-01  -1.2833971616250306e+00  -2.8448881078165793e-03   1.0721459628926766e+00   2.6371455099084268e-01   4.9877602649570291e-01
   1.6741900000000001e-03   4.6042676313424497e-01  -4.7476442884848410e-02  -2.5052521460519217e+00   4.3491336377723400e-01   5.1154870824053245e-01   6.7767657822094185e-01
   1.8453000000000000e-03   1.1453779771851518e+00  -7.0647890843799366e-01   2.0832033049127734e+00   6.4419381935856168e-01   5.1793624196458887e-01   6.8213069566646556e-01
   1.4567400000000000e-03   1.4054817698618072e+00   1.0793670416792611e+00  -2.0895681659334029e+00   1.8217952961178002e-01   6.0312596348344394e-01   7.3275809440157380e-01
   1.4530900000000000e-03   3.6380943754991818e-01   2.6537191051546767e+00  -5.9666083495509992e-01   7.5037689996450982e-02   6.0513998634251143e-01   7.3339418321830085e-01
   2.8531699999999999e-03   7.3220521766954028e-01  -1.4351310681737210e+00  -9.3385341573735581e-01  -1.8913188541293499e-01   2.6768068948512808e-01   5.0253359946093146e-01
   3.0197599999999998e-03  -3.0641776931782855e-01  -3.4236185122586760e-01  -1.7129595026052344e+00  -3.6233607099754822e-01   2.5918918815125369e-01   4.9462781013228274e-01
   5.4625999999999997e-03  -2.2162229334476636e-02   1.3879590836274255e-01   2.3336223389917796e-01   3.5345228483711105e-01   1.5640686501768944e-01   3.8595992553738073e-01
   1.4192000000000000e-03  -9.9554837235189231e-01   1.6216561623827233e+00  -1.8433701498898820e+00  -5.7003283154677575e-01   5.6894023350509138e-01   7.1194756283693617e-01
   2.8556699999999998e-03   2.6355207967589467e-01  -1.3773926724483285e+00  -4.2976479843173254e-01   1.1519197393975091e+00   2.6723668156266661e-01   5.0187603616048249e-01
   1.7214000000000001e-03  -1.5599246475248176e+00   1.8505069623547439e+00  -3.7259586799752525e-02  -9.5487199116824073e-01   5.3123359038483497e-01   6.9010306942760735e-01
   1.4309200000000000e-03   1.9983563888768774e+00  -9.4277793519929098e-01   1.5697759852445792e+00  -5.2195630519446823e-01   6.1101810660506628e-01   7.3798055198973977e-01
   3.3579600000000001e-03  -9.6976216721222841e-01  -8.6110703456800097e-01   2.4005821855780266e-01  -1.2185672052230190e+00   2.6792879143358533e-01   5.0348778943601458e-01
   3.0570200000000001e-03  -7.3805489860996465e-01   4.7223273769626595e-01  -9.4019790852716478e-01  -1.2347884948501764e+00   2.5516571693456425e-01   4.9077826140465008e-01
   1.5401000000000000e-03  -1.9378844576860332e+00   2.1847245850610564e-01  -6.2657748317245676e-01   1.7432329176446342e+00   5.6996763114183802e-01   7.1289034929706330e-01
   1.6573200000000001e-03   1.5043974334209206e-01   1.3122639183793332e+00   1.7414182063532380e+00   1.4501105256517710e+00   5.3718720665652653e-01   6.9347437415251623e-01
   3.3037399999999999e-03   1.6030646056095381e+00  -4.8772320741111025e-01   2.5036005930671473e-01   3.6950074734352900e-01   2.5208597318729353e-01   4.8824179293446313e-01
   3.1965700000000001e-03  -8.6284666309562885e-01   9.4347485097584027e-01   1.2641060254859759e+00   2.0921414165803418e-01   2.6471458321349139e-01   5.0009618902909336e-01
   1.2845700000000001e-03   9.3302524386670349e-01  -1.8648162661755712e+00   1.8612603349904211e+00  -1.3141244387912746e-01   6.3517027746095345e-01   7.4942197902460628e-01
   2.2311399999999999e-03  -9.3901163941015220e-01   2.0023462171991886e+00  -7.3605067300993821e-01   3.9066146088361925e-02   4.1222749627248639e-01   6.1398294661790986e-01
   3.4629999999999999e-03   4.3071406413488590e-02   5.5835462335473096e-01   1.1588722016277271e+00  -1.0704765433503709e+00   2.4467230250121180e-01   4.8091313915287698e-01
   1.4601000000000000e-03  -1.6569219553337835e+00  -7.6106052556086601e-01  -1.5830938340361225e+00   1.2853952505534669e+00   6.0189852866829285e-01   7.3114133381507207e-01
   3.1713000000000002e-03   1.0750295205519462e+00  -8.6573415965503775e-01  -8.2323839824485556e-01   7.1824592183334246e-01   2.5499784581651680e-01   4.9086871397470300e-01
   1.5349800000000000e-03   4.0057831618270634e-01  -5.8661319809066315e-01  -2.4357137738666159e+00  -8.7688137272592537e-01   5.7040117561106018e-01   7.1305492251525648e-01
   2.9261100000000000e-03   1.3788512214187207e+00  -2.0642687105877669e-01   5.6091061296997986e-03   1.2116488673270476e+00   2.6725023745603271e-01   5.0186427527653310e-01
   1.4220200000000000e-03  -2.0442141915589769e+00   9.0395248290911312e-01   1.3989507811705741e+00   7.2076866371316295e-01   5.9348146060727791e-01   7.2614599942847080e-01
   1.4555200000000001e-03  -9.3977124603770101e-01   7.1893922299975899e-01   1.4468714446315998e+00   2.0009899910259712e+00   6.0145684706842228e-01   7.3143886615529119e-01
   3.2793200000000001e-03  -4.7581169638383974e-01   9.9763996478528771e-01   8.3994591773717764e-01   1.1054099000787367e+00   2.5961153889739363e-01   4.9556386832833960e-01
   2.9997200000000000e-03   1.2260861050383520e+00  -1.3640208738801702e+00  -1.3520873883030998e-02   5.3545208868297034e-01   2.8386972831038915e-01   5.1747977451319715e-01
   1.8708799999999999e-03   7.7953402332772773e-03  -1.2394402814429848e+00   2.0509322454064045e+00  -2.2362845568545622e-01   4.1764008180752510e-01   6.1680880208440303e-01
   3.1035199999999998e-03  -1.0188722672262913e+00   2.3463669280157189e-02  -1.1505973901158963e+00   9.6933368669037134e-01   2.6411518998588551e-01   4.9953643903089873e-01
   2.9713999999999999e-03   1.8330349471887920e-02   4.8063822202194617e-01   3.7159212300338795e-01  -1.7345182174848006e+00   2.6477998748297837e-01   4.9984629613185100e-01
   3.2457100000000002e-03  -1.1829844548874029e+00  -8.9629307379500467e-01  -8.1104274210418226e-01   4.5801954632970965e-01   2.5371801388927367e-01   4.8960446028613813e-01
   1.4392299999999999e-03  -2.5970902840550920e+00  -2.6089049656636848e-01  -6.9283608068130553e-01  -4.3893726018888085e-01   5.9060542724317455e-01   7.2578332236700582e-01
   4.4497900000000003e-03   7.8774799947932489e-02   1.0582941796309497e-01  -3.6713885135975588e-01   1.0000546448049816e+00   1.8112016800297417e-01   4.1486548301106457e-01
   2.4421099999999999e-03  -1.3331475362496807e+00  -2.7055758004502489e-01  -1.5846521859901164e+00   1.2250719442174308e-01   3.1599260477681079e-01   5.4403843553662146e-01
   3.0839000000000001e-03  -2.8208209585521743e-01   1.1934637978905143e+00  -3.5140007024148934e-01  -1.3764756678644006e+00   2.7936732833932942e-01   5.1358231486808736e-01
   2.8354700000000001e-03  -9.6053250845471982e-01  -1.4182006415702579e+00   7.7759380602736772e-01  -3.5119117310874415e-01   2.7947361096217699e-01   5.1350553409401600e-01
   1.8002300000000001e-03   3.9715024899729882e-02  -2.3070126559076978e+00   9.6012384164995357e-01   6.3335869684512780e-01   5.2727587918180741e-01   6.8779004544597167e-01
   2.9574499999999999e-03   1.5833813934835748e+00   8.8192614410029002e-01  -1.9782837599192366e-01  -1.7314675490741821e-01   2.6632175804209340e-01   5.0065098227869831e-01
   1.6864899999999999e-03  -2.1629969201653370e+00   1.0106139315904683e+00   8.1007104221518145e-01  -3.1412061743047037e-01   4.8402569378188848e-01   6.5943588542238329e-01
   4.3023699999999998e-03  -4.1428085712677948e-01   1.8530280001822771e-01  -2.8227596514615022e-01  -9.6219699445902962e-01   1.8110471220765120e-01   4.1473698579444318e-01
   1.5188199999999999e-03   4.1907276888635991e-02   9.7311527873782089e-01  -2.5097757880856801e+00  -1.6439472841377292e-01   5.7295581357810021e-01   7.1567623533277624e-01
   4.4539200000000001e-03  -7.7596957264910293e-01   1.9460092396071924e-01  -3.0677574002880170e-01   5.4594829754159968e-01   1.7710535912448541e-01   4.1003333139921050e-01
   1.2715400000000000e-03   3.7305816679352150e-01   2.0710783893614337e+00  -1.7693040818773200e+00  -5.8367521622612373e-01   6.2811656249360970e-01   7.4686129382076250e-01
   1.4974100000000000e-03  -1.6650908896005867e+00   1.5779960254264696e+00  -9.6434555443829018e-01   1.0555323378559391e+00   5.7572048225354222e-01   7.1675633694502239e-01
   1.4285100000000000e-03  -8.1303202882138903e-01  -1.7293654183438461e+00  -1.7630179657858234e+00   7.4775810896660910e-01   5.7225056617625880e-01   7.1419902552401893e-01
   1.5434200000000000e-03  -1.7569285450377287e-01   1.7390433484750150e+00   5.4943894358061718e-01   1.9657419224128458e+00   5.7313519372774879e-01   7.1510999980299106e-01
   1.3637300000000001e-03   5.0224901019589030e-01   5.4070035849190823e-01   1.0938693968626627e+00   2.4424958642481114e+00   6.1547436258200017e-01   7.4037590488216065e-01
   1.7948500000000000e-03   8.2082734826438519e-01   2.0562303463740168e+00  -2.6540746281600208e-01   1.1925637675770677e+00   4.9227502061097544e-01   6.6477179388502183e-01
   4.9799500000000003e-03   4.7805441134208559e-01   5.7538306149707585e-01   4.4856931980289444e-01  -1.8585260415797458e-01   1.7474960425841046e-01   4.0766055274351737e-01
   1.5877599999999999e-03  -1.1981676946058799e+00  -5.4264066645198436e-02   3.7195012641711567e-01   2.2974168922514986e+00   5.2435456512407241e-01   6.8493677770141648e-01
   2.8775900000000002e-03   7.5916933278575205e-01   1.0800588823225687e+00  -1.2836673269264594e+00  -3.3049071338058994e-01   2.6949073731028644e-01   5.0410213100153756e-01
   4.0872299999999999e-03   1.0296630522923145e+00   3.5518973356464312e-01   7.3605642401777888e-02   3.7247692904699237e-01   1.8270757467507684e-01   4.1652611952551571e-01
   3.6441700000000000e-03   5.0372021019442847e-01  -6.5174991028114049e-01   1.1796029578000549e+00   2.2033784808834368e-02   2.1103828418501455e-01   4.4655807513769119e-01
   1.4037800000000001e-03   1.0750759268534522e+00   1.7858373280315696e+00   1.6928860689557717e+00   3.4744237956354673e-01   5.7153146686126999e-01   7.1293450290220206e-01
   1.4337900000000001e-03   1.6813009105338610e+00  -1.6797542688134794e+00   6.0946149719017007e-01  -1.1940075751567616e+00   5.8719278839816014e-01   7.2371577597868297e-01
   1.4160600000000000e-03   1.8766228600613688e+00  -2.0564338405464982e-01   1.8986680021645352e-01  -1.9219580934476457e+00   5.6562348118041239e-01   7.1016737338853320e-01
   0.0000000000000000e+00   0.0000000000000000e+00   0.0000000000000000e+00   0.0000000000000000e+00   0.0000000000000000e+00   3.1888120676283899e-01   5.2998931000928162e-01
