   1.7637900000000001e-03  -6.2541891893316337e-01   1.6640425329926147e+00  -1.5162109957314125e+00   1.4201472115912278e-01   3.6130307523636523e-01
   8.5256000000000004e-04   2.5146714233111642e+00   1.5923341426769875e+00   2.1520019227157697e-01   3.1505076360221240e-01   5.1917444554109249e-01
   1.9222099999999999e-03   2.0982161021245767e+00  -5.6410272905920411e-01  -5.9745496077848670e-01   1.3097827631212133e-01   3.4744167240132096e-01
   8.3637000000000002e-04  -1.6241064484928378e+00   7.5516224431550693e-04   2.4963553366045712e+00   3.1608744587617627e-01   5.1808530198816360e-01
   2.8273700000000001e-03  -1.5950728958122553e+00  -3.5486897550224522e-01  -4.1340434608266596e-01   7.9190347396656938e-02   2.7096389071213706e-01
   2.2612999999999999e-03  -4.9508247993855836e-01   2.0448371705312351e+00   4.7269515933895945e-01   1.2738366157067632e-01   3.4237527409591856e-01
   2.0089700000000001e-03  -7.1804747186052298e-01  -1.7037702490468778e+00   1.2023770640991853e+00   1.2652003899232508e-01   3.4120966250282531e-01
   1.7105899999999999e-03  -1.8065881301492454e-01  -2.2629133853176988e+00   4.4496033583987044e-02   1.2980457698975420e-01   3.4460301567190610e-01
   4.0900600000000004e-03   8.7061742889649352e-01  -1.3328383464892443e-01   7.7000641917047041e-01   6.1472928860330504e-02   2.3899668325998230e-01
   1.8462400000000001e-03   1.5495858200500565e+00   1.6704105882056601e+00   3.3285229653654921e-02   1.3490348064100344e-01   3.5184637746096864e-01
   3.7641900000000002e-03  -5.0815283509645837e-01   8.4071685295462573e-01  -6.7473724965459225e-01   5.9124118473268344e-02   2.3442397202005022e-01
   4.7422999999999996e-03   7.2438286722332101e-01  -1.0986224259376759e-01  -1.6628472661840429e-01   5.1594548843613974e-02   2.1917692862372942e-01
   3.6551900000000000e-03  -1.5104061229093205e-01   6.3078778738260663e-02  -1.2989183052142543e+00   6.4281226278607106e-02   2.4424335050240381e-01
   5.0788700000000001e-03   6.0072484614580779e-01   3.3537163859864177e-01   9.1093222417067812e-02   5.2202384107128838e-02   2.2053803267356906e-01
   1.9247600000000000e-03   2.0105158996748522e+00  -2.3679825709870442e-01   9.3744094311009429e-01   1.2875827691639716e-01   3.4366221512853168e-01
   4.2160399999999999e-03   6.3538211862743854e-01  -4.0669767072606450e-01  -5.7809938443886777e-01   5.3927349486910928e-02   2.2382156999885527e-01
   2.0027700000000001e-03   7.5953845669900999e-01   8.0206207023909237e-01  -1.9234151470259189e+00   1.2885479707396127e-01   3.4409784737763999e-01
   3.2355900000000000e-03  -2.3689763432891464e-01  -1.2826511043928124e+00   8.1563407392470877e-01   7.3550850639740054e-02   2.6121935230438287e-01
   2.9131399999999998e-03   1.1393892835638629e-01   1.5659584899980474e+00  -5.0349188808997092e-01   7.7538108177042347e-02   2.6800935505197554e-01
   3.1450499999999999e-03   1.3485064900691148e+00   1.0338591854818592e-01   9.0674534343067381e-01   7.9364671357609343e-02   2.7144969380992495e-01
   4.6420599999999999e-03   4.2495372642424095e-01   4.8075275898117366e-02   4.9784019319142825e-01   4.8613560584362794e-02   2.1271265692732277e-01
   1.8449700000000000e-03  -1.6626570919606412e+00   1.5279313140293767e+00   2.8274441806375145e-01   1.3475751722595350e-01   3.5088842394100034e-01
   1.7859300000000000e-03  -3.5268309252304264e-01   6.4872868318592447e-01  -2.1864753896717959e+00   1.3624685127576841e-01   3.5406249703361264e-01
   4.5635399999999996e-03  -2.3298941987417310e-01   5.8514618344272351e-01   4.0669172254381242e-01   5.0450753405252853e-02   2.1660171868232925e-01
   3.3894799999999998e-03  -7.4324678598166471e-01   9.6165232230350273e-01   9.0036648409609477e-01   7.3654438503030467e-02   2.6154731537009673e-01
   3.1824599999999998e-03   1.5045372142794762e+00  -2.6242096944226212e-01  -6.8294586013935343e-01   8.3800244032658289e-02   2.7896386471446760e-01
   9.1228999999999995e-04   1.1525030818402275e+00  -1.4257221378482834e+00   2.2840584106812445e+00   2.9559536459988128e-01   5.0310220801280181e-01
   2.0873699999999999e-03  -8.9282955059375035e-01  -3.2672046178669162e-01   1.9730839655074659e+00   1.2613919439425555e-01   3.4086623878124106e-01
   4.3030899999999999e-03  -9.6549939285959074e-01  -4.7763523735104207e-01   3.5172594299846510e-01   6.1648788543058997e-02   2.3948450999279136e-01
   1.9598400000000000e-03  -1.0378860315761380e+00   1.6993810428567754e-01  -1.9842184953969420e+00   1.3272780843461959e-01   3.4945529572995809e-01
   9.8832999999999994e-04   1.6974303590241133e+00   7.1495226082304153e-01   2.2327395441009839e+00   2.8369038675924158e-01   4.9550497872055244e-01
   3.8272499999999999e-03  -5.9642871806985936e-02   3.8086694070713123e-01   1.2476120908701180e+00   6.5889887642809050e-02   2.4740997703469009e-01
   2.4969100000000002e-03  -1.6966796241944841e+00   8.2393937643038884e-01   8.0111035046309037e-02   9.3416550065452450e-02   2.9385467120194481e-01
   1.9487800000000000e-03  -7.9640562368736967e-01  -1.1237512755396291e+00   1.7647548048130115e+00   1.2903488291740070e-01   3.4510083742952213e-01
   1.5859500000000000e-03   1.0259239180096373e+00   2.1029873264661130e+00  -3.4387789335582775e-01   1.3919543451130356e-01   3.5692613897512082e-01
   1.9361000000000001e-03  -1.8819864849472949e+00  -6.2406183908885915e-01  -9.8498747713960155e-01   1.2445587475086110e-01   3.3828775640309566e-01
   3.3406099999999999e-03   4.0616300868741839e-01   9.0077777436752615e-01  -1.2726979158115521e+00   8.0259818082989820e-02   2.7320624064453858e-01
   1.2097399999999999e-03   2.7052333566152895e+00  -7.6009472467279557e-02  -4.9404717748780240e-02   2.2673698606404813e-01   4.4402594502175485e-01
   1.8593399999999999e-03  -1.4696289129609672e+00   1.2586546709269599e+00   1.0506715322503086e+00   1.1979537692867839e-01   3.3197869629384574e-01
   3.1093100000000001e-03  -2.8527933977800513e-01   6.0006725102284431e-03   1.6264103638978071e+00   8.1127971055355894e-02   2.7429370902506856e-01
   4.5621899999999998e-03  -6.9402888911448468e-01  -1.3461196415805396e-01   1.8185083614321229e-01   5.0311794412169777e-02   2.1619505522191945e-01
   9.0715999999999995e-04  -2.5771932486446025e+00   2.8937080076280541e-01  -1.2895355277932044e+00   2.7856963732799955e-01   4.8796625608167438e-01
   4.2434400000000002e-03   3.0593237722393002e-01  -7.9816486800579145e-01   6.6364602601905220e-01   5.9079409838172149e-02   2.3423611795147017e-01
   2.1782799999999999e-03   1.2880286645030039e+00  -1.6289746982170190e+00   5.2627787896197686e-01   1.2160920727673150e-01   3.3448566421801296e-01
   7.9579000000000000e-04   5.3316779670264824e-01  -2.2464023765176622e+00   1.8932707950476262e+00   3.1495166377046424e-01   5.1587931824814937e-01
   4.2848199999999999e-03  -1.1193243912175621e+00  -2.4267055962883330e-01  -2.3799805202603316e-01   6.3795042958069662e-02   2.4337619622001180e-01
   1.8894300000000001e-03   3.0994549785205567e-02  -1.7820085855782324e+00   1.3309819470647661e+00   1.2440179089209159e-01   3.3842297147053529e-01
   5.4672599999999998e-03   2.7953774204946652e-01  -5.8849357482884224e-02   4.0674509026004176e-02   4.8286140026504165e-02   2.1205976025039380e-01
   1.0236300000000000e-03  -2.3464317720446348e+00  -1.6581746593096702e+00   7.6722327355747286e-02   2.9143269844166525e-01   4.9945052582066674e-01
   2.8510900000000001e-03   1.3813676109294221e-01   4.9328799875043317e-01  -1.6843128854005058e+00   8.6432595730336681e-02   2.8301496356893019e-01
   4.2608400000000001e-03   8.7421741314660306e-01   7.6741355800260846e-01   2.2973673105101960e-01   6.3486625482717343e-02   2.4306503920711900e-01
   1.0296800000000000e-03   2.0688597371202082e+00  -1.0506146311479254e+00   1.6916938599916678e+00   2.8833471894790680e-01   4.9731532141020213e-01
   8.3914000000000005e-04  -1.5585571500035815e+00  -1.4126076642185970e+00  -2.0931674368501989e+00   3.0511493377045346e-01   5.1035120698097958e-01
   3.0434899999999998e-03   1.3263838727677881e+00   3.2224035412633417e-01  -9.4603581250402125e-01   8.0481038014138528e-02   2.7329982296398841e-01
   2.0532800000000002e-03  -2.1338117478963232e+00  -4.0697877341460614e-01  -4.8409225576639535e-02   1.2324186368003241e-01   3.3633282243658319e-01
   8.9868999999999995e-04  -1.4737784627309594e+00  -3.7089542241947887e-01  -2.4982423560410996e+00   2.9350699167657041e-01   5.0099574995558749e-01
   3.0131300000000001e-03   1.5221941286835778e+00  -6.2328533762194815e-01  -9.4462961887295735e-02   7.8467310288669975e-02   2.6993581625720808e-01
   8.1282000000000001e-04   2.2821468233317503e+00   1.3458208772671405e+00   1.4300224202873939e+00   3.3637181209876960e-01   5.3274973518793345e-01
   3.3716300000000000e-03   7.9241988224953197e-01  -1.1918228540854756e+00   6.2296848076174294e-01   7.7306820911498722e-02   2.6787088577356211e-01
   2.0681100000000002e-03  -1.0430917265085589e+00   9.2753811748894233e-01  -1.7609743340006692e+00   1.3792620673182540e-01   3.5594225956376330e-01
   4.3150599999999999e-03   1.0169154836233254e+00   3.9568893361959212e-01  -2.1968069159025658e-01   6.1030978615302670e-02   2.3811498039944753e-01
   8.5640000000000000e-04   1.9820168256432633e+00  -4.6194067160759178e-01  -2.2066627280512838e+00   3.3941667751687893e-01   5.3670319992568971e-01
   9.1582000000000002e-04   2.1550688710636479e+00   1.7146865446380342e+00  -9.5558470935030781e-01   2.8886153355954791e-01   4.9736451859850705e-01
   2.0607400000000001e-03   1.3766694340045691e+00   1.1563888394152844e+00   1.1474780041588386e+00   1.1559167645447731e-01   3.2616899404187000e-01
   2.5496999999999998e-03  -1.1532828084185036e+00  -6.4713679575667160e-01   1.3275609408506825e+00   9.2317970279104197e-02   2.9241557107578153e-01
   3.3138600000000001e-03   1.1908163393260645e+00   8.3355739818524366e-01  -5.6037633132243070e-01   7.6094402761154450e-02   2.6578365360933409e-01
   8.4170000000000002e-04   2.7963877643581325e+00   8.3886641761125247e-01  -6.0160945740805072e-01   3.1689667398130555e-01   5.1936765605007695e-01
   1.9430500000000000e-03  -2.0645873790362343e+00   2.6526059098332571e-03  -6.8985408133675852e-01   1.1985521334652138e-01   3.3176413761936502e-01
   2.6416899999999999e-03   7.6439940015697461e-01  -6.5443426728982990e-01  -1.5148237924994248e+00   8.8592361382277496e-02   2.8650703195720967e-01
   3.7952300000000001e-03  -7.6265153280982090e-01  -4.7037602495051833e-01   9.0492655377845432e-01   6.3455726871513976e-02   2.4291289734683480e-01
   2.0401999999999998e-03   2.0691633567507655e+00  -5.5647199647706636e-01   2.8807753872039615e-01   1.2028461915293348e-01   3.3246500957969377e-01
   5.6603000000000003e-04   7.6051959271447012e-01   1.5584620952388029e+00   2.6486160977809563e+00   3.7468013202647737e-01   5.6053630669046961e-01
   3.1780599999999999e-03  -1.2116275015875086e+00  -7.6004148691934481e-01  -6.3681102830775993e-01   7.5415863743750755e-02   2.6431196000192575e-01
   4.5125199999999999e-03  -2.1447177373499583e-02   2.4448986452402727e-01   7.6834181971700111e-01   5.1461358890860870e-02   2.1887725355887991e-01
   2.8234699999999998e-03   1.1536742523467338e+00   1.3073163057675579e+00   4.8615803435043908e-01   9.1809772434174375e-02   2.9146595469387732e-01
   2.6715400000000000e-03  -8.1185702640747037e-01  -2.1994938403460845e-01  -1.5265280497098574e+00   8.1892685575669019e-02   2.7535261722057824e-01
   4.1331800000000002e-03  -5.9677000314944988e-02  -2.1835033879289895e-01   1.0874248860415929e+00   5.9270299695150873e-02   2.3471189572376613e-01
   1.7436400000000001e-03  -1.9722177990987488e-01   2.1274406479286450e+00  -8.9787069037458545e-01   1.3642119855965062e-01   3.5395066262290159e-01
   3.7740299999999998e-03  -5.7243629095932813e-01  -1.9234951114594179e-01  -1.0736061046782268e+00   6.1496530273664501e-02   2.3893833998808639e-01
   1.1367800000000000e-03  -6.8883650832303223e-01   2.6376699380007382e+00  -3.3158800385385268e-01   2.3359605809843972e-01   4.5210666192487897e-01
   2.2307000000000000e-03   1.2228058866768337e+00  -1.2383602727167375e+00   1.1431239466220178e+00   1.1373395632105487e-01   3.2315882893605302e-01
   1.7395799999999999e-03   1.5796055601244774e-01   1.2661969995372773e+00  -1.9268512587262514e+00   1.3730151975916374e-01   3.5490962451674918e-01
   1.9658399999999999e-03  -6.5711519988631317e-01  -6.5259821998838108e-01  -2.0257982900405791e+00   1.2958381077056141e-01   3.4503075915540099e-01
   3.6987900000000000e-03   6.4443013046512876e-01   1.1785346892121034e+00  -7.5367483731545504e-01   7.9642117857585154e-02   2.7214331090166827e-01
   2.4796100000000001e-03   7.4555712778897554e-01   9.7443253634506266e-01   1.4324249732406338e+00   9.2395845733650561e-02   2.9233970518001395e-01
   2.3966800000000000e-03   8.0572124133718770e-01   1.8290867290744484e+00   3.2104138015628675e-01   1.0910445005856520e-01   3.1729683820008309e-01
   4.8996600000000001e-03  -2.1126490702711931e-01   6.6200344449909287e-01  -5.3951831084550941e-02   5.1338886790663091e-02   2.1862308152478713e-01
   2.5403800000000001e-03   1.5499967750023980e+00  -9.9414481210665129e-01  -6.3742134371850656e-01   1.0272995250126656e-01   3.0765574501588050e-01
   2.9174200000000000e-03   1.3718929244128582e+00  -9.0454522526132941e-01   4.7458470628633898e-01   8.3175377395767261e-02   2.7766674841329031e-01
   3.8979499999999999e-03   8.7566778239869381e-01  -6.4315655534593441e-01   6.1910874427141638e-01   6.3796086014511519e-02   2.4329275752698562e-01
   8.6300000000000005e-04  -2.2236318250213332e+00  -1.6327911442404530e+00  -1.0659566175819559e+00   3.0611109712508766e-01   5.1100236062740156e-01
   3.1413399999999998e-03  -9.0716914368393009e-01  -4.4840846960720993e-02   1.3505089997132449e+00   7.9094220679862853e-02   2.7103583490743371e-01
   1.9810000000000001e-03  -1.3462405940046023e+00  -6.2942062151331324e-01  -1.6134770419747717e+00   1.2242180716529558e-01   3.3593664255461281e-01
   2.0707400000000002e-03  -1.6727598152737848e+00   3.3800756357279943e-02  -1.4413652200005718e+00   1.2912915991483279e-01   3.4477023214444125e-01
   3.6633899999999999e-03   1.4146934098260131e+00  -2.7784784003526164e-01   4.4159160902612193e-01   7.6717478277728443e-02   2.6704036108506929e-01
   3.1334800000000001e-03   1.5378775081680625e+00   3.7874630350266247e-01  -3.6727259574725823e-01   7.9704608730707671e-02   2.7175189648112169e-01
   2.5294400000000000e-03  -8.7754478370961453e-01  -1.4660798392534522e+00  -8.3992742827713129e-01   9.5372202061517905e-02   2.9712557952113200e-01
   9.3824999999999996e-04   6.1821714398354122e-01   2.4436145073011457e+00   1.5456829578788782e+00   3.2984701430166485e-01   5.2925699133187887e-01
   7.8156000000000005e-04  -1.4392955203028421e+00  -1.8652002078138028e+00   1.8283634896284249e+00   3.1441761626690762e-01   5.1388324064467716e-01
   7.5630999999999995e-04  -2.2444557453804714e+00   1.8236728408547258e+00   9.7589675012531241e-01   3.4771771362157694e-01   5.4308559294449521e-01
   2.0310100000000002e-03  -1.3940070443045181e+00  -1.3274195120089713e+00   1.0724104307116189e+00   1.2627281014365499e-01   3.4112270396672123e-01
   2.8871900000000000e-03   1.3451629763614656e+00  -5.2895127875764281e-01   1.0099902289983353e+00   8.7704069278654623e-02   2.8491694263028228e-01
   3.9936399999999997e-03  -7.5802229584822389e-01  -4.4662921660613553e-01  -6.5576586851600582e-01   5.6596977231101575e-02   2.2961129199813268e-01
   6.9868000000000003e-04   9.1857778257960820e-01   1.6834972572022000e+00  -2.4266167398023417e+00   3.5163550917160435e-01   5.4625821710056632e-01
   2.1254099999999999e-03   6.8528111485284526e-01  -1.7775096896990343e+00   9.8947050063158748e-01   1.2079214700430960e-01   3.3307064492547889e-01
   8.4878000000000004e-04  -2.4702200350308803e+00  -2.1801379393440559e-01   1.6427558260521087e+00   3.1525872987330000e-01   5.1814062264840433e-01
   4.3105200000000000e-03   7.2860070207299135e-02  -2.3690159922273923e-01  -1.0001558283478955e+00   5.7441374510886253e-02   2.3101193440593723e-01
   3.2917400000000000e-03  -5.5122927936446098e-01   1.4016144098566503e+00   8.8285521568390299e-02   7.2475087121902079e-02   2.5933626138559379e-01
   9.0592999999999999e-04  -2.3683821241621277e+00   1.3161200177531329e+00  -1.1051785476747851e+00   2.9807984032941215e-01   5.0301320233428748e-01
   1.8696600000000000e-03  -1.6000105953997326e+00  -1.2467268889576821e-01   1.5172060823125704e+00   1.2153473420027067e-01   3.3410969527262180e-01
   5.2939500000000004e-03  -1.3959439309609972e-01   1.5655988783330044e-01  -2.3064793319796462e-01   4.7071219191371014e-02   2.0949594268992736e-01
   8.5331999999999997e-04   2.7230735625073450e+00  -1.1387649680447580e+00  -2.7311865877697433e-01   3.0764663027390976e-01   5.1233664160130366e-01
   2.0743799999999998e-03   5.4790359087517737e-01  -1.2703793689538390e+00  -1.5867813572286742e+00   1.1311213486509862e-01   3.2224008410295873e-01
   2.1207299999999999e-03  -1.0941582154657568e+00   9.6321300373328655e-01   1.4899870283257690e+00   1.1143016921224290e-01   3.1969892009903267e-01
   1.0573900000000001e-03   2.0105359269585682e-01   2.2371698960565842e+00  -1.7142741733872124e+00   2.6320607883887670e-01   4.7750390595917369e-01
   2.8127899999999999e-03   6.1729400751482855e-01   1.5529513980199690e+00  -2.7598232782025828e-01   8.0392185906641295e-02   2.7269906506097835e-01
   3.3095600000000000e-03   7.9513733281611132e-01   9.9371660771977310e-01   8.1911927220684866e-01   7.2986781249928107e-02   2.6025285645443341e-01
   3.4767299999999999e-03   1.6726934119849757e-01  -7.9415997102237579e-01  -1.2653550269586251e+00   7.4949495848588496e-02   2.6363639689327634e-01
   8.8495999999999996e-04   2.2386275886243108e+00  -1.8100047782245721e+00   6.2729214167492231e-01   3.0463280972974244e-01   5.1010878147256200e-01
   2.1143799999999999e-03   6.4067881068890697e-01  -1.2857002361919072e+00   1.5615601936801422e+00   1.1627678096487487e-01   3.2688994955393946e-01
   1.4300500000000000e-03   1.4720142325439640e+00  -1.7240248414753321e+00  -8.4967082554139217e-01   1.4332833819005081e-01   3.6195095763046548e-01
   1.9528200000000001e-03   7.6592199511836445e-01  -2.0185336073071181e+00  -3.4386848221054706e-01   1.2148737212632857e-01   3.3394807902830848e-01
   2.8990100000000000e-03  -5.3010381184425326e-01   3.7220122079969686e-01  -1.5461205849505901e+00   7.9471419979728466e-02   2.7162549895645394e-01
   5.2340099999999999e-03   2.5158587079626652e-02   2.6389214221705504e-01   2.1732310628418164e-01   4.7500621492012424e-02   2.1024940028970576e-01
   4.8301300000000002e-03   4.3127394392506868e-01  -4.8720342946314904e-01  -1.1760629460126996e-01   4.9940490334514677e-02   2.1567102457078233e-01
   1.9309399999999999e-03   1.2058865136110473e+00  -7.3661107147357308e-01   1.6576789808565733e+00   1.1843822879379688e-01   3.3006725401307374e-01
   1.0761099999999999e-03  -1.6011424976679494e+00   1.6839319713283465e+00  -1.6677726040072021e+00   2.8613447725730401e-01   4.9698869763769615e-01
   3.4444300000000001e-03  -8.8312429194568132e-01  -1.0496431736488092e+00   1.8795808944463996e-01   6.6115340381172033e-02   2.4779614906656455e-01
   4.2511800000000002e-03   4.0766424520858791e-01  -3.8970442386224252e-01   9.3088351619434750e-01   5.9321074975908640e-02   2.3481692229842505e-01
   1.8728000000000000e-03  -1.0319462221177209e+00   1.8703420495692478e+00  -8.0917117268795202e-01   1.3622646565880275e-01   3.5353759084457648e-01
   2.1238600000000000e-03  -1.6230631260369111e+00   1.3607334019946751e+00  -5.1891551677330972e-01   1.2687916080211464e-01   3.4156299161198578e-01
   2.0378200000000001e-03  -2.0608501979360532e+00  -4.5224803935299776e-02   7.6621579196873224e-01   1.2693099911108605e-01   3.4170829663478958e-01
   2.6093000000000002e-03   1.3244673424032241e-01  -1.4445465666501938e+00  -1.0836757727431807e+00   8.7043386608057438e-02   2.8379328764692285e-01
   1.1455300000000001e-03   2.1343291765264691e+00  -1.2226771197769171e+00  -1.2880392178760978e+00   2.5798474336240668e-01   4.7273107974014805e-01
   1.9804599999999999e-03   1.8607331992019174e+00   1.0967877405192805e+00   5.6545673332496615e-01   1.2999667587403729e-01   3.4588334781196323e-01
   4.1946199999999996e-03   5.6257480934288051e-01   3.3263695728576098e-02  -9.0351326766235518e-01   5.8326760166809571e-02   2.3259418902226733e-01
   8.5738000000000003e-04  -2.9319160421952621e+00   2.8844588666426046e-01  -2.7904852364174143e-01   3.0804453271618060e-01   5.1203423230703926e-01
   2.1559299999999999e-03  -1.6639801997761758e+00   4.7216124654615965e-01   1.1713445045438415e+00   1.1362536080954137e-01   3.2285944853903636e-01
   7.4609000000000003e-04   2.1205115080503409e+00  -2.1076921324392326e+00  -4.8176225516023441e-01   3.3111144073819521e-01   5.2974686002585858e-01
   3.3393400000000001e-03   7.3626520162418652e-01  -7.5175688814675146e-01   1.1632440960182771e+00   7.7992745998760285e-02   2.6896414061932455e-01
   3.3165000000000000e-03  -3.5266349785847295e-01  -1.4586218934653852e+00   2.7504290668790460e-01   7.4331636565901499e-02   2.6243941671241844e-01
   4.3631399999999997e-03  -1.0650179768788777e-01   6.4699598753461918e-01  -5.0567929552787327e-01   5.1006455858672257e-02   2.1777768281528370e-01
   3.3552899999999999e-03  -1.5783249895250278e+00   1.9239655124622990e-01  -1.2234582335338921e-01   7.9141248099655073e-02   2.7114029098233505e-01
   8.2178000000000004e-04   4.4590584560059848e-01   2.9030227163647511e+00  -7.2703049689080090e-01   3.4284715097672042e-01   5.4101499314388524e-01
   4.5242299999999997e-03   5.8049690311047142e-01   2.5470089221179487e-01  -4.4999486907861969e-01   5.0985888021312653e-02   2.1772476949063690e-01
   2.3329200000000000e-03   1.2620355618966961e+00   1.5026213276439839e+00  -8.0020887375930494e-01   1.2116174574120661e-01   3.3446250543893219e-01
   5.1699199999999997e-03   2.5572563523750086e-01  -9.6063302612448484e-02  -4.6865464200620555e-01   4.9666089976941871e-02   2.1510037766990656e-01
   9.8442999999999990e-04   4.4490935525308895e-01  -2.6905928167927802e+00   9.3122188338161083e-01   2.8268909832866462e-01   4.9248076279137365e-01
   7.8748000000000002e-04  -1.2466907709935861e-01   2.9687432063021570e+00   4.2890295806891282e-01   3.2025242378632546e-01   5.2060076958991985e-01
   1.0490199999999999e-03  -2.0501708989520466e+00   8.9883108365825681e-01   1.7956035195015125e+00   2.8457608103626036e-01   4.9580684667293073e-01
   4.1017099999999997e-03  -4.7612430547162243e-01   4.7013747173523619e-03   1.0235145488243260e+00   5.9813014365922929e-02   2.3570357887896937e-01
   2.4709200000000001e-03  -2.8029312355325603e-01   9.7979715635422060e-01  -1.5509871176025365e+00   9.0033971032266513e-02   2.8810290191193055e-01
   1.9051500000000000e-03   1.5874824698278789e+00  -1.2101212102306755e-01   1.5559102806961602e+00   1.2674569721700110e-01   3.4096692644646515e-01
   1.9142499999999999e-03   9.3615290547230801e-01   1.3975034627040502e-02   1.9958529288917248e+00   1.2215170836538544e-01   3.3508642867615507e-01
   3.8406800000000000e-03  -1.3437132313109529e-01   6.5591474523724647e-01  -1.0910401095267124e+00   6.4230890058339138e-02   2.4447571989769915e-01
   8.3794000000000002e-04   1.5376761203545743e+00  -4.2816783911163275e-01   2.4995007352211256e+00   3.0111212622040101e-01   5.0764472916104952e-01
   8.5769999999999998e-04  -2.3262697491301596e+00  -1.3954434149890558e+00   1.1761044665798253e+00   3.1202266530615408e-01   5.1384889933301170e-01
   8.6804000000000004e-04   1.3849025693964307e+00   5.1664424168749423e-01  -2.5799756489660113e+00   3.0975872223636269e-01   5.1585835537900915e-01
   2.1307100000000001e-03   1.1408590411919981e+00  -1.1800790385607138e+00  -1.2407575756224796e+00   1.0694370237117917e-01   3.1355445040756647e-01
   4.2701400000000004e-03  -9.8275427333342824e-01   2.6177929238287584e-01  -2.3818545039413055e-01   5.7509829724064987e-02   2.3127582496473709e-01
   4.3527200000000000e-03   8.9530545900848824e-01  -4.4092968556047100e-02   2.8809953755253637e-01   5.4547910154787257e-02   2.2510918341542593e-01
   2.0259900000000001e-03   2.2599776342401978e-01   2.2231425703437853e+00  -1.1882033370440583e-01   1.3210792696962614e-01   3.4895718826008421e-01
   4.5430100000000001e-03   2.8805946245326236e-01   7.1856863817766925e-01   1.0895403254950145e-01   5.1035400276183376e-02   2.1790404813016190e-01
   2.8279799999999999e-03  -7.4006145693171876e-01  -1.5906815280309770e+00  -1.3020905822220347e-01   8.7083508111709007e-02   2.8380590341847389e-01
   3.4702200000000000e-03  -1.0684456019766180e+00   4.3031878912919169e-01   1.0121701092292483e+00   7.6605113639256567e-02   2.6667387840844453e-01
   3.5904800000000001e-03   2.9205030639393992e-01   3.3644463671507635e-01  -1.1565833422390348e+00   5.9643975746847648e-02   2.3550946676763690e-01
   3.3457299999999999e-03  -1.3338643910451466e+00  -1.8286246169275161e-01   8.6942112910830860e-01   8.0263531745530692e-02   2.7315117791675714e-01
   2.2966000000000002e-03  -2.0132180395453600e-01  -5.5177236270886587e-01   2.0284265748385470e+00   1.2048528404651641e-01   3.3288423745159201e-01
   4.2182200000000000e-03   4.1773374174948952e-01   1.0807356327212714e-01   1.0100682746801248e+00   5.8854354350085694e-02   2.3414255673273277e-01
   8.2308000000000001e-04   1.4551931308755996e+00  -1.8878505803222183e+00  -1.8678651600719458e+00   3.4400646864057349e-01   5.3944152841415227e-01
   3.5704500000000002e-03   3.5213776914263456e-01  -1.6765156465092435e-01  -1.5351508423731808e+00   8.1992330036603112e-02   2.7594105032419564e-01
   1.8399499999999999e-03  -1.1974029345023676e+00   3.9319548449609665e-01   1.8068286129701483e+00   1.1895286219269370e-01   3.3054390402775885e-01
   8.0281000000000005e-04   2.7987361810476310e+00  -6.6961125628289730e-01   8.1101471431336214e-01   3.2532630508624877e-01   5.2363874894427176e-01
   4.8288500000000000e-03  -4.0180824372272161e-01  -3.7065487947222325e-01   5.7675389552184830e-01   5.3618802136672153e-02   2.2331639927164867e-01
   3.2850900000000001e-03  -8.3370987599384538e-01  -7.5829712857463771e-01  -1.1638192248860566e+00   8.0545188786830230e-02   2.7342834554023998e-01
   4.3607500000000000e-03  -9.2374396803503345e-02  -9.5348888903880669e-01   3.6220258780589598e-01   5.7474306333701403e-02   2.3132312519389253e-01
   2.0406800000000000e-03   1.5448892794154483e+00  -6.3875090838719306e-01  -1.3502137964597485e+00   1.1820531605427304e-01   3.2960598842636823e-01
   2.3106699999999999e-03   2.4456188627076236e-01  -6.4614658827876559e-01  -2.0550586203523773e+00   1.3041606837976513e-01   3.4657332424193849e-01
   2.3836399999999998e-03  -1.4392314946024360e+00  -1.4545491061549372e+00   2.8028851940695659e-01   1.1566136422748456e-01   3.2629206837527885e-01
   9.0202999999999995e-04   7.1849246203395323e-01  -4.5069551798438540e-01  -2.8192567520292973e+00   3.2191876474529579e-01   5.2119614977856421e-01
   3.2855300000000000e-03  -2.7226494301832399e-01  -1.5259920914273630e+00  -5.3476795325814186e-01   8.2075927487685288e-02   2.7608199590972832e-01
   2.4952199999999998e-03   7.7422342056639865e-02   1.4937984349452822e+00  -1.2161149110805369e+00   9.7464109940059440e-02   3.0039236018260923e-01
   1.3338300000000000e-03   1.1772579585380463e+00  -9.4472559254751420e-01  -2.0661899389211196e+00   1.7761972568960607e-01   3.9922196707996582e-01
   3.6555200000000002e-03   5.4833151067506314e-01  -9.9095413160216084e-01  -8.9290516574241419e-01   7.2231683462460838e-02   2.5903327504896922e-01
   4.3537400000000000e-03   5.5274595821387773e-01  -9.2027567417362210e-01  -3.3276390541820083e-01   6.1418975732811507e-02   2.3913166526061549e-01
   1.7706400000000000e-03  -1.4429911911520445e+00  -1.7474849409524351e+00  -4.0610490425301804e-01   1.3504969855523929e-01   3.5218393276085391e-01
   8.1466999999999998e-04   2.3642162455379472e+00   6.4517516373512618e-01  -1.7401905974133480e+00   3.2647209005304295e-01   5.2715278529719667e-01
   4.7477300000000004e-03   1.7724450859774110e-01  -5.7432357876596785e-01  -6.3158642184140112e-01   5.5067825372852243e-02   2.2634868281409035e-01
   3.4282200000000001e-03   2.4654780564518980e-01  -1.4196611357388844e+00   4.8802412419113889e-01   7.4764239112712738e-02   2.6345458833244623e-01
   2.6564499999999999e-03   1.8237577569201975e+00  -5.5624302682096276e-02  -7.8201812495437353e-02   9.0303567251623154e-02   2.8893596496425694e-01
   3.3284500000000002e-03  -2.5639541581386516e-01  -5.4732260315333392e-01  -1.4864190272091522e+00   8.1029232004521515e-02   2.7400536711214601e-01
   2.0367800000000002e-03   1.8076559735291449e+00   1.1114029938267875e+00  -3.7941959542330250e-01   1.1960598347452377e-01   3.3135232610505699e-01
   4.3656299999999997e-03  -7.1541725862046535e-01   7.8370754196432824e-01  -1.7921616008782731e-01   5.9362563525406260e-02   2.3510515490232511e-01
   3.3116899999999999e-03   1.7704898964401194e-01  -7.0080064992952595e-01   1.3994171542771658e+00   7.8487811695268209e-02   2.6964386942464735e-01
   3.8106300000000002e-03   1.2421696875915533e+00  -1.1466197397094478e-01  -1.3611866042569915e-01   6.2087906230869822e-02   2.4046467163309407e-01
   1.9572399999999998e-03  -8.8305836870872190e-01  -2.0400263934788883e+00   3.6154331024999170e-01   1.3393694301383849e-01   3.5089527825225003e-01
   1.7701600000000000e-03  -6.9945909707952747e-01  -2.1413084300762613e+00  -5.2069293774642345e-01   1.3796293379051272e-01   3.5552053786212934e-01
   1.0883700000000000e-03  -2.5080301006143451e+00   1.3151411949693308e+00  -3.3764848335604399e-02   2.7144703949653132e-01   4.8404508665781054e-01
   9.2584999999999998e-04  -5.8137720894684319e-01  -2.5683764261916830e+00   1.2406499514154368e+00   2.8953584041877117e-01   4.9743584814621000e-01
   2.5756799999999999e-03  -4.3736325982084684e-01   1.5146577150280558e+00  -6.6102623011367134e-01   7.7893473841596991e-02   2.6818180379315359e-01
   9.7210000000000005e-04   8.9076673344291513e-01   2.6880740122436597e+00   4.6238906589410805e-01   2.7471473095902443e-01   4.8569025602040244e-01
   9.0591999999999995e-04  -1.3891096902396098e+00   1.8559635788078279e+00   1.7908016165989924e+00   2.9412644125696474e-01   5.0176398255844223e-01
   4.9750699999999998e-03   5.3576297095713189e-02  -5.1185524656905657e-01   2.7006410954860749e-01   4.9575170745457198e-02   2.1467780566211123e-01
   4.2828800000000002e-03  -5.4927815398082308e-02   1.0794373963711301e+00   2.5508340509048749e-01   5.9927127883158383e-02   2.3626929693040724e-01
   3.1117699999999998e-03   3.0121613722984591e-01  -1.1810315422859676e+00   1.0243687519860325e+00   7.6100020110594843e-02   2.6560734652891249e-01
   3.0680000000000000e-03  -1.2513011880730680e+00   8.6973353685768640e-01   5.9447383569398748e-01   7.9103796141812052e-02   2.7080592357011107e-01
   1.9229399999999999e-03   2.1878889618122521e-01   2.1096302572446390e+00   6.6931312262564469e-01   1.2708974659143560e-01   3.4152567191711242e-01
   3.1199999999999999e-03  -1.0616755247570546e+00   2.5896049654107545e-01  -1.2251458588911857e+00   8.1005149569669754e-02   2.7374418778034004e-01
   2.1135199999999998e-03  -1.3136166138014668e-01  -1.2416596611186770e+00  -1.7739460152048476e+00   1.2379505535900120e-01   3.3728311742749373e-01
   2.9747599999999999e-03  -7.2250396781532233e-01  -1.0109815204010726e+00   1.0643872705990993e+00   7.6738975049051805e-02   2.6698336448577170e-01
   4.0028700000000004e-03  -2.7605706674815111e-01  -6.1188100878840423e-01  -9.0636001497162499e-01   5.7981764365325768e-02   2.3236243233623621e-01
   3.0986799999999999e-03  -6.0338083153332722e-01   5.1685785672739515e-01   1.4264084382981022e+00   7.8639592318435661e-02   2.7030042315505093e-01
   1.0375800000000000e-03   2.7148178118448212e+00   5.2770780870988487e-01   7.1734965113512061e-01   2.7964612882773149e-01   4.8974379525835043e-01
   2.0910400000000002e-03  -1.4399097521609536e+00  -1.1888314824927408e+00  -1.0958588366423867e+00   1.2263511827807820e-01   3.3566060665578956e-01
   2.1447699999999998e-03  -1.8361781314410941e+00  -1.0736456397228427e+00  -3.6713303464744518e-01   1.2178432034314395e-01   3.3527024640521719e-01
   3.0452800000000000e-03  -2.8357497472165838e-01   1.0162573705573008e+00   1.2591212785424863e+00   7.9919993515751853e-02   2.7192011113921727e-01
   4.8973500000000000e-03   3.3123343931365325e-02   2.3997667479109119e-01  -7.2929922334449837e-01   5.3026726575716499e-02   2.2223807143089416e-01
   1.9422500000000000e-03  -5.5168683670937302e-01   3.7744445889143846e-01   2.0850617494271884e+00   1.2131629216901497e-01   3.3398075941809163e-01
   1.8726999999999999e-03  -1.8234869877847535e+00  -6.5955385610612660e-01   1.0420849229251625e+00   1.1966221755135782e-01   3.3156443535650615e-01
   5.2545100000000004e-03  -5.5587779073191568e-01   3.2644205648700830e-01   7.1116114444949613e-02   5.2473399990260641e-02   2.2109101670671685e-01
   2.5026499999999999e-03  -2.2461502242997367e-01  -7.3019303692387419e-02  -1.9229262308338835e+00   9.8850519925585481e-02   3.0247306392680501e-01
   2.2634500000000002e-03  -4.1097911328596565e-01   1.8903284157684479e+00  -2.0912443512940412e-01   9.5210578554055653e-02   2.9641475753287289e-01
   3.2627300000000001e-03  -1.2310210938488804e+00  -2.9771037456682992e-01  -9.8404789730948217e-01   7.9604342968507699e-02   2.7163612325690362e-01
   1.9542000000000001e-03   5.4272555621935958e-01   1.9159417898251021e+00  -8.7317455615572537e-01   1.1811759150533460e-01   3.2978949503518218e-01
   4.0680600000000001e-03  -8.6315827260213795e-01  -7.9102811489130467e-03   6.8316024408932752e-01   5.8139312474958335e-02   2.3235624723261472e-01
   4.6707099999999998e-03  -3.9876350584065939e-01   1.2242059018924331e-01   5.0874872107386604e-01   4.8664296471935278e-02   2.1294548055407406e-01
   2.2369999999999998e-03   7.7637251189872603e-01   1.6837976170403954e+00   1.0744018583088408e+00   1.2194061533626530e-01   3.3550256968038411e-01
   3.2530400000000000e-03  -1.5791391462115119e+00  -2.9715784323894190e-01   3.1725459987042287e-01   8.2361853146014491e-02   2.7635847298052568e-01
   8.4126000000000003e-04  -4.5359112719571998e-01  -1.9183320952061591e+00   2.1590978366296047e+00   2.8882036421848256e-01   4.9392536400472647e-01
   8.6074999999999997e-04   5.0754353455641066e-01  -1.5065911356240087e+00  -2.4675502319423162e+00   2.9579925005880903e-01   5.0040937516579498e-01
   3.9260299999999996e-03   8.0043997261134558e-01   5.2370350908554764e-01  -8.3878341732459483e-01   6.5321282553560081e-02   2.4627420322172200e-01
   9.0452000000000002e-04  -1.8933363110801482e+00   2.2369777212535249e+00  -5.4240389087328855e-01   3.2726424019929551e-01   5.2994856469893836e-01
   3.0035000000000001e-03  -3.5556436933717078e-01  -1.1220638195051735e+00  -1.1192926736168509e+00   7.6671314695635207e-02   2.6676162803399961e-01
   2.6486200000000000e-03   7.3820599722981634e-02  -1.7663788617084317e+00  -5.6220872870309593e-02   8.4344324152067912e-02   2.7920165636413119e-01
   2.0206899999999999e-03   1.8563256448860901e+00  -1.2264798686781722e+00  -8.6355327192964692e-03   1.3148116951535116e-01   3.4744343165336189e-01
   7.8246000000000001e-04  -5.5179768319446132e-01  -2.0760869154767394e+00  -2.1031255457297684e+00   3.1671349610684280e-01   5.1865497203574262e-01
   1.9653100000000001e-03   1.3277861073817625e+00  -1.6732163046464694e+00  -1.4732969529006351e-01   1.1480310521069205e-01   3.2421150801518361e-01
   5.0561599999999996e-03  -2.7685686188778963e-01  -1.3554570412445410e-01  -6.4056872822067557e-01   5.2571388229234933e-02   2.2135074490683493e-01
   7.5944000000000001e-04  -1.6072148845394447e+00  -2.5560082987322001e+00  -2.6507283007261573e-01   3.3656643652516022e-01   5.3370167394250756e-01
   2.1427999999999998e-03   1.8715381675996429e-01   8.4757795234791947e-02   2.1649278736417910e+00   1.2589574674567605e-01   3.4028111859177823e-01
   8.2279000000000000e-04  -2.8088449755441269e+00   5.7453332281456793e-01   8.9461226988450204e-01   3.2313778836557433e-01   5.2587427206034909e-01
   3.0648500000000000e-03   3.3369360032949857e-01   1.4424145586612589e+00   6.3709759134190258e-01   7.7178686165576826e-02   2.6741645835393851e-01
   3.2924500000000002e-03  -1.2366482144502013e+00  -8.2300831715802258e-01   6.5807915464443811e-01   8.1128848284771543e-02   2.7464441819947849e-01
   1.5841300000000000e-03   8.6244525033674621e-02  -1.2532726700467858e+00   2.0456815858868711e+00   1.5059775585145713e-01   3.7004441214690520e-01
   1.9246400000000000e-03   2.0909241079684451e+00   2.3741655213633298e-01  -7.0064423370029827e-01   1.2558706768209266e-01   3.3979590127893144e-01
   3.2183699999999999e-03   1.0632051862121268e+00  -1.4606484102046627e-01  -1.2208111253799989e+00   8.0402382671788425e-02   2.7317539017161246e-01
   2.6761400000000000e-03  -8.5341638869495906e-01  -1.4232426330321324e+00   6.1460221798385972e-01   8.5051046395485858e-02   2.8032521263228166e-01
   3.0713600000000000e-03   3.8722026011049548e-01  -1.4556318960548740e+00  -5.1214798672267892e-01   7.4391377976363110e-02   2.6301560345776526e-01
   3.7905999999999999e-03   3.5310733462120475e-01   6.4016753491883005e-01   1.0323267397334364e+00   6.3350441311194258e-02   2.4249129393761709e-01
   3.4192900000000002e-03  -4.5362651220449107e-01  -5.2508430721620492e-01   1.4019442547599676e+00   7.7996591817865585e-02   2.6914874506399622e-01
   3.4990199999999998e-03  -2.8901728439965368e-01   1.4020535693305312e+00   6.8240098323888132e-01   8.0847273933541450e-02   2.7404070274333603e-01
   2.1522700000000000e-03  -7.2189409086668255e-01   1.5706086113547451e+00   1.2023915548663093e+00   1.1466711813907224e-01   3.2476309385604235e-01
   1.0862999999999999e-03  -1.5844693787968478e+00  -2.1777160761697361e+00   7.9199428419633089e-01   2.6558638628002790e-01   4.7786633458154515e-01
   7.6906999999999995e-04   7.4931642128254361e-01   2.3982623593068694e-01   2.9078508591521319e+00   3.1507620222919069e-01   5.1872516285265913e-01
   4.2770999999999998e-03  -8.1827388112261823e-01  -6.4544197940140247e-01  -1.6734960393842260e-01   5.7709860694032888e-02   2.3183254131858805e-01
   1.8480400000000000e-03   1.8587351758614963e+00   5.3533919162258936e-01   1.1690877242823794e+00   1.3005924226375298e-01   3.4557829849221516e-01
   2.1416999999999999e-03  -1.0892623717723380e+00   1.8457834528275125e+00  -4.7944140759828981e-02   1.2009124588089790e-01   3.3238192074214878e-01
   1.1264300000000001e-03  -6.8709955598077438e-02   9.0237433003510470e-01   2.5821644919824518e+00   2.2509774504748437e-01   4.4354897135275817e-01
   3.7250999999999999e-03  -6.2397457981674209e-01  -9.9845924214031589e-01  -6.1093863172951945e-01   6.5547510873120038e-02   2.4687675641341680e-01
   1.3029000000000001e-03   1.5856919119677120e+00   2.0325152259369932e+00   8.9004036613510773e-01   2.5434006587213109e-01   4.6794944571661740e-01
   8.8221999999999997e-04   3.1441531641893644e-01  -8.0994470849092826e-01   2.8328574711728529e+00   3.1436943765096975e-01   5.1757295176616902e-01
   4.1664199999999997e-03  -4.6679954555794833e-03  -1.0269098733289490e+00  -6.3153734284026397e-01   6.3571474960870997e-02   2.4329686149607652e-01
   7.5768999999999999e-04  -3.5164240582867984e-01  -2.8532386329966353e+00  -1.0591057780967681e+00   3.5107753587787499e-01   5.4757269078750304e-01
   1.1913600000000000e-03  -1.6588983970760529e+00  -9.2030194326233172e-01   1.9226137915315384e+00   2.2402725377048222e-01   4.4124069243045044e-01
   3.0032300000000000e-03   9.6973309270435359e-01  -1.2434885540295084e+00  -5.4727899974511318e-01   8.0466114341164172e-02   2.7331028255142253e-01
   3.9162399999999997e-03  -1.1322295247817213e+00   4.4058262075639752e-02   2.3297028029531952e-01   5.9178598807242883e-02   2.3455989831449764e-01
   9.4362000000000005e-04  -4.9844064197675153e-01  -9.4698854667503735e-03   2.8611659029470049e+00   2.8873971848929897e-01   4.9691721974098524e-01
   1.6523000000000000e-03   7.2564567713582262e-01   7.5933177786397932e-01   2.0942106793790312e+00   1.3651949037980182e-01   3.5415581539376900e-01
   9.6898000000000004e-04  -2.7941385423946690e+00  -5.9984257401768504e-01   5.4412744967382065e-01   2.9792998326136660e-01   5.0539224772871583e-01
   2.0239600000000000e-03  -1.9108828104949256e+00  -9.3790087477495143e-01   4.2490306523924798e-01   1.2160413144957592e-01   3.3416581817043250e-01
   4.5228200000000003e-03   4.9146886192137934e-01  -9.0711361065607610e-01   2.0472230651878481e-01   5.9449970377470664e-02   2.3536215822382853e-01
   2.3576800000000000e-03  -1.6009011641513213e+00   7.2078816286412017e-01  -1.1644388502632488e+00   1.2314093951611992e-01   3.3629692254843424e-01
   8.8427999999999998e-04  -1.1352700637931465e+00   1.0266867407317839e+00   2.5165667251957147e+00   3.0551651256341605e-01   5.0960525170445836e-01
   5.0051599999999998e-03  -2.2418805804312553e-01  -1.2193538662591144e-01   1.5737946710082032e-01   4.5496526363087084e-02   2.0591053904620490e-01
   1.9888599999999998e-03  -2.0107012961185462e+00   6.7360249980735754e-01  -5.4254862055140030e-01   1.2308174014410042e-01   3.3613864557213935e-01
   4.7401199999999996e-03  -5.0533365333554447e-01   3.4818997572432203e-01  -4.3386941327050860e-01   5.1309572163388190e-02   2.1862711443945540e-01
   4.4623500000000003e-03  -6.0520808500728851e-01   9.1207031890803725e-01   3.3834814562379872e-01   6.3875067071552577e-02   2.4372476031067480e-01
   1.1606600000000000e-03  -3.5547074663297284e-01  -1.2208541146030714e-01  -2.7396948264520677e+00   2.4668448199955345e-01   4.6288748752364994e-01
   2.0956700000000000e-03  -5.1783894446365414e-02   1.7637611266266280e+00   1.2439173012948159e+00   1.2184714883778128e-01   3.3475508585795366e-01
   4.9632599999999997e-03  -5.6166537553648581e-02  -3.2082424728441677e-01  -2.0723249850012340e-01   4.6116813598861314e-02   2.0726544402373495e-01
   7.4299999999999995e-04  -6.7478300213848463e-01  -2.9384913870460521e+00   2.4326129973547325e-01   3.2467492332203651e-01   5.2546239431753161e-01
   3.2477800000000000e-03  -1.5062618392651275e+00   3.2341715316531655e-01   5.2818504246466247e-01   8.0631010832151184e-02   2.7365320458919029e-01
   4.2637200000000004e-03   3.4524318461485354e-01   6.6826557104830031e-01  -7.0138482685305004e-01   5.6549988527754648e-02   2.2941748472034329e-01
   2.1103900000000002e-03   1.0563431432630523e+00  -1.4865385073141354e-01  -1.9197913367782840e+00   1.2903935648417553e-01   3.4438646260432881e-01
   1.0809600000000000e-03  -1.2871446270128735e+00  -2.1303168788829998e+00  -1.2746471699072601e+00   2.4791712503326246e-01   4.6422933701997254e-01
   6.4621999999999998e-04   1.7998830329716220e+00   2.5340374373648529e+00  -2.2646406633887478e-01   3.5782534600690580e-01   5.5152795501618546e-01
   3.2614800000000002e-03   2.8490799178984200e-01  -1.7225597012089872e-01   1.5300178190659284e+00   7.7210301093894623e-02   2.6740635403507573e-01
   8.2419000000000004e-04  -4.8103743637625140e-01  -1.1173491187526832e+00  -2.7221209534985547e+00   3.1323842070960839e-01   5.1652218840943120e-01
   3.2646600000000000e-03   8.8367293440698402e-01   4.1963243442668707e-01   1.0841141626167339e+00   6.8694931231590942e-02   2.5247419528126525e-01
   9.8189999999999996e-04   1.3856299143687150e+00  -2.5310972380884276e+00   2.7817796251857535e-01   2.9094367571387508e-01   4.9983467098977291e-01
   1.7933000000000001e-03   3.1160792697391437e-01   1.4337215166694537e+00   1.7888025380533052e+00   1.3773523788347744e-01   3.5604092664762726e-01
   2.3355300000000002e-03  -1.3225896017968694e-01  -1.9473074952863472e+00   6.8027886572809049e-01   1.1539038050561243e-01   3.2576182291727357e-01
   1.8300800000000000e-03   2.1422404201655691e+00   6.2154143161354181e-01  -2.9940763799708820e-03   1.2330906973797999e-01   3.3670356190704853e-01
   3.1181600000000000e-03   1.3064191460879291e+00   6.6735427911231071e-01   7.0182840143329484e-01   7.8646006372886421e-02   2.7025381289809763e-01
   3.7185899999999999e-03   1.1976939046504891e-01  -1.2362428536100443e+00  -6.7383082087068447e-02   6.1125048656669879e-02   2.3838394863366619e-01
   4.4668599999999996e-03   5.1362318812200221e-02  -7.8323632203806481e-01  -1.4179659203031758e-01   5.0635036078339427e-02   2.1714428434490385e-01
   4.9849700000000000e-03  -4.2200875327962156e-01  -5.8324295837477036e-01   1.0994838284133999e-01   5.2467203094479824e-02   2.2113625196691969e-01
   3.3788099999999999e-03   8.7526522652093630e-01  -1.6649593338423813e-01   1.3491393056516396e+00   8.1768972945240034e-02   2.7566505826421189e-01
   1.8369700000000001e-03   1.8145207412075273e+00  -5.2545718143657126e-02  -1.3158247258457163e+00   1.2843557960326499e-01   3.4293073563667886e-01
   8.3363000000000003e-04  -8.5348726801451025e-01  -1.0076849803512913e+00   2.6740806977327716e+00   3.1441237156333340e-01   5.1732538545850426e-01
   4.5018999999999997e-03  -1.6072754720452184e-01  -7.0391775643761689e-01   8.8866337635899262e-01   6.4097824041478305e-02   2.4420802430657812e-01
   8.7129000000000004e-04   2.7173163904353959e-01   8.0250426842690425e-01  -2.8308943030940799e+00   3.0789211859352084e-01   5.1283767458052021e-01
   7.0622999999999997e-04  -1.4159871509702240e+00   2.6920951545490022e+00   4.0802761952206518e-01   3.4713874789203203e-01   5.4240487092026102e-01
   4.0192600000000002e-03  -5.7500117030044806e-01  -8.7233011095792490e-01   5.3093668408020911e-01   6.0630618962103935e-02   2.3746151715075617e-01
   9.0101000000000005e-04   1.2749075193081845e+00   2.2721850205002454e+00  -1.3212605044455337e+00   2.9231806052644993e-01   4.9976834620986710e-01
   3.3404099999999998e-03   6.1339766324681536e-02   1.6004370151544380e+00   1.3308420402594992e-01   8.1276890784805864e-02   2.7464345170381788e-01
   1.1673600000000001e-03   3.6902650907526180e-01  -2.1497042861524269e+00  -1.6314650902880683e+00   2.2550949271926582e-01   4.4489467924566078e-01
   8.2932000000000004e-04  -2.3016102304592621e+00  -6.4754562158689055e-01  -1.7633501311635837e+00   3.0623413554171441e-01   5.1128046690186091e-01
   2.6445599999999998e-03  -9.2109833043005518e-01   1.4180600252287741e+00   5.4650212442511692e-01   8.3846466157819849e-02   2.7881965723319629e-01
   1.9603799999999998e-03  -2.1833709878562990e+00   3.0841891353197021e-01   1.3578401927023129e-01   1.2615328122942884e-01   3.4032707215488894e-01
   2.2445400000000002e-03   1.2385516801932968e+00   5.2374386643460091e-01   1.5309220762433748e+00   1.0728427333130811e-01   3.1430572839768711e-01
   2.8294100000000001e-03  -1.1194635972124691e+00  -1.1755785868553492e+00  -3.1062831033120636e-01   7.6696020749595681e-02   2.6650522348583167e-01
   7.5555000000000001e-04   2.4757246332258847e+00   4.7003258803735834e-02   1.7494766597319802e+00   3.2716880028126893e-01   5.2792342901299527e-01
   3.1823099999999998e-03  -8.9771137572776427e-01   1.2473471751661762e+00  -4.5780034588507534e-01   7.8168619237974760e-02   2.6925245961638600e-01
   3.8335700000000001e-03   1.2711476986387249e+00   2.8434856996920332e-01   2.6442273626413365e-01   6.7642288786723667e-02   2.5060842081969786e-01
   4.2203700000000002e-03  -8.2355717685108565e-01   4.5870111360273058e-01   4.8335585544443849e-01   5.7932648544737723e-02   2.3201808092465098e-01
   4.0779900000000001e-03  -8.6626770784056961e-01   4.3201028658134293e-02  -6.7882671528869365e-01   5.7819474372695953e-02   2.3193840370842114e-01
   2.3697000000000002e-03  -1.1824323305186839e+00   1.1925824094341815e+00  -1.0353363165022318e+00   1.0182734162532273e-01   3.0608758245427448e-01
   2.5333399999999998e-03   1.8606852291364921e+00   2.7077097966574748e-01   4.7663807750186937e-01   1.0195280725057879e-01   3.0641771231215142e-01
   1.8554999999999999e-03  -3.9710052033003995e-01  -1.8344580973266733e+00  -1.2246707893464823e+00   1.2569425247765553e-01   3.4018819753492591e-01
   8.2381999999999996e-04  -3.2912016230437896e-01   1.9734029002167823e+00   2.2101441870391851e+00   3.0918155225722815e-01   5.1388071266218427e-01
   9.6338000000000001e-04  -5.7880727694607825e-01   2.4994703830741258e+00   1.2994977283838165e+00   2.7501652441473695e-01   4.8615179121017432e-01
   4.4614399999999997e-03   6.6891970935310852e-01   7.9449556999377036e-01  -2.8619955882351505e-01   6.0319860461115399e-02   2.3694461315159127e-01
   2.6686499999999998e-03   1.0652766283733555e+00   8.9574179141903776e-01  -1.2134734574804948e+00   9.1551219777740070e-02   2.9133708396054775e-01
   3.4461800000000001e-03   5.4043431750282767e-01  -4.3924278341164152e-01  -1.0566301538526288e+00   5.9454512796588671e-02   2.3494439609370016e-01
   9.8319000000000011e-04  -1.9303653333934490e+00   6.4341167277694533e-01  -2.0401009975322237e+00   2.8518904520220689e-01   4.9423443085486735e-01
   1.9632700000000000e-03  -8.3617459413178630e-01  -1.2731412638718036e+00  -1.5867229348453842e+00   1.2460926464276025e-01   3.3823152480354141e-01
   1.9579799999999998e-03   4.2974005557878175e-01   1.3934809919729177e-01  -2.1858921391671164e+00   1.3000647634093582e-01   3.4569963151238792e-01
   6.8042000000000005e-04  -8.8998518199558307e-01   2.6250235557078798e+00  -1.4404191053329578e+00   3.7645747265597396e-01   5.6452870360448615e-01
   5.0033300000000003e-03   4.5797029888800765e-02  -2.0278699055803712e-01   5.8910231669887858e-01   5.1183091065171528e-02   2.1798756033482600e-01
   3.6354299999999998e-03  -1.1089963596900980e+00   5.8531247321222302e-01   1.0642275349099090e-01   6.1370926800586992e-02   2.3872936718343263e-01
   3.1375200000000000e-03   7.6826918800325761e-01   3.2740555066706617e-01  -1.4358639579459129e+00   8.2544164731732081e-02   2.7684550832013627e-01
   4.7080600000000000e-03   5.0985003951570573e-01  -3.8421813617897610e-01   3.6999728539737614e-01   5.0834815950087528e-02   2.1759636200140481e-01
   2.7752400000000000e-03   4.4741888992063425e-02   7.0720418864621393e-01   1.7265351302769463e+00   9.7517189400185306e-02   3.0041684085958259e-01
   4.2701700000000002e-03   2.9570625993508098e-01   4.8241640554455378e-01   5.2691617847392203e-01   4.9373171804952438e-02   2.1401128365207842e-01
   1.8820099999999999e-03  -5.1876490059366187e-01   1.1656678196577968e+00   1.8420602025961612e+00   1.2839682895951621e-01   3.4364948678505669e-01
   1.0245000000000000e-03   1.4850260481595221e+00  -2.0590272710702022e+00   1.3576186434864226e+00   2.8946249333757285e-01   4.9839508365726065e-01
   3.5745500000000001e-03   2.0748469491401009e-02   1.0848157276366883e+00  -7.9875040949859943e-01   6.5030109002805009e-02   2.4586138884244035e-01
   4.3234099999999998e-03   2.2885833179056225e-01   1.0480779317732112e+00  -2.7131425386069813e-01   6.0583269714727363e-02   2.3735806932563724e-01
   6.9872000000000001e-04  -1.1114249427985339e+00   7.5239014135514803e-01  -2.7708740027182674e+00   3.4496739352069572e-01   5.4043825244304389e-01
   3.4193700000000001e-03   1.0745841415078683e+00  -1.0644987406406075e+00   1.7377904702785080e-02   7.5098512187085603e-02   2.6375026837372045e-01
   4.2572199999999999e-03  -4.1106844619262267e-01  -1.0670132398910586e+00  -1.2250260757234661e-01   6.1818843523657331e-02   2.3977491340117318e-01
   1.9789999999999999e-03   1.7766493624929496e+00   8.3071944889159388e-01  -1.0153539678851617e+00   1.2553845941127115e-01   3.3973974911698018e-01
   9.4883000000000001e-04  -2.7346335819781462e+00  -7.5880015603634277e-01  -6.3445223275156637e-01   2.9399229177573027e-01   5.0089131012795496e-01
   8.7679999999999995e-04  -5.4685698776506231e-01   1.6458488019590840e+00  -2.4086177672908451e+00   3.1695583611169664e-01   5.2066241361957122e-01
   1.1804599999999999e-03   1.2520249322227768e+00   1.5822846809285334e+00   1.7831215166996210e+00   2.2051433740705564e-01   4.3855109041513868e-01
   4.2878400000000002e-03   9.3267534755477677e-01  -5.4293084818335102e-01   1.1430419989858535e-01   5.9341419325957219e-02   2.3490127590786969e-01
   3.1310800000000001e-03  -1.3432217142451490e+00   7.6005015189079539e-01  -4.1627876134924202e-01   7.7235594704753135e-02   2.6773508494959936e-01
   4.4555100000000002e-03  -3.4171362246882558e-01  -6.1149880165253567e-01  -4.0569523235042326e-01   5.0646083859361944e-02   2.1723319146949033e-01
   4.0018800000000002e-03  -2.7907420670273270e-01   1.1333176855425267e+00  -2.5089819778434680e-01   6.1946218382091654e-02   2.3987882845147046e-01
   7.9832999999999998e-04   2.7467010561149934e+00  -3.0773102512312189e-01  -1.1748406488614864e+00   3.2198235485399312e-01   5.2335748248321112e-01
   2.1056700000000000e-03   5.8589560160593446e-01  -2.0265294844361930e+00   3.5290639386134415e-01   1.1856491474504396e-01   3.3034506058224938e-01
   3.0099100000000002e-03  -1.1264719818999389e+00   1.1496070283576703e+00   4.5102295535165836e-02   7.5392265611264220e-02   2.6454751377874741e-01
   3.2480999999999999e-03  -1.4322506532302146e+00   2.0175455980847337e-01  -7.0847918452870995e-01   7.9493544647694966e-02   2.7163873893786766e-01
   1.7544300000000000e-03  -1.9960798908285957e+00   8.8103574386861694e-01   7.0524060770825814e-01   1.3276119334566502e-01   3.4874844197480459e-01
   1.7324599999999999e-03   1.8670377542423380e+00  -1.0240354346822114e+00   8.5870144621964861e-01   1.3382040833731368e-01   3.5007700372556610e-01
   1.2295800000000001e-03   1.5768014256747054e+00   1.3151835000394758e+00  -1.7150580592381997e+00   2.1407723018294358e-01   4.3357225122368376e-01
   3.6125100000000002e-03  -9.6713316810890237e-01   5.9931494298731236e-01  -7.0763576183159649e-01   6.5933761382150152e-02   2.4719032559155305e-01
   1.9827999999999998e-03   7.6027213619919420e-01   1.4778534876656826e+00  -1.4251115239238725e+00   1.2242016940650297e-01   3.3549387053925883e-01
   4.2002599999999999e-03  -4.7756894744280204e-01   3.0812263081493868e-01  -9.1644359283097920e-01   5.8066768543421972e-02   2.3242431668991059e-01
   3.2455200000000000e-03  -1.3806123583783496e+00  -7.5249246935377667e-01   2.5057801829221966e-02   7.5904219114402816e-02   2.6554424913843977e-01
   5.1678200000000001e-03  -5.6753780683666644e-01  -1.4124290963545136e-01  -2.4990098735925412e-01   5.1368977153803647e-02   2.1881803868228084e-01
   2.9355900000000001e-03   5.0529069592562359e-01   3.5107914833348841e-01   1.5493701118091945e+00   7.9119380694938318e-02   2.7096731665804280e-01
   4.9860800000000004e-03   2.3094671358159499e-01   4.2071841986387309e-01  -2.3489345034953943e-01   4.8814662135974199e-02   2.1308151774249454e-01
   3.1955600000000001e-03   6.7407957826586251e-01  -1.4459117235074679e+00   5.2649008506546725e-02   7.7432900532563700e-02   2.6807875445202534e-01
   1.3315800000000000e-03  -1.2331931261697822e+00   1.9682384319782560e+00   8.0271676935953595e-01   1.4474282918996231e-01   3.6344217091949682e-01
   3.6695000000000000e-03   5.6096568491769960e-01   1.2089425441448154e+00   1.6186170035002920e-01   6.6426161620575727e-02   2.4831553611137566e-01
   3.1630600000000001e-03   1.4383395777922148e+00   8.0557795535676213e-01   8.4922818444764972e-02   8.1708926606556029e-02   2.7529929290789085e-01
   8.1897000000000003e-04   1.0598342384364667e+00  -2.6263519973675935e+00  -9.9287140736730550e-01   3.2246801558662441e-01   5.2400428640212571e-01
   2.9019100000000002e-03   2.4831385862672947e-01   1.1652818845057071e+00   1.1412935370053054e+00   7.8017112212986461e-02   2.6879582202168428e-01
   4.1245900000000000e-03  -9.3317548317365981e-02   8.5540262634571229e-01   7.6730728129645798e-01   6.1368207881758959e-02   2.3871107571007566e-01
   1.9302700000000000e-03   1.2102026797841525e-01  -2.1262160005564654e+00  -7.0704181286162571e-01   1.2919253406357936e-01   3.4457004145732256e-01
   3.0917900000000001e-03   1.0631240370607122e+00   1.2299176125902556e+00  -1.6757074064921154e-01   7.9798341021101130e-02   2.7178826167520115e-01
   3.8076099999999999e-03   1.0337371165302818e+00  -6.1876959000086362e-01  -3.7676663426026019e-01   6.3617981406106722e-02   2.4302281029811468e-01
   1.9889700000000001e-03   7.3811949452567538e-01  -1.7189050388030558e+00  -1.0229445311978449e+00   1.1266679522163975e-01   3.2193151254883939e-01
   2.7609800000000001e-03  -7.7873322570843428e-01   7.3315254668130747e-01  -1.1830577029291072e+00   7.1068896249574826e-02   2.5641223383554490e-01
   1.8785700000000000e-03   1.4190384051248530e+00   4.3740267814652739e-01  -1.6492793921122717e+00   1.2415275632042337e-01   3.3754165292701838e-01
   3.2408500000000000e-03   1.0459382311288266e+00  -6.4331148241927438e-01  -8.9141774149115527e-01   7.2043280897485490e-02   2.5872982545860007e-01
   4.3097400000000003e-03   7.9123713462527967e-01   4.0412151565778281e-01   5.9383739481878139e-01   5.9021195802712957e-02   2.3424330091440065e-01
   4.0901799999999997e-03   1.0029153078980959e+00  -2.2042173999071241e-02  -6.2384485977680426e-01   6.2092806226706022e-02   2.4019900460479565e-01
   2.1818699999999998e-03   5.8379095900751576e-01  -6.1254000662421537e-01   1.9713231065249068e+00   1.2237506072506597e-01   3.3524206334422424e-01
   4.0359200000000001e-03  -4.7996362776743545e-01   5.0448734440116327e-01   8.7353939808985692e-01   5.8166595019475756e-02   2.3260878948735150e-01
   3.6258200000000001e-03   3.8842518122408609e-01   9.1507788383740774e-01   5.4708524270550574e-01   5.5713015101087240e-02   2.2726189253477219e-01
   2.5911900000000002e-03  -2.1825264073882025e-01  -1.1280628309806728e+00   1.4200650036260363e+00   8.9158076959702751e-02   2.8703353184553332e-01
   8.9676000000000003e-04   4.1287812622205566e-01  -2.8636711632732910e+00  -1.0175244497722759e-01   2.7275018018503361e-01   4.8396223523060605e-01
   2.5260700000000001e-03  -5.2968561426982108e-01   1.2090893275144108e+00  -1.0747415663012556e+00   7.6254123900736409e-02   2.6532135505181265e-01
   0.0000000000000000e+00   0.0000000000000000e+00   0.0000000000000000e+00   0.0000000000000000e+00   9.7058803393117551e-02   2.8675799274871855e-01
