3.9947557955028454931855116863022886e-06	-4.6387730768583416876118652072571692e+00
8.6623504506649776621531512289932831e-06	-4.3276315708411865661659055446067194e+00
1.5864384885806573485531837045862042e-05	-4.1124705248786445724258888139447595e+00
2.4796041527333969788810209077348146e-05	-3.9462087742385883734829961249332449e+00
3.5286848013962244237886554797384736e-05	-3.8097439166815931198751266068341037e+00
4.7203684396770556844867021554670809e-05	-3.6934175413834550109200055067002300e+00
6.0437420131715249866832505677292736e-05	-3.5916547247050921407790463982131938e+00
7.4895683428979338222705986246255079e-05	-3.5009384287520560121912423635251143e+00
9.0498483284129088647380505280238907e-05	-3.4189033541558896880043950465156170e+00
1.0717535203389892833457667033090592e-04	-3.3438801079625199326583191894033193e+00
1.2486337553072466495369624371831966e-04	-3.2746451201406590579747794767784624e+00
1.4350577715198698585211000163883256e-04	-3.2102739431507941284661266853660642e+00
1.6305086557595477381647039097118765e-04	-3.1500504858358957864335002455025677e+00
1.8345123146795584451630995665538638e-04	-3.0934083585332982601580301773044215e+00
2.0466312028491716495324245963850871e-04	-3.0398915721630917033102296135949401e+00
2.2664593322443744637883636650626769e-04	-2.9891273868465733601833450514600784e+00
2.4936182364731267285140029848707933e-04	-2.9408070556805917514303025524824557e+00
2.7277536609450197655398821150853821e-04	-2.8946718538933598073092910940043305e+00
2.9685328148684431925986014184857862e-04	-2.8505027389799020488873642096180704e+00
3.2156420648576007630850364207075621e-04	-2.8081125625515935904767108456574022e+00
3.4687849804507141281070741441501118e-04	-2.7673401118368482084606882885411390e+00
3.7276806635095851025985786654656174e-04	-2.7280454868108608798390800838406088e+00
3.9920623091466041150235623392681092e-04	-2.6901064681229902617098959489879780e+00
4.2616759573573466711287569856882912e-04	-2.6534156307578930548767054072702834e+00
4.5362794031494285786876629038654425e-04	-2.6178780264137420403828213217206104e+00
4.8156412394788335811566752640562022e-04	-2.5834093048302028224689924367840058e+00
5.0995400123033141615752873874817922e-04	-2.5499341776450452650696966787168366e+00
5.3877634709377484561198817376988295e-04	-2.5173851522448585804808771611656479e+00
5.6801078999323007479622897141415291e-04	-2.4857014804208531380052316494454181e+00
5.9763775210955611652022099512528426e-04	-2.4548282793956228365340364664261570e+00
6.2763839562010835749371746969325814e-04	-2.4247157922754741600858457139797598e+00
6.5799457424574844359349867545935851e-04	-2.3953187621182344356290403704210558e+00
6.8868878940721913745456708107268613e-04	-2.3665958992259668180584942275104524e+00
7.1970415042594962600443372010692858e-04	-2.3385094254268740399378744549862714e+00
7.5102433828824077231646462686588826e-04	-2.3110246823238334419152328845498181e+00
7.8263357256115670146682199430020267e-04	-2.2841097929922460648871966236333943e+00
8.1451658110616313567629956393280247e-04	-2.2577353685781689608013012449553449e+00
8.4665857228482843372124967996631830e-04	-2.2318742528052799410360805429229206e+00
8.7904520939149280432516069429052132e-04	-2.2065012986401740225680797840118592e+00
9.1166258708210491454950440919272122e-04	-2.1815931723605160400086543885782440e+00
9.4449720959753325548648619177896877e-04	-2.1571281810732447208516696993460781e+00
9.7753597060447413001808792794920610e-04	-2.1330861203812386224271661228254216e+00
1.0107661344983198591892790395529104e-03	-2.1094481394280639803762262348486912e+00
1.0441753190306055861926990613336417e-03	-2.0861966209859792357218970108671985e+00
1.0777514791393994720290190012964877e-03	-2.0633150746112469734295550277598178e+00
1.1114828918746320551573453289324151e-03	-2.0407880411878806641896484930720822e+00
1.1453581423222002333236226831328338e-03	-2.0186010074279667375678174621883156e+00
1.1793661104409983322338597338187671e-03	-1.9967403291029603066933959597157561e+00
1.2134959587360466108493484974917416e-03	-1.9751931619532775070302684510493620e+00
1.2477371206987931455913227576169201e-03	-1.9539473993690474486981694477957772e+00
1.2820792899526150859768651540102589e-03	-1.9329916160578329492649892180149404e+00
1.3165124100476717932787607315271620e-03	-1.9123150170193577979431532481661000e+00
1.3510266648546769402598914735659134e-03	-1.8919073912359397053384695174587546e+00
1.3856124695119538994175046302186223e-03	-1.8717590695629937347443244744334191e+00
1.4202604618843992118090430903704196e-03	-1.8518608863687483605146418695733676e+00
1.4549614944967713582086382238235411e-03	-1.8322041445279394007774828769368068e+00
1.4897066269071053203808830424994252e-03	-1.8127805834221481249386055934063225e+00
1.5244871184890780837673560460987990e-03	-1.7935823496408160526108117086055079e+00
1.5592944215948598412342754617235514e-03	-1.7746019701127879259984170391691830e+00
1.5941201750724178199632034970347572e-03	-1.7558323274293303579398901509197854e+00
1.6289561981134269366084553478166957e-03	-1.7372666371466369962044869513659613e+00
1.6637944844099121612138660577078907e-03	-1.7188984268794415368014127894087281e+00
1.6986271965995261416620593778097122e-03	-1.7007215170180061168646706623999554e+00
1.7334466609809737697845714482099159e-03	-1.6827300029188473664556540228857881e+00
1.7682453624825517224485236603663865e-03	-1.6649182384354555566831022788523333e+00
1.8030159398680920286832542119394048e-03	-1.6472808206692511417419545638147030e+00
1.8377511811657988361478168229576129e-03	-1.6298125758333608492530783360553734e+00
1.8724440193065594826070225023772444e-03	-1.6125085461326986876002501350701803e+00
1.9070875279593059234711339680065108e-03	-1.5953639775734910825509661724439311e+00
1.9416749175519104219804598946252589e-03	-1.5783743086239488598033111419888128e+00
1.9761995314669289343313532765209504e-03	-1.5615351596553987812907758687273340e+00
2.0106548424022645857629114907529234e-03	-1.5448423230999618085789694712036939e+00
2.0450344488875189355685812100272644e-03	-1.5282917542669061724749080541565720e+00
2.0793320719474365092533876286632262e-03	-1.5118795627651989818447484085489586e+00
2.1135415519044338074795461459008612e-03	-1.4956020044846071440022101657871724e+00
2.1476568453127425700981497505752068e-03	-1.4794554740920234369399581149056687e+00
2.1816720220171928485500693113879243e-03	-1.4634364980035747354729569342776679e+00
2.2155812623301183340727541126094662e-03	-1.4475417277965573368807792239260773e+00
2.2493788543202879119412314777681067e-03	-1.4317679340283833863588479599427199e+00
2.2830591912081567156715739835349553e-03	-1.4161120004325514070014107522095945e+00
2.3166167688620898751660563923218289e-03	-1.4005709184642069803848324162199185e+00
2.3500461833905452431624251513333636e-03	-1.3851417821701666703645182565923302e+00
2.3833421288255099486198940031561504e-03	-1.3698217833603657252326225308455340e+00
2.4164993948927717442396209490055875e-03	-1.3546082070595812099169022074008825e+00
2.4495128648648716694570377307316029e-03	-1.3394984272199975752260017976005154e+00
2.4823775134928312432892732290953943e-03	-1.3244899026767394610484207905160572e+00
2.5150884050129767774645133072101834e-03	-1.3095801733299128787468888087725068e+00
2.5476406912253968607007739850323510e-03	-1.2947668565379851335437715851244593e+00
2.5800296096407678832061533472580771e-03	-1.2800476437085086466661952911224408e+00
2.6122504816924678047814689847997914e-03	-1.2654202970732655360593054986128334e+00
2.6442987110110712751876309616766837e-03	-1.2508826466358884984451721864520403e+00
2.6761697817584806533702163641023279e-03	-1.2364325872809082035279963867367567e+00
2.7078592570190983203539998051836687e-03	-1.2220680760339961039523012993559890e+00
2.7393627772455867409065391110024822e-03	-1.2077871294639214757498084480247813e+00
2.7706760587568947346289414421412675e-03	-1.1935878212174290770793276545116552e+00
2.8017948922863520391261856776355857e-03	-1.1794682796788748269639801468771041e+00
2.8327151415777501013000159319571262e-03	-1.1654266857470365493665619995680387e+00
2.8634327420274356815921463833012750e-03	-1.1514612707220497658914286732474773e+00
2.8939436993705458179198269309777299e-03	-1.1375703142959089506623581682120671e+00
2.9242440884096084467874816703302368e-03	-1.1237521426404263658110374246318191e+00
2.9543300517838229560875095790477791e-03	-1.1100051265869569870204674313071913e+00
2.9841977987774195500659229561431703e-03	-1.0963276798925821860338328033819029e+00
3.0138436041655759127405707940014602e-03	-1.0827182575877995451853891097993647e+00
3.0432638070964446036931863983753722e-03	-1.0691753544010939569951799383431535e+00
3.0724548100079152251550354932754203e-03	-1.0556975032560682913146228437889106e+00
3.1014130775778019530602924685794774e-03	-1.0422832738370924619303295264273574e+00
3.1301351357062097965492926838270241e-03	-1.0289312712196895710529772463981478e+00
3.1586175705288921893370971081414471e-03	-1.0156401345621186587902688688820450e+00
3.1868570274604684529598463289440125e-03	-1.0024085358548369857217037186475110e+00
3.2148502102664225197147390834449986e-03	-9.8923517872473214073955661479469663e-01
3.2425938801628542600626949726095056e-03	-9.7611879729120687826620091955599167e-01
3.2700848549430020089809499924282019e-03	-9.6305815507137862010868387037574320e-01
3.2973200081295995986793147826006308e-03	-9.5005204393182207626346861502213749e-01
3.3242962681521735395540797945402276e-03	-9.3709928308443842183528718409587813e-01
3.3510106175484260944163299820008291e-03	-9.2419871812417880577925885244256712e-01
3.3774600921888879997859768281168743e-03	-9.1134922010648447720052627461902064e-01
3.4036417805240606298001721062794245e-03	-8.9854968466243124321705622413656029e-01
3.4295528228533015917103444580565683e-03	-8.8579903114968300303099631482773216e-01
3.4551904106147401976259162904074344e-03	-8.7309620183746836307706882346074853e-01
3.4805517856955400782331578675482249e-03	-8.6044016112389640339907628743979469e-01
3.5056342397618554869036646989142840e-03	-8.4782989478402306414485103962627739e-01
3.5304351136078556767540853653470730e-03	-8.3526440924716883878929013229714684e-01
3.5549517965232182027622011503497642e-03	-8.2274273090207194384240105404533298e-01
3.5791817256785171844439127755548744e-03	-8.1026390542853929418073235695108480e-01
3.6031223855279565352347006802693978e-03	-7.9782699715433082702742462404573792e-01
3.6267713072289209912726354994053719e-03	-7.8543108843608133454802528593611678e-01
3.6501260680778395190525024397861602e-03	-7.7307527906312830640386681321917153e-01
3.6731842909618764086575346038987653e-03	-7.6075868568317464593058778520857738e-01
3.6959436438259851234501241418681558e-03	-7.4848044124877178064457658344599454e-01
3.7184018391548788311819432615355191e-03	-7.3623969448366189243001198763562406e-01
3.7405566334694895351704462614137002e-03	-7.2403560936806797880981154372300941e-01
3.7624058268375049041486518069481104e-03	-7.1186736464206744039946659025023978e-01
3.7839472623975883094654075287542337e-03	-6.9973415332622907112227546695433653e-01
3.8051788258969032596948057958239299e-03	-6.8763518225873489236998678866361682e-01
3.8260984452415784141489519484931536e-03	-6.7556967164824739176304533450791751e-01
3.8467040900597636947279672496944207e-03	-6.6353685464181956072371269979940997e-01
3.8669937712769417342951055743467253e-03	-6.5153597690717982042732433303328106e-01
3.8869655407031720316451460355708082e-03	-6.3956629622875661993416529139251577e-01
3.9066174906319577585859977340207236e-03	-6.2762708211683831073823821292127239e-01
3.9259477534504372123771155213310941e-03	-6.1571761542929296688997974583132020e-01
3.9449545012606134538327053728966287e-03	-6.0383718800530023922314010156183862e-01
3.9636359455113467433452512082622834e-03	-5.9198510231057320831944751845390232e-01
3.9819903366408450080294914717373646e-03	-5.8016067109357262885312903374137571e-01
4.0000159637293977659048415822292799e-03	-5.6836321705223902647865655320505013e-01
4.0177111541621087190486150177513856e-03	-5.5659207251078989999209711703311960e-01
4.0350742733013916273122470363960825e-03	-5.4484657910614987301898296699047808e-01
4.0521037241690031067462733772888002e-03	-5.3312608748360110266170065006234420e-01
4.0687979471373946805428856250564119e-03	-5.2142995700125965425306368555302004e-01
4.0851554196301747623247341009421579e-03	-5.0975755544300095401128357798921184e-01
4.1011746558314792883235175560019577e-03	-4.9810825873947389322488333703102991e-01
4.1168542064040574518865997007703526e-03	-4.8648145069685873301046346742160146e-01
4.1321926582158864455077437386645155e-03	-4.7487652273303869849863893739448856e-01
4.1471886340751362961294172626422827e-03	-4.6329287362086910300463854960663811e-01
4.1618407924733128020317813249280097e-03	-4.5172990923824105072776806741716950e-01
4.1761478273364132567651282422603650e-03	-4.4018704232464927231834249959630649e-01
4.1901084677839360892305182488767443e-03	-4.2866369224398549009314682117387354e-01
4.2037214778955917705119279759980186e-03	-4.1715928475328992511718855703689939e-01
4.2169856564855683482034059493612723e-03	-4.0567325177720418082121559029982432e-01
4.2298998368842107780271031980460367e-03	-3.9420503118787879914339741513193936e-01
4.2424628867269788402834214271136228e-03	-3.8275406659009831519848346768990206e-01
4.2546737077505538644327792314842109e-03	-3.7131980711139566312826455900200963e-01
4.2665312355959697477656772021065000e-03	-3.5990170719693633524798199369421588e-01
4.2780344396186488521515002150659184e-03	-3.4849922640896079339932817912741648e-01
4.2891823227052283043600471912933262e-03	-3.3711182923058129853347128546800619e-01
4.2999739210970670181544438802050687e-03	-3.2573898487373658351418893780623398e-01
4.3104083042203284076505198789448722e-03	-3.1438016709111466513574388512081594e-01
4.3204845745225382783958987829363709e-03	-3.0303485399186059330837120613617903e-01
4.3302018673155217720101450305408762e-03	-2.9170252786089208600234401079023311e-01
4.3395593506246275085295304483024268e-03	-2.8038267498165181446898734627255479e-01
4.3485562250441512240333611611873126e-03	-2.6907478546213060003402708341928642e-01
4.3571917235988752456591142342889243e-03	-2.5777835306400097595914366023628189e-01
4.3654651116116440874704331474365602e-03	-2.4649287503470546913706467216731032e-01
4.3733756865769002943329197744513732e-03	-2.3521785194234857949504269846605091e-01
4.3809227780401084122767820945843359e-03	-2.2395278751324579187770203875828411e-01
4.3881057474829986278862597322288993e-03	-2.1269718847198705703138591142157358e-01
4.3949239882145652009734013529693582e-03	-2.0145056438387603555138361347382862e-01
4.4013769252677583189163738621415349e-03	-1.9021242749961002101827923366989528e-01
4.4074640153018114321573478915389629e-03	-1.7898229260206885511883754939260253e-01
4.4131847465101494928990786144294265e-03	-1.6775967685508432677420220683135172e-01
4.4185386385338268173092125469285939e-03	-1.5654409965406451704417836606685199e-01
4.4235252423804465297029882884167299e-03	-1.4533508247835031913701490552821145e-01
4.4281441403485167292726883907986928e-03	-1.3413214874518393498765529612116654e-01
4.4323949459572016498975022316545209e-03	-1.2293482366517153281897493417695921e-01
4.4362773038814291652276213724696199e-03	-1.1174263409912444962451396976391095e-01
4.4397908898923190283224668142064578e-03	-1.0055510841616534389210515709640420e-01
4.4429354108028992312776450447778753e-03	-8.9371776352987551958897449749417190e-02
4.4457106044190808290604610805531081e-03	-7.8192168874157580548895442417065614e-02
4.4481162394958644966780279622813565e-03	-6.7015818033352182275096850808099554e-02
4.4501521156987549832472809239232356e-03	-5.5842256835422813765933603441155637e-02
4.4518180635703624938851402677423841e-03	-4.4671019099181470784320603332784684e-02
4.4531139445021728738995344052927197e-03	-3.3501639320802934050584881706365106e-02
4.4540396507114712928016791509547797e-03	-2.2333652537739345890087535798345100e-02
4.4545951052234069314008468676649907e-03	-1.1166594193043773371877811615261184e-02
4.4547802618581889668753467310758205e-03	0.0000000000000000000000000000000000e+00
4.4545951052234069314008468676649907e-03	1.1166594193043773371877811615261184e-02
4.4540396507114712928016791509547797e-03	2.2333652537739345890087535798345100e-02
4.4531139445021728738995344052927197e-03	3.3501639320802934050584881706365106e-02
4.4518180635703624938851402677423841e-03	4.4671019099181470784320603332784684e-02
4.4501521156987549832472809239232356e-03	5.5842256835422813765933603441155637e-02
4.4481162394958644966780279622813565e-03	6.7015818033352182275096850808099554e-02
4.4457106044190808290604610805531081e-03	7.8192168874157580548895442417065614e-02
4.4429354108028992312776450447778753e-03	8.9371776352987551958897449749417190e-02
4.4397908898923190283224668142064578e-03	1.0055510841616534389210515709640420e-01
4.4362773038814291652276213724696199e-03	1.1174263409912444962451396976391095e-01
4.4323949459572016498975022316545209e-03	1.2293482366517153281897493417695921e-01
4.4281441403485167292726883907986928e-03	1.3413214874518393498765529612116654e-01
4.4235252423804465297029882884167299e-03	1.4533508247835031913701490552821145e-01
4.4185386385338268173092125469285939e-03	1.5654409965406451704417836606685199e-01
4.4131847465101494928990786144294265e-03	1.6775967685508432677420220683135172e-01
4.4074640153018114321573478915389629e-03	1.7898229260206885511883754939260253e-01
4.4013769252677583189163738621415349e-03	1.9021242749961002101827923366989528e-01
4.3949239882145652009734013529693582e-03	2.0145056438387603555138361347382862e-01
4.3881057474829986278862597322288993e-03	2.1269718847198705703138591142157358e-01
4.3809227780401084122767820945843359e-03	2.2395278751324579187770203875828411e-01
4.3733756865769002943329197744513732e-03	2.3521785194234857949504269846605091e-01
4.3654651116116440874704331474365602e-03	2.4649287503470546913706467216731032e-01
4.3571917235988752456591142342889243e-03	2.5777835306400097595914366023628189e-01
4.3485562250441512240333611611873126e-03	2.6907478546213060003402708341928642e-01
4.3395593506246275085295304483024268e-03	2.8038267498165181446898734627255479e-01
4.3302018673155217720101450305408762e-03	2.9170252786089208600234401079023311e-01
4.3204845745225382783958987829363709e-03	3.0303485399186059330837120613617903e-01
4.3104083042203284076505198789448722e-03	3.1438016709111466513574388512081594e-01
4.2999739210970670181544438802050687e-03	3.2573898487373658351418893780623398e-01
4.2891823227052283043600471912933262e-03	3.3711182923058129853347128546800619e-01
4.2780344396186488521515002150659184e-03	3.4849922640896079339932817912741648e-01
4.2665312355959697477656772021065000e-03	3.5990170719693633524798199369421588e-01
4.2546737077505538644327792314842109e-03	3.7131980711139566312826455900200963e-01
4.2424628867269788402834214271136228e-03	3.8275406659009831519848346768990206e-01
4.2298998368842107780271031980460367e-03	3.9420503118787879914339741513193936e-01
4.2169856564855683482034059493612723e-03	4.0567325177720418082121559029982432e-01
4.2037214778955917705119279759980186e-03	4.1715928475328992511718855703689939e-01
4.1901084677839360892305182488767443e-03	4.2866369224398549009314682117387354e-01
4.1761478273364132567651282422603650e-03	4.4018704232464927231834249959630649e-01
4.1618407924733128020317813249280097e-03	4.5172990923824105072776806741716950e-01
4.1471886340751362961294172626422827e-03	4.6329287362086910300463854960663811e-01
4.1321926582158864455077437386645155e-03	4.7487652273303869849863893739448856e-01
4.1168542064040574518865997007703526e-03	4.8648145069685873301046346742160146e-01
4.1011746558314792883235175560019577e-03	4.9810825873947389322488333703102991e-01
4.0851554196301747623247341009421579e-03	5.0975755544300095401128357798921184e-01
4.0687979471373946805428856250564119e-03	5.2142995700125965425306368555302004e-01
4.0521037241690031067462733772888002e-03	5.3312608748360110266170065006234420e-01
4.0350742733013916273122470363960825e-03	5.4484657910614987301898296699047808e-01
4.0177111541621087190486150177513856e-03	5.5659207251078989999209711703311960e-01
4.0000159637293977659048415822292799e-03	5.6836321705223902647865655320505013e-01
3.9819903366408450080294914717373646e-03	5.8016067109357262885312903374137571e-01
3.9636359455113467433452512082622834e-03	5.9198510231057320831944751845390232e-01
3.9449545012606134538327053728966287e-03	6.0383718800530023922314010156183862e-01
3.9259477534504372123771155213310941e-03	6.1571761542929296688997974583132020e-01
3.9066174906319577585859977340207236e-03	6.2762708211683831073823821292127239e-01
3.8869655407031720316451460355708082e-03	6.3956629622875661993416529139251577e-01
3.8669937712769417342951055743467253e-03	6.5153597690717982042732433303328106e-01
3.8467040900597636947279672496944207e-03	6.6353685464181956072371269979940997e-01
3.8260984452415784141489519484931536e-03	6.7556967164824739176304533450791751e-01
3.8051788258969032596948057958239299e-03	6.8763518225873489236998678866361682e-01
3.7839472623975883094654075287542337e-03	6.9973415332622907112227546695433653e-01
3.7624058268375049041486518069481104e-03	7.1186736464206744039946659025023978e-01
3.7405566334694895351704462614137002e-03	7.2403560936806797880981154372300941e-01
3.7184018391548788311819432615355191e-03	7.3623969448366189243001198763562406e-01
3.6959436438259851234501241418681558e-03	7.4848044124877178064457658344599454e-01
3.6731842909618764086575346038987653e-03	7.6075868568317464593058778520857738e-01
3.6501260680778395190525024397861602e-03	7.7307527906312830640386681321917153e-01
3.6267713072289209912726354994053719e-03	7.8543108843608133454802528593611678e-01
3.6031223855279565352347006802693978e-03	7.9782699715433082702742462404573792e-01
3.5791817256785171844439127755548744e-03	8.1026390542853929418073235695108480e-01
3.5549517965232182027622011503497642e-03	8.2274273090207194384240105404533298e-01
3.5304351136078556767540853653470730e-03	8.3526440924716883878929013229714684e-01
3.5056342397618554869036646989142840e-03	8.4782989478402306414485103962627739e-01
3.4805517856955400782331578675482249e-03	8.6044016112389640339907628743979469e-01
3.4551904106147401976259162904074344e-03	8.7309620183746836307706882346074853e-01
3.4295528228533015917103444580565683e-03	8.8579903114968300303099631482773216e-01
3.4036417805240606298001721062794245e-03	8.9854968466243124321705622413656029e-01
3.3774600921888879997859768281168743e-03	9.1134922010648447720052627461902064e-01
3.3510106175484260944163299820008291e-03	9.2419871812417880577925885244256712e-01
3.3242962681521735395540797945402276e-03	9.3709928308443842183528718409587813e-01
3.2973200081295995986793147826006308e-03	9.5005204393182207626346861502213749e-01
3.2700848549430020089809499924282019e-03	9.6305815507137862010868387037574320e-01
3.2425938801628542600626949726095056e-03	9.7611879729120687826620091955599167e-01
3.2148502102664225197147390834449986e-03	9.8923517872473214073955661479469663e-01
3.1868570274604684529598463289440125e-03	1.0024085358548369857217037186475110e+00
3.1586175705288921893370971081414471e-03	1.0156401345621186587902688688820450e+00
3.1301351357062097965492926838270241e-03	1.0289312712196895710529772463981478e+00
3.1014130775778019530602924685794774e-03	1.0422832738370924619303295264273574e+00
3.0724548100079152251550354932754203e-03	1.0556975032560682913146228437889106e+00
3.0432638070964446036931863983753722e-03	1.0691753544010939569951799383431535e+00
3.0138436041655759127405707940014602e-03	1.0827182575877995451853891097993647e+00
2.9841977987774195500659229561431703e-03	1.0963276798925821860338328033819029e+00
2.9543300517838229560875095790477791e-03	1.1100051265869569870204674313071913e+00
2.9242440884096084467874816703302368e-03	1.1237521426404263658110374246318191e+00
2.8939436993705458179198269309777299e-03	1.1375703142959089506623581682120671e+00
2.8634327420274356815921463833012750e-03	1.1514612707220497658914286732474773e+00
2.8327151415777501013000159319571262e-03	1.1654266857470365493665619995680387e+00
2.8017948922863520391261856776355857e-03	1.1794682796788748269639801468771041e+00
2.7706760587568947346289414421412675e-03	1.1935878212174290770793276545116552e+00
2.7393627772455867409065391110024822e-03	1.2077871294639214757498084480247813e+00
2.7078592570190983203539998051836687e-03	1.2220680760339961039523012993559890e+00
2.6761697817584806533702163641023279e-03	1.2364325872809082035279963867367567e+00
2.6442987110110712751876309616766837e-03	1.2508826466358884984451721864520403e+00
2.6122504816924678047814689847997914e-03	1.2654202970732655360593054986128334e+00
2.5800296096407678832061533472580771e-03	1.2800476437085086466661952911224408e+00
2.5476406912253968607007739850323510e-03	1.2947668565379851335437715851244593e+00
2.5150884050129767774645133072101834e-03	1.3095801733299128787468888087725068e+00
2.4823775134928312432892732290953943e-03	1.3244899026767394610484207905160572e+00
2.4495128648648716694570377307316029e-03	1.3394984272199975752260017976005154e+00
2.4164993948927717442396209490055875e-03	1.3546082070595812099169022074008825e+00
2.3833421288255099486198940031561504e-03	1.3698217833603657252326225308455340e+00
2.3500461833905452431624251513333636e-03	1.3851417821701666703645182565923302e+00
2.3166167688620898751660563923218289e-03	1.4005709184642069803848324162199185e+00
2.2830591912081567156715739835349553e-03	1.4161120004325514070014107522095945e+00
2.2493788543202879119412314777681067e-03	1.4317679340283833863588479599427199e+00
2.2155812623301183340727541126094662e-03	1.4475417277965573368807792239260773e+00
2.1816720220171928485500693113879243e-03	1.4634364980035747354729569342776679e+00
2.1476568453127425700981497505752068e-03	1.4794554740920234369399581149056687e+00
2.1135415519044338074795461459008612e-03	1.4956020044846071440022101657871724e+00
2.0793320719474365092533876286632262e-03	1.5118795627651989818447484085489586e+00
2.0450344488875189355685812100272644e-03	1.5282917542669061724749080541565720e+00
2.0106548424022645857629114907529234e-03	1.5448423230999618085789694712036939e+00
1.9761995314669289343313532765209504e-03	1.5615351596553987812907758687273340e+00
1.9416749175519104219804598946252589e-03	1.5783743086239488598033111419888128e+00
1.9070875279593059234711339680065108e-03	1.5953639775734910825509661724439311e+00
1.8724440193065594826070225023772444e-03	1.6125085461326986876002501350701803e+00
1.8377511811657988361478168229576129e-03	1.6298125758333608492530783360553734e+00
1.8030159398680920286832542119394048e-03	1.6472808206692511417419545638147030e+00
1.7682453624825517224485236603663865e-03	1.6649182384354555566831022788523333e+00
1.7334466609809737697845714482099159e-03	1.6827300029188473664556540228857881e+00
1.6986271965995261416620593778097122e-03	1.7007215170180061168646706623999554e+00
1.6637944844099121612138660577078907e-03	1.7188984268794415368014127894087281e+00
1.6289561981134269366084553478166957e-03	1.7372666371466369962044869513659613e+00
1.5941201750724178199632034970347572e-03	1.7558323274293303579398901509197854e+00
1.5592944215948598412342754617235514e-03	1.7746019701127879259984170391691830e+00
1.5244871184890780837673560460987990e-03	1.7935823496408160526108117086055079e+00
1.4897066269071053203808830424994252e-03	1.8127805834221481249386055934063225e+00
1.4549614944967713582086382238235411e-03	1.8322041445279394007774828769368068e+00
1.4202604618843992118090430903704196e-03	1.8518608863687483605146418695733676e+00
1.3856124695119538994175046302186223e-03	1.8717590695629937347443244744334191e+00
1.3510266648546769402598914735659134e-03	1.8919073912359397053384695174587546e+00
1.3165124100476717932787607315271620e-03	1.9123150170193577979431532481661000e+00
1.2820792899526150859768651540102589e-03	1.9329916160578329492649892180149404e+00
1.2477371206987931455913227576169201e-03	1.9539473993690474486981694477957772e+00
1.2134959587360466108493484974917416e-03	1.9751931619532775070302684510493620e+00
1.1793661104409983322338597338187671e-03	1.9967403291029603066933959597157561e+00
1.1453581423222002333236226831328338e-03	2.0186010074279667375678174621883156e+00
1.1114828918746320551573453289324151e-03	2.0407880411878806641896484930720822e+00
1.0777514791393994720290190012964877e-03	2.0633150746112469734295550277598178e+00
1.0441753190306055861926990613336417e-03	2.0861966209859792357218970108671985e+00
1.0107661344983198591892790395529104e-03	2.1094481394280639803762262348486912e+00
9.7753597060447413001808792794920610e-04	2.1330861203812386224271661228254216e+00
9.4449720959753325548648619177896877e-04	2.1571281810732447208516696993460781e+00
9.1166258708210491454950440919272122e-04	2.1815931723605160400086543885782440e+00
8.7904520939149280432516069429052132e-04	2.2065012986401740225680797840118592e+00
8.4665857228482843372124967996631830e-04	2.2318742528052799410360805429229206e+00
8.1451658110616313567629956393280247e-04	2.2577353685781689608013012449553449e+00
7.8263357256115670146682199430020267e-04	2.2841097929922460648871966236333943e+00
7.5102433828824077231646462686588826e-04	2.3110246823238334419152328845498181e+00
7.1970415042594962600443372010692858e-04	2.3385094254268740399378744549862714e+00
6.8868878940721913745456708107268613e-04	2.3665958992259668180584942275104524e+00
6.5799457424574844359349867545935851e-04	2.3953187621182344356290403704210558e+00
6.2763839562010835749371746969325814e-04	2.4247157922754741600858457139797598e+00
5.9763775210955611652022099512528426e-04	2.4548282793956228365340364664261570e+00
5.6801078999323007479622897141415291e-04	2.4857014804208531380052316494454181e+00
5.3877634709377484561198817376988295e-04	2.5173851522448585804808771611656479e+00
5.0995400123033141615752873874817922e-04	2.5499341776450452650696966787168366e+00
4.8156412394788335811566752640562022e-04	2.5834093048302028224689924367840058e+00
4.5362794031494285786876629038654425e-04	2.6178780264137420403828213217206104e+00
4.2616759573573466711287569856882912e-04	2.6534156307578930548767054072702834e+00
3.9920623091466041150235623392681092e-04	2.6901064681229902617098959489879780e+00
3.7276806635095851025985786654656174e-04	2.7280454868108608798390800838406088e+00
3.4687849804507141281070741441501118e-04	2.7673401118368482084606882885411390e+00
3.2156420648576007630850364207075621e-04	2.8081125625515935904767108456574022e+00
2.9685328148684431925986014184857862e-04	2.8505027389799020488873642096180704e+00
2.7277536609450197655398821150853821e-04	2.8946718538933598073092910940043305e+00
2.4936182364731267285140029848707933e-04	2.9408070556805917514303025524824557e+00
2.2664593322443744637883636650626769e-04	2.9891273868465733601833450514600784e+00
2.0466312028491716495324245963850871e-04	3.0398915721630917033102296135949401e+00
1.8345123146795584451630995665538638e-04	3.0934083585332982601580301773044215e+00
1.6305086557595477381647039097118765e-04	3.1500504858358957864335002455025677e+00
1.4350577715198698585211000163883256e-04	3.2102739431507941284661266853660642e+00
1.2486337553072466495369624371831966e-04	3.2746451201406590579747794767784624e+00
1.0717535203389892833457667033090592e-04	3.3438801079625199326583191894033193e+00
9.0498483284129088647380505280238907e-05	3.4189033541558896880043950465156170e+00
7.4895683428979338222705986246255079e-05	3.5009384287520560121912423635251143e+00
6.0437420131715249866832505677292736e-05	3.5916547247050921407790463982131938e+00
4.7203684396770556844867021554670809e-05	3.6934175413834550109200055067002300e+00
3.5286848013962244237886554797384736e-05	3.8097439166815931198751266068341037e+00
2.4796041527333969788810209077348146e-05	3.9462087742385883734829961249332449e+00
1.5864384885806573485531837045862042e-05	4.1124705248786445724258888139447595e+00
8.6623504506649776621531512289932831e-06	4.3276315708411865661659055446067194e+00
3.9947557955028454931855116863022886e-06	4.6387730768583416876118652072571692e+00
0.0000000000000000000000000000000000e+00	3.5994104883783980215295968219635855e-05