   1.4518700000000001e-03   2.0481866386822367e+00   1.3376084129406669e+00  -2.8366906597375691e-01   1.1310107769633899e+00   5.7033241458654615e-01   7.1341286827571382e-01
   2.9030800000000002e-03   8.2305617260210340e-01   1.6504223991199904e-01  -6.7073729151433101e-02  -1.5312651274387552e+00   2.4137811014674831e-01   4.7732010984658885e-01
   1.4103000000000000e-03  -1.5866906883268213e+00   1.0517583719930539e+00   1.1013051412475627e+00  -1.5975231996113564e+00   5.7279344751138905e-01   7.1389604389464900e-01
   1.4392999999999999e-03  -1.1274656710320864e-01   1.9045783051402965e+00  -9.9181307514540296e-01   1.6592887071922082e+00   5.8672792982389443e-01   7.2163326930343785e-01
   1.3811600000000000e-03   1.8620990983278656e+00   1.0217679499969683e+00  -1.4702485786880306e+00  -1.0203729353703701e+00   6.2008771096269522e-01   7.4320719124462242e-01
   1.2866799999999999e-03  -1.5733501806827874e+00   1.1738683829622247e+00  -1.0465239489143818e+00  -1.5704662320113925e+00   5.4865929499992971e-01   6.9899168301283354e-01
   3.7231700000000000e-03   3.9010447776317464e-01  -1.2700022062652772e+00   4.6366099236239028e-01   6.6642896223472425e-01   2.3107746026417586e-01   4.6760749803034696e-01
   2.8984499999999999e-03  -2.5049294453702459e-01   1.2834847852877500e+00  -1.3261955972260671e+00   1.4969645209994541e-02   2.6696972418457648e-01   5.0212247393380427e-01
   1.3548000000000000e-03   1.2802148303694547e+00  -2.0121563303614813e+00  -9.5800693595894748e-01   1.1099853617729405e+00   6.4211107505999043e-01   7.5523129879298567e-01
   1.8797300000000000e-03  -7.7890496251261498e-01  -1.0294918607282795e+00  -1.3754200788484033e-01  -2.1127636130373189e+00   4.7077348962316029e-01   6.5189050806518001e-01
   4.0338400000000003e-03  -7.5166572357513284e-02   6.1466533454141636e-01  -9.2911764540924702e-01  -2.8285356529629646e-01   1.8141361026296135e-01   4.1491681991091028e-01
   3.6229299999999999e-03  -1.0212855552125382e+00  -2.1898231353179626e-01  -2.6862875464909036e-01  -7.8220760318888261e-01   1.9226429108299745e-01   4.2701625205801397e-01
   1.4162100000000000e-03   1.0593305880988115e+00   5.7486145061260552e-01  -8.8070522960206987e-01  -2.2779638244356200e+00   5.7460352086967259e-01   7.1576314511158612e-01
   1.3908099999999999e-03  -1.9702243453389405e+00  -1.3727407455316729e+00   9.0122782588769768e-01   9.9555288861726232e-01   5.9768252062694671e-01   7.2965520614577750e-01
   3.0968900000000001e-03   1.1175249662203272e-01   4.1525657165944263e-01  -6.1126086161052051e-01  -1.6361570160045076e+00   2.6059031435608959e-01   4.9584161272746513e-01
   1.3715800000000001e-03   1.2514080293810750e+00  -5.7973624596287288e-01  -3.0267866887323840e-02  -2.3855530480892067e+00   6.0039012760800459e-01   7.3002366343262237e-01
   1.5223299999999999e-03  -5.9272685546387371e-01   2.1356289145395113e+00  -7.5177675622844220e-01  -1.3341226566643101e+00   5.8170188145242718e-01   7.1910694701832745e-01
   4.1539599999999999e-03   5.7849358293212794e-01   7.2350728468350139e-02   2.3686400867498181e-01   8.6098925756597244e-01   1.7421520983225394e-01   4.0688525319335878e-01
   1.7804800000000001e-03  -2.4388746503639260e+00  -2.7791392354599981e-01   7.6483813484850915e-01   1.0462324462541012e-01   5.2205326644070604e-01   6.8400967201233365e-01
   1.5448300000000001e-03   1.5242369062392052e+00  -3.5581354389676845e-01  -1.5320023378842889e+00  -1.5261437413247438e+00   5.5824419278967585e-01   7.0594825722309795e-01
   4.0514200000000000e-03  -5.3632562018722985e-01  -6.9069077380466504e-01  -5.5796116469413382e-01  -4.3914562497771509e-01   1.7860030752747599e-01   4.1192719784069737e-01
   3.0674299999999999e-03  -1.1051852583097408e+00  -1.3789337301590585e+00  -2.4607640461084210e-01  -2.0612908691731036e-01   2.5832903080849418e-01   4.9381599791933767e-01
   1.7639299999999999e-03   1.7344967351548135e+00   1.3628918210132723e+00   1.1210561101679584e+00  -5.4284389032885016e-01   4.8629887114023201e-01   6.6200531870592150e-01
   1.7729899999999999e-03   7.2711846937277869e-01  -2.0490457904342851e+00  -2.7259245016002370e-01  -1.1659836100349095e+00   4.5108316027982348e-01   6.3874025334920881e-01
   2.9181300000000001e-03   1.2528529114263914e-01  -3.6531242113086893e-01   7.2539555723699370e-02  -1.7708030259404115e+00   2.5722512544113130e-01   4.9238513294690239e-01
   1.6094400000000000e-03  -1.5109794415388085e+00  -1.9056659368947109e+00  -4.8710027548270968e-01   8.3534467785938360e-01   5.2845159435597877e-01   6.8750314353747100e-01
   1.9573099999999999e-03   1.1677994223140571e-01   7.5307645897674103e-01  -1.1739691026716665e+00   1.8870391035296945e+00   4.0034722539754020e-01   6.0399166289656081e-01
   3.3267800000000001e-03  -1.1245647931982670e+00  -4.5608218395097444e-01  -3.1990979550690263e-01   1.1582151873254456e+00   2.4929641630806143e-01   4.8504021685649157e-01
   1.2893600000000000e-03   1.4537502350173170e+00  -1.5076423757958439e+00  -1.8842909210896863e+00  -1.6213848212636053e-01   6.3787059737375296e-01   7.5377706107862930e-01
   3.2063500000000002e-03  -1.6828607170331461e-01   4.9484399948616625e-01   1.4565695062002857e+00   8.0976218776570652e-01   2.5233515935203282e-01   4.8819731557116725e-01
   2.6309400000000000e-03   1.5024900647656487e+00  -7.4417796392570479e-01  -1.0400080424334786e+00  -3.1934188891443199e-01   2.9342916979509215e-01   5.2522295155183896e-01
   4.3302400000000000e-03  -4.1568442878464062e-01   7.6905304248833017e-01  -4.9860433594383413e-02   6.8410432066108684e-01   1.8246423908788667e-01   4.1648147221331056e-01
   1.4398000000000000e-03   1.0333923494053061e+00  -4.5728326842838996e-01   2.3792563812840237e+00  -6.8899037455825118e-01   5.9591117284633821e-01   7.2588140262490453e-01
   2.8242300000000001e-03  -8.4178540267355251e-01  -1.1127821032800849e+00  -1.2242660463559909e+00  -2.8198599801523494e-01   2.6861272465118941e-01   5.0318417257355241e-01
   1.3544799999999999e-03   2.4145836459377573e-01   2.4608034928111606e+00   8.8137387780551246e-01   8.2342364366006737e-01   5.9055301824621254e-01   7.2541285404893219e-01
   2.5414700000000001e-03  -1.1053939303644236e+00  -6.9207507928753509e-01   6.1660300810063873e-01   1.4190643264586653e+00   2.9507626701426987e-01   5.2702126103923597e-01
   3.3428600000000000e-03  -4.4915625211049715e-01  -7.7139225290832225e-01   1.3093213510979917e+00   2.9202601711060754e-02   2.2403354455596913e-01   4.6024324854385196e-01
   3.0625499999999998e-03   1.3784903821590437e+00  -2.4904265066012013e-01  -4.2806638650882417e-01  -1.0219020617238448e+00   2.5528855165958780e-01   4.9099901632440862e-01
   2.3006599999999999e-03  -1.4914996969897876e+00  -1.9956893910811146e-01  -4.8965468047820704e-01  -1.4197499435682384e+00   3.2071807107942757e-01   5.4778024429503824e-01
   2.4241300000000000e-03   2.0177441555073332e+00  -3.8868056581050997e-01  -1.5712545645761278e-01  -2.6687915575226961e-01   3.0867699314830971e-01   5.3801721968200589e-01
   1.5608499999999999e-03  -1.4740231977978627e-01  -1.1615981681210388e+00  -3.3325587905671200e-01   2.3469037603422902e+00   5.3376557071149666e-01   6.9210696675742711e-01
   4.1486900000000000e-03   5.9976723067714621e-01  -4.3627631715837734e-01   2.3179628723484050e-01  -9.2358219406874587e-01   1.8809683845696409e-01   4.2289553334109170e-01
   2.9540500000000002e-03   1.0594114069790610e+00  -1.3008438781694429e+00   8.8583955902694045e-01   5.1396898601349293e-02   2.7912973301333061e-01   5.1318236122422844e-01
   1.3809800000000000e-03   1.3344855443648698e+00  -8.8900131835446894e-01   1.3588802101627864e+00  -1.8292206689581945e+00   6.2284914644566869e-01   7.4527142491364617e-01
   1.5969300000000001e-03  -1.0328550743044163e+00  -1.0073491612153225e+00   1.3741969719158356e+00  -1.6278100726693332e+00   4.9833505980929560e-01   6.6779537497211983e-01
   1.5148200000000001e-03  -2.2129438650606343e+00  -1.4808115351952444e+00  -4.9538732836720743e-02  -1.3868554385381401e-01   5.5106917906422259e-01   7.0097660241356408e-01
   1.3390399999999999e-03  -2.7210408821253679e-01  -2.2735288223265937e+00  -5.7693150555683559e-01   1.4854634691734931e+00   6.2377337900369478e-01   7.4376654535689779e-01
   2.9368500000000000e-03   1.1777636374199438e+00  -4.1833335595730486e-01   1.4085513859630292e+00   1.6655225097824425e-01   2.7705868974683989e-01   5.1132182187186415e-01
   4.3530100000000000e-03   3.6473013086248701e-01   7.6837371064480842e-01   9.0781709317601197e-02   6.1038560168905609e-01   1.7628294930574692e-01   4.0939882837949448e-01
   4.1663200000000003e-03  -1.3420833444518621e-01   2.5134513156875476e-01   3.0695652801309536e-01   1.0701067653976131e+00   1.8209509133521951e-01   4.1608794297704726e-01
   1.2222699999999999e-03   2.4627124890115618e-01  -1.3906449468663520e+00  -1.5715235354855217e+00   1.8969132908189499e+00   6.4166665133977918e-01   7.5462526484633852e-01
   2.9763200000000002e-03   2.4982017091095356e-02   9.9695308988525633e-01  -1.9229539807303397e-01   1.4388222078324033e+00   2.4864325593916520e-01   4.8417034726503522e-01
   2.9782799999999998e-03  -5.8972104742212139e-01   1.6306650273920802e+00   2.1744566434940788e-02  -5.6732445180877267e-01   2.6107545418971018e-01   4.9643128608314979e-01
   4.5949099999999998e-03  -4.3009043237307226e-01   7.6844929468475043e-01   3.3246107685229571e-02  -5.0371556212086888e-01   1.7737990400684353e-01   4.1080343908856287e-01
   3.4739100000000002e-03   1.4249003340986621e-01   1.2168879260372889e+00   4.1550591265747733e-01  -9.2717167312908999e-01   2.2795899196682573e-01   4.6458403883757093e-01
   1.5913600000000000e-03   1.0106707074179515e+00   1.1688920161404395e+00  -3.4538120023145907e-01   2.1579990709586587e+00   5.6965992950651223e-01   7.1308725472380163e-01
   2.6069999999999999e-03  -1.2524447797360785e+00   2.1914626112875984e-01   1.1714090305920508e+00   1.0014168672624364e+00   2.9126847648071952e-01   5.2362415174445243e-01
   1.5272899999999999e-03   7.1325496046913850e-01   6.6540314901545528e-01  -2.1663958714742062e+00  -1.3053004908765893e+00   5.7851154087352008e-01   7.1945974083310749e-01
   3.2455200000000000e-03  -1.0437253561041917e+00   3.4342458872377390e-01   2.5448138341563781e-01   1.3113504276711287e+00   2.4793352850249112e-01   4.8423447735277603e-01
   4.2667199999999999e-03  -5.6769890603516826e-01  -8.8679344824892836e-01   2.5650553285464384e-01  -4.3378750567001090e-01   1.8743640875157866e-01   4.2185463677049229e-01
   2.7467099999999999e-03   3.3551458734227874e-01  -1.0504681723766955e+00   1.4486021196721648e+00   6.5798942814026362e-01   2.8068408961460073e-01   5.1421049123887108e-01
   3.0615299999999998e-03   1.7380827397438505e+00   3.4663839241804395e-01  -4.3092020710908722e-02   3.7719877842372240e-01   2.6443283449584526e-01   4.9939963447475660e-01
   1.5942800000000000e-03   1.7338243182708282e+00  -1.8524058944683492e+00  -5.6723694218641618e-01  -3.5376085711446315e-01   5.2928461211789701e-01   6.8869659517586090e-01
   4.4053299999999998e-03   6.4270351691268734e-01   2.7956124733136900e-01  -7.8381657192389353e-01  -2.7249395150657146e-01   1.8073049709283767e-01   4.1452402188916865e-01
   2.5063400000000001e-03   2.7809838552026478e-01   1.9828635560396144e+00   3.4055010372429573e-01  -5.9444703485597397e-02   2.9938416911841709e-01   5.3036024641263080e-01
   3.2117600000000001e-03  -1.7111843739553521e+00   2.1889039739559243e-01   1.5468097020967190e-02  -3.2654492357083864e-01   2.5534398202390346e-01   4.9076380603100261e-01
   2.9844400000000001e-03  -5.1984818848928271e-01  -1.4707632358889142e+00  -6.9900096622875574e-01   4.8135191191420729e-01   2.4964407476642850e-01   4.8568211457209326e-01
   4.0553200000000003e-03  -6.4286780827450685e-01  -4.2453726093505328e-01   4.1767781994438863e-01   7.9495411762516144e-01   1.8439568211082791e-01   4.1856612104569269e-01
   1.4323700000000001e-03   5.6067305098428644e-01   2.2508322276370150e+00   1.2500605683479700e+00  -6.7748606248311605e-01   5.8175885238905090e-01   7.1927557968103095e-01
   3.1258000000000002e-03   9.1709750163424320e-01   1.3776991393144680e+00   2.9543907789705792e-01  -5.3265728875610641e-01   2.5236319362279369e-01   4.8816843802472554e-01
   1.5090399999999999e-03   1.7341671257503901e+00   4.2087253884678139e-01   2.0200851134957958e+00   8.1871216220114257e-02   5.6730558579904677e-01   7.1109054023218254e-01
   4.4455400000000004e-03   2.9605272218988715e-01   7.6401163899487812e-01  -3.8050055085862672e-01  -7.3077365675212014e-01   1.9011034596130250e-01   4.2501391791262000e-01
   3.1889399999999999e-03  -6.6713025284608074e-01   4.1266354757012347e-01  -1.4737204152977388e+00  -4.3686977609966243e-01   2.4711024740781182e-01   4.8309374855786802e-01
   1.8089800000000000e-03  -8.3315124045516026e-02  -1.6603416813759666e+00  -1.8350674501140187e+00  -4.0950222182842128e-01   4.7526836560678765e-01   6.5446714081022050e-01
   3.3106500000000001e-03  -1.5376598691542220e-01  -1.5996843494902175e+00  -5.8832465418136159e-01  -4.1839295423396383e-01   2.6045676783115540e-01   4.9581731756384101e-01
   1.7096100000000001e-03   1.8677061597987470e+00   1.6138268622487129e-01  -7.3884554187726037e-01   1.6104410147553914e+00   5.2108450156270858e-01   6.8259186061079991e-01
   1.3022699999999999e-03   7.2084927548825861e-01  -8.4749031105759390e-02  -1.6817025720802485e+00   2.1376956885305689e+00   6.4768204411855379e-01   7.5741564059284572e-01
   1.4933200000000000e-03  -1.7850080907180932e-02  -5.5556717145059209e-01   9.8440563150177407e-01  -2.4795092794695397e+00   5.8955956910031637e-01   7.2601889048879731e-01
   3.8882800000000000e-03   6.0094772488123860e-01  -4.3630483946256771e-01  -5.8655578786807860e-01   8.8608468789789774e-01   1.9254926691228832e-01   4.2776469264078443e-01
   1.2841899999999999e-03  -2.1640977973272686e+00  -3.6916700694470644e-01   1.2209426065089015e+00  -1.1598496888994529e+00   6.0256817415091712e-01   7.2967488962414506e-01
   1.7044400000000000e-03   7.3628619849331911e-01   1.4808689439570850e+00   1.1134466916662336e+00  -1.6205004714892777e+00   5.0595684233204763e-01   6.7406297504075241e-01
   3.4548900000000000e-03   1.1205442741240843e+00   8.0812724552357251e-01  -3.5567835345435179e-02   1.0253804369146218e+00   2.5592707531845144e-01   4.9192099525498351e-01
   3.3103199999999998e-03  -6.6916990793767162e-01   1.3804999321266961e-01  -5.3993769447040919e-03  -1.5898408237473030e+00   2.5242287113608808e-01   4.8829545118652951e-01
   1.3001800000000000e-03  -2.2848167937308164e+00   5.1218161369879034e-01  -1.2482833728317549e-01  -1.4904478161747901e+00   6.0231688695996766e-01   7.3158062871227669e-01
   1.5089299999999999e-03   2.3049754596032013e-01  -2.5788394407774973e-01  -1.5917461789004044e+00  -2.1321862536743001e+00   5.5285566202328551e-01   7.0334364957038409e-01
   3.2253600000000000e-03   8.5515363810165601e-01   4.4925238625512298e-01  -1.0016947317915323e+00  -1.1140270717713263e+00   2.6176530403377740e-01   4.9711118772761304e-01
   3.4012100000000000e-03   9.0851404014048609e-01   1.2512134012236049e+00   5.8981280612877041e-01   4.1591808268170849e-01   2.5037605387513823e-01   4.8626174442854186e-01
   2.8815500000000001e-03   1.6702312381745381e+00   4.9910506505891156e-01   2.1902701473506347e-01  -6.6937242411714359e-01   2.7301735250579312e-01   5.0737190980176816e-01
   1.4207499999999999e-03   2.6027536581981092e+00   8.9621407946248288e-01  -1.2555715810685028e-01  -3.5729138788712700e-01   6.3591917156235822e-01   7.5264097910040806e-01
   1.3634500000000000e-03   2.6561644569647376e+00  -5.2912784999234672e-02   8.5973406818314335e-02   8.1642263339364196e-01   6.1022758013965650e-01   7.3677057967298576e-01
   3.3571500000000002e-03  -1.0164348094887374e+00  -4.0161557482078686e-01   1.1655500760699762e+00  -6.2286277547437785e-01   2.5034028160960481e-01   4.8625656615484703e-01
   4.1125700000000003e-03   3.0346436597009030e-01  -1.0750432939610819e+00  -3.1204454947777061e-01   3.4653094042353971e-01   1.8765410529323359e-01   4.2234929354950995e-01
   3.2089800000000002e-03  -4.2658533283571687e-01   1.0544300144272680e+00  -1.0215293063990309e+00   9.6265150779852071e-01   2.6436540914033146e-01   4.9999535969624187e-01
   3.3815899999999999e-03   1.2883848627647398e+00   3.0000453981658831e-01   8.1341002907316551e-01   7.8745782684764987e-01   2.5714958536374660e-01   4.9296493844120953e-01
   3.2965899999999999e-03  -1.1968704813176070e+00   7.3035124274512975e-01  -1.4754817299115358e-01  -9.7714101154251498e-01   2.4672160867253060e-01   4.8296469855689550e-01
   1.1922300000000001e-03   2.5402272390902696e+00  -4.4229028779378143e-01  -1.0395757407431137e+00  -6.7649527447653945e-01   6.6593840121534620e-01   7.6834651318977487e-01
   3.1949800000000000e-03  -1.5505463656947089e+00   2.3551268773738469e-02  -5.9808970521571847e-01   3.3869809180777999e-01   2.4087011972899158e-01   4.7708972071073596e-01
   3.1740900000000001e-03  -6.5917549021162336e-01   8.6185369264386602e-01   5.9952540457600156e-01  -1.2073390852411829e+00   2.4609522712613571e-01   4.8225062848025324e-01
   5.2891900000000000e-03  -3.4400749138145226e-01  -1.1032688392259947e-01  -3.2856462487458341e-02  -2.6946846618972625e-01   1.5405169045580014e-01   3.8309411313194813e-01
   1.4443300000000000e-03  -8.2072521843258062e-01  -1.7393455661325432e+00   7.0056693164633810e-01   1.7863175218969864e+00   5.8112196095317525e-01   7.2014987944989584e-01
   4.1712399999999997e-03  -6.7128083810384409e-01  -2.9751194841221990e-01  -8.9595779457982694e-01   1.2728960647049498e-01   1.8479611566719348e-01   4.1907787146119924e-01
   1.3363600000000000e-03  -7.9549950787006163e-01   1.9629942024930995e+00  -1.7201193278654734e+00   5.8626770550166063e-01   6.2273530602491112e-01   7.4391710779472897e-01
   1.4142400000000000e-03  -1.3051886970665765e+00   5.4753958692124693e-01  -2.3563939939342116e+00   2.4147449510545102e-01   6.1659944182428683e-01   7.4105588764949915e-01
   2.7933599999999999e-03  -1.1653605567993273e-01  -9.3593848852807826e-01   6.8650143186591883e-01  -1.4478925785227450e+00   2.6405269320147312e-01   4.9883907848516817e-01
   1.6159000000000000e-03  -1.1260997569936100e+00   7.8173121282766145e-01  -1.6791413903524337e+00   1.4695779721714801e+00   5.3227534396065246e-01   6.8932989536147593e-01
   2.9197699999999999e-03  -3.6974570473507279e-01   1.3175991797266548e-02   9.7444756223900686e-01   1.4772200149251640e+00   2.5638789645121335e-01   4.9156854125594368e-01
   1.5318300000000001e-03  -9.1623366017795638e-01   9.2646581073561551e-02   1.9112196220518594e+00  -1.6167597590343163e+00   5.5955392262876391e-01   7.0616689679674183e-01
   4.1563499999999996e-03   8.6521274147328753e-01   3.7326952852751255e-01   3.8231637201771328e-02  -7.0344929018636126e-01   1.8539534572827385e-01   4.1963987756997834e-01
   1.7829000000000000e-03   7.2446244047181629e-01   1.5278956850686081e+00  -1.0124473839836232e+00  -1.4925616061989426e+00   4.5231386404791107e-01   6.3893532182409341e-01
   1.9096899999999999e-03  -2.2434352479446615e+00  -6.7577623594983438e-01  -3.4186872216394903e-01   7.8207538769622065e-01   4.8247657985552544e-01   6.5884152587622269e-01
   4.6363500000000000e-03  -7.1501391881331711e-01  -3.3247945271607721e-01   6.1456612165265156e-01   3.4969030828847981e-02   1.7747779859742338e-01   4.1075783466042587e-01
   1.3209200000000000e-03  -1.7687020592803342e+00  -1.2936601860879486e+00  -1.0926747973842881e+00  -1.3604729610526063e+00   6.2935180870790941e-01   7.4798398330143290e-01
   1.6557000000000000e-03   7.1890468867690083e-01  -1.7874408522052510e+00   3.1440457893240148e-01   1.8261182638466507e+00   5.7726845054038478e-01   7.1810707259853179e-01
   4.6352299999999997e-03  -3.6884968587734979e-01   3.9618419230710783e-01   7.8247978299436705e-01  -3.9489761003201224e-01   1.8302595200548966e-01   4.1671308092939802e-01
   1.6878200000000000e-03  -1.0371929137297173e+00   9.9016661457382737e-01  -1.0104562874761031e-01  -2.1600072649116422e+00   5.1469193438217120e-01   6.8067954164269673e-01
   2.9004999999999999e-03   2.5209912408567264e-02  -1.5860444296534799e+00   9.7088476215406638e-01  -3.8738255784457616e-02   2.6726968229581255e-01   5.0208924277186096e-01
   2.8927200000000001e-03  -5.2780148585225395e-01  -4.7446457418073368e-01   1.4861485522295279e+00   8.8634212205872165e-01   2.6892096573933860e-01   5.0375415805306878e-01
   4.2445699999999996e-03   3.2462752222304120e-01   5.1980079539924984e-01   8.4610838419097334e-01   4.5749794027001989e-01   1.8417686614829981e-01   4.1826337150433507e-01
   3.0814599999999998e-03  -9.1996860317267903e-01  -3.6442358532475216e-01  -1.1964275602703123e+00  -8.6849189948670569e-01   2.5427585455999246e-01   4.8967081734027290e-01
   2.4177299999999999e-03   4.2936716034005851e-01  -1.9231177316147412e+00  -2.7782270224041000e-01   5.7006074368123216e-01   3.0747781976815969e-01   5.3666964250722837e-01
   3.2725100000000002e-03  -1.5495661839383885e+00  -6.3773501852592451e-01   4.0298251291423076e-01  -3.5801171824866140e-01   2.5891647401612583e-01   4.9447222399411395e-01
   4.2024200000000001e-03  -3.0254460746084127e-01  -5.1468822474200771e-01  -7.1440435224748644e-01   8.7920250868599459e-01   1.9786706095923967e-01   4.3374432556884296e-01
   3.1602399999999999e-03   9.1243164239568897e-01   2.1465234730646449e-01  -1.0121406749680766e+00   1.1776806339661916e+00   2.6639741158133762e-01   5.0156903619606996e-01
   2.8435000000000001e-03  -1.6285744391814982e-01   1.7267255644959614e+00  -5.4090543340516040e-01   5.0512150464877092e-01   2.7199120370141722e-01   5.0640122293441736e-01
   2.9605000000000000e-03  -1.1639552597650407e+00   8.7561017387517692e-01  -1.2006415777651398e+00   2.5115749745152133e-01   2.8070361254992943e-01   5.1423743186050552e-01
   4.0013799999999997e-03   8.8955232444068735e-02   1.2166300889587416e+00   9.3283547721143181e-02  -2.3640530958660387e-02   1.8733409077681282e-01   4.2198159318871736e-01
   3.1427600000000001e-03   1.2753177616930467e+00   7.8623496317590780e-01  -8.2562967107135354e-01   4.5463294285306188e-01   2.5612937433291882e-01   4.9171573790170303e-01
   2.9581199999999998e-03   6.2277195329908963e-01  -6.2528594667118714e-02   1.4254782221448874e+00   9.2043387333371773e-01   2.5819714017400019e-01   4.9338814721221330e-01
   1.5162500000000000e-03  -9.0118312648908139e-01   6.7346858690554012e-01   2.1602874962215561e+00   1.0685107325798961e+00   5.4450084270601840e-01   6.9818504825590244e-01
   1.5027300000000001e-03  -1.6843168429857971e+00   1.2215701409568096e+00   4.2201788204414292e-01   1.6354471374792476e+00   5.6027637669334007e-01   7.0662685254724988e-01
   3.3473299999999999e-03  -3.4990115981324832e-01  -4.1147872743865815e-01   4.8285161670417872e-03   1.6461995326014200e+00   2.5463283832734290e-01   4.9053065490235448e-01
   1.3733700000000001e-03  -2.2073660818548269e+00   1.3292889585727388e+00  -9.3372583377880203e-01  -3.4462965377628868e-01   6.1447646354666707e-01   7.3811537845473918e-01
   1.4807799999999999e-03   1.3475570797214866e+00   1.1234415142073504e+00  -1.5669314349100147e+00   1.3949525409051797e+00   6.0300497713990386e-01   7.3232828011562456e-01
   1.4320100000000001e-03   1.0623760672706253e+00  -3.6660265921689811e-01  -1.1742687693987937e-01   2.4794169548293352e+00   5.8882012506339099e-01   7.2345035751368802e-01
   1.5522400000000001e-03   1.6213461416988117e+00  -5.5748048890163493e-01  -1.8002528563135238e+00   9.9846693819027910e-01   5.7348659663772850e-01   7.1414018048240346e-01
   1.5653100000000001e-03   2.2083825923829772e+00  -1.0580231267783480e+00  -7.6505781611754642e-01   6.1355120487920201e-01   5.3528584004789792e-01   6.9226965547454122e-01
   3.6119600000000000e-03   2.5022715877825369e-01  -1.1141455310414363e+00   4.5851542315709676e-01  -6.4700019654549834e-01   2.0034120344401113e-01   4.3579490176815805e-01
   1.5202499999999999e-03  -1.4269729090942573e+00   1.7226385351422582e+00   1.3986250850727464e+00  -4.0950514929801485e-01   5.4772261568707314e-01   7.0039856492503083e-01
   3.4369100000000001e-03   1.7451133236765279e-01   1.5536470873930526e+00  -5.9067374629588054e-01  -5.0458384937616085e-01   2.6039217973007828e-01   4.9634919586372483e-01
   2.0365299999999999e-03   1.1905952507792905e+00  -8.6728476025727785e-01  -8.2208506660462310e-01   1.6313025981674696e+00   4.0350846480358921e-01   6.0669115372260340e-01
   1.5329499999999999e-03  -5.0469009920642360e-01  -2.4831516906395619e+00  -3.8305766951214870e-01   2.2104796214236797e-01   4.8779144652841128e-01   6.6083853215820587e-01
   2.3411000000000000e-03  -2.8033363815032036e-01   5.4664308173467602e-01   3.1151896597985929e-01   1.9398090264204764e+00   2.9839935239661775e-01   5.2897702253654155e-01
   1.7108900000000001e-03   1.6998788289253555e+00   4.2385337068731005e-01   5.5453953212302121e-01   1.8023077503203857e+00   5.0678873985750150e-01   6.7443492365093971e-01
   3.2300400000000000e-03   4.2578267663824054e-02  -1.1691851623054477e+00  -2.8009041969571047e-01  -1.2243475845773573e+00   2.4663437405915084e-01   4.8270021163826121e-01
   3.2073900000000001e-03   5.8765460867423525e-01   2.7401125706908147e-01  -1.7942752901581721e-01   1.6380333301459580e+00   2.5953417875181806e-01   4.9478817540623776e-01
   4.6049999999999997e-03   7.2057188738503297e-01   2.2701699321951246e-01  -4.6507262635732577e-01   4.3839065161936980e-01   1.7628346441888210e-01   4.0932717301249821e-01
   3.5599199999999998e-03   1.2991010984044378e+00  -2.4303601008177064e-01   6.1000901686848685e-01  -3.7558758929876263e-01   2.1725178347038790e-01   4.5333446632199881e-01
   2.1925400000000002e-03   1.9416797219748771e-01  -1.6613922259583378e+00  -1.3283309665413012e+00   5.9516500947194351e-01   3.5187142829675033e-01   5.7107485478662023e-01
   1.4443399999999999e-03  -2.1571176891331629e+00  -8.3923368220986463e-02   7.2383273547150451e-01   1.4909698025708011e+00   5.8565335760158677e-01   7.2159987378750268e-01
   3.1331200000000001e-03   6.3010287056722247e-01   2.4985570359711742e-01   1.5239779997095559e+00  -2.5152426275041484e-01   2.3911022459920653e-01   4.7497186000369107e-01
   1.4200300000000001e-03   5.0797618351119289e-02   1.0639488874818672e+00  -2.2317590131140568e+00   1.1578206485003373e+00   5.9106975859983868e-01   7.2404067061806432e-01
   1.5109500000000001e-03   1.2825598080634886e+00  -2.2961853839545041e+00   3.1477897570114977e-01   4.5642734809935681e-01   5.7422822308090593e-01   7.1456661947850053e-01
   4.2059300000000001e-03   1.1314614007534940e+00  -1.9176607981281246e-01  -2.4140885813424870e-01  -2.1311298089372724e-01   1.8836207275861946e-01   4.2313833308969090e-01
   1.6732699999999999e-03  -5.3292389179321653e-01   1.8879170787598378e+00   7.1789536282785293e-01  -1.5329341222944066e+00   5.1807005681737639e-01   6.8103890447173820e-01
   1.4080799999999999e-03  -1.9253332511820558e+00  -1.7030828185584282e-02  -1.7143423421220949e+00  -9.8694925307791925e-01   6.1301272596442746e-01   7.4026597388638293e-01
   1.3267299999999999e-03  -6.1933659003380352e-03   2.6277886457839994e-01  -4.0504026836874907e-01   2.7028158273631968e+00   5.8929668583835915e-01   7.2218379292640877e-01
   4.2668500000000000e-03   6.5383745047301589e-01  -1.4051837710629844e-01   7.4284284189519534e-01   1.9905747923777500e-01   1.7263826691653417e-01   4.0504872655953555e-01
   1.2857800000000000e-03   9.2934986980681783e-02  -1.4439519297298073e+00   1.8059318107219162e+00   1.5816743750019464e+00   6.2056270291073068e-01   7.4342775624288970e-01
   1.4238800000000000e-03   1.5098559617764318e+00   2.2667379437927822e+00   3.7844063291921043e-01   1.0981847823262451e-01   6.1052050242085931e-01   7.3662175837181065e-01
   1.5765400000000000e-03   1.6956392910917546e+00  -1.2510827136184068e+00  -5.1310422446953174e-01  -1.4862253539414410e+00   5.3677416126881294e-01   6.9176088516517797e-01
   1.6520700000000001e-03   2.1108171233599959e+00   1.0474726821275901e+00   9.3883409891181258e-01   6.6348245243637816e-01   5.3605625607469132e-01   6.9222626560834688e-01
   4.2097999999999997e-03   6.4820913008841366e-02  -3.3930481317276279e-01   8.5085156095690528e-01   7.1691791440226260e-01   1.8469932992149213e-01   4.1908560604195211e-01
   2.5626099999999999e-03   1.3830372856714035e+00  -2.1178043797759669e-01   5.4078531331189350e-01  -1.3027855297861031e+00   2.8568407889134312e-01   5.1840117110723849e-01
   1.3607199999999999e-03  -7.2732378339196613e-01   2.5977889509931633e+00   6.1902698247155219e-01  -3.4282676582133115e-01   6.2054540209316356e-01   7.4339132211739711e-01
   1.6153000000000001e-03  -2.0809715686141494e+00  -8.7330678816551277e-01   9.1202112496267515e-02  -1.2233498556519513e+00   4.9468173389626807e-01   6.6608134066328439e-01
   1.4963200000000000e-03   1.0557185573167287e+00   5.1579154837521535e-01   6.6715536378994822e-01  -2.3373942993497545e+00   5.6033829671806012e-01   7.0914421942330164e-01
   1.2658200000000000e-03  -7.8095862479571365e-01   2.4888261443959809e+00  -1.1738282480791770e-01   1.0050832559450122e+00   6.1050987273481849e-01   7.3739987373426974e-01
   2.9933799999999999e-03   1.8159113108691080e-01   1.5550157039239825e+00   2.1445045203259872e-01   9.1125594749471217e-01   2.6296184391570282e-01   4.9792627502116726e-01
   3.4724199999999999e-03  -1.5337505675781065e+00  -9.5055434730394864e-02   2.8799274631987332e-01   6.1117433335184557e-01   2.4585943401916052e-01   4.8221180398837432e-01
   1.4056400000000001e-03   1.9630045802211304e+00  -1.0444904408791211e+00   2.0345808417438951e-01   1.5790912711702925e+00   5.8925143622069609e-01   7.2327070399837878e-01
   1.5708000000000000e-03  -3.7631856959301707e-01   1.3675482845927101e+00   1.8986118787355075e+00  -1.1871959718351806e+00   5.5128679956721638e-01   7.0101570853425499e-01
   3.1835800000000001e-03  -1.3554358232374970e+00   8.7386453235100581e-01   4.6482410243461791e-01   5.6240090944095500e-01   2.5677333985173922e-01   4.9247014926540750e-01
   1.2123600000000000e-03   2.0557925781274671e+00   5.1618491479603490e-01   1.2578343654832391e+00  -1.4784945166180410e+00   6.7883697449840019e-01   7.7564522572641692e-01
   4.3030899999999999e-03  -4.2765875292616934e-01   3.9637183790058922e-01  -8.2618409865114284e-01   4.1615816959264318e-01   1.7981447441555043e-01   4.1353186549603010e-01
   1.3746800000000001e-03  -6.1757026994680275e-01  -2.1058476037890332e+00   1.5673713104059097e+00  -7.0595987635705626e-01   6.3085962959931763e-01   7.4870859208870666e-01
   1.5097699999999999e-03   4.2917941279729310e-01   6.4917163720484106e-01   2.5441021045195118e+00   5.3469173811777704e-01   5.8223131449280274e-01   7.2129473401199640e-01
   3.3283300000000000e-03   9.0021151251297182e-01  -6.5548344986855323e-01   7.7667929164920435e-01   9.1458615395936771e-01   2.3393207691622728e-01   4.7017687294139737e-01
   3.2555100000000001e-03  -1.2775974806710606e+00  -1.0591043472625035e+00   1.8359883051659601e-01   5.3545511772168397e-01   2.5633659941807146e-01   4.9195682012041542e-01
   3.1621100000000001e-03  -7.9769343976145579e-01   1.1460349599861717e+00  -7.9674587883478043e-01  -6.5588393211422902e-01   2.4668170755451768e-01   4.8289866404296505e-01
   4.2206900000000000e-03  -8.1762655358214131e-01   8.3250072901290079e-02   3.7556174555704419e-01  -6.6884598967965403e-01   1.8140054284182874e-01   4.1529764816111225e-01
   2.9192599999999999e-03  -1.5834549269287022e+00  -6.3056979146236847e-01  -6.4309723204025704e-01  -3.8722047979623186e-01   2.6845502651726016e-01   5.0334568625531761e-01
   3.1378700000000001e-03   1.5659214956175778e+00   3.2157259607996663e-01  -8.7440007650022533e-01  -3.7024241290322435e-01   2.7970473924681594e-01   5.1334129269741635e-01
   1.5263799999999999e-03  -1.3670091787984533e+00  -1.8046619387896745e-01   5.3665884801198849e-01  -2.2613813216385550e+00   5.7951149312874761e-01   7.1885636444952394e-01
   1.3994900000000000e-03   1.7262780551053782e+00   1.6606535487037228e+00   1.3968102237955474e-01  -1.4014633885990104e+00   6.2905739048039711e-01   7.4791209073828735e-01
   4.1907200000000002e-03  -2.4834522546975765e-01  -4.3910950738965709e-01   6.3906046900877034e-03  -9.9151580015064067e-01   1.7934415506345255e-01   4.1280103515101563e-01
   2.8542200000000002e-03  -8.3759253048946314e-01   5.5594667297661693e-01   1.3823985346993652e+00  -7.5411175790527751e-01   2.6539304253455981e-01   5.0066996396770902e-01
   2.8842700000000000e-03  -1.1208506102792881e-01   1.2963415981623572e-01  -1.3568252682652331e+00   1.1945974555758876e+00   2.5342826467282259e-01   4.8921483044078751e-01
   1.2746200000000000e-03   5.0123275979114934e-01  -2.5789704085335585e+00  -1.0325892909061887e+00  -1.9555400875139653e-01   6.5652378389278554e-01   7.6134083282272669e-01
   2.7239700000000000e-03  -3.7516102389971079e-01  -1.7259211327045139e+00   3.1898460057547340e-01  -8.6719327974837079e-01   2.9585050878610042e-01   5.2781019004333796e-01
   3.2235300000000001e-03   4.1407891283732373e-01   3.0715766444073883e-01  -1.6886563708613538e+00  -3.2747152831831283e-01   2.6359787660732448e-01   4.9904134272828071e-01
   2.9437299999999999e-03   8.3055209621584369e-01   1.5809178615390012e+00  -3.6739923311156458e-01   2.9091489708798018e-01   2.6340806213390361e-01   4.9884102646346934e-01
   1.5584300000000000e-03   1.1165979197401841e+00  -6.6609535239093010e-01   1.2425662715109471e+00   1.9429525665658696e+00   5.3560924703477097e-01   6.9283594640599933e-01
   5.0780699999999996e-03  -1.0723870193317874e-02  -6.8982854864389487e-01   4.2415115780531421e-01   1.3371528664900129e-01   1.6988264536130535e-01   4.0212578811886518e-01
   2.7705799999999999e-03   6.5626441215092668e-01  -5.2815252454233363e-01  -7.3706529660760434e-01  -1.5550873540848891e+00   2.7685307510679402e-01   5.1054156232073100e-01
   4.3408600000000002e-03   6.5229540142998643e-01  -5.1422168484059416e-01  -7.1869651790631450e-01  -4.2057434507779781e-02   1.7952284021833870e-01   4.1338657943946711e-01
   3.0699099999999999e-03  -7.9343859553232043e-01   4.7888895991823423e-02   1.6393318846796485e+00   9.3614434911806474e-02   2.6377831102385702e-01   4.9912744648977531e-01
   1.7177399999999999e-03  -1.0338251993358050e+00  -7.8714410429806470e-01   2.1883946746118927e+00  -5.5096537460384964e-01   5.3573417329945106e-01   6.9212523228190059e-01
   3.1767599999999998e-03   7.7605872770574813e-01  -7.2978495351375205e-01   1.1845263949376243e+00  -7.9916364540414442e-01   2.5955658822317201e-01   4.9522654543220673e-01
   3.1940100000000002e-03   3.2230747156802582e-02   1.7297701709402237e-02  -1.3258359224002716e+00  -1.0949408812839436e+00   2.4607704610017678e-01   4.8207711361810152e-01
   1.8673699999999999e-03   6.0535613343926187e-01   1.8575086147792486e+00  -1.4543514164215829e+00   5.0714081772469322e-01   4.6906493392984455e-01   6.5060921635347990e-01
   3.1661200000000001e-03   5.4636820277541365e-01   1.1866533574825446e+00   1.1173103073201058e+00  -3.5318857323128411e-01   2.5298455631615607e-01   4.8889316310270381e-01
   4.5497999999999997e-03  -4.9378767323241907e-01  -8.0057623713465131e-01  -1.6510557333778514e-01   3.2594938053202910e-01   1.7640935608458491e-01   4.0969366924137107e-01
   1.3941600000000000e-03  -3.0240172364076395e-01   1.0625554996756275e+00  -1.4354140129227932e+00  -2.0702529066777373e+00   5.9884623389166614e-01   7.3058050401619690e-01
   3.2103000000000001e-03   8.0707520875278116e-01  -3.6501419358330406e-01  -1.2596095769303384e+00  -7.2962428570927462e-01   2.4301133188007848e-01   4.7905493727039938e-01
   2.8329700000000002e-03   5.4680930456856314e-01  -7.1124796160971515e-01  -1.6725570400223886e+00  -4.8526135522581953e-04   2.7367086718132411e-01   5.0806562025019297e-01
   2.9417400000000000e-03  -1.3193575248554403e+00  -6.5956608977657605e-01   1.0705263599786339e+00   4.0988384587020971e-01   2.7013292624233481e-01   5.0478265106935150e-01
   1.8047899999999999e-03  -2.3797207920822609e+00   6.6496119715595092e-01  -5.6309424988748899e-02   6.3268125272705145e-01   5.0471610898192998e-01   6.7211955345509722e-01
   4.2770899999999999e-03   1.8342220730381020e-01  -6.1970129466320148e-02  -1.1466420299348257e+00   3.5136039584453288e-01   1.9225044775798181e-01   4.2734840689053977e-01
   1.5335100000000001e-03   2.2554506943094426e+00  -1.3417544632707072e+00   4.7839524392689781e-01   1.8214766587287207e-01   5.6195758622492353e-01   7.0760975003500748e-01
   1.5708100000000000e-03   2.0312962003879633e+00  -3.7952505052116703e-01   1.3251296577798928e+00   9.7754720056648814e-01   5.3840795233429783e-01   6.9327144513408656e-01
   1.5210600000000001e-03  -2.1904866004294470e+00   3.4662087319974788e-01  -1.3529262019274271e+00   5.3921219182902680e-01   5.5055570231963580e-01   6.9991118786282935e-01
   5.4254500000000001e-03   3.8465305337154693e-01  -5.5678817890797982e-02   4.0684081221893535e-02  -2.5233972118846287e-01   1.5674042573772856e-01   3.8631457415640574e-01
   2.9045899999999999e-03   5.8784092911804064e-01  -7.1557072209071215e-01   1.2089221320749174e-01   1.5447263171541159e+00   2.5469437506974624e-01   4.9008106204058494e-01
   1.5416399999999999e-03  -1.0205584711909202e-01   7.3658791327958772e-02  -2.7445440807677601e-01  -2.6898255076297417e+00   5.7505198419211045e-01   7.1832359230258924e-01
   1.4244900000000000e-03   2.9831642271374320e-01  -1.3033444071754741e+00  -6.6441575052441626e-01  -2.2854997620224906e+00   5.9626372982018194e-01   7.2686118280713452e-01
   2.5105800000000001e-03   8.1136790671439896e-01  -1.1183176794708494e+00   3.3146784758945036e-01  -1.5213627509773646e+00   3.1487567819177431e-01   5.4321919168715316e-01
   1.3612600000000000e-03  -4.3516091551930924e-01  -5.5416010400271098e-01   2.6086279129358476e+00   6.2812239141238402e-01   6.1800489706626094e-01   7.4087966700234720e-01
   2.8194600000000002e-03   1.4059283324841720e+00  -1.0267889947134263e+00   3.2975723029288151e-01  -6.7449018882235423e-01   2.7429157803810655e-01   5.0848004382900047e-01
   2.6346600000000000e-03   7.8366535205139265e-01   8.1087898691684590e-01   1.4877748860706523e+00   5.1964073893544060e-01   2.7607385733196838e-01   5.1003010623792067e-01
   2.8609099999999999e-03  -4.7987289812601114e-01  -7.0406362391139132e-01  -1.6769107617576602e+00   5.5462396583989326e-01   2.9292045551209511e-01   5.2543142430352086e-01
   4.6981999999999996e-03   1.3731123326956146e-01  -7.9415161272390866e-01  -2.2945686958214812e-01  -3.7086403983615390e-01   1.7097767685019954e-01   4.0338454859744755e-01
   1.5065400000000000e-03  -9.9884576666633418e-02  -5.8982961991391902e-01   8.5557624663077692e-01   2.4799455673508990e+00   5.6299171133455816e-01   7.0930341886729231e-01
   4.3805500000000004e-03   7.4038110937483592e-01  -4.7531136613473635e-01   3.4468596092186762e-02   4.3482651403622258e-01   1.7135849087275223e-01   4.0359718453161963e-01
   1.5536199999999999e-03   9.9054652205049581e-02  -9.5251939718751999e-01   1.9478777524422664e+00  -1.5305578741296015e+00   5.5549178388667930e-01   7.0236773250009643e-01
   1.7305400000000000e-03  -1.0536326344373392e+00  -2.1635743313994293e+00   6.5528250825269729e-01   4.5406179214087777e-01   4.9418866809909245e-01   6.6485912540604986e-01
   1.4972500000000001e-03  -1.8338417460186038e+00   1.8995096886854490e+00   3.0897140232844977e-01   2.8290978127103172e-01   5.5131661070359639e-01   7.0092157893492091e-01
   1.5135200000000000e-03  -4.0220142912240636e-01   7.6208681919977583e-01   1.1302914969796809e+00  -2.2470014518122454e+00   5.4821717021877825e-01   6.9932664979199710e-01
   2.6608500000000002e-03   7.7732218959690613e-01   1.0512012206982575e+00  -1.1043868515257886e-01  -1.4059504068255293e+00   2.7374349591643898e-01   5.0773394201676714e-01
   2.3566600000000000e-03   1.2371301674895849e+00   1.1389804829211045e-01   1.4282555674883903e+00  -8.6534082817391433e-01   3.0767452917261423e-01   5.3713046153971866e-01
   1.2756700000000000e-03  -1.3089260084252186e+00  -2.3148561145390647e+00   9.3369472907573262e-02  -6.2381555425253743e-01   5.6792261749782724e-01   7.0943278336828874e-01
   1.6227399999999999e-03  -9.1177277752514441e-02   1.6426051529001084e-01   2.4845015278674785e+00  -6.8891380618439502e-01   5.1086272798426313e-01   6.7580718099878689e-01
   3.2071600000000001e-03   1.0737563991149515e+00  -7.2206868788939115e-04  -1.3214468447036021e+00   2.8696316530319305e-01   2.4654011726595249e-01   4.8275498189999622e-01
   3.4389700000000000e-03  -1.3905117466709558e+00   2.1264804451321917e-01   8.7569442365886374e-01  -4.5264792133665577e-02   2.4133406633613588e-01   4.7757327765999014e-01
   3.1155599999999999e-03  -7.1313030073078620e-01   1.6093129352609012e+00   3.8157564555319401e-01   3.0592747161625172e-01   2.6800646418820945e-01   5.0294199915145388e-01
   2.6325500000000000e-03  -8.6841458291612406e-01   1.3988918803410979e+00  -1.3549256575498936e-01   1.0900391316859697e+00   2.8735758681941204e-01   5.2033943081004319e-01
   4.5952700000000003e-03   3.6357285134888695e-01  -1.4776000101742648e-01  -4.7325521865891895e-01  -8.6927996525051410e-01   1.8245241830030504e-01   4.1666333324476118e-01
   1.7558500000000000e-03   7.7411594688695418e-01  -1.5148302045211832e+00  -1.4285128284599053e+00  -1.2926250786743394e+00   5.1743356889281134e-01   6.8039888929415204e-01
   4.4943600000000002e-03  -8.5613821434449311e-01   3.1131987370649039e-01  -5.8126932663117703e-01  -2.2890425677140425e-01   1.8442545040470984e-01   4.1881854816784275e-01
   3.1479099999999999e-03  -3.5908974085950418e-01   1.4138972496292315e+00   9.6796690906479887e-01  -4.5426030189084954e-01   2.6461603642169590e-01   4.9970477990752654e-01
   1.3096700000000000e-03  -1.1688078583260642e+00  -1.5637023475969916e-01  -1.1559102852228409e+00  -2.2783762647379624e+00   6.4018490238243353e-01   7.5446185523217069e-01
   1.5120699999999999e-03  -9.7047084415184659e-01   1.1120899214303233e+00  -5.3860073770011796e-01   2.1603197533523368e+00   5.5971057241364375e-01   7.0467000229362931e-01
   3.5412999999999998e-03   8.3805235264043854e-01  -9.7555357158582623e-01  -4.2595605470701070e-01  -7.6853266116752228e-01   2.2475984140361924e-01   4.6142664339132877e-01
   1.4256300000000000e-03   1.1853766930525529e+00   2.1935035301962689e+00  -7.2712159673401011e-01  -5.5278899969788198e-01   5.2621259223995631e-01   6.8491810878174986e-01
   4.9198000000000002e-03   4.2716324050950862e-02   2.9821842468426524e-01   2.5740920538390760e-01  -9.6596915106327041e-01   1.8553308516198064e-01   4.2029486250751708e-01
   2.6642400000000000e-03  -1.5599382560655621e+00   3.9244254438966797e-01  -9.3762248437278950e-01  -5.5275009469912328e-01   2.7825046564657557e-01   5.1210677496336865e-01
   1.5346299999999999e-03  -2.4341918684936095e-01   1.7732129935556793e+00   1.9764522747649194e+00   1.5015967839712557e-01   5.5529434832790137e-01   7.0513548045165175e-01
   1.4145200000000001e-03   1.3058438720541368e+00   6.1208458687377398e-01   1.7584619069714964e+00   1.4769891437196196e+00   5.7010314568255160e-01   7.1246254903076489e-01
   1.6092999999999999e-03   8.6291074648624011e-01   1.0830325056877494e+00   2.1458340723339209e+00  -7.1891356571416398e-01   5.5223009464592465e-01   7.0225555122083283e-01
   1.6973100000000001e-03   4.4336542820092667e-01   2.2267892856945481e+00   4.7907104947358767e-02  -1.1474216827787607e+00   4.8956828897087623e-01   6.6262430872850375e-01
   3.3437499999999999e-03   4.9367628782393108e-01   8.0965318535440844e-01   7.5138997195373392e-01   1.2873806287110094e+00   2.6246821106850204e-01   4.9802809139386628e-01
   1.3431599999999999e-03  -1.1647335159532064e+00  -2.0999518177886585e+00  -1.1994691419897638e+00  -3.8546996305116321e-01   5.5392558953568438e-01   7.0279876206843395e-01
   3.3969999999999998e-03  -7.0793849657783625e-02  -2.0354482608830085e-01   1.5385656575442301e+00  -7.7127535909665412e-01   2.5533809494468318e-01   4.9143560277576992e-01
   1.6188999999999999e-03  -8.0891617407746297e-01  -2.1921575943161178e-01  -1.1910706988720257e+00   2.1878626234442931e+00   5.3874654928734866e-01   6.9358399544403193e-01
   3.1521499999999998e-03  -1.0333625443051753e-01   7.4312490571315537e-01   1.5898703414428106e+00  -1.3058279201137929e-01   2.5364593232562332e-01   4.8931340446005550e-01
   3.3720700000000000e-03  -5.0362751341575096e-01  -4.9154301721934378e-02   9.0676629129128516e-01  -1.3845807488235216e+00   2.5426346464353800e-01   4.9003127980595312e-01
   1.2418100000000001e-03  -1.0218195338954008e+00   7.9331233178409577e-01   2.4582558522564648e+00  -1.9295429869655278e-01   5.9827997460946192e-01   7.2801024050784890e-01
   4.0879799999999997e-03   7.1653886582594672e-01  -7.4817132558319455e-01   3.2248577164132436e-01  -1.6594054849306697e-01   1.7670446714811841e-01   4.0955943721813776e-01
   1.5736200000000000e-03  -1.0166552765162142e+00   1.8614895839506418e+00   1.2580956953118851e+00   1.0183789467395015e+00   5.5337965064489325e-01   7.0450912447574199e-01
   3.1779800000000000e-03   9.3539017737446994e-01   6.8644725056380707e-01   7.5788191448991338e-01  -1.0873741144986675e+00   2.5543179805946536e-01   4.9098163957235047e-01
   4.5802700000000000e-03  -5.5431302522351525e-02  -1.5563866085162378e-01  -8.5674507850013049e-01  -3.6511444757744949e-01   1.7243135794867492e-01   4.0479430920052650e-01
   1.5464599999999999e-03   5.6526291472203460e-01   3.0061720882972287e-01   1.8710611150898442e+00  -1.7891344123082082e+00   5.5216913044591676e-01   7.0275160548290139e-01
   2.7398600000000002e-03   1.7295435711027948e-01  -3.3960929572732457e-01  -7.5255527013306844e-01   1.7049501173598880e+00   2.6792576672867202e-01   5.0282230288651353e-01
   1.4933100000000001e-03  -4.4069490911406195e-01  -2.1477500587359462e+00  -7.7649875606184526e-01  -1.4048005489942001e+00   5.8544496155912062e-01   7.2302023478927402e-01
   1.3771100000000000e-03  -1.7814489354246761e+00  -3.8433921153724099e-01   1.9764489256702569e+00   5.3741286430441737e-01   5.8709866292666923e-01   7.2335545090770459e-01
   2.7040800000000002e-03   1.6744481662817759e-01  -2.0209347078183776e-01   1.8661806314336322e+00   2.1679217571703968e-01   2.6954199261024575e-01   5.0379241479412684e-01
   1.3412299999999999e-03  -1.0734052871250479e+00  -8.9849394716678888e-01  -2.4136588832294787e+00  -2.7819366795391770e-01   6.3056074691039921e-01   7.5009991577748036e-01
   1.4743600000000001e-03  -1.8538925845017160e+00  -1.4151030242803357e+00   1.2964399148870851e+00  -4.0529122108061016e-01   5.7397859821502495e-01   7.1583372666641443e-01
   4.0433600000000002e-03   8.2119271772831481e-01   7.9195015311908579e-01  -2.3209902140127395e-01  -7.4144690379807893e-02   1.8313331915088943e-01   4.1690964292625282e-01
   3.0983400000000002e-03   6.2282333032366888e-01  -1.6762274408658935e+00   1.1169779976233409e-01  -2.7913913423031977e-01   2.6325033529988051e-01   4.9851019213901682e-01
   3.0251599999999998e-03   5.9572258623358930e-02   1.3977614235018037e+00   1.0454462336290440e+00   4.7324735589120903e-01   2.5961000320648092e-01   4.9512545766243299e-01
   3.1254700000000000e-03  -3.8702211304848427e-01  -4.6776559990127170e-01  -7.4454207219872426e-01  -1.5049261395308431e+00   2.5788588703654475e-01   4.9329072199787211e-01
   1.7905200000000001e-03  -8.0922313445359917e-01  -1.5951426999256224e+00   1.7730600103371250e+00   5.6955042656080335e-01   5.3035204907323596e-01   6.9001640966807221e-01
   1.3866300000000000e-03  -1.5484281487982949e+00  -1.2222041298374198e+00  -3.6947288454257837e-01   1.9071363469334650e+00   6.1085912260017305e-01   7.3635517991882160e-01
   1.2708000000000001e-03   9.8781171505053167e-02  -1.9541151396761505e+00   6.7553061510960533e-01  -1.9638585756903633e+00   6.7005007734929234e-01   7.7120917978444969e-01
   1.9132600000000000e-03   2.2739475310226607e+00   7.6954405589976974e-02   9.5222732524003295e-01  -1.7897434238779372e-01   4.5981628805078251e-01   6.4497207888176156e-01
   4.6947500000000001e-03  -8.7856945573423928e-01   4.1927988941965161e-01   1.4476339749077508e-01   8.2882690307420306e-02   1.7675438717944997e-01   4.1009358596557843e-01
   2.4412100000000001e-03  -6.5545787101014386e-01  -1.0464272924474716e+00  -1.0261362693909766e+00   1.3994078130706191e+00   3.2805831664923130e-01   5.5418432732652723e-01
   1.7444299999999999e-03  -6.1415830439733188e-01  -1.1256749616295310e+00  -1.6927311880715630e+00  -1.4856595714471463e+00   5.2564406073702263e-01   6.8675336286617639e-01
   2.6977300000000002e-03  -1.4709943303642630e+00   1.8894832382699644e-01   6.2193564213495334e-01  -1.1061136127912683e+00   2.8181300045850255e-01   5.1569414100364130e-01
   3.4775800000000001e-03   1.2338855951636860e+00   5.8661926653280860e-01   8.7021393236552236e-01  -1.1456847475298571e-01   2.3633548191992351e-01   4.7284501095189091e-01
   1.6399800000000001e-03   1.3637616053163351e+00  -1.5176891842863887e+00   1.1802128921521220e+00   1.0318930642697437e+00   4.9934667401929039e-01   6.6916555688828183e-01
   3.1213700000000000e-03   4.4862148249578565e-01  -1.5496942389680229e-01   9.2842164446798159e-01  -1.4741310742689056e+00   2.6116074932016403e-01   4.9664224012540270e-01
   3.8956500000000001e-03  -6.0760569155719724e-01   1.0992427613533791e+00  -4.3193841820592116e-01   1.0760487525352296e-01   1.9905469028628150e-01   4.3450258038717321e-01
   1.6214900000000000e-03   1.4846888198816319e+00  -1.1337352544079647e-01  -2.1428596350675813e+00  -3.4252629463193535e-01   5.4126962112726495e-01   6.9587785026348914e-01
   3.5133999999999999e-03   5.2612042522964662e-02  -9.1508206798721037e-01  -1.0815516389407080e+00  -8.4201492917771792e-01   2.4146340253244744e-01   4.7801037504942467e-01
   4.1513799999999997e-03  -7.5360337205419847e-02   4.8071170042510132e-03   1.0753555229608134e+00   3.2287901547491830e-02   1.7543933505572817e-01   4.0839478691770814e-01
   3.3523699999999999e-03  -5.2165429246638750e-01  -1.1762618432236436e+00   8.0452664646555450e-01   6.5356629147182710e-01   2.3758132443382493e-01   4.7379868834440453e-01
   3.3907799999999999e-03  -1.1595479972703886e+00   9.9981364805802053e-01   5.8467569631043037e-01  -4.0590192003325820e-01   2.4513252971773525e-01   4.8145043474469917e-01
   3.3629500000000000e-03  -5.8443509339382882e-01   3.1726600301295077e-01  -5.3535964058329044e-01   1.4528433162379979e+00   2.4304735314722542e-01   4.7956858661101920e-01
   1.3617400000000000e-03  -2.0605920495957104e+00  -1.1051877917501398e+00  -1.3958501774476917e+00   5.7010745835372585e-02   5.6621536476652534e-01   7.1094940928890660e-01
   4.4718600000000002e-03   5.0340948200535543e-02  -5.3239068153043090e-01   6.2300780180891219e-02   8.9769299933192115e-01   1.7837743996700875e-01   4.1179181175827495e-01
   2.8509799999999999e-03  -3.0172142790349746e-02   9.8127150769673077e-01  -1.2988702153850455e+00  -9.9370175463024912e-01   2.7650947098178236e-01   5.1060618924110412e-01
   4.0633500000000003e-03  -1.0627095522537491e+00  -3.7964338040185874e-01  -1.0763365434773532e-01   3.5225025140596063e-02   1.7859555953974571e-01   4.1195387689760038e-01
   1.2609500000000000e-03   2.4884310130272258e-01   1.5423595956777127e+00  -7.9421066142029650e-02  -2.3483620973418424e+00   6.2509047176299115e-01   7.4536192737387841e-01
   3.4792500000000001e-03  -2.9785010556254204e-01  -1.5498148518182167e+00   1.5914560153670013e-01   1.3284819408916698e-01   2.2873894350949156e-01   4.6519404766835293e-01
   3.2456500000000001e-03   4.3824678252163612e-01   7.2557468351626975e-01  -1.3746157499925822e+00   5.4830984317431575e-01   2.4409726826200909e-01   4.8050105697897139e-01
   1.3070700000000000e-03  -1.1797396016277166e+00  -6.3943993670353083e-01   1.6828034355263397e+00   1.7779344001111062e+00   6.1345445815189559e-01   7.3956866279377476e-01
   4.1804600000000004e-03  -6.5500110831654923e-01   2.4578033398904067e-01   7.7042052252045334e-01   5.5235900990618558e-01   1.8567407491311017e-01   4.2012658654363388e-01
   3.0807700000000000e-03  -1.4426545871399759e+00   1.0612759290332465e+00  -2.6568502020566231e-01  -3.4577740402830952e-02   2.6083941696068824e-01   4.9661290609949227e-01
   4.2027799999999997e-03   5.2396906570718937e-01   4.8606952382838041e-02   8.0240537166674031e-01  -5.7444001154267832e-01   1.8015175836430997e-01   4.1385710119036451e-01
   3.3244099999999999e-03  -1.2097416694692678e+00   6.3385358096737932e-01  -4.6119403100048267e-01   8.1044487508387342e-01   2.3664613004836171e-01   4.7293914478600030e-01
   2.9428200000000001e-03  -9.0929995609457196e-03  -9.3925716971606454e-01   8.0729488324291032e-01   1.4145877951498886e+00   2.7626342206410920e-01   5.1002826927290967e-01
   1.3825800000000000e-03  -5.4901334409836466e-01  -2.8268525711963421e-01  -2.3161647710018198e+00   1.3660282343616132e+00   5.9871859949124495e-01   7.3134305117273346e-01
   1.1918499999999999e-03   4.7099900196678313e-01  -1.1598151086910911e+00  -2.4654102945507193e+00   6.7694961055840419e-01   6.4880739169716251e-01   7.5865043132409893e-01
   2.8944100000000000e-03   5.3156236633834630e-01  -3.0514142506484952e-02   7.3374950606454425e-01   1.5745552277350736e+00   2.5865807864988344e-01   4.9389478965348471e-01
   2.0130100000000000e-03   5.8746985546029284e-01  -1.6648637082309650e+00   1.2039287448029437e+00  -9.3065022051381141e-01   3.9569524806224549e-01   6.0207497929392850e-01
   4.2482600000000002e-03  -3.3664900432337957e-01   8.3657230776287617e-01   5.7199307371228370e-01   1.8888144891009481e-01   1.7888244532815617e-01   4.1214635485777806e-01
   1.3129000000000001e-03   2.4301012661290957e+00  -6.4102904663179905e-01   3.9647533865761225e-01  -1.1379120733567931e+00   6.2123273434656556e-01   7.4291383153844526e-01
   1.6359400000000000e-03  -6.5970318814476780e-01   1.8524353723769613e-01  -2.2534366722817412e+00  -1.2336143545468636e+00   5.6119996837419872e-01   7.0948505575315235e-01
   3.2827199999999998e-03   1.4641190686753156e+00  -3.0706196734603314e-01  -6.0210009160616285e-01   5.6072537909246756e-01   2.4659131789683691e-01   4.8273314991289656e-01
   1.6695400000000000e-03   2.2412476521294113e+00   3.3161457306052439e-01  -1.2386393625605991e+00   4.3879604491727003e-01   5.3823166739424566e-01   6.9439338638682024e-01
   3.9807599999999999e-03   2.4557813569742276e-01   9.3250482357605446e-01  -6.5496884473655914e-01   3.1791575367497810e-01   1.8576043126914393e-01   4.1992162051105553e-01
   4.7417300000000004e-03  -1.1079375337853417e-01  -3.5730421657291872e-01   6.7092941486397983e-01  -6.0194776692846319e-01   1.7707043829544702e-01   4.1037892040209367e-01
   2.6882999999999998e-03   1.3030316119648742e+00   1.0630489950530715e+00  -5.1011866714364040e-01  -7.0932751499618030e-01   2.6725277202808778e-01   5.0174991014170245e-01
   2.8946699999999998e-03   6.1501667763314460e-01   1.1281436706745767e+00  -7.3251643606745798e-01   1.0819176683462228e+00   2.6126134667097939e-01   4.9642899884060693e-01
   1.6609299999999999e-03   1.4023763477366288e-01  -3.7095214103541121e-02   1.9410578961287652e+00   1.7314293916064354e+00   5.2326126909068027e-01   6.8613588355585553e-01
   3.8983700000000000e-03  -2.5414851104777623e-02  -8.8111619774696515e-01  -9.8644464698789114e-01   1.4121582337286834e-01   1.9782951395518686e-01   4.3347419619532951e-01
   5.2179699999999997e-03  -2.5809658600919421e-02   4.4635088788528210e-01  -2.4190314613918501e-01  -5.1303168466493125e-03   1.5662363941910962e-01   3.8609973108587187e-01
   5.1288899999999997e-03   4.7644646795615246e-02  -2.4010245184615286e-01  -3.6923840765728905e-01   2.6915756199491386e-01   1.5354438361738587e-01   3.8258178285770661e-01
   2.9616299999999998e-03  -4.0086036218636439e-01   3.5352937002806123e-01  -1.7399336124605724e+00   4.0627610728666130e-01   2.7008293422971968e-01   5.0493223605035331e-01
   2.7613500000000001e-03   3.8642644966280837e-01  -6.3745061738545172e-01  -1.4295950530583801e+00   9.9447578579635143e-01   2.7071908130373806e-01   5.0515280059217282e-01
   1.7003100000000000e-03   1.1519855622969997e+00   1.6194386270045886e+00   7.2442896201325180e-01   1.4579892291938337e+00   5.0116734831805798e-01   6.7137062786151691e-01
   3.3571500000000002e-03  -4.8949385323327382e-01  -1.3179309897804858e+00   1.5348193367109986e-02   1.1138265198420776e+00   2.7031455716472846e-01   5.0505890634809270e-01
   1.8879700000000001e-03   6.7279832961704000e-01   1.1113175936359521e-01  -2.1529362473847797e+00   8.3434198321763420e-01   4.1997156318855233e-01   6.1785210868596430e-01
   1.4291000000000000e-03   1.0686568303021207e+00  -6.8700721248833063e-01   2.2869317964872402e+00   7.9355488607010638e-01   5.9662067030942068e-01   7.2925458394961695e-01
   1.5893999999999999e-03   1.2526663919752952e+00   9.9482265772334111e-01  -2.0933272763428099e+00   1.1929621964086831e-01   5.4914962860491368e-01   6.9862991334116609e-01
   1.4209100000000001e-03   6.4686162527541086e-02   2.6633474388920511e+00  -6.1643870647938070e-01  -1.8400094289193848e-02   5.9609707509388477e-01   7.2785784819235544e-01
   2.8430100000000000e-03   6.7591134042924150e-01  -1.4332591645577279e+00  -9.2740749711598147e-01  -2.4189776487856554e-01   2.6244111035311807e-01   4.9766083431283770e-01
   2.9669399999999999e-03  -2.8579141027143878e-01  -4.1666061265836568e-01  -1.6885607457711265e+00  -3.5891105040991383e-01   2.5386159083956655e-01   4.8961969485467777e-01
   5.3822999999999996e-03  -4.2628018102112308e-02   9.2237272627128372e-02   2.9856772435997714e-01   2.8757215108549578e-01   1.5505021471705438e-01   3.8428546380345546e-01
   1.5399999999999999e-03  -1.1304176468677893e+00   1.3835384147835763e+00  -1.8584377275269550e+00  -7.2883317065922948e-01   5.5851427476936766e-01   7.0683027529549836e-01
   2.9755500000000000e-03   2.5516650514799838e-01  -1.2247312419740928e+00  -5.4055527309321549e-01   1.2040053830473527e+00   2.5865026621193227e-01   4.9430931587601451e-01
   1.6617200000000000e-03  -1.5800659444496568e+00   1.7649078048776905e+00   5.7709707330348359e-02  -1.0398198609403144e+00   5.1151073679780479e-01   6.7718146169380644e-01
   1.6254799999999999e-03   1.8597614747656117e+00  -1.0108709168681187e+00   1.5435446762816343e+00  -4.6555547179933077e-01   5.6713204228041136e-01   7.1196440115867388e-01
   2.9605800000000000e-03  -9.0863041699633962e-01  -1.1462665632906424e+00  -4.4854074558142520e-01  -1.0646757005134642e+00   2.7269300073870739e-01   5.0720902859476047e-01
   2.6814299999999998e-03  -8.1006557813967939e-01   4.4246412184783546e-01  -1.0234644928315286e+00  -1.3466568802118473e+00   2.7482774600155147e-01   5.0888811128123845e-01
   1.7968200000000000e-03  -1.8446440739220449e+00   2.3293378227019648e-01  -6.1890297060105814e-01   1.6106749673652931e+00   4.9974748830408727e-01   6.6892658789143911e-01
   1.6395200000000000e-03   1.3172471971680577e-01   1.3590882140549172e+00   1.6767423335623484e+00   1.4787418103682655e+00   5.2573369042741847e-01   6.8700406518060009e-01
   3.2495300000000000e-03   1.5602618037395579e+00  -5.1568065435838073e-01   4.4457271709898649e-01   4.0753686223414293e-01   2.5545833448400718e-01   4.9117849283558368e-01
   2.9557500000000000e-03  -8.9748910326507447e-01   9.7738218802162202e-01   1.2781851551700736e+00   2.6664113386431798e-01   2.6844743674976945e-01   5.0358118016333275e-01
   1.2816900000000000e-03   8.1483472504720034e-01  -2.0297616850106799e+00   1.7915485784382024e+00   1.2898883048220580e-01   6.6669161644881425e-01   7.6690120425838904e-01
   1.9740700000000001e-03  -1.0998050926498590e+00   2.0312678805084419e+00  -7.5354851725582273e-01  -1.0523884379761773e-01   4.4691274907489237e-01   6.3646419037248592e-01
   3.3904800000000000e-03   9.4693182965914127e-02   6.3142063350827315e-01   1.2137011561331970e+00  -1.0419521132811149e+00   2.5220475965320666e-01   4.8826890243601356e-01
   1.4325200000000001e-03  -1.6793531535378268e+00  -6.9364043665433706e-01  -1.6272244512220271e+00   1.2108079971319443e+00   5.8162857457562545e-01   7.1983462494174100e-01
   2.8275499999999999e-03   9.9613723474144200e-01  -1.0394626978300359e+00  -1.0146434186282753e+00   5.5577922026028248e-01   2.6209794647272794e-01   4.9688665132009069e-01
   1.5870299999999999e-03   4.3933940931112886e-01  -6.9276389767417001e-01  -2.2774919772827675e+00  -1.0174099699837684e+00   5.3332835543944368e-01   6.8953041144169747e-01
   3.1186100000000000e-03   1.3044717451999150e+00  -1.6790864349717755e-01   1.2574326622535955e-02   1.1923252317344200e+00   2.5549793634985180e-01   4.9119863612295966e-01
   1.4119300000000000e-03  -2.0686138278798039e+00   9.3319842737825909e-01   1.3987976375679776e+00   6.6883729818166437e-01   5.9479201090090794e-01   7.2760388018894939e-01
   1.4363799999999999e-03  -9.1052658028088218e-01   7.3345496230117224e-01   1.2654716775921959e+00   2.1212676201126626e+00   5.9627632834541655e-01   7.2815687301149801e-01
   3.3400000000000001e-03  -5.0839773756599316e-01   9.9291826210230705e-01   7.5100202816005679e-01   1.1161587382924505e+00   2.5645487351456386e-01   4.9240441182177702e-01
   2.8415200000000002e-03   1.1567004014382503e+00  -1.1965134875558416e+00  -1.6426081729763866e-02   8.9623220224290379e-01   2.7266057556845602e-01   5.0710648520557999e-01
   2.0037800000000001e-03   1.7197694467410427e-01  -1.1495527495946880e+00   2.0540543764142267e+00  -2.8236561434627472e-01   4.2255212095834538e-01   6.1927581031252110e-01
   3.0892099999999998e-03  -9.9856423897886248e-01   6.9322994964841943e-03  -1.1483916613159166e+00   9.2291667383757148e-01   2.5437000717120056e-01   4.9021988971379127e-01
   2.7375400000000001e-03   1.0278921211903094e-01   6.2271749386278741e-01   4.1375188361799337e-01  -1.7437873739472454e+00   2.7067522769413577e-01   5.0516754471513658e-01
   3.1008699999999999e-03  -1.2124556907695736e+00  -8.6787763503025772e-01  -7.9226178067725772e-01   5.2157204014184166e-01   2.5319149740824876e-01   4.8894376237730158e-01
   1.4702900000000000e-03  -2.6131357785507827e+00  -1.4079145562143794e-01  -5.3638760782354578e-01  -4.0752414178409396e-01   5.7821103214998049e-01   7.1700756669266008e-01
   4.5854700000000003e-03   1.0961007145633497e-01   2.8426524708065420e-01  -5.0705758523072719e-01   9.3328164254472201e-01   1.8645232956427388e-01   4.2116099593807838e-01
   2.5706399999999999e-03  -1.2845286032221090e+00  -2.0611744841648436e-01  -1.5002482989900474e+00   4.3460588613778398e-02   2.8591188439446563e-01   5.1867705014564913e-01
   3.1511800000000000e-03  -3.0018967221810727e-01   1.1424931037864867e+00  -3.1734453034291549e-01  -1.3332035963688502e+00   2.6362190309686651e-01   4.9899474312456871e-01
   2.9263200000000000e-03  -9.9842179253805097e-01  -1.3332978175878540e+00   7.8082648326017190e-01  -2.5542102759282520e-01   2.6885577065166005e-01   5.0345346394437629e-01
   1.8569500000000000e-03   6.4630219843208131e-02  -2.2288631501323999e+00   8.2425036705053523e-01   8.8310696412543621e-01   5.0540089237202268e-01   6.7395488092743427e-01
   2.4547200000000001e-03   1.6028524935268371e+00   1.1588790805012852e+00   5.7255808199316978e-02   7.5949126328812303e-02   2.7936877860049114e-01   5.1238103921147793e-01
   1.6387699999999999e-03  -2.3080986412086331e+00   9.2648301848484216e-01   5.8819304450353382e-01  -4.8420137453767631e-01   5.1767983040546939e-01   6.8058020225708704e-01
   4.4463200000000001e-03  -3.7177084027024621e-01   2.5658782666583219e-01  -4.9976037206172330e-01  -8.6760288216789028e-01   1.8286011684948597e-01   4.1705993727375168e-01
   1.5744999999999999e-03  -2.9385684286428279e-02   1.0556882499168661e+00  -2.3579591088102974e+00  -2.0253705145542233e-01   5.0199845140485633e-01   6.7083658782333078e-01
   4.8474499999999997e-03  -6.4434156553181854e-01   5.6139580707074456e-04  -2.0045696410614425e-01   5.9935900076111770e-01   1.7266724736421046e-01   4.0537030049977707e-01
   1.3351900000000000e-03   2.2399144921383346e-01   2.0228410571025850e+00  -1.7494090928097172e+00  -7.0855720509828302e-01   6.1859777307433184e-01   7.3955160960084432e-01
   1.5871800000000001e-03  -1.7079094805666235e+00   1.5249416669812805e+00  -8.5035507275043420e-01   1.0063686024104248e+00   5.5006479060585289e-01   6.9952087008377573e-01
   1.2947200000000001e-03  -9.0334387667188909e-01  -1.7989230796974451e+00  -1.7850094220470687e+00   7.9880031241573546e-01   6.2435289086086732e-01   7.4476213789165757e-01
   1.5281500000000000e-03  -1.7958842428031330e-01   1.7699515828063377e+00   4.4213804787283467e-01   1.9812412379817550e+00   5.7611207748249271e-01   7.1743043485651559e-01
   1.3558500000000000e-03   5.6082692822188385e-01   7.0606205001923095e-01   9.2170827918273546e-01   2.4401989465353497e+00   5.9368275984116714e-01   7.2739607876638657e-01
   1.4897400000000000e-03   9.2668119717370689e-01   2.2177450503996239e+00  -3.6713172963421464e-01   1.1666978778744463e+00   5.7565813279418421e-01   7.1600145949510929e-01
   4.9829499999999999e-03   3.3505940215483443e-01   6.2956884900645571e-01   4.7981760162885623e-01  -2.5423178657941248e-01   1.7576896377164627e-01   4.0877745655708475e-01
   1.5269400000000001e-03  -1.2123226677984495e+00  -1.4065297811386723e-01   1.9921931312910529e-01   2.3525926219586188e+00   5.4836510467039723e-01   6.9920592536155912e-01
   3.1594399999999999e-03   7.7659191940211258e-01   1.0996186901146241e+00  -1.2004794517268631e+00  -3.3305139122092087e-01   2.7122348672492019e-01   5.0586786748301849e-01
   4.1928900000000003e-03   9.6390468517655348e-01   3.1881324710729492e-01   2.4295060202159399e-01   1.9083005411290377e-01   1.7586994605615872e-01   4.0867781526970726e-01
   3.6261599999999998e-03   3.8019229038720964e-01  -7.1722204276294865e-01   1.1100163870309088e+00  -7.7300606951540479e-02   1.9887249623669112e-01   4.3430209587113500e-01
   1.3648099999999999e-03   1.1297595913253862e+00   1.7739619407644340e+00   1.6934742470919590e+00   4.6348188437229360e-01   5.7738361677503247e-01   7.1741292054122541e-01
   1.2216300000000000e-03   1.5555998330281628e+00  -2.0512590978064504e+00   6.5762328166445139e-01  -9.4503599753140266e-01   6.3310822780749554e-01   7.4853400260337444e-01
   1.7079800000000000e-03   1.9624995914754424e+00   4.2378648686321280e-01  -3.2968557852425384e-01  -1.5963582149400337e+00   5.1540080717235637e-01   6.8177306659586068e-01
   3.2239399999999998e-03  -9.8935409841769284e-01  -7.2406571126788744e-01   4.1580361432023960e-01  -1.1679753734098994e+00   2.5263356122577485e-01   4.8850027578706912e-01
   1.4397100000000001e-03   1.6935306729323976e-01  -2.6577638366934768e+00   5.1602552788820488e-01  -4.3389037746121711e-01   6.0309002201560402e-01   7.3295862005922385e-01
   2.8864899999999998e-03  -3.3254883037130722e-01  -1.0411926074874989e+00   1.1654367143009994e+00  -7.7804065144160373e-01   2.4723603961082591e-01   4.8299480167333086e-01
   3.1668000000000000e-03   1.2380864234296334e+00  -1.1157370023942583e+00  -2.1529501081919181e-01   7.4987372145554856e-02   2.3637224807036439e-01   4.7260136668866604e-01
   1.4250100000000000e-03   1.1985723061027307e-02  -8.8658820411052330e-02  -2.7024851696237704e+00   9.8837934381696118e-03   5.6396476769482684e-01   7.0859563909986778e-01
   1.5629999999999999e-03  -1.8034025209301181e+00   3.8544102708570194e-01   1.7097820616731698e+00  -4.9686949026325361e-01   4.7959380465699436e-01   6.5684983045150336e-01
   1.3818900000000000e-03   1.8765935645298104e+00   1.6308617199221980e+00  -1.0454130888968700e+00   1.5886029722260078e-01   5.5294695566928664e-01   7.0197698249733298e-01
   1.3376700000000000e-03  -1.3210345581066669e+00  -1.7230571280506310e+00   4.7758341142289307e-01  -1.5479758412405529e+00   5.6182514238755110e-01   7.0618147060393932e-01
   0.0000000000000000e+00   0.0000000000000000e+00   0.0000000000000000e+00   0.0000000000000000e+00   0.0000000000000000e+00   3.1571880882892245e-01   5.2737054370923742e-01
