   2.4616400000000000e-02  -6.7893459802588851e-01   1.1593629146501758e+00  -6.0734930764452943e-01  -1.0742697583960679e+00   6.4277235627477969e-01   5.1929436516675698e-01   1.3462964886543491e-01   2.9294076304266764e-01   3.9203922732782872e+00   1.9143718793457833e+00
   2.4749090000000001e-02  -7.6013635324839113e-01   4.5145086311221916e-01  -1.3738354959255636e+00   6.0776326923167157e-01   5.0461731947858779e-01  -7.3716015133824464e-01   2.1590222711929075e-01  -4.5345092609790122e-01   3.9221201933606786e+00   1.9146404080185027e+00
   2.4401900000000001e-02   6.5263907603899718e-02   9.2437562031005560e-01   8.8040206813932698e-01   1.0644250947694600e+00   4.5342537234703134e-01  -1.0226575429990852e+00   1.4007811926764779e-01  -2.3342320068777031e-01   3.9198023472157186e+00   1.9139513060835596e+00
   2.5957140000000000e-02   7.6678157063402363e-01   1.0290889697312562e+00  -6.0167287039086526e-01   2.0547795337082447e-01   3.8019627137424516e-01  -7.4092875519769252e-01  -8.4389173298312381e-01   7.3310102483906758e-01   3.9389041392850173e+00   1.9187173621912659e+00
   2.5715539999999999e-02  -5.7034961068834178e-01   6.3185287586504080e-01   1.3218183892865505e-02  -8.5517188086501383e-01  -4.0001933767714659e-01  -1.4641176913387903e+00   4.4061390655425647e-01  -2.2984982503349463e-01   3.9282459432435752e+00   1.9161848645283743e+00
   2.4810150000000000e-02  -2.5493434472062776e-01  -1.7160868286293149e+00   5.4138923699514174e-01  -6.0790443584328946e-01  -5.0154948949748868e-01  -1.9653394357730994e-01  -2.9945409479542900e-01   2.3960822126489872e-01   3.9247757484421859e+00   1.9155863612684059e+00
   2.5051310000000000e-02   1.1308459504900724e-01   1.1618301545327457e-01  -7.6778395955109338e-02  -1.3877075527605262e-01  -7.3670900283567520e-01   1.8478538066367929e+00  -2.0977984521387633e-01  -6.5162732193548095e-02   3.9248077310771365e+00   1.9153729668674484e+00
   2.5030110000000001e-02  -1.0480462584640464e+00   4.1757501910000600e-01   1.4794665271936218e+00  -5.6698815018051485e-01  -3.0354919520069695e-01   3.0739480786448781e-01  -1.0444421668041268e-01   2.7766748795790774e-01   3.9105892658652839e+00   1.9119563538372992e+00
   2.6259510000000000e-02   1.1745697572089127e-01  -3.5963216616000306e-02   7.2376780350722947e-01   6.7799377834657726e-01  -6.8062572488816142e-01  -9.9850263255910773e-02  -1.5489747086828227e+00   3.6599097465815544e-01   3.9405397275127974e+00   1.9193472845966046e+00
   2.4884640000000000e-02   2.9715046916219084e-01  -9.9379118205610995e-01  -1.0647962795448410e-01   1.1424588814967311e+00   9.1578144388431071e-01  -5.7079652428393790e-01  -4.5213364363906355e-01   5.8141218790221361e-01   3.9169227711743240e+00   1.9136778625970849e+00
   2.4914680000000002e-02  -6.5286037904769401e-01   6.3649909315447117e-01   2.2017983110820846e-01   2.3942403462871698e-01   9.8330318724764526e-02   5.0264934278096540e-01   1.2049899800768726e+00  -1.1868305381630804e+00   3.9126745845732680e+00   1.9123686910091986e+00
   2.4679389999999999e-02   2.5631544687709107e-01  -7.1820284549673052e-01  -1.0789485645401535e+00  -1.0244824607187544e+00   6.0477855789961277e-01  -7.6000707501437881e-01   2.2756490716258279e-01   5.7202143294319141e-01   3.9184833891739594e+00   1.9141582528714560e+00
   2.5002949999999999e-02  -4.3290471327208635e-01  -3.1424159259239526e-01  -2.3523612959273618e-01  -8.0053401442940997e-01  -8.5617413806682852e-01   4.1582964232329367e-01   1.3652815908403233e+00   5.6424880209882033e-01   3.9178634581873304e+00   1.9137819264258531e+00
   2.4788100000000000e-02   6.7965951033878591e-01   2.1364709842901422e-01  -4.0001082553605732e-01   1.5460350307473465e+00  -3.3532224441253328e-01   4.0906874969451962e-01  -1.3571977204908656e-01  -8.4811887487213000e-01   3.9144905503967382e+00   1.9128280930494341e+00
   2.5114180000000000e-02   5.5687081874712285e-01  -2.1250412827066897e-02   9.3913857707139936e-01  -3.3250122518513794e-02  -1.4924975099551832e+00  -2.0206812159197740e-01   3.3595876137329644e-01  -7.0930346094262231e-01   3.9188077916155430e+00   1.9141488357097600e+00
   2.4404519999999999e-02   2.6456204958392027e-01   5.8913069442501596e-02   4.8186778717986278e-01   1.2238781059999243e-01  -4.7582804251368005e-01  -9.5885889028664129e-01   3.7048651084146611e-01   1.5845292180744759e+00   3.9268332520820337e+00   1.9158906361336951e+00
   2.3692299999999999e-02   9.1487115910932237e-01  -8.4922792695387911e-02   1.1689708915601171e+00  -7.7107833775163548e-01   6.0116646079704417e-01  -9.4201219773264699e-01  -2.3353763971996841e-01   1.0765057653633318e-01   3.9011834999783686e+00   1.9093378473813143e+00
   2.5362130000000000e-02  -7.7013196756348923e-01  -1.6162928075093136e-01   5.2957600116162584e-01  -1.2666080609501834e-01   1.2347858933802294e+00  -2.6922324953328902e-01   1.1026172359924544e+00   5.7476796869743463e-01   3.9324699524789986e+00   1.9172252869733974e+00
   2.4607899999999999e-02   2.9006871408162943e-01   1.2685832806160460e+00   4.0562995735870411e-01  -3.5364062048131001e-01   3.2279961480279437e-02   2.0048201382327158e-01  -9.6047691326192186e-01  -1.0676656634757222e+00   3.9125991380300151e+00   1.9123229660905494e+00
   2.5300719999999999e-02   5.3101996063935419e-01  -5.9508041202993256e-01  -3.0414703003436505e-01   7.8699557353240947e-03  -9.9536954962528207e-02  -1.1415862052277614e+00  -6.1227039744729805e-01  -1.2790389072091517e+00   3.9251451979142868e+00   1.9155649128147871e+00
   2.5840399999999999e-02   9.7462291255875177e-01   1.1361996962048901e+00   8.2562536652187257e-01  -1.6980174781278190e-01   1.2579824400071477e-01   5.6656601943871099e-01   7.4367122693312093e-01   4.1898227614557237e-01   3.9377955162422884e+00   1.9185762481103883e+00
   2.4720130000000000e-02  -8.5178455224025296e-01   6.5172306675055547e-01   1.5936344342488848e-01   1.0338579389446254e+00   8.3384778424471617e-01   9.0202226400484309e-01  -5.6233116078989365e-01   1.4612850982157585e-01   3.9186844957504161e+00   1.9138432580756346e+00
   2.4692909999999998e-02   9.1428594127156648e-01   6.9769002569640814e-01  -1.1708188891740763e+00  -5.5270094548994431e-01  -5.3455805787821276e-01   2.7515135925880063e-02   5.6623827979218655e-01  -6.9122595106716345e-01   3.9147025990838498e+00   1.9127937099332564e+00
   2.4772090000000000e-02   8.1194718689935919e-01   2.8055426006307782e-01  -3.0238699990800655e-01   4.1974774912247763e-02   1.6508650099141307e+00   2.4622303846289642e-01   2.1358859965092059e-01  -6.5050961518278894e-01   3.9122165887730214e+00   1.9122864387226679e+00
   2.5344090000000000e-02   7.5919131200852286e-01  -5.8139479028988794e-01  -3.8902643288245922e-03   3.7783066865325510e-01   1.0190996968014564e-01  -7.7920428278625165e-01   1.5180363879609065e+00  -3.4076706548642177e-01   3.9450318329291592e+00   1.9205975391271752e+00
   2.4675969999999998e-02  -1.3200961358793319e+00  -2.8160429722808056e-01  -6.1048516068240422e-01   3.7887654114951708e-02  -1.9605569117052071e-01   1.0434426339421460e-01  -5.2052082837776270e-01   1.2669912576767053e+00   3.9245447878716901e+00   1.9155073124795756e+00
   2.4865519999999999e-02   3.9442656409648857e-01   3.1353760339890230e-01  -1.0648009909997320e+00   6.6680522431577871e-01   3.4013803325469921e-01   6.5677744594274545e-01   7.8751166000810391e-01   1.0381361883449318e+00   3.9198676049469880e+00   1.9141117497673754e+00
   2.6317589999999998e-02  -5.2672341629231767e-01  -1.2663526709376325e+00  -8.0805861494533748e-01   2.0032696724446175e-01   4.5768876468137681e-01   8.5636557577951233e-01   5.1897541957121940e-01  -4.8995129500741835e-01   3.9528593770575733e+00   1.9226538229179835e+00
   2.5115990000000001e-02  -5.2862713265510353e-01   1.3788664578961050e+00  -2.1181898964090290e-01   6.1214216805171273e-01  -1.1256123421312241e+00   2.8260046933675384e-02   1.5763419727877115e-01   4.1026500601054550e-01   3.9231864351295163e+00   1.9150096224199180e+00
   2.5288910000000001e-02   1.7828437468339065e+00  -7.4411399414192048e-01  -2.9351906862155320e-02  -4.5552504575210193e-02  -2.3130871454591273e-01   4.6963011575240832e-01  -1.0288781573581995e-01   2.2890200594325105e-01   3.9384366948125744e+00   1.9187985045720040e+00
   2.5163149999999999e-02   1.4582376951210219e-01  -4.6437159978295522e-01   2.7710234248375781e-01  -1.5433919021861704e+00   2.9757835619625406e-01   4.4015823891683986e-01   4.3606653632646025e-01  -9.5538171691969109e-01   3.9358419037280221e+00   1.9181352165019425e+00
   2.5333609999999999e-02   2.5833135542293195e-01  -3.4114865085086826e-01   4.9354747731517273e-01  -5.7497670861158556e-01   8.9237902689827264e-01   9.6021600516322336e-01  -5.2116105111788591e-01   1.1416681202822496e+00   3.9262742614804584e+00   1.9158221155507138e+00
   2.4654470000000001e-02   3.7288785349570003e-01   2.7473227502446795e-01  -1.2960289343311321e-01  -1.3673368073272612e+00  -9.6766464269535368e-01  -3.5473024359713799e-02  -8.3082750937111616e-01   6.0317793197284697e-01   3.9155369473311152e+00   1.9131153115825117e+00
   2.5266360000000002e-02   1.1651392990283034e-01  -7.3696877009403228e-01   1.2240472723162741e+00   4.1204729305519705e-01   5.4254256637483622e-01   6.1716675658678322e-01  -3.3906034172259630e-01  -1.0227710534789098e+00   3.9250946870721641e+00   1.9155137878088282e+00
   2.5365309999999999e-02  -1.0209447613297276e+00  -1.5858271686557379e-01   2.2314933324793471e-01  -5.0422850225063864e-01   1.0333153053484239e+00  -6.6522251789436093e-01  -1.0478731348715671e+00  -2.9712585534703267e-01   3.9348366438932629e+00   1.9180060260901046e+00
   2.4437910000000000e-02  -4.6367191539583255e-02  -5.9594036921304994e-01   8.4371433590603839e-01   1.1245257269588553e+00  -4.2482845300821070e-01   8.0614264554746518e-01   6.6752526820599567e-01   6.9688864717682653e-01   3.9115900259657503e+00   1.9120307174492885e+00
   2.5170950000000001e-02  -1.1639567607142172e+00  -1.1501022949445842e-01  -4.6370121672614645e-01  -3.2958726380942421e-01  -9.2449072260922260e-01   2.8787394897535562e-01  -5.8703356145870544e-01  -1.0484867471769130e+00   3.9310523880170534e+00   1.9169183709651447e+00
   2.4529880000000000e-02   2.4835822548882960e-01  -3.5780024279649375e-01  -1.1346314901603889e+00  -1.6068178768519667e-01   3.3179058534374134e-01   6.5258990580988507e-01  -1.4162821547352531e+00  -2.4734520168852972e-01   3.9184679073759607e+00   1.9138698958845233e+00
   2.4849860000000001e-02   2.1874063359609008e-01  -6.7250603437915968e-01  -1.1027049206831350e+00   5.4486779970339827e-01  -1.3261468248210158e+00  -4.5923128463082458e-01  -1.2058243307119336e-01   3.3361060002656656e-01   3.9268792722930748e+00   1.9160639726486655e+00
   2.4252240000000001e-02  -1.2634873130353810e+00  -6.7740207390168494e-01   3.9417763938927458e-01   9.2705151724353285e-01  -4.4398269918801564e-01  -8.1247606971653108e-01   3.0928676896845231e-01  -3.4814440501919969e-01   3.9265252412437426e+00   1.9158677150830878e+00
   0.0000000000000000e+00   0.0000000000000000e+00   0.0000000000000000e+00   0.0000000000000000e+00   0.0000000000000000e+00   0.0000000000000000e+00   0.0000000000000000e+00   0.0000000000000000e+00   0.0000000000000000e+00   3.9243465496276828e+00   1.9153165285672535e+00
