   1.5319400000000001e-03  -4.6246398985112314e-01   1.7206098037614834e+00  -1.4899322669585204e+00   1.2527548834184943e-01   3.3931256418366684e-01
   1.0959699999999999e-03   2.2789885825804022e+00   1.5454976785247052e+00   4.6002352440160604e-01   2.4959679163518284e-01   4.6598080404910425e-01
   1.7586800000000001e-03   2.1257919908988412e+00  -5.3903144450855334e-01  -4.1248537559524051e-01   1.2016166361010830e-01   3.3251960920842066e-01
   7.2287000000000002e-04  -1.6335887947720407e+00   5.3935868129385183e-04   2.5695828089658042e+00   3.2805327443704502e-01   5.2815790056898648e-01
   2.5339999999999998e-03  -1.5616525368909411e+00  -9.6193810936903906e-02  -6.4676596975597844e-01   7.3310727302768108e-02   2.6095479782590869e-01
   1.6073999999999999e-03  -6.1683707256395826e-01   2.2088179883371311e+00   2.4592905549502125e-01   1.2748850139865264e-01   3.4229246946009539e-01
   2.4765600000000000e-03  -3.9007167156189215e-01  -1.1341345686068096e+00   1.2890646541704145e+00   7.8274086247087440e-02   2.6953182240894080e-01
   1.5328000000000000e-03  -1.5167754262774530e-01  -2.3736536556237318e+00  -1.6058955806521794e-01   1.4000595898790177e-01   3.5820700735787475e-01
   3.8611800000000001e-03   6.5533840878357941e-01  -4.3156820287755698e-01   5.3157403585291285e-01   5.0274505747117670e-02   2.1622431072618306e-01
   1.5099200000000001e-03   1.3559993144708018e+00   1.8779452069165925e+00   4.1610142953916296e-01   1.2973635513639287e-01   3.4554848932584364e-01
   3.5920300000000000e-03  -4.0394614911793858e-01   9.0701629276830742e-01  -5.4156758391606341e-01   5.4728112669492845e-02   2.2555806868990746e-01
   4.2408000000000003e-03   7.1352556533140432e-01   3.8155354387889417e-02  -1.7209689001205086e-01   4.7177022336711262e-02   2.0962058253631929e-01
   3.8035500000000002e-03   1.0163309081984125e-02   1.2261606627565366e-01  -1.1100952556322854e+00   5.5979373805683047e-02   2.2811892205795084e-01
   4.2432800000000003e-03   5.6135152686753087e-01   3.4144180193455242e-01   2.1098018490921797e-01   4.6309114118998684e-02   2.0770863374320866e-01
   1.5028600000000000e-03   1.8516434402926645e+00  -3.4165091614667276e-01   1.3363914829814836e+00   1.2188688404569574e-01   3.3485187413157463e-01
   4.2440100000000003e-03   6.5134189285849020e-01  -3.1721349437628321e-01  -5.1095535030108541e-01   5.1185062672597890e-02   2.1839918764523639e-01
   1.4323000000000001e-03   1.1724287496715589e+00   8.9535316674356535e-01  -1.8930593271755065e+00   1.3702064378789108e-01   3.5414861207285425e-01
   3.3667100000000002e-03  -5.5073415791727982e-02  -1.0261187170205026e+00   8.3132728735505879e-01   6.1488217511083708e-02   2.3892297707887591e-01
   2.4877800000000002e-03   6.7103619714423690e-02   1.6367534371241601e+00  -5.6332064296443241e-01   7.5880721293400816e-02   2.6545216303665686e-01
   3.1620699999999999e-03   1.1088777843210327e+00  -8.0360213368051686e-02   7.2841347339003348e-01   5.9324245907132908e-02   2.3464019312443407e-01
   4.5040300000000000e-03   4.1041469064660607e-01  -8.9420271904071570e-03   5.8085312102332343e-01   4.8601658812307297e-02   2.1271831506545533e-01
   1.4347699999999999e-03  -1.7656392158929004e+00   1.5942173909531681e+00   3.3629928244934076e-01   1.3965720531914211e-01   3.5662587845269811e-01
   1.9696700000000002e-03  -1.2320789010944455e-01   6.7084727508398689e-01  -1.9222979976633354e+00   9.7629660055205070e-02   3.0028456063876807e-01
   3.8125799999999999e-03  -7.3872239657197622e-02   7.9947382080008256e-01   4.3854638336809998e-01   4.8425114333089249e-02   2.1246165496172542e-01
   2.7162499999999999e-03  -9.3972386704623934e-01   8.2916212346245810e-01   1.0401541601997619e+00   7.2010273077573433e-02   2.5850814691834406e-01
   2.3815600000000000e-03   1.5251327491238644e+00  -4.5293773676274540e-01  -8.7201601859601752e-01   8.2177016684430643e-02   2.7577998010078547e-01
   6.3891999999999996e-04   6.8567266966444340e-01  -1.7187833863065041e+00   2.4911355302271243e+00   3.4073533601239558e-01   5.3714654866560474e-01
   1.8114699999999999e-03  -9.9999483691442437e-01  -3.8625705103396790e-01   1.8361240882685137e+00   1.0443792493821270e-01   3.1031286377426875e-01
   2.8100000000000000e-03  -1.4349744424514106e+00  -4.9042792523467699e-01   4.6729575362441389e-01   7.0456661304998724e-02   2.5562432676705693e-01
   1.8071400000000000e-03  -7.5201680612532673e-01   3.4394282525914666e-01  -1.9964314921847177e+00   1.1224026747245219e-01   3.2059262689614421e-01
   8.1114000000000002e-04   1.4630362014485363e+00   7.7301927214670207e-01   2.4835569971694014e+00   3.1489942598674775e-01   5.1731753831771954e-01
   3.8806999999999999e-03   5.3291017929671669e-02   6.7056266585449276e-01   9.5458819092859826e-01   5.8562619599600699e-02   2.3358321946441798e-01
   2.1309100000000002e-03  -1.8041624562198162e+00   8.5663931304491314e-01   4.7786343068412708e-02   9.8221199081082330e-02   3.0067422578864433e-01
   1.7715400000000001e-03  -9.5992395565898136e-01  -1.1263856801481902e+00   1.6699352156100455e+00   1.2056634864940383e-01   3.3299222530358075e-01
   1.5182399999999999e-03   1.0534971488836185e+00   2.1086012610440159e+00  -3.2639678736374644e-01   1.3708080056866362e-01   3.5459830462228981e-01
   1.7601900000000000e-03  -1.9583898475988644e+00  -6.3390133569078799e-01  -8.0292494202509390e-01   1.1655095837072496e-01   3.2720062584467396e-01
   3.0777500000000002e-03   4.6804257114382214e-01   8.9645454352036058e-01  -1.1277137699085644e+00   6.9602491356843571e-02   2.5413261356776201e-01
   9.4574000000000004e-04   2.8094148799630476e+00  -1.5864829283438026e-01   1.6812993364466924e-01   2.3996350085804627e-01   4.5595266297468101e-01
   1.6230200000000000e-03  -1.4414064254540604e+00   1.3006082921558557e+00   1.1561539434864301e+00   1.1868105901017879e-01   3.3037322796405222e-01
   3.4589800000000000e-03  -3.6160630476637673e-01  -7.5377814751539166e-02   1.2352350963784029e+00   6.1125663196616685e-02   2.3820705207654350e-01
   3.8136300000000001e-03  -7.8334280234558951e-01  -1.1887044447861789e-01   9.2307203302269034e-02   4.6079560349092837e-02   2.0689575711720554e-01
   6.1278000000000005e-04  -2.4569446485226250e+00   4.0318711869925938e-01  -1.8931595805106736e+00   3.4082637539594030e-01   5.3917446989625328e-01
   3.6709400000000001e-03   2.4428799648734176e-01  -9.9717935082669429e-01   4.5150137553368086e-01   5.5009075797086124e-02   2.2618346863511252e-01
   1.6137300000000001e-03   1.3274179816281657e+00  -1.6880105611355023e+00   6.9700942152226975e-01   1.1916189533004043e-01   3.3047438263180962e-01
   8.6664999999999995e-04   3.9607177087954537e-01  -2.3466185861329216e+00   1.6515505923999865e+00   2.7252272711360270e-01   4.8302272980063116e-01
   3.7941400000000001e-03  -1.1156281754372035e+00  -1.6278426588991626e-01  -2.9156157333886429e-01   5.7934459681251098e-02   2.3214128312837995e-01
   2.1146200000000002e-03  -3.6743852605363059e-02  -1.7088299680461523e+00   1.1668851180791473e+00   1.0653238630530089e-01   3.1357445395954936e-01
   4.4050900000000004e-03   1.1748139526210034e-01   1.5446250003233084e-01   2.3098999618579893e-01   4.2207048056609645e-02   1.9814274322671030e-01
   7.5159000000000001e-04  -1.9719244608066386e+00  -2.2197592079006805e+00  -2.9832002296333965e-01   3.0411622238206026e-01   5.0576616931883123e-01
   2.8905200000000002e-03   1.9348113476744683e-01   4.5541795327987383e-01  -1.4833312789992859e+00   7.0050517730759848e-02   2.5495166205748754e-01
   4.1212899999999997e-03   8.2281192251964008e-01   8.2097376896715168e-01   3.2537851729958961e-01   6.2774273596574073e-02   2.4179442732833137e-01
   7.2223999999999997e-04   1.9788381408077911e+00  -1.1062872265691943e+00   2.0152274147630851e+00   3.2924175672398637e-01   5.2750393459846923e-01
   6.5136999999999997e-04  -1.6358448658626039e+00  -1.3899323803766361e+00  -2.2023860660103853e+00   3.2791818881132057e-01   5.2661551973063458e-01
   2.5390700000000000e-03   1.5819990307907195e+00   2.2576345371603374e-01  -7.6326995853990465e-01   8.0495714614575109e-02   2.7322209637993367e-01
   1.3649100000000000e-03  -2.3177657716824660e+00  -5.6632120621046078e-01  -1.4206174684299031e-01   1.3109187811821768e-01   3.4622642358869055e-01
   7.1955000000000001e-04  -1.5660889391309085e+00  -2.2009441824742343e-01  -2.5754553022931410e+00   3.0313209573578820e-01   5.0961208761749799e-01
   2.7789799999999999e-03   1.5886551320038516e+00  -6.9274553993529953e-01   4.8517244954107988e-02   8.2699144604980263e-02   2.7696112491722680e-01
   7.4763000000000000e-04   2.1552701805211218e+00   1.2963046998018584e+00   1.6387159683126453e+00   2.9818770616833934e-01   5.0579791122197049e-01
   3.0209899999999999e-03   7.3893162532478363e-01  -1.4149921436628403e+00   3.8431383975223099e-01   7.8006624539541491e-02   2.6931652360245029e-01
   2.2545000000000000e-03  -1.0060939545290479e+00   5.8378367742079673e-01  -1.4677139204423244e+00   8.6087434446198985e-02   2.8184276374513628e-01
   3.4388299999999999e-03   1.1275116080127168e+00   3.4197324786112060e-01  -3.9838719738299810e-01   5.7619784210126493e-02   2.3160086733799465e-01
   6.1501999999999998e-04   2.3542436583728144e+00  -7.0352089066612966e-01  -1.8744397745203605e+00   3.2440323417691785e-01   5.2531943914929224e-01
   7.2066000000000003e-04   2.4193726659382122e+00   1.6623973215613486e+00  -7.1479965105433574e-01   3.0879764145268035e-01   5.1227803789478243e-01
   1.5790000000000001e-03   1.4422934157557941e+00   1.4581675532815856e+00   1.0643093089299751e+00   1.2629665573658397e-01   3.4065397472140235e-01
   2.5475799999999998e-03  -1.2160869924827058e+00  -5.8678397946647332e-01   1.1665610587538702e+00   8.3028809506576956e-02   2.7731598860424644e-01
   2.5211600000000002e-03   1.4312491052846255e+00   8.2608332552105301e-01  -6.3311569686131175e-01   8.1025828597846863e-02   2.7398317297943897e-01
   8.0132000000000001e-04   2.8216483849583240e+00   7.9753806837541408e-01  -2.2809990536010899e-01   2.8226425581717890e-01   4.9057041092729775e-01
   1.5552200000000000e-03  -2.0101720875183640e+00   9.3189337603918246e-02  -1.1603936153174663e+00   1.2625916113615515e-01   3.4110593892371222e-01
   2.7455299999999999e-03   7.5512998528172859e-01  -5.2130116965225082e-01  -1.4676917157624174e+00   8.1105187629206099e-02   2.7433978184782248e-01
   2.9840299999999999e-03  -9.7544052928198743e-01  -6.0191934264602165e-01   6.6685390617454499e-01   5.7025270656525344e-02   2.3006337685774883e-01
   1.5518100000000000e-03   2.1569212464895329e+00  -7.1479706718164415e-01   4.5404435244461727e-01   1.2633658404981166e-01   3.4064379083198160e-01
   7.1958999999999999e-04   2.2572388808364119e-01   1.4058207080036338e+00   2.6943029707463459e+00   3.2979997373880154e-01   5.2946427106084570e-01
   2.8169499999999999e-03  -1.3309926763010842e+00  -6.3841329206462838e-01  -6.3907257288652719e-01   7.2515858736260888e-02   2.5926803607716736e-01
   4.0970900000000003e-03   1.7429984666368067e-02   1.2143878151075103e-01   8.3040012021251719e-01   4.9054609468311715e-02   2.1371007382665783e-01
   2.7073900000000001e-03   8.8203548516625718e-01   1.3094720481161977e+00   6.3079139348939595e-01   7.7682765661921949e-02   2.6841690705541038e-01
   3.0109799999999999e-03  -8.4043520905716329e-01  -1.2997374017555777e-01  -1.4490027341755860e+00   8.1066922561493032e-02   2.7450016326549692e-01
   3.7192599999999998e-03  -2.4987522646112781e-01  -3.3975063337249906e-01   8.3500175697619294e-01   4.8711209633104699e-02   2.1291209090974178e-01
   1.5057300000000000e-03  -1.2908918175572362e-01   2.1593158449382828e+00  -9.2107067120369313e-01   1.3036886803602063e-01   3.4598547137790703e-01
   3.6464599999999998e-03  -4.5990464710721018e-01  -4.9787070233000476e-02  -1.0663035589910970e+00   5.6271509871723149e-02   2.2884426045948861e-01
   9.5131999999999997e-04  -7.3912440416473324e-01   2.6798513027347362e+00  -4.1505095942873493e-01   2.4072971522376654e-01   4.5686279615271624e-01
   2.4783000000000001e-03   9.6651281532761235e-01  -1.1817310342120244e+00   1.0791517531141648e+00   9.0702214431143527e-02   2.8972329263251273e-01
   1.9886000000000001e-03   5.0071360760451633e-01   9.8005938112895341e-01  -1.7070883333638289e+00   9.8240908768579160e-02   3.0062493571366966e-01
   1.5196700000000001e-03  -6.8533027445148897e-01  -2.7858753223139815e-01  -2.1594079651999247e+00   1.1925576831034009e-01   3.3088302289841159e-01
   2.8382099999999999e-03   5.5285127037295145e-01   1.2728873353378090e+00  -7.6528576469898257e-01   7.0952901450597919e-02   2.5647179919927271e-01
   2.2137099999999998e-03   7.5058125996991087e-01   1.2599288477749702e+00   1.2260871660279966e+00   8.9106640815634519e-02   2.8677210502591571e-01
   2.0326099999999998e-03   6.1824834991666433e-01   1.9012373127463988e+00   3.0506342233696532e-01   9.6308007681031413e-02   2.9856658363964028e-01
   3.7578199999999998e-03  -2.1816663293056618e-01   8.7974645471073198e-01  -6.7575090773048629e-02   4.8229836844534267e-02   2.1189593919779023e-01
   2.3503500000000002e-03   1.4662810325528544e+00  -9.3122632901438307e-01  -5.1815768616268043e-01   8.1454854063659599e-02   2.7470517361901226e-01
   2.6451999999999999e-03   1.3011354692049082e+00  -1.0304524739694985e+00   5.1808007019325042e-01   7.9804991400156608e-02   2.7218597507650849e-01
   3.4515800000000001e-03   7.5574081288003647e-01  -8.8884822518670970e-01   4.9126941703331733e-01   5.9323096330102694e-02   2.3479503168963184e-01
   8.3215999999999997e-04  -2.2463883103940199e+00  -1.5215900229369093e+00  -1.1398163659722460e+00   2.9281662295073502e-01   5.0006859552163774e-01
   2.6348100000000000e-03  -9.6978131089560804e-01   2.0594648266398018e-02   1.3809621331714355e+00   7.5722149643470710e-02   2.6507128461911222e-01
   2.1660999999999998e-03  -1.4239922654407198e+00  -3.9165022919506282e-01  -1.2251898723147019e+00   8.7516548030532326e-02   2.8473993903703126e-01
   1.7036200000000001e-03  -1.4413546464560807e+00   1.2051758457865541e-01  -1.7639001487739447e+00   1.2687447742825803e-01   3.4145145529809900e-01
   2.5911500000000000e-03   1.5896605520077647e+00  -4.5305524281306947e-01   7.1393108847916531e-01   8.5280770604180156e-02   2.8115719024408320e-01
   2.7936599999999999e-03   1.6099672588111000e+00   3.7771952435859768e-01  -1.3949694680832575e-01   7.5348044796436295e-02   2.6458150546238907e-01
   2.0939200000000000e-03  -8.4869457499514167e-01  -1.4400379470673612e+00  -1.0288725557395570e+00   9.1197675185244576e-02   2.9041575755556398e-01
   7.0584000000000000e-04   3.6182757181220704e-01   2.6180274155630614e+00   1.5115829902958795e+00   3.2824186024381136e-01   5.2794892643433222e-01
   6.7785000000000002e-04  -1.6119486550928712e+00  -2.1629668380930687e+00   1.3843176614494292e+00   2.9741683223472498e-01   5.0353270577652876e-01
   6.4030999999999995e-04  -2.2548689195625817e+00   1.7861084589267067e+00   1.1052316700601286e+00   3.2142792208510812e-01   5.2371289465288640e-01
   1.1326200000000000e-03  -1.9110169708337881e+00  -1.7469591871712171e+00   4.6772855170811145e-01   1.8317758101735904e-01   4.0372542576449127e-01
   2.9965999999999999e-03   1.0468178672667718e+00  -6.0947281081662119e-01   9.0294523764722667e-01   6.7485159093424354e-02   2.5049613685705824e-01
   3.9128200000000000e-03  -5.5473970730130384e-01  -4.1240832872476491e-01  -6.9404245456755276e-01   5.2066096740190235e-02   2.1993421606549202e-01
   6.7591000000000005e-04   9.6303354709543088e-01   1.7081111613039330e+00  -2.3500067042668431e+00   3.2842662594378930e-01   5.2749723096536150e-01
   1.8173600000000001e-03   6.6407440435584664e-01  -1.8523787203287265e+00   9.0383965605093053e-01   1.1121674352552445e-01   3.1990857517436361e-01
   6.8252000000000005e-04  -2.5027441665895136e+00  -2.5249176133345108e-01   1.7272776487987842e+00   3.1849298377071500e-01   5.2020817785026419e-01
   4.0220500000000001e-03   2.5904204147882398e-01  -1.3047829497692828e-01  -7.6879036719422222e-01   4.7871853724254766e-02   2.1107194940807578e-01
   2.6360899999999998e-03  -7.0228060649350565e-01   1.5282054274587877e+00   1.1591284182788143e-01   7.5730878475084501e-02   2.6496823219303134e-01
   1.0849500000000001e-03  -2.4991257077320368e+00   7.0688252734405443e-01  -7.2716752570027932e-01   2.0463507705291628e-01   4.2533418151167668e-01
   1.6502699999999999e-03  -1.6176371108585499e+00  -6.9073138535859025e-03   1.5529943206546351e+00   1.1796459413052841e-01   3.2900025666822730e-01
   4.5979200000000001e-03  -9.4541264600502911e-02   1.1342399271446213e-01  -1.9680285393049393e-01   4.2436749223021798e-02   1.9882948953883522e-01
   6.3208999999999997e-04   2.8156210486724436e+00  -1.2861250684400403e+00   4.1429151252220540e-02   3.2234219963339883e-01   5.2603428190551715e-01
   1.8904799999999999e-03   7.4513460336889670e-01  -1.1121960950179757e+00  -1.7896560402874964e+00   1.2646155082091320e-01   3.4123482748724054e-01
   2.5840300000000002e-03  -6.6331344978686635e-01   5.2822209830780065e-01   1.5178225073874898e+00   7.9818805702456655e-02   2.7172294436229977e-01
   8.8677999999999999e-04   3.3801509666395863e-01   2.2933346756451067e+00  -1.6835957309570220e+00   2.4880234723616829e-01   4.6462437111853205e-01
   2.4513000000000000e-03   5.4323577852429139e-01   1.6392415482318354e+00  -2.5585774535445982e-01   7.6365623023892187e-02   2.6628441273684339e-01
   3.2165200000000001e-03   6.3776365297791926e-01   7.7904136032608751e-01   8.8541150478345765e-01   6.0607999218553192e-02   2.3722595517352313e-01
   2.0557900000000000e-03   9.7953662342597406e-02  -5.7387937955332846e-01  -2.0203523693167398e+00   1.1200373699578571e-01   3.2052474735454961e-01
   6.5293999999999997e-04   2.2294604842528751e+00  -1.9010081739982494e+00   9.4014471354337581e-01   3.3150419933493058e-01   5.3072067873300999e-01
   1.6837700000000000e-03   5.7943373523219865e-01  -1.4714560649555244e+00   1.5544448683904404e+00   1.1363887014327945e-01   3.2364580150429600e-01
   1.5272199999999999e-03   1.4823331636878934e+00  -1.6300180740234291e+00  -8.0103779926682106e-01   1.3121318731770418e-01   3.4681350100933772e-01
   1.8641400000000000e-03   8.5003867437170899e-01  -1.9370303968483560e+00  -4.8419075220370827e-01   1.1416722897471741e-01   3.2403625747646259e-01
   3.1916599999999998e-03  -4.1252167210830171e-01   4.3787304508554009e-01  -1.3856511190700977e+00   7.0569294765880725e-02   2.5611887310177156e-01
   4.2003700000000001e-03  -1.8389438372660430e-01   3.7114341805530326e-01   5.2090199094035305e-01   4.5697731266285534e-02   2.0618585382636612e-01
   4.0661800000000000e-03   3.1497164389694793e-01  -5.1159277291573269e-01  -1.6684478060648156e-01   4.4259140673607388e-02   2.0289396024645101e-01
   1.7530300000000000e-03   1.3038142745681636e+00  -7.4048468933132572e-01   1.4408413501962074e+00   9.7463353307912601e-02   2.9931298547531948e-01
   6.4048999999999996e-04  -2.3715530179261068e+00   1.4795039118343702e+00  -1.2886541915604637e+00   3.2133409689744208e-01   5.2219088770800082e-01
   3.5042699999999999e-03  -7.1547020048427223e-01  -9.9202907550147590e-01  -1.5144643111887970e-01   5.8029492925370907e-02   2.3221647775781779e-01
   3.9068000000000002e-03   1.7851622499414499e-01  -4.9364759531429098e-01   7.0984663496252898e-01   4.9446979436933602e-02   2.1420071592451809e-01
   1.6846999999999999e-03  -1.4825609162882425e+00   1.3927441521908643e+00  -8.5886425400608279e-01   1.1373979328112704e-01   3.2315681157336701e-01
   1.4558300000000000e-03  -1.8766630475777206e+00   1.3362368846632040e+00  -3.8053176939967986e-01   1.2715243010474184e-01   3.4123279319393857e-01
   1.0057000000000000e-03  -2.6438405742392921e+00  -4.0133360571115206e-01   6.4820304073537449e-01   2.1877800241304254e-01   4.3678637951724902e-01
   2.1064800000000000e-03   2.1309083689027641e-01  -1.4462898670819562e+00  -1.3081274609370395e+00   9.0975587650622525e-02   2.9008197993950358e-01
   1.3804399999999999e-03   1.9549369714861555e+00  -9.7100437704346609e-01  -1.0773396837702813e+00   1.4105533053946251e-01   3.5940879028970169e-01
   2.2846400000000001e-03   1.5188883122223651e+00   1.1377346053041313e+00   3.8073835826023317e-01   9.3372096567611126e-02   2.9388342589091654e-01
   3.7116400000000000e-03   6.4604567105625277e-01  -7.9143290013611617e-02  -1.0785195656149995e+00   6.1731112939971869e-02   2.3962003110828564e-01
   5.9896999999999999e-04  -3.0986356711892205e+00   1.1186185124046107e-01  -1.2598891275798477e-01   3.4214893374848393e-01   5.3520549459567657e-01
   2.3729200000000002e-03  -1.4221481762643577e+00   5.5166130003326930e-01   1.2292858435661718e+00   9.8502445460330545e-02   3.0200294474587908e-01
   5.5973999999999998e-04   2.3900071990822589e+00  -1.8009262261608483e+00  -1.0166333525485107e+00   3.5401635434435719e-01   5.4925807976567043e-01
   2.8232499999999998e-03   6.7037759175330136e-01  -6.1980203055092375e-01   1.4256613812508134e+00   7.9407284377060239e-02   2.7138242376688843e-01
   2.5924899999999998e-03  -3.2148074919016861e-01  -1.7081286994708758e+00   9.8489233278161337e-02   7.9468613030924229e-02   2.7137804913301822e-01
   4.1007700000000001e-03  -2.4590639258071267e-02   6.4773440782189118e-01  -3.9932359193349487e-01   4.7566860464815966e-02   2.1024201324287758e-01
   2.7376100000000001e-03  -1.6376723745153723e+00   2.4802515413058274e-01  -1.4218770818753446e-01   7.5449796723617749e-02   2.6441963850629180e-01
   6.9771000000000004e-04   4.9200490696835203e-01   2.9287128068854726e+00  -7.3204008211300020e-01   3.3323730109889577e-01   5.3261023154166298e-01
   4.2405400000000001e-03   6.2739295934426542e-01   2.1829886642531104e-01  -5.8371742607066301e-01   5.1024247202941971e-02   2.1812803697559979e-01
   2.4197600000000000e-03   1.0511566642347738e+00   1.3462499778075296e+00  -5.5912842512818806e-01   8.1908452540563739e-02   2.7528140677674851e-01
   4.4841100000000004e-03   2.6534931303373027e-01  -8.8599900111624358e-02  -3.2188388624784431e-01   4.3768847828945544e-02   2.0185421786086080e-01
   1.3532300000000000e-03   2.3683627133888627e-01  -2.3653332224927976e+00   6.4944287065769957e-01   1.4767966133400781e-01   3.6719485776114447e-01
   6.0095999999999999e-04  -1.9585907744267644e-01   3.0959215442845220e+00   3.8874838340960644e-01   3.4760492861872172e-01   5.4159106231852150e-01
   1.6871500000000001e-03  -1.0061463149975260e+00   1.0756587107806188e+00   1.7085034795607283e+00   1.2238476520318611e-01   3.3494461629203026e-01
   3.2361800000000000e-03  -7.5757804467162748e-01  -2.6819216600718726e-01   9.4322198549722969e-01   5.5462446801498894e-02   2.2707289001994871e-01
   2.7498000000000002e-03  -1.4888738834040424e-01   1.0267962477680164e+00  -1.3672019533379449e+00   8.0105037156409958e-02   2.7269339420593203e-01
   2.5608599999999999e-03   1.1842336986886346e+00  -1.4767616042282719e-01   1.3350728043344802e+00   8.3660256335701760e-02   2.7842023776108565e-01
   1.8610700000000000e-03   7.4929676963884573e-01  -2.6746463101430379e-01   1.9737934241737267e+00   1.0684182798638518e-01   3.1371050930371536e-01
   3.5738100000000002e-03  -1.8791463102280612e-02   6.3662750492535281e-01  -9.7206854174144530e-01   5.5695836329118967e-02   2.2763624530262752e-01
   1.2347100000000000e-03   1.4819098071256505e+00  -1.8938390245070180e-01   2.0751214532049591e+00   1.6710317313038917e-01   3.8804326399395911e-01
   7.4967999999999996e-04  -2.4481146779693672e+00  -1.2783615940055744e+00   1.1256004390343080e+00   2.9840311864523089e-01   5.0242407502082032e-01
   8.3745000000000000e-04   1.9796252642745107e+00   2.9758468399972460e-01  -2.0540372013145078e+00   2.5078032258181765e-01   4.6428324476098082e-01
   2.0753799999999999e-03   1.2226077668038347e+00  -1.0365739028808951e+00  -1.2129018746345970e+00   9.6917092373507388e-02   2.9928244920440772e-01
   4.1813500000000003e-03  -8.5295060710377846e-01   3.0657803945404172e-01  -1.0453834195310813e-01   5.2144463353206924e-02   2.2022591118983592e-01
   3.8952300000000000e-03   8.3192077931870900e-01  -5.1966866233039047e-02   3.1299115958028589e-01   4.8534949835911695e-02   2.1262224872612631e-01
   1.6822300000000001e-03   1.8115189711008009e-01   2.3056007590726311e+00  -1.9740264765050983e-01   1.3260228643203723e-01   3.4937472546496140e-01
   4.5348100000000002e-03   3.2292421527073722e-01   7.8664602024852115e-01   7.9520204575706716e-02   5.2458376076771653e-02   2.2110319755851010e-01
   2.5764099999999999e-03  -7.0901781812195297e-01  -1.5215498890885357e+00  -3.8261699310442143e-01   7.7216747636346714e-02   2.6768981677086667e-01
   3.2652400000000000e-03  -8.3128892493032203e-01   2.7646411597750087e-01   9.6005215708755409e-01   5.9383081002302281e-02   2.3472731090995644e-01
   3.5702300000000002e-03   4.6007123751101536e-01   3.9138952313654990e-01  -1.0009316795434569e+00   5.5856185778222080e-02   2.2791494013934993e-01
   2.9166999999999999e-03  -1.3899034493909004e+00  -6.5914082280098818e-02   8.9248642127027433e-01   7.7268534703653607e-02   2.6784163473389483e-01
   2.1785900000000002e-03  -3.4854666494146924e-01  -7.1735901746688646e-01   1.8876092743322579e+00   1.0529235962809307e-01   3.1194966122566653e-01
   3.6114099999999998e-03   2.3769549215754948e-01  -2.4142179343356601e-01   1.1034139899261293e+00   5.5969585676167354e-02   2.2805661287641407e-01
   9.4216999999999999e-04   1.5064476334329766e+00  -1.6312829330479484e+00  -1.8565512177323871e+00   2.7857280484709795e-01   4.9045119313033181e-01
   2.7637000000000000e-03   4.3952538890484161e-01  -3.3168880324698335e-02  -1.6279877815981783e+00   7.8790761052616828e-02   2.7016322632382644e-01
   1.6232000000000000e-03  -1.1114546024197471e+00   4.1993711041796900e-01   1.9543173019571616e+00   1.2368238685215094e-01   3.3732901236461915e-01
   7.0467999999999995e-04   2.7019708334089443e+00  -7.1980438385952106e-01   1.1470268930132517e+00   3.0813748806453423e-01   5.1261199629120036e-01
   4.4672599999999998e-03  -5.3648213771463316e-01  -3.4612927952255973e-01   4.0972623582330819e-01   4.9529295789966316e-02   2.1478963454043717e-01
   3.0414499999999998e-03  -9.2080624389423105e-01  -7.4375992135425784e-01  -1.1321192390917691e+00   7.8321692666433726e-02   2.6964747954550483e-01
   3.7017500000000002e-03  -2.7708013407286519e-01  -1.1302318775007605e+00   2.8328092229670243e-01   5.8507764131555562e-02   2.3329436885223287e-01
   1.7061100000000000e-03   1.4470904949515238e+00  -5.9266423767274590e-01  -1.6432535819978158e+00   1.2571768792681287e-01   3.3969328916287134e-01
   1.5451600000000001e-03   7.3838331102100252e-01  -3.9078452387541479e-01  -2.1358563921143352e+00   1.2141267999070618e-01   3.3388198757325155e-01
   2.0020300000000001e-03  -1.3731723687799069e+00  -1.5065263612296389e+00  -6.2991244214281247e-03   9.8145272487926150e-02   3.0108984815871564e-01
   6.7329000000000000e-04   1.2384797002996941e+00   4.3217850322946888e-01  -2.7380224425682376e+00   3.1509301755605867e-01   5.1491666006419257e-01
   2.7814099999999998e-03  -2.0909169175965950e-01  -1.4459662141289562e+00  -7.9154446122863265e-01   7.5557618834058246e-02   2.6477542173428492e-01
   2.2026599999999999e-03   1.9244657588855368e-01   1.5171254744479403e+00  -1.2146602197097347e+00   9.2374837122084483e-02   2.9249931442842281e-01
   7.2711000000000000e-04   1.4259804969520942e+00  -7.1448461358657811e-01  -2.5238916120791703e+00   2.9136559601230100e-01   4.9848746786915749e-01
   2.7997199999999999e-03   5.9974504155476727e-01  -1.0206957922450750e+00  -1.0620390629856336e+00   7.0482853774900739e-02   2.5581212944065268e-01
   3.8023499999999999e-03   6.3757697986627337e-01  -8.3762385113889992e-01  -4.7988132526227967e-01   5.7816916170586360e-02   2.3187653199718880e-01
   1.5514700000000001e-03  -1.3506857930382636e+00  -1.7581009540017853e+00  -6.6815266520464334e-01   1.2529431252910145e-01   3.3949654339698604e-01
   6.7100000000000005e-04   2.6877749478055151e+00   5.3597699145030198e-01  -1.3230220056019428e+00   3.1284168779636978e-01   5.1517702946718935e-01
   3.7084000000000002e-03   2.1062087740292768e-01  -6.0429500565458893e-01  -5.5709684029258988e-01   4.6479926990629021e-02   2.0783283470923963e-01
   3.1542699999999998e-03   1.7513646755887111e-01  -1.3390966346533089e+00   7.6464609648736651e-02   5.9635344412441817e-02   2.3564800170937206e-01
   2.0782700000000001e-03   1.9643190497897753e+00  -1.0957151370380563e-01   1.6935967341291863e-01   9.2838927828368473e-02   2.9302779516395511e-01
   3.2439200000000000e-03   1.1222760934536506e-01  -3.2932378700559922e-01  -1.3218827106820676e+00   6.3241926534069348e-02   2.4198215783858706e-01
   1.6885600000000000e-03   1.6284864083428672e+00   1.5248781745933833e+00  -2.2959241912010647e-01   1.1911628115756208e-01   3.3089344842106078e-01
   3.7600099999999998e-03  -7.5636843792592467e-01   8.9657295026725892e-01  -1.1539118163402599e-01   5.7992810389982503e-02   2.3232054892694523e-01
   3.1706999999999998e-03  -9.9840824823195395e-02  -6.2296732887700490e-01   1.2111406824600328e+00   6.1667480702845508e-02   2.3920091057358028e-01
   3.0724300000000001e-03   1.4429499212242809e+00  -3.7097849945609456e-03   3.1005756274001772e-01   6.7253492071743859e-02   2.4963519365700415e-01
   1.7501400000000001e-03  -4.5978439642015595e-01  -2.0938721306351233e+00   6.0561942182989625e-01   1.1897942186078973e-01   3.3091460237715992e-01
   1.7543999999999999e-03  -5.4424992476562206e-01  -2.0332159571025099e+00  -7.0506848744180661e-01   1.1802432660976306e-01   3.2941197210323064e-01
   7.6897000000000001e-04  -2.6536126346461772e+00   1.4223917329260642e+00   8.2664236610623578e-03   3.1730768768760059e-01   5.2054144280001990e-01
   7.7726000000000000e-04  -4.9457765146468452e-01  -2.5554808508190057e+00   1.3051198067419696e+00   2.5916961543437533e-01   4.7100692465427646e-01
   2.6410100000000001e-03  -4.2345482787573652e-01   1.4267837988022414e+00  -8.7972892444241468e-01   7.8520136096920670e-02   2.7008851869291767e-01
   8.7659999999999995e-04   8.5888074735983044e-01   2.7324870155271843e+00   3.7578508278877409e-01   2.5886755970907699e-01   4.7436623372340769e-01
   7.3585000000000002e-04  -1.4331922674217625e+00   1.9628781541610887e+00   1.7752664304616530e+00   3.0798940908729022e-01   5.1180496498350803e-01
   4.2296699999999996e-03  -1.8447808009136404e-01  -6.6024046411815840e-01   4.1438387205354221e-01   4.8633802488256904e-02   2.1294553652870535e-01
   3.2600600000000000e-03  -2.2686894434895508e-02   1.2578620674662553e+00   2.4952474099298300e-01   5.8305748619450502e-02   2.3257486958797410e-01
   2.6056700000000000e-03   4.2400185368716170e-01  -1.2772994707112020e+00   9.0031663923413430e-01   6.9238923569319141e-02   2.5350060239279493e-01
   2.3880600000000000e-03  -1.3874759271261634e+00   9.9035860498850325e-01   5.9083352825696456e-01   8.0919178734387601e-02   2.7398644105984099e-01
   1.5596300000000000e-03   9.5606990225574173e-02   2.2347212321540439e+00   6.6181005984493635e-01   1.2839561837689270e-01   3.4380519594656828e-01
   3.2118400000000001e-03  -8.2788517541429352e-01   3.1599740726311848e-01  -9.8984238185711459e-01   5.9120070584050465e-02   2.3460060433974164e-01
   1.5617500000000000e-03  -6.8525362140511401e-02  -1.2893219597884282e+00  -1.9302962107693395e+00   1.2676141474294969e-01   3.4149130828708307e-01
   2.5850399999999998e-03  -9.0248512090506539e-01  -1.0925703402696183e+00   9.5629652197129411e-01   7.6653669375354949e-02   2.6646048527496119e-01
   3.7201999999999999e-03  -1.0413362763190630e-01  -4.2389362613541065e-01  -8.6035261367963611e-01   4.9820574788990914e-02   2.1514324462571832e-01
   3.4030699999999998e-03  -3.5528717508142532e-01   4.1642724536330783e-01   1.0729188912754162e+00   5.6036509208522420e-02   2.2813260018188036e-01
   6.6624999999999996e-04   2.8496953851264135e+00   6.8225031481923493e-01   9.3580216207650380e-01   3.2854476673861732e-01   5.2810413066207063e-01
   1.8873399999999999e-03  -1.4790941367099792e+00  -1.1377355534850715e+00  -1.1990340025414736e+00   1.2200479393989833e-01   3.3534139670179247e-01
   1.8855800000000000e-03  -1.8187772297243454e+00  -1.1808219832179689e+00  -3.8703453310621544e-01   1.2072951871146573e-01   3.3306493796810238e-01
   2.7376800000000001e-03  -4.3006280616033737e-01   1.0137637688516763e+00   1.2090088961885195e+00   7.3194029111320780e-02   2.6055067325804582e-01
   4.1361799999999997e-03   1.2146072943350245e-01   2.9426213052224320e-01  -6.1866968506476583e-01   4.5585516558635839e-02   2.0613036694575643e-01
   2.6593300000000001e-03  -3.9547590704570357e-01   3.1841025520404645e-02   1.7594101879422237e+00   8.7712679701791627e-02   2.8509665308774451e-01
   1.8585299999999999e-03  -1.8619432610029947e+00  -5.7602830048105114e-01   9.5785859152489805e-01   1.1318915304139897e-01   3.2307522115969939e-01
   4.0587000000000002e-03  -4.9138376667782718e-01   5.6947764298108705e-01   1.7590843882868504e-01   4.6751560245399927e-02   2.0873858671650616e-01
   2.9171100000000001e-03  -2.4098189743654017e-01  -4.4866867220553087e-02  -1.6443453314512215e+00   7.8005507101023192e-02   2.6927418349123117e-01
   2.0647999999999999e-03  -5.0266677737037879e-01   1.8808044704705762e+00  -3.6913587615909649e-01   9.2204622351523310e-02   2.9214162643483377e-01
   3.4857999999999998e-03  -9.8964694094014594e-01  -2.1848529622923563e-01  -8.5551940560181816e-01   6.2553735342404243e-02   2.4119503995153885e-01
   1.7206999999999999e-03   6.4589123904883017e-01   1.9514524192609040e+00  -8.6273513224806420e-01   1.1797902676717704e-01   3.2961829702520035e-01
   3.4061400000000002e-03  -9.7789596211350838e-01  -1.0340545979749596e-01   5.4564588627758670e-01   5.2459178648564302e-02   2.2089728395561459e-01
   4.0686899999999998e-03  -4.7403355716640627e-01   6.6287754503753432e-02   6.7776587409845535e-01   4.8472390064630340e-02   2.1251125013574246e-01
   1.6008600000000000e-03   7.8113669398457597e-01   1.9408381984665823e+00   1.0403985875188209e+00   1.3315582965597314e-01   3.4958727099479320e-01
   2.2280199999999998e-03  -1.9188658967612040e+00  -1.6478274900221895e-01   3.4601640656357424e-01   9.3944506868972807e-02   2.9497106688163266e-01
   6.3279999999999999e-04  -7.2356549695488370e-01  -1.9916800398365351e+00   2.2422643269104494e+00   3.2651717397220875e-01   5.2708112858152001e-01
   7.3718000000000004e-04   4.9948765963922398e-01  -1.3184456565347631e+00  -2.6631596356467053e+00   3.0836106181856887e-01   5.1213848730384570e-01
   3.3273600000000001e-03   8.5399925951687339e-01   7.5985327705498196e-01  -6.5506336309956437e-01   6.0503428187300597e-02   2.3717369209686126e-01
   7.5595000000000002e-04  -1.8845826880691352e+00   2.2810022359268691e+00  -6.3245322689355432e-01   3.2203177208374251e-01   5.2468084230398671e-01
   2.4599600000000002e-03  -3.7157167901296984e-01  -1.1173418722274542e+00  -1.2885461975149564e+00   7.6543051049974095e-02   2.6662178369772710e-01
   2.4395400000000000e-03   6.4077493942903685e-02  -1.7157150462914721e+00  -3.6903931364793263e-01   7.8461393270212718e-02   2.6940995671864926e-01
   1.3580700000000001e-03   1.9848563989418806e+00  -1.2693529310448832e+00  -3.0964279096267516e-01   1.2928585587255517e-01   3.4367772331886237e-01
   5.7233000000000002e-04  -5.0808540620354425e-01  -2.1023179609333948e+00  -2.3015515630920116e+00   3.5193371739373031e-01   5.4681169141791686e-01
   2.2789700000000000e-03   1.3009804958191684e+00  -1.4802169080082987e+00  -5.8685405013038677e-02   9.7053827270891763e-02   2.9974240956136794e-01
   4.2761600000000002e-03  -2.2709778075418369e-01  -1.5115956099898049e-03  -6.2177901576079320e-01   4.6006557203607634e-02   2.0704730173381741e-01
   1.6968800000000000e-03  -9.2570494871127385e-01  -2.0594384520530680e+00  -1.5216728165581041e-02   1.2190654306860449e-01   3.3464688932167025e-01
   2.1644600000000000e-03   2.6132285401778638e-01   2.8859885934607515e-01   1.8942448063438801e+00   8.9285058106174042e-02   2.8772082275333183e-01
   1.0828999999999999e-03  -1.9531404035404558e+00   8.6874612051669109e-01   1.8310594305907160e+00   2.6116961630549140e-01   4.7569126783117271e-01
   2.6567100000000001e-03   2.8361457763799414e-01   1.5452680044121858e+00   7.3715510723214384e-01   7.9535174109549495e-02   2.7174416283351416e-01
   2.5723899999999999e-03  -1.2983019844863153e+00  -1.0633444835059662e+00   5.2391524142912704e-01   8.1030052127466848e-02   2.7377152392133181e-01
   1.5051100000000000e-03  -1.5748298615057574e-01  -1.4735220616262021e+00   1.8907424815223173e+00   1.4197917716335157e-01   3.6076600363845363e-01
   1.7731500000000000e-03   2.2065953387817170e+00   2.0857056804452001e-01  -4.7320325402692365e-01   1.2605801540630673e-01   3.4076770594627620e-01
   2.6406300000000001e-03   1.1925417596759631e+00  -1.0153286074272747e-01  -1.2460537619685872e+00   7.9328327397926279e-02   2.7116680908958407e-01
   2.7790499999999999e-03  -8.1473146491378445e-01  -1.3853284385844586e+00   2.1564871335656824e-01   7.2954992218287731e-02   2.6012369178825873e-01
   2.5735699999999999e-03   4.2669555408271426e-01  -1.4304473110352069e+00  -7.2620569780427269e-01   7.1708185665872393e-02   2.5796940634415888e-01
   3.6274400000000000e-03   4.5897553713942463e-01   2.9395249644298538e-01   9.7361314541021193e-01   5.3842335351297795e-02   2.2395786300869677e-01
   2.8527800000000001e-03  -6.3919828116459343e-01  -5.6304387908669740e-01   1.3584680189394307e+00   7.2569991285721780e-02   2.5943642341903034e-01
   2.4140899999999998e-03  -3.8295029867406966e-01   1.6946385244267461e+00   6.2288847084962462e-01   8.5995771384178132e-02   2.8206488808750074e-01
   1.8090100000000000e-03  -7.4994348909881514e-01   1.5849536843692118e+00   1.2695405466406648e+00   1.1044884538104313e-01   3.1902250425991691e-01
   1.8561100000000000e-03  -1.1173005884729175e+00  -1.7270125523379696e+00   6.6896866547107781e-01   1.1154617103622116e-01   3.2060676430450230e-01
   1.0776500000000001e-03   5.8691756732577216e-01   3.9277966721764823e-01   2.5929461087220149e+00   1.9719815490561499e-01   4.1870414995583777e-01
   3.9083599999999996e-03  -8.5175982896519276e-01  -5.7713071290217866e-01  -3.9097223090256172e-01   5.6963537011299074e-02   2.2989995303857758e-01
   2.5564600000000000e-03   1.5448277880848400e+00   2.2478689587867934e-01   8.6115309743518098e-01   8.2857649611788112e-02   2.7721093742261971e-01
   1.8304100000000000e-03  -1.2261157109369780e+00   1.8489797738877183e+00  -1.8689271933790036e-01   1.2164813987672361e-01   3.3464297948614946e-01
   1.6816800000000001e-03  -2.9400051731426269e-01   6.3976245126925257e-01   2.2356453924830206e+00   1.3819323147236426e-01   3.5634357013553730e-01
   3.4047200000000000e-03  -5.8137899526110237e-01  -9.6845634060231345e-01  -7.4044412361954270e-01   6.3516044761689219e-02   2.4299035422679857e-01
   6.1693999999999996e-04   1.6774884372602434e+00   2.3450909821050301e+00   1.1755483656675914e+00   3.4344009613645071e-01   5.4005595869252077e-01
   6.9649000000000002e-04   9.7963426056825276e-01  -5.4061068986393346e-01   2.8734894558012454e+00   3.4617964694108416e-01   5.4240646237724832e-01
   3.5761899999999999e-03   1.7715798975297684e-02  -9.3638721931858515e-01  -9.0280657783170626e-01   6.2321941982952926e-02   2.4069501494353074e-01
   7.1838999999999996e-04  -9.3047660186754227e-02  -2.8221128064320764e+00  -1.1601981833323420e+00   3.3408412070475585e-01   5.3392043119127364e-01
   1.1797100000000000e-03  -1.6670523112984024e+00  -7.0423866430725734e-01   1.7157823365685694e+00   1.4217827935428232e-01   3.6014390364168880e-01
   2.6461900000000001e-03   9.8461586782020838e-01  -1.2025361340745384e+00  -6.1835842689448373e-01   7.4599121222148304e-02   2.6312888778535837e-01
   3.5436399999999998e-03  -1.2888428977823185e+00   1.3412173041792942e-02   1.8613049695731018e-01   6.2541627594899812e-02   2.4102958266278557e-01
   5.3949000000000000e-04  -2.9445384044564843e-01   1.7648375581244721e-01   3.1727359013158187e+00   3.7867460239589740e-01   5.6592908096553896e-01
   1.8697900000000001e-03   9.8492296675206781e-01   3.7887591490694494e-01   1.8262250391318626e+00   1.0349243493978824e-01   3.0911999569663012e-01
   7.1929999999999997e-04  -2.7411691203053214e+00  -1.3327752256993752e+00  -5.1950372038627297e-02   3.3203224754593952e-01   5.3081313851556056e-01
   1.9314899999999999e-03  -1.9092160452818547e+00  -9.6557417068471885e-01   3.2276257953037241e-01   1.1512803101612812e-01   3.2575495091114248e-01
   3.7651999999999998e-03   5.0125895709745527e-01  -9.2706809601126194e-01   2.4660442181995548e-02   5.2821893415303862e-02   2.2177226412011314e-01
   1.6677599999999999e-03  -1.6794423544600785e+00   8.5065418158544415e-01  -1.3926387100789903e+00   1.3714852239881795e-01   3.5503246649487968e-01
   7.7043000000000001e-04  -1.0349156277925164e+00   1.1182767683565344e+00   2.6030560625590846e+00   3.1517542192299114e-01   5.2063748636018947e-01
   4.8514500000000002e-03  -3.7838994901809198e-01   9.4001434616320143e-02   1.6645408655909932e-01   4.5669561757289749e-02   2.0634217108802350e-01
   2.2248300000000001e-03  -1.7648535713968434e+00   6.2304692607772338e-01  -6.7527191520148067e-01   9.7958763369629789e-02   3.0096056537905080e-01
   4.6417799999999999e-03  -4.2132709760480702e-01   4.0177125812982301e-01  -2.7331261535268081e-01   4.8335501370386814e-02   2.1215198381151998e-01
   3.1753900000000002e-03  -8.9674495425850587e-01   8.0159060570073204e-01   3.8677234720081932e-01   5.5885795030358516e-02   2.2785176764561815e-01
   1.6479200000000000e-03  -3.1597021718457470e-02   8.9709232187676846e-02  -2.2378225084136223e+00   1.1889747498613631e-01   3.2999117780757076e-01
   1.8300000000000000e-03  -9.9476453951017188e-02   1.7623635503393804e+00   1.2266097922393771e+00   1.0926341267965840e-01   3.1718480596100740e-01
   4.8470500000000003e-03  -9.8894618259857611e-02  -2.9259317820487113e-01   6.1723841655138646e-02   4.4705598240229308e-02   2.0410857946175193e-01
   5.6625999999999996e-04  -1.9754156865019518e-01  -3.1278898871603347e+00   3.4960005553867091e-01   3.6027558237327795e-01   5.5177554028406739e-01
   2.4345999999999999e-03  -1.6598886720910493e+00   3.7982518737596849e-01   5.0229864991483986e-01   7.9568630352953640e-02   2.7166205727866033e-01
   4.0325999999999999e-03   3.8251249545264177e-01   7.2377066764611930e-01  -5.5306184602511177e-01   5.3273595854920627e-02   2.2260691818145945e-01
   1.7090199999999999e-03   1.1940981988918207e+00   5.5147842638379345e-02  -1.8601568045608425e+00   1.1452445511484788e-01   3.2463168899686934e-01
   9.3736000000000004e-04  -1.2695288820509583e+00  -2.1410143417813141e+00  -1.4202082658525021e+00   2.6749827114384883e-01   4.7965251740536291e-01
   6.2213000000000004e-04   1.8525987046334469e+00   2.4822326717720609e+00  -1.3045274746309848e-01   3.3300281032581763e-01   5.3253933204609250e-01
   2.8176099999999999e-03   1.1646850391040367e-01  -3.2984032837871102e-01   1.6333252616859406e+00   7.6839253689157477e-02   2.6720048215070591e-01
   7.6019000000000000e-04   3.8175739835304329e-01  -3.0402580237974214e-01  -2.9202740860416485e+00   2.8083252856213453e-01   4.9063563937516730e-01
   2.9165200000000001e-03   1.0051837098370542e+00   3.8027882513346783e-01   1.1654554806600772e+00   7.1594674669169772e-02   2.5790966542861582e-01
   9.5220999999999999e-04   1.7917899776918400e+00  -2.2639450251262678e+00  -1.0721256923875637e-01   2.7488624881226098e-01   4.8786867046415783e-01
   1.7931200000000000e-03   5.0942284193992682e-01   9.8611292697345576e-01   1.9525131208943574e+00   1.2398750936706711e-01   3.3763709355489130e-01
   2.1298100000000002e-03   3.6498018550711581e-01  -1.9294730413834005e+00   9.0538693729628042e-02   9.3752247018920515e-02   2.9395274645798386e-01
   1.8367900000000000e-03   2.0930249512459800e+00   5.3801730021087091e-01   3.3096497163834560e-01   1.1716869992664643e-01   3.2788672985513456e-01
   2.6980799999999998e-03   1.1918888091736324e+00   8.2219476121610335e-01   8.7512276215849794e-01   7.7203827983527179e-02   2.6754264104302317e-01
   3.6144100000000002e-03   1.9307755756054043e-01  -1.0788254879170045e+00  -4.1620579820719811e-01   5.6562612856929595e-02   2.2929655375301544e-01
   4.3625900000000004e-03  -2.7766637074528991e-02  -8.0998327125424108e-01  -3.4457742266302029e-02   4.9879589920081652e-02   2.1557991577325666e-01
   4.5203600000000002e-03  -4.7592017151542448e-01  -5.8708942799213559e-01  -9.3819001522437665e-03   5.0088601344080538e-02   2.1597747673093604e-01
   3.5006899999999999e-03   7.0264184770946714e-01  -1.7393809365421420e-01   9.6487990799851175e-01   5.7281662436833712e-02   2.3063218930582213e-01
   1.6376699999999999e-03   1.9845993008102429e+00  -9.2251225472972945e-02  -1.2205560227203565e+00   1.3378782426584218e-01   3.5095691817635633e-01
   7.4335000000000004e-04  -1.2651340583632981e-01  -9.6931058218483357e-01   2.8020241344104102e+00   2.7708813977010677e-01   4.8747799237535128e-01
   3.4722600000000000e-03  -4.9079399047780298e-01  -7.6917585743868400e-01   8.1855902663857638e-01   5.7380168577391678e-02   2.3102461358503751e-01
   8.5094000000000001e-04   3.1484126557990838e-01   9.0568498478805681e-01  -2.7249347284230141e+00   2.6840873630704742e-01   4.7872018732960603e-01
   7.3841000000000000e-04  -1.5553275502423114e+00   2.5849903444796389e+00   4.6796152643186650e-01   3.3463970212554256e-01   5.3453518770102670e-01
   3.5840199999999998e-03  -7.1273635821719739e-01  -8.8671687388918796e-01   3.6571500246518357e-01   5.7607184223851415e-02   2.3125097332243152e-01
   7.1737000000000005e-04   1.3942724375266247e+00   2.3607223572484033e+00  -1.2737091145694381e+00   3.1266515456449256e-01   5.1643132583508666e-01
   2.6794399999999999e-03  -2.0687023224809691e-02   1.7445748579934270e+00   9.7277004970405562e-02   8.1734778311293707e-02   2.7547148734868926e-01
   9.5978000000000003e-04   5.0271281030886306e-01  -2.0776855005154289e+00  -1.8358937337373904e+00   2.4393641102544111e-01   4.5961604286348662e-01
   9.9493999999999993e-04  -2.0639916675864778e+00  -6.1659627523837901e-01  -1.7062729156130585e+00   2.1086270036940180e-01   4.3031002010553154e-01
   2.6640100000000001e-03  -8.0966244088883321e-01   1.2573867586303844e+00   7.0336257779995226e-01   7.2944019646974306e-02   2.6022382464359312e-01
   1.5137300000000000e-03  -2.3323270029668990e+00   4.3854698580317980e-01   2.0412177534464929e-01   1.3847574737184176e-01   3.5633177479822525e-01
   1.6730499999999999e-03   1.6612889678000617e+00   4.2551364990007251e-01   1.4963930046980352e+00   1.2444741311589975e-01   3.3799488131479855e-01
   2.6462999999999999e-03  -1.1081836941172230e+00  -1.1178947901305638e+00  -5.7333713448847035e-01   7.5099562579057852e-02   2.6379703891350964e-01
   6.5353999999999998e-04   2.3818027734692313e+00   1.2972903893791801e-01   1.9274838562963452e+00   3.2808488565924676e-01   5.2701103563756801e-01
   3.0414100000000000e-03  -8.8535013439669019e-01   1.2871620028384854e+00  -5.0968243974905858e-01   7.8335187958702271e-02   2.6973894640008572e-01
   3.5615700000000000e-03   1.0566268173065720e+00   3.4342804550602740e-01   1.1673673034423281e-01   5.3332695670985149e-02   2.2277777164458273e-01
   3.8617800000000000e-03  -7.8192942348882821e-01   2.9461055440240425e-01   3.8526521190721708e-01   4.9722575089594427e-02   2.1497629943327745e-01
   4.0282499999999997e-03  -7.2002083888334700e-01   8.1657031814452358e-02  -5.5351048308747297e-01   5.0292922558821389e-02   2.1648826359079751e-01
   1.9977699999999998e-03  -9.5079453596176644e-01   1.2531106325803849e+00  -1.2157608568099649e+00   9.2684642819336138e-02   2.9209294928024709e-01
   2.8845400000000001e-03   1.4036365713449916e+00   5.7564790257072529e-01   4.0583129072981283e-01   7.1101290406338585e-02   2.5676402047055341e-01
   1.5141499999999999e-03  -3.4136227343323977e-01  -1.8622711836401915e+00  -1.4102976268507847e+00   1.3286251556781822e-01   3.4915711296020607e-01
   7.6577000000000004e-04  -4.3869187015219802e-01   2.0427722546930949e+00   2.0814128080384835e+00   2.7913113436091680e-01   4.8793316608894971e-01
   1.0131700000000001e-03  -6.8235851275267068e-01   2.4471544002941212e+00   1.1343010434451277e+00   2.2912171768755807e-01   4.4728845181804322e-01
   3.8584700000000001e-03   7.2794452595771775e-01   5.6834262937329494e-01  -1.8240993500643957e-01   4.9641821058441594e-02   2.1502689042332856e-01
   2.4389099999999999e-03   1.1053924349283586e+00   9.7688401981899786e-01  -1.1562405451592437e+00   9.0529147532877080e-02   2.8904829235727714e-01
   3.3769700000000000e-03   4.3032784949265901e-01  -5.5317957962597630e-01  -9.6822530160589781e-01   5.5105442423892571e-02   2.2641310168075160e-01
   9.1710999999999995e-04  -1.4937322050763102e+00   9.4071593042348778e-01  -2.2931073341281478e+00   2.7777094003897723e-01   4.8733785526786738e-01
   1.5628899999999999e-03  -8.6646658890303996e-01  -1.3090478152435689e+00  -1.7263863913951549e+00   1.2977998847880745e-01   3.4528982222184967e-01
   1.6727999999999999e-03   5.6915692529500084e-01   3.8168463074743264e-01  -2.1081976941138048e+00   1.1347572192432825e-01   3.2322072439841865e-01
   5.6545000000000000e-04  -7.6105545341126835e-01   2.6867973986918825e+00  -1.4597757835307781e+00   3.4800868067711171e-01   5.4322751663709556e-01
   4.3932900000000002e-03  -5.8424080162452638e-02  -1.6169849187449309e-01   4.6028738326408891e-01   4.4001657867630765e-02   2.0244155566107902e-01
   3.3491200000000001e-03  -1.2261090840365052e+00   5.6612834848351867e-01   7.6522225119406290e-02   6.2890237069103724e-02   2.4171535635987557e-01
   3.0436999999999999e-03   1.0284781608921105e+00   3.8060348132536115e-01  -9.5096669156878522e-01   6.4381010404649039e-02   2.4453585432648597e-01
   4.1577300000000001e-03   2.7282153641047341e-01  -5.4386171542841077e-01   2.8263457603760078e-01   4.5757459835698414e-02   2.0629002644919003e-01
   2.5623199999999999e-03  -8.1124831835012373e-02   6.8663926427670130e-01   1.5639252184701966e+00   7.6185970769952635e-02   2.6575345925542915e-01
   4.3792299999999996e-03   3.1818863544986420e-01   5.0092800552088990e-01   5.3437746470217262e-01   5.0054012047636806e-02   2.1590306767825515e-01
   1.7508700000000001e-03  -2.7583220955899024e-01   1.2593473981608738e+00   1.8166900051563071e+00   1.1921788393770505e-01   3.3106305878340508e-01
   7.0527999999999997e-04   1.1778545789962298e+00  -2.7052321679917353e+00   8.5179141870999420e-01   3.4190648515642397e-01   5.3809733516186431e-01
   3.2865300000000002e-03   1.9490772395711231e-02   1.0845965283954873e+00  -7.7089273097012667e-01   6.0541972910154299e-02   2.3726849524130481e-01
   3.6686599999999998e-03   1.7513514968225527e-01   1.1584152685839642e+00  -2.6628792605628698e-01   5.8204063689978325e-02   2.3272518276894033e-01
   6.5342000000000004e-04  -6.2225566035096869e-01   8.5268367511984827e-02  -2.9835285086089729e+00   3.1395780622353914e-01   5.1374738777280393e-01
   3.3321599999999998e-03   1.0217195307222586e+00  -9.6591049374477433e-01  -1.7318204201578709e-02   6.5212729251363802e-02   2.4631933923549573e-01
   3.3060300000000002e-03  -2.7177330417558637e-01  -1.2334717656532841e+00  -2.5658240297324536e-01   5.8666394655668828e-02   2.3350606249137407e-01
   1.5101800000000001e-03   1.9939351107058891e+00   8.5054866288802422e-01  -9.2305690405774055e-01   1.3308817018597693e-01   3.4952416084831844e-01
   7.0962000000000000e-04  -2.8240735901518015e+00  -4.3039046806920644e-01  -1.0183667287242386e+00   3.1157424909540921e-01   5.1515095408324496e-01
   5.8425999999999997e-04  -5.5563047441834956e-01   1.9164284332624004e+00  -2.4139903176685631e+00   3.5144632420502553e-01   5.4369919797358635e-01
   8.4464999999999996e-04   1.1457970382467670e+00   1.7711165145010850e+00   2.0355950703719397e+00   2.8197425987841435e-01   4.9214945032279611e-01
   3.4629499999999998e-03   1.1482301391673371e+00  -4.9327318369893447e-01   3.1064107017467740e-01   5.9824784654221058e-02   2.3601230567155884e-01
   2.7157000000000001e-03  -1.3042806764950385e+00   8.9152208155603008e-01  -3.4782062469469749e-01   7.1515438850742505e-02   2.5743279205052177e-01
   3.9553399999999999e-03  -2.8093555598882297e-01  -7.7494341240332376e-01  -4.5675094836888425e-01   5.1312948862188283e-02   2.1840406958155079e-01
   3.1634499999999999e-03  -3.4409950243269799e-01   1.3256357647287071e+00  -2.5065817526211925e-01   6.2409465259260423e-02   2.4090918012954346e-01
   7.2143000000000001e-04   2.8495330973117041e+00  -4.8697802640400051e-01  -8.2230583146879888e-01   2.9935892668237818e-01   5.0620845782471979e-01
   1.5119500000000000e-03   9.9297494385411122e-01  -2.0512877119681234e+00   2.1401011569814168e-01   1.1871103449530082e-01   3.3024145046790598e-01
   2.6725000000000000e-03  -1.1940469310855724e+00   1.2344845440757213e+00   9.4195011142618870e-02   7.9488214821032424e-02   2.7123064198716135e-01
   3.3519100000000000e-03  -1.2041094019063594e+00   3.1540819289229660e-01  -5.0085882234906343e-01   6.2028588547927796e-02   2.4016321669378066e-01
   1.5063900000000000e-03  -2.0032562578045745e+00   9.2580564050694658e-01   7.9916916120594761e-01   1.3131490519356084e-01   3.4681810544129066e-01
   1.5972400000000000e-03   1.7447315152959793e+00  -1.0948069336332364e+00   1.0716405913758071e+00   1.2879145358929378e-01   3.4407260197548328e-01
   8.5762999999999996e-04   1.8968600751490599e+00   1.3758853382342173e+00  -1.7627906806378595e+00   2.8768743966673382e-01   4.9639184646623791e-01
   3.5373300000000000e-03  -8.0346725607240299e-01   6.2731940812200715e-01  -5.3317024965846394e-01   5.4694381618713962e-02   2.2552415985877844e-01
   1.7007000000000001e-03   8.6813430453489626e-01   1.5374509381000681e+00  -1.4414430949419290e+00   1.2606087834388086e-01   3.4050523133821220e-01
   3.9687200000000002e-03  -3.6705046691667004e-01   4.1056161180391115e-01  -7.6887185415581671e-01   5.0910858185801558e-02   2.1772157398980105e-01
   2.9161199999999999e-03  -1.6138978766386254e+00  -4.4672307998392530e-01  -1.3965891908363975e-01   7.9616001563494201e-02   2.7190700731502987e-01
   4.5950899999999996e-03  -5.1478230108535239e-01  -1.6235870988172471e-01  -2.3548682865325785e-01   4.7380413459478632e-02   2.0980665917417621e-01
   2.7651099999999999e-03   5.9655574522273835e-01   1.4040060285160584e-02   1.4539534669705967e+00   6.7526228061305663e-02   2.5076549087072914e-01
   4.4715600000000003e-03   3.1728654172910153e-01   3.5158893286140841e-01  -1.8681346747730088e-01   4.4404300580945313e-02   2.0345070386846725e-01
   2.8604600000000000e-03   6.4966928972735427e-01  -1.4134519782663038e+00  -1.8863348737217001e-01   6.9406341105616415e-02   2.5391143762117280e-01
   1.8107600000000000e-03  -1.1458839683616677e+00   1.7808946139919253e+00   6.6476505812346820e-01   1.2290748037378062e-01   3.3537589652227057e-01
   3.0265299999999999e-03   4.7411962421311621e-01   1.2929994751926348e+00   2.0981071505315391e-01   6.0747452101303875e-02   2.3761154504823290e-01
   3.2191600000000000e-03   1.2160517039743706e+00   8.6759979412860444e-01  -1.0491620861617489e-01   6.9671183511922294e-02   2.5450430881038494e-01
   7.3180000000000001e-04   1.2284119067771968e+00  -2.5377829597038408e+00  -1.1336011720040231e+00   3.2495401476213587e-01   5.2491725277646883e-01
   2.8065099999999999e-03   5.2253811729260613e-01   6.4909192228980650e-01   1.4032030896832144e+00   7.3230426325674752e-02   2.6087546979268761e-01
   3.1247599999999999e-03  -1.9421250363061968e-01   1.1761891004739125e+00   7.8524255469581128e-01   6.4133819306213619e-02   2.4400919216699618e-01
   1.6953999999999999e-03   2.7612353428776387e-01  -2.0987898511057774e+00  -8.8381786254168704e-01   1.2938338623958504e-01   3.4472846887618236e-01
   3.3116199999999999e-03   6.7647455389674638e-01   1.0467726146559277e+00  -2.1896937214370255e-01   5.7147765852090651e-02   2.3068367151399596e-01
   3.3566899999999998e-03   1.1106699747150024e+00  -5.6371271299948522e-01  -3.6058242784990574e-01   5.9472922365905054e-02   2.3513931792963788e-01
   1.6949599999999999e-03   8.5902636591526915e-01  -1.6491806547583365e+00  -1.2004239149308251e+00   1.1305550933691629e-01   3.2282750485019152e-01
   2.5836499999999998e-03  -1.1627630015554724e+00   7.9699469279646051e-01  -8.8079525130534753e-01   7.2115878837921546e-02   2.5876341877648823e-01
   1.9093100000000000e-03   1.5496360447570505e+00   5.0956140563053987e-01  -1.3648414013752606e+00   1.0779503362238119e-01   3.1512776492624434e-01
   3.1749899999999999e-03   9.6342473272155216e-01  -5.8774416971185162e-01  -8.9364250145551094e-01   6.5456367741911964e-02   2.4667885921231406e-01
   3.9584299999999998e-03   8.7428756784592943e-01   3.5548526790822749e-01   6.2203278761006531e-01   5.8137920268447114e-02   2.3252041796854522e-01
   3.4797800000000000e-03   1.0694157655559826e+00  -9.9960449628859901e-02  -6.6044059830085700e-01   5.8758066054349065e-02   2.3392908796563242e-01
   1.6530099999999999e-03   3.4612552281843523e-01  -8.6104873381505131e-01   2.0370667010215286e+00   1.1607345222672456e-01   3.2638371086045209e-01
   3.8744000000000001e-03  -5.1464014609745679e-01   6.8676836200701075e-01   7.0016069466183062e-01   5.6243289168775502e-02   2.2874917434783809e-01
   3.4124799999999999e-03   3.4079138442908286e-01   1.0104508205985903e+00   6.0945496167162805e-01   5.7219510678729574e-02   2.3046992793146825e-01
   2.5189499999999998e-03   1.9669008858274192e-01  -1.0067515808861791e+00   1.4063676129990419e+00   7.8627722841884976e-02   2.6978008013154803e-01
   9.2834000000000005e-04   6.8949076453350233e-01  -2.7699603624624092e+00  -2.1884030687747213e-01   2.5793112997058987e-01   4.7234126978420565e-01
   3.1545100000000001e-03  -5.7961099543473671e-01   8.5108405625930783e-01  -1.0298183989859278e+00   6.6439600960207901e-02   2.4837090047961272e-01
   6.2323999999999995e-04  -2.8419545776709723e+00   6.6665981954020415e-01   1.0394466495304924e+00   3.3254478483737709e-01   5.3203906010098523e-01
   3.1649400000000002e-03   6.2643955039384608e-02   2.2039443814247750e-01   1.3412745070132592e+00   6.0503070026644457e-02   2.3718951590041568e-01
   7.3486999999999999e-04  -1.2649572716747466e+00  -2.6458119679477456e+00   5.3477779030638450e-01   2.8100571191443613e-01   4.9097368319144796e-01
   2.4662500000000001e-03   1.0229166739636915e+00   1.3933916129030182e+00   6.3859295350858158e-02   7.5806043585889299e-02   2.6519620630685020e-01
   1.6768800000000000e-03  -1.5444293056992315e+00  -1.2487572310715238e+00   1.1198259111024986e+00   1.2477467471795181e-01   3.3902997637627652e-01
   3.2303800000000001e-03  -4.0465897949208302e-01  -5.4724750820206114e-01  -1.1888317179531707e+00   6.3326587685942487e-02   2.4226999854008255e-01
   1.0613100000000000e-03   1.3626806428713074e+00  -1.8080088669673284e+00   1.5399200736237468e+00   2.2088004483109566e-01   4.3897879406957396e-01
   3.3767799999999998e-03   4.7683840329799321e-01  -7.5223844763003067e-01   9.5013012535739005e-01   6.0506936723232992e-02   2.3713258388546729e-01
   1.6617500000000000e-03   1.8729594843311881e+00   8.4121013173945436e-01   9.3368241527104900e-01   1.2049071489655870e-01   3.3264506542311106e-01
   2.7534100000000000e-03   1.5832603385619519e+00  -2.0756894312841923e-01  -3.2596367468288745e-01   7.3297256154465418e-02   2.6070863410204553e-01
   4.3055899999999998e-03  -1.2276126963816070e-01  -3.6417379102411801e-01  -3.6182638805486306e-01   4.3975364534544356e-02   2.0228499833833682e-01
   7.1750999999999998e-04  -1.0361355066315581e+00  -2.7473861152611465e+00  -5.6045121933599673e-01   2.9037018954454480e-01   4.9767683373815180e-01
   3.7543600000000000e-03  -1.0032586731638968e+00  -5.1207740159654902e-01   1.1922005413239170e-01   5.6496629086655460e-02   2.2909897295340281e-01
   1.4893300000000001e-03   2.1851145994257180e+00   3.9236440294991556e-02   8.5152672543895958e-01   1.3038547244514964e-01   3.4558223567529756e-01
   2.6600600000000001e-03   8.1456904094487803e-01   4.3185181834533998e-01  -1.4494901748939637e+00   7.8410135515744356e-02   2.6995694372204299e-01
   1.7111500000000000e-03  -2.1521391521193118e+00   2.9378035809152873e-02  -4.0113687487737804e-01   1.1094984020239503e-01   3.1952148214821186e-01
   4.1909399999999998e-03  -4.1994965070554710e-02   4.9146509866527011e-01   6.9349750530486573e-02   4.2844745540578086e-02   1.9966713567667541e-01
   2.6980900000000002e-03   1.8097910764421302e-01   1.1414729082808310e+00   1.2421847664994203e+00   7.7219463142507605e-02   2.6764562486785676e-01
   2.6782500000000001e-03   1.6767597356395447e-01  -8.2767660120574027e-01  -1.4509720180766761e+00   7.5694098890648001e-02   2.6501955268671834e-01
   2.7133900000000000e-03   8.2153321143997732e-02  -1.5956461150076950e+00   5.5392228688048972e-01   7.7008495195130339e-02   2.6726246073893650e-01
   2.9893599999999999e-03  -1.2653647345375272e+00  -9.0434596072805840e-01  -5.1018842461268588e-02   7.1495776332109823e-02   2.5751553111867492e-01
   1.5893400000000001e-03  -2.0621009129942003e+00   1.8561145220109387e-01   1.0065304682301768e+00   1.2456924083817648e-01   3.3855214443544718e-01
   1.4859700000000001e-03   7.3843136361809864e-02  -2.1807803357448166e-01   2.3285988313909951e+00   1.2702479748696241e-01   3.4154445003090222e-01
   1.4003900000000001e-03   1.8524189241003890e+00  -1.3559872881072064e+00   3.3415756287301507e-01   1.2053323118328838e-01   3.3200072590558388e-01
   1.6137199999999999e-03  -7.5906869622626116e-01  -1.7344551508189874e+00   1.3095266275756550e+00   1.2586827780943410e-01   3.4020418976455152e-01
   1.6584099999999999e-03  -1.2031746312327234e+00  -6.4999882975540824e-01  -1.7875463604239026e+00   1.1932675539462485e-01   3.3110091645271994e-01
   1.7853400000000001e-03  -7.2378091812744483e-01   1.0760026150449924e+00  -1.7770006688509670e+00   1.1752306325253276e-01   3.2822521326198489e-01
   1.8312100000000000e-03   1.9273487483247205e+00   9.2978110201269615e-01  -1.7514045832252412e-01   1.1025036944467362e-01   3.1818781712043986e-01
   2.8056600000000002e-03  -4.8191852966395887e-01  -1.4179837810912528e+00   7.1266564284793066e-01   7.5405748673290224e-02   2.6471698679102190e-01
   2.4620499999999999e-03  -1.3488478228654253e+00   2.2947139353169804e-01  -1.0871465053893938e+00   7.7103184513090381e-02   2.6747322654505901e-01
   1.7788100000000000e-03   1.1977826335795085e+00   9.7566909498903132e-01   1.5628767230170768e+00   1.1636475977252148e-01   3.2673687352147174e-01
   8.5351999999999997e-04  -9.8945805895029271e-01  -9.1022605080451702e-01   2.4945261657760742e+00   2.3366929311498405e-01   4.4938108636329499e-01
   1.3694800000000000e-03   9.5580798332136910e-02   1.4275196844923175e+00  -1.9574517340291921e+00   1.3838902561115327e-01   3.5626658327397243e-01
   3.4895299999999998e-03   1.1396717850558493e+00  -1.3121309738496201e-01  -1.0209584872576588e-01   5.4780117794488450e-02   2.2555644838614039e-01
   1.3120600000000001e-03   3.9195326305169864e-01   1.6724695603141597e+00   1.6960707981640375e+00   1.3359127568900137e-01   3.4940147173774411e-01
   9.4985999999999996e-04  -5.7703174429853099e-01  -9.7614348982693377e-01  -2.6290251472459909e+00   2.5952220131598341e-01   4.7489664184542124e-01
   2.9424199999999998e-03  -1.1741909097108851e+00   4.2856226164752959e-01   6.4599949744077512e-01   6.0985764719152596e-02   2.3783794090004676e-01
   3.2588500000000002e-03  -4.8651722417319537e-01   1.0935869954594990e+00   3.0827758637790853e-01   5.5614878858552791e-02   2.2731898663955941e-01
   4.2754400000000001e-03   7.4351457621348671e-01  -4.7621102917820551e-01   5.8543253504750791e-03   5.1415741231249895e-02   2.1883966129353777e-01
   4.5366499999999997e-03   3.8703619254709543e-01  -1.4138315630102705e-01   1.2183448747417761e-01   4.4238018863208828e-02   2.0289538003927227e-01
   1.1932300000000000e-03  -6.7570101651987158e-01  -5.7083703248515541e-02   2.4090629681159799e+00   1.4470546320533526e-01   3.6349855273900950e-01
   9.1556999999999999e-04  -1.4374432103756813e+00   1.8062252356694974e+00  -1.6892501699543860e+00   2.4955324609325466e-01   4.6590415141271524e-01
   2.2762899999999998e-03  -4.7908937892863779e-01  -6.8245921193515413e-01  -1.7074447910389285e+00   8.9740362648017102e-02   2.8798607089759548e-01
   1.5030099999999999e-03   1.4978088931629707e+00   1.5541000817528641e+00  -9.5420957603497414e-01   1.3336658030281598e-01   3.4981265933465372e-01
   1.5203500000000000e-03  -9.7483762895161852e-01   1.9220735792656385e+00  -9.0168852859358883e-01   1.2726065107873905e-01   3.4185265778977758e-01
   1.2997400000000000e-03   1.0535625265677513e+00  -1.0271138165646148e+00   1.9428897595987702e+00   1.3961127022550543e-01   3.5701928585771425e-01
   5.5429999999999998e-04  -1.7815341136844625e+00  -1.4084534268326268e+00   2.1264415126959713e+00   3.2487942230343014e-01   5.2332029092272714e-01
   8.5411999999999999e-04  -5.6769340575172300e-01   9.4318137824122161e-01  -2.5470684214340475e+00   2.0502336921773537e-01   4.2283724482457025e-01
   0.0000000000000000e+00   0.0000000000000000e+00   0.0000000000000000e+00   0.0000000000000000e+00   9.0000267286020216e-02   2.7609303780230993e-01
