   3.6696200000000002e-03  -4.6024120976493388e-01   6.8487125100010204e-01  -7.2756600106492242e-01   5.4068405176680920e-02   2.2419756768880394e-01
   1.9312800000000001e-03  -1.4942882522493082e+00   9.6365542751489319e-01  -1.1157287928569164e+00   1.0517516267764272e-01   3.1125558980295326e-01
   1.7829000000000000e-03   1.9615271019907268e+00   6.9979501580254599e-01   5.7636408914905840e-03   9.9094312745111546e-02   3.0130475506962190e-01
   7.1873000000000000e-04  -2.0622133154641089e+00  -1.6606377195205884e+00   1.3591270616240025e+00   2.7817961358302545e-01   4.8905027853514982e-01
   7.0326000000000004e-04  -3.0053094881154405e+00   8.7189073503796455e-02   1.6815781805953153e-01   3.0380131366293722e-01   5.0792748185139402e-01
   6.8225999999999996e-04  -1.0966110407991161e+00   1.1447247576427717e+00   2.6136717059737933e+00   3.1783760653986665e-01   5.2165771773540681e-01
   6.7148999999999996e-04   1.1428987182758166e-01  -1.0721243266001597e+00   2.8768962029883061e+00   3.3199012593513783e-01   5.2960895908055083e-01
   2.0877399999999998e-03   1.1409332206785969e+00  -1.4454965915704932e+00   7.0939835118732131e-01   9.2242681616206523e-02   2.9200508659704061e-01
   3.5513099999999998e-03  -7.1322735466037360e-03  -4.4868393751822909e-02   1.0913074225282366e+00   5.2672449375493660e-02   2.2121418962739328e-01
   2.5701399999999998e-03   5.1361796599669696e-01   1.5460433773839091e+00   4.6175988969601145e-01   7.5142742463943590e-02   2.6393971314277920e-01
   4.5255699999999996e-03  -1.3902549982718551e-01  -5.0002075302945270e-01  -1.1495686956568715e-01   4.5314875178135781e-02   2.0547128779698226e-01
   4.1348299999999999e-03   6.3766762543790134e-01  -5.5782078902774002e-01   1.3570545756491284e-01   4.9726815835742122e-02   2.1520308948058994e-01
   2.5703100000000001e-03   9.6625516689165608e-02  -5.3501221439777746e-01  -1.6248252415422750e+00   7.7049223309899384e-02   2.6714982641124890e-01
   1.8674099999999999e-03   1.2573458744617618e+00   1.0430689262999253e+00  -1.2934024860622471e+00   1.0078997482516136e-01   3.0486840096982842e-01
   2.1643600000000002e-03   1.9786978161133113e+00  -1.0675787353803798e-01   3.9903254280687812e-02   9.6144566921325295e-02   2.9791999152094539e-01
   3.3655000000000000e-03  -7.3361216108132199e-01  -5.0418411521086537e-01  -8.8711130348572276e-01   5.8010940678719265e-02   2.3218196877014668e-01
   3.2047700000000000e-03  -2.6078434444601106e-01   1.2243381569777432e+00  -5.7942148336744559e-01   6.2567384538011570e-02   2.4119390321491310e-01
   1.3736899999999999e-03  -4.1462290735313018e-01  -1.9728853472770866e+00   1.3452670174225294e+00   1.3882309064770579e-01   3.5653181892341240e-01
   4.2518599999999997e-03  -5.2129653074966931e-01  -2.9816498473874309e-01  -1.6980060958863019e-01   4.5587156490790717e-02   2.0588897827310876e-01
   4.4949400000000002e-03   3.6991883642548501e-01  -6.6897525051643272e-02   1.8782007821956218e-01   4.3503887522160438e-02   2.0135077412156810e-01
   3.7113400000000000e-03  -1.3944246841805763e-01   8.7544123537460805e-01  -2.9594347746550420e-01   4.8951924168328213e-02   2.1326025546229635e-01
   6.7254999999999995e-04   7.3959643901361549e-01   2.1128026753532456e+00   1.9475688920277201e+00   2.5961111455294528e-01   4.7200593662706547e-01
   7.6300000000000001e-04   2.4610339875389869e-01  -1.5795557454318088e+00  -2.5035713161708282e+00   2.8921621263284203e-01   4.9694729426000572e-01
   7.5113000000000003e-04  -9.9888803772946555e-01   2.6043608221506633e+00   9.2396313396036123e-01   2.6428768075302522e-01   4.7659609010139209e-01
   3.7748399999999998e-03  -6.7941612236308258e-01   5.5780805465483885e-01   1.4816267636821637e-01   4.8112615093541825e-02   2.1149146018204584e-01
   6.1793999999999998e-04   2.9302152102985537e+00  -4.1063880453776536e-01  -9.7404408502501327e-01   3.4857064715810415e-01   5.4202143578555784e-01
   3.6732700000000002e-03   8.5545243326444553e-01  -1.1593849300904839e-01   2.0967861860054229e-01   4.6934268398982994e-02   2.0893633166002276e-01
   3.1942699999999999e-03  -4.8084134010555268e-01   2.2042161431141477e-01   9.7113793731707754e-01   4.9723638390805541e-02   2.1486510815913690e-01
   1.6660300000000000e-03  -1.4853151572193091e+00  -1.2269197185623282e+00  -1.1316175782883879e+00   1.1678434455648222e-01   3.2751116738946923e-01
   2.3146299999999998e-03   2.8099063863698613e-02   4.1277661676186667e-01  -1.7438473349804808e+00   7.8686603414964321e-02   2.6982989883174346e-01
   3.1054699999999999e-03   8.6312701295995353e-01   2.0185520223031295e-01   9.3480005489384133e-01   5.6137030618248394e-02   2.2844190548883231e-01
   1.4802600000000000e-03  -1.3936131052094252e+00   5.1696443017909410e-01   1.7824123604887550e+00   1.2388545739872243e-01   3.3718173590411998e-01
   2.3561099999999998e-03  -1.2340968180424834e+00   1.2501596938608133e+00   4.8675889212694567e-01   8.2105632684833299e-02   2.7593076037750819e-01
   1.9070999999999999e-03  -2.0418506105971299e+00  -5.5292710962010749e-01   2.0320996279622439e-01   1.0918340959920954e-01   3.1677812600273070e-01
   2.9148500000000001e-03  -4.3269002026097048e-01   1.0045456705319660e+00  -1.1985286395215662e+00   7.5044387170451157e-02   2.6388434496091767e-01
   8.4796000000000003e-04  -2.7767271911372662e+00   9.7897264964707340e-02  -8.1853601805465992e-01   2.6082841267838058e-01   4.7408139936805382e-01
   4.0660100000000001e-03  -3.9929104985470532e-02   4.6583015505359432e-01  -3.0088912574642818e-01   4.3089343667717779e-02   2.0001051330595326e-01
   8.0362000000000001e-04   1.9188143271195099e+00   9.4378918437185377e-01   2.0101389147047963e+00   2.8233857885033653e-01   4.9081525537926063e-01
   1.8092399999999999e-03   2.0660960882026105e-01   1.5586647617311309e+00   1.5652854011342541e+00   1.1902358079333399e-01   3.3118766598958960e-01
   2.0262200000000000e-03   4.8656924596531953e-01   2.4587019405283531e-01   1.9910750749345283e+00   1.0331678692672716e-01   3.0859662757312994e-01
   4.3020400000000000e-03  -5.9265985800338095e-01  -3.9936583563005355e-02  -5.2690705095961055e-01   4.9092598470585724e-02   2.1388036361486001e-01
   3.6530600000000001e-03  -8.7404844132319814e-01   4.0660768925480323e-01  -5.7225291967010405e-01   5.4745091654930800e-02   2.2561153141882609e-01
   1.4747899999999999e-03  -6.8747305022238936e-01  -2.1460213533726784e+00  -5.3033104403730025e-01   1.2272712279760128e-01   3.3544328432554804e-01
   1.2422700000000000e-03   2.4648540712867542e+00   2.5292499598079610e-01  -3.0562413438877406e-01   1.4942740516698053e-01   3.6859701976414128e-01
   6.9342000000000004e-04  -3.7432647203283453e-01  -2.7643408271443288e+00  -1.1591124926314216e+00   2.9564476120869104e-01   5.0296132595394061e-01
   2.7903400000000001e-03  -1.5396495839727717e+00   3.7317587192900109e-01  -3.1125941363563397e-01   7.2395309344569711e-02   2.5906438756836220e-01
   8.1015999999999998e-04   3.1387282807079075e-01  -2.5157768246114189e+00   1.4861013241888130e+00   2.8573582930427183e-01   4.9235477892709578e-01
   4.1137099999999996e-03   3.7311693543817775e-01   6.1104209993425651e-01  -2.5730735554471668e-01   4.7110135865575130e-02   2.0935115800761162e-01
   5.8746000000000004e-04  -1.1044298489362647e+00  -2.2297530878387160e+00   1.8729901122791031e+00   3.4349411213869041e-01   5.3741800485509794e-01
   3.9268100000000002e-03   1.5841347035544590e-01   3.7546485052383644e-02  -8.4176621895450476e-01   4.7987360203150274e-02   2.1136924204971913e-01
   2.6253399999999999e-03   1.1270819815363366e-01   1.2621239677114400e+00  -1.0313951805219268e+00   7.0398695238970341e-02   2.5576984498916749e-01
   3.1134800000000001e-03  -4.5896235204686209e-01  -2.1600648138482903e-01   1.2591290651575717e+00   5.9730285190385153e-02   2.3571661660683937e-01
   1.5897699999999999e-03  -8.2373492392481906e-01  -1.4786741317977929e+00  -1.5397571159708177e+00   1.2217879092258953e-01   3.3528146018583177e-01
   6.7832000000000005e-04   6.3544018842149763e-01   2.7017322538479909e+00  -1.2744356019991137e+00   3.2547663708097024e-01   5.2471221040686278e-01
   6.3864000000000000e-04  -2.1595792012924151e+00   2.1012858705095834e+00   7.6747708106339851e-01   3.4865644707053428e-01   5.4425778086339560e-01
   8.0471999999999998e-04  -8.3890207508285008e-01   1.6812433991264732e+00  -2.2693543317538500e+00   2.8708667427956436e-01   4.9447325890736948e-01
   3.5983700000000000e-03   5.6445469293463513e-01  -6.9536423761729438e-01   6.7622667988734908e-01   5.3983311292260819e-02   2.2422723950381451e-01
   1.6880300000000001e-03   1.6791618209323702e+00  -1.1113359479624427e+00   1.0651876540492937e+00   1.2486808692550642e-01   3.3908188234816772e-01
   4.0448699999999999e-03   7.2324240846039389e-01  -1.6922741270255981e-01  -1.9720059192202405e-01   4.7232925578735256e-02   2.0950698366594347e-01
   1.5701100000000000e-03   7.2199846292480552e-01   3.5379517662793369e-01  -2.0889712589191132e+00   1.1278154695435384e-01   3.2204947646401166e-01
   3.2296199999999999e-03   4.1767892207363488e-01  -2.3736728808317523e-01  -1.1826502395244198e+00   5.7220326003086519e-02   2.3062490589647983e-01
   3.3810200000000002e-03   7.5818275857504991e-01   6.8026915594213799e-01  -6.4514383457143087e-01   5.5809095759476610e-02   2.2772834877515769e-01
   3.1759200000000000e-03   3.5718775769923256e-01   3.1140470174895890e-01  -1.2404944379174805e+00   5.8730360047691034e-02   2.3383656328889668e-01
   2.2222700000000001e-03   7.2586986712709722e-01   1.0424809428909907e+00   1.3408227341225727e+00   8.2778184045885037e-02   2.7667005470923717e-01
   4.2699100000000000e-03  -5.8801354483342638e-01  -1.8583924867435248e-01   3.0431002770340815e-01   4.6667791938719352e-02   2.0841381145323457e-01
   2.4135599999999999e-03   5.2462693197019528e-01   1.7405151844852593e+00  -1.3036992239780049e-01   8.4176060106670517e-02   2.7912003966890775e-01
   1.6851399999999999e-03   8.7906781894953345e-01   1.7284806192833753e+00   1.0984595877051611e+00   1.1554314391064145e-01   3.2634904220001343e-01
   6.7115999999999996e-04  -2.7791094589470560e+00   1.2525695663132477e+00  -2.2002513424131639e-01   3.2601996821966067e-01   5.2527819214005300e-01
   2.5556200000000002e-03   1.2419997610109781e+00  -1.2708871241415929e+00  -5.1749425039619885e-02   8.2843164231817243e-02   2.7688559925138878e-01
   2.9619099999999999e-03  -1.2500719899883816e-01  -6.5382336105628247e-01   1.5179856504074889e+00   7.8839646237630331e-02   2.7038609720154677e-01
   2.6922800000000000e-03   2.4561740358504838e-01  -9.2697398101984696e-01  -1.3217165258650878e+00   7.2077929188463730e-02   2.5846245525953326e-01
   2.7956000000000001e-03   2.0022204263004659e-01   3.9976818277736620e-01   1.4018752607714124e+00   6.2868797239015839e-02   2.4133168764429141e-01
   8.7003000000000004e-04  -2.1826911728752822e+00  -1.7101275338899717e+00  -7.8553622825206415e-01   2.5866355365100552e-01   4.7238537874682596e-01
   2.3928800000000000e-03  -6.8626059420375585e-01   7.5653584319945477e-01   1.4974188465894460e+00   8.1663626319215851e-02   2.7524527317751096e-01
   3.4741799999999999e-03   8.3521841680982234e-01   7.4577153504236271e-01  -1.9395524675646234e-01   5.3702997176047013e-02   2.2342002232707184e-01
   2.7472099999999999e-03  -1.3533529383216722e+00   3.2936877924044144e-01  -8.7225009083227600e-01   7.4087012267053290e-02   2.6208475603607850e-01
   2.5644999999999999e-03  -9.1367155608069461e-01  -1.2189552623928452e+00  -2.3504973683988206e-01   6.3990680895162202e-02   2.4329165776045902e-01
   9.2520999999999999e-04  -2.5421755913050417e+00   9.6607309578415879e-01   7.9065596964641960e-01   2.4359988014936532e-01   4.5870313492551579e-01
   4.1717500000000001e-03  -2.1128772394768403e-01   2.5109893781944576e-01  -6.3986463829949136e-01   4.6501592143679993e-02   2.0808795619951992e-01
   1.5541100000000000e-03  -1.2801682834195964e+00  -1.2463476789908656e-01  -1.9158584107593448e+00   1.2501909706853001e-01   3.3903180048060794e-01
   2.8206600000000000e-03   4.6396873919009884e-01  -9.3351472482727293e-01   1.2302808274255159e+00   7.3012451139921289e-02   2.6014642468932481e-01
   6.3747000000000001e-04  -1.7999172884390886e+00  -1.6742955066951872e+00  -1.8620701099189128e+00   3.2384908405965529e-01   5.2462597714096582e-01
   2.5838699999999998e-03   7.8536876334382355e-01  -5.2931943472996434e-01  -1.4719886193974259e+00   7.9684208047849453e-02   2.7199545066658171e-01
   2.3751300000000000e-03   1.6167225368714966e+00  -6.3156681295453732e-01  -6.4642881832774321e-02   7.5132786470942819e-02   2.6375428158254627e-01
   1.7873600000000000e-03   4.2484941854023461e-01   9.4062419067794245e-01   1.9864200811658159e+00   1.2293915818690888e-01   3.3592030945979545e-01
   3.6260200000000002e-03   1.0621196309493899e+00   2.9483152845891270e-01  -3.6797320164863928e-01   5.6458945390544225e-02   2.2903615553133583e-01
   4.1634999999999997e-03  -2.4947351235123896e-01   6.4660231835113091e-01   1.1783959842852142e-01   4.6371437113608784e-02   2.0763632558532502e-01
   2.7714900000000002e-03   1.2286684996306336e+00  -8.3326955600589514e-01  -4.4777171339276461e-01   6.7455392223588317e-02   2.5013835949471414e-01
   1.4027499999999999e-03   1.1839567006354745e+00  -2.0444834348566649e+00   2.7262804749621167e-01   1.2905731943338197e-01   3.4440070806591844e-01
   2.9997200000000000e-03   9.0829288127297014e-01  -9.9290649567798284e-01   3.5101954812915542e-01   5.9848403788484134e-02   2.3598941519835318e-01
   2.7581300000000001e-03  -5.8359797027813010e-01   1.3270385282742154e+00   6.2612632028489812e-01   6.9018724047354277e-02   2.5315424139977405e-01
   1.5670000000000000e-03   1.2603580694431114e+00  -2.8211739853604467e-01  -1.8938775739432372e+00   1.2349353926235086e-01   3.3648505601352302e-01
   3.6209900000000001e-03  -9.7102609969101772e-01  -4.1468391252617626e-01  -4.3137715514754144e-01   5.5267842842763433e-02   2.2667929181640276e-01
   2.7596600000000002e-03  -4.8143006983163023e-01   4.4899681352229426e-01  -1.4604013836057606e+00   7.0463409579064731e-02   2.5585488518614746e-01
   1.1550099999999999e-03  -5.5640044364474461e-01   1.8909568818491642e+00   1.5917488548935108e+00   1.4909694081775143e-01   3.6905643263138554e-01
   4.9720000000000005e-04   1.9502251680460256e+00  -2.5443021722193548e+00   1.8068232367212031e-01   3.6309248860477339e-01   5.5588271440987302e-01
   9.6721000000000003e-04  -7.6357032160809657e-01  -2.0077489508960494e-01  -2.6461425983665383e+00   2.1663216121582737e-01   4.3476663760475742e-01
   1.4663700000000000e-03  -1.2744247637132236e+00   1.9365381142646287e+00   3.3436410708391334e-01   1.2785666025810158e-01   3.4251285311295226e-01
   3.5083400000000000e-03   5.3971236101881115e-01  -7.3636004535482780e-01  -9.0812147323240089e-01   6.0472015643029793e-02   2.3728844443961586e-01
   1.7304300000000000e-03   3.6190467740976856e-01  -1.1169260685632887e+00   1.8741308111024735e+00   1.1620463093322964e-01   3.2680490357855502e-01
   7.9825999999999996e-04  -2.5286202387366820e-02   2.9026870616159752e+00   4.7115177350158721e-01   2.8049318828446496e-01   4.8924812812724988e-01
   3.6909999999999998e-03   6.1957059057564001e-01   1.9812108991000846e-01  -4.6740662099639096e-01   4.5462136720301208e-02   2.0544184545497104e-01
   3.2602799999999999e-03   5.6014790243811685e-01   1.1423314118052290e+00  -1.6232290537275415e-02   5.7388358322927414e-02   2.3100909253949611e-01
   2.5143700000000001e-03  -3.4852910643076601e-01  -1.6432161353569201e+00   2.9297709211051404e-01   7.4534833717557800e-02   2.6295307212401636e-01
   2.7842000000000001e-03  -1.4893245354264741e+00  -6.6198841123189112e-01  -2.3857725618090117e-01   7.4509240999407977e-02   2.6290426280941831e-01
   1.6835999999999999e-03  -9.1522281770657821e-01   1.5436912874741231e+00  -1.3768401456413433e+00   1.2239629724601535e-01   3.3556504708690094e-01
   2.6655799999999999e-03   6.4973496673292042e-01   5.2672697722072237e-01   1.3399141948465079e+00   6.9432964004526934e-02   2.5311305440723164e-01
   1.5605100000000000e-03  -3.3375485214467406e-02  -2.2574344497694483e+00   5.5647050013198507e-01   1.2690847086074508e-01   3.4192161395133741e-01
   1.6860499999999999e-03   8.0766747261605143e-01   1.9205715016213989e+00  -7.1145479444993942e-01   1.1105013155083779e-01   3.1971801900910540e-01
   2.4152599999999998e-03  -9.4522816909817964e-01   1.0547362362305643e+00   9.6849679601404048e-01   7.3647547653298853e-02   2.6126651916626986e-01
   4.2773200000000003e-03  -3.0920050497567131e-01  -5.1596468095718023e-02   6.6297990519447159e-01   4.7742343651141342e-02   2.1077396594536982e-01
   3.6437100000000001e-03  -6.6136119130327253e-01   8.7214344439373204e-01  -3.2271677051011349e-01   5.5309701804422476e-02   2.2684256395511840e-01
   2.4808100000000000e-03  -1.6725171534302670e+00   3.1118354783191127e-01   2.5271638403175500e-01   7.5518392350131039e-02   2.6438063268879480e-01
   3.6734500000000000e-03  -9.9679707234938797e-01  -3.1880852648657043e-01   5.3896854481046107e-02   5.2311585983490679e-02   2.2050144549148126e-01
   2.3885999999999998e-03  -7.1371816926466147e-01   1.6429801192468751e+00   1.8808501521392082e-01   8.1112102113004611e-02   2.7398774894063227e-01
   3.5755200000000000e-03   6.4317770967839560e-01   6.9055344267639995e-01   7.7788815225287178e-01   5.8036660126847155e-02   2.3247629304653267e-01
   2.3017799999999998e-03   4.3798943308446348e-01   1.2785335151620683e+00   9.7765940544453722e-01   6.8249058888532166e-02   2.5133724717032613e-01
   4.8193300000000001e-03   1.2791851293586687e-01   3.2676838173839490e-01   1.0053513219856088e-01   4.4726840929654725e-02   2.0419669805311128e-01
   2.4987299999999998e-03   1.4066495600067574e+00  -4.5342464728558074e-01   9.5658669702127874e-01   7.9160441007361110e-02   2.7087085302737601e-01
   3.5834000000000000e-03   3.0846802418951924e-01  -4.2909747674288168e-01   1.0989277708267768e+00   5.8593500558734191e-02   2.3333199068355587e-01
   5.5747999999999995e-04  -1.4479873147077638e+00  -2.7962072385858132e+00  -4.1928274057377446e-01   3.7356732522961589e-01   5.6174305975338068e-01
   4.5341100000000001e-03  -2.2010940134142004e-01   4.1244534013066679e-02  -1.7758509760926708e-01   4.2764641239508142e-02   1.9944155400278971e-01
   1.4441100000000000e-03   4.5627166546509040e-01  -1.5459505896377248e+00  -1.6316252253286347e+00   1.1580951881113330e-01   3.2618535527114884e-01
   6.5244999999999995e-04   1.8120802556994406e+00  -1.4464920253138913e+00   1.9941039185038985e+00   3.1244495404087819e-01   5.1375296164002959e-01
   1.8729100000000000e-03   5.4363137765385672e-01   1.2972112751520453e+00  -1.5493735885252744e+00   1.0296353719143242e-01   3.0754151861483392e-01
   3.8280100000000002e-03   2.9343344067482702e-01  -7.9081736787746992e-01  -1.0897847971093672e-01   4.6757282527660593e-02   2.0878393849623100e-01
   1.7003200000000000e-03  -1.8599136938856726e+00   1.1127171718809918e+00  -4.9135839607027210e-01   1.1444383720633088e-01   3.2473730336661549e-01
   1.4646600000000000e-03   1.8026228553734394e+00   1.0358397147144950e-01   1.5418641996329514e+00   1.3491321925769936e-01   3.5134848831269533e-01
   1.5607100000000001e-03   1.4953703923175450e+00   1.2335938622579679e+00   1.2041655520282524e+00   1.1894223841881661e-01   3.3104066020594275e-01
   1.7395500000000001e-03  -7.2595573697794757e-01   2.9009877954619656e-01  -2.0217080856563130e+00   1.0889697926213653e-01   3.1660442697576296e-01
   2.1392700000000000e-03  -4.7722011906787315e-01   1.3458392140839668e+00   1.2547135305765105e+00   8.5506257018281989e-02   2.8125943697054662e-01
   3.5261500000000000e-03   1.0409607937645147e+00  -2.2352121395350505e-01  -5.2015745658492951e-01   5.6924736222308252e-02   2.2981592500099438e-01
   6.9054999999999995e-04   2.7040504674271499e+00   2.9024088723340374e-01   1.3322855584650803e+00   3.0574448015716982e-01   5.1055921310104213e-01
   6.7559000000000000e-04   1.3486121781197991e+00   1.0335188147749290e-01  -2.6916325063746194e+00   2.8096617420155695e-01   4.9235781570479970e-01
   4.3227300000000003e-03  -6.8277515342168374e-02  -1.9635220936294967e-01  -5.0227426070143832e-01   4.4136267088026135e-02   2.0273666389423681e-01
   2.9918900000000001e-03  -6.6317136851053482e-01  -1.8135076509912679e-01  -1.3898862926073456e+00   7.0989157916201778e-02   2.5646793384588235e-01
   3.4351099999999999e-03   3.6534117833338897e-01   1.0672680059718100e+00   4.7954616705505854e-01   5.7210991688837760e-02   2.3057654834929772e-01
   1.5241499999999999e-03   1.8693099383085807e+00   6.7997439329835319e-01   1.0998374125665316e+00   1.1724337114195572e-01   3.2826357712772491e-01
   8.6359999999999996e-04  -1.4198899324815650e+00   6.4248170696418028e-01  -2.4288536210464979e+00   2.6560248787460861e-01   4.7657812029787705e-01
   2.6718800000000002e-03   7.6018590191771662e-01   1.2501625855034046e+00  -9.2307898853735593e-01   7.9821835288699461e-02   2.7215034465158677e-01
   3.0217099999999999e-03   5.0444565685433984e-01  -1.2801805369753037e+00   7.9248486857333822e-01   7.3384580725716075e-02   2.6112575762328832e-01
   2.5819500000000000e-03  -7.2382392546508745e-01   1.4201176127026840e+00  -3.5980069747506649e-01   7.0544624444565912e-02   2.5557676373304899e-01
   1.1934999999999999e-03   1.0656758635275059e+00   1.3144402080370154e+00   1.8262908109162201e+00   1.4390389109501969e-01   3.6191269087244904e-01
   1.4693400000000000e-03   1.7505952189170915e+00  -1.5183687538118342e+00   3.6966077731329239e-01   1.2792182237955629e-01   3.4257610627525115e-01
   4.1703900000000004e-03  -4.8509152409235079e-01   4.2171186397715499e-01  -2.8020163205832627e-01   4.6242461531985468e-02   2.0749959711738045e-01
   3.9884899999999999e-03  -2.2524331347691617e-01  -4.7116686883882369e-01   4.5456250925514652e-01   4.4445225157410333e-02   2.0352283207358784e-01
   1.4605099999999999e-03   2.4787073367490456e-01   1.0223132491523752e+00  -2.1239349961063083e+00   1.3261871518679413e-01   3.4833153974780667e-01
   1.6159099999999999e-03   4.9981811080061400e-01  -2.1944707037918350e+00   5.1916616010096936e-03   1.1520887593731374e-01   3.2601672264241011e-01
   1.7062399999999999e-03  -1.8950938318737445e+00   3.6124277849372088e-01   1.0960900323686809e+00   1.1628669566375896e-01   3.2682815044272284e-01
   1.7163800000000000e-03  -8.7223417943199799e-01   2.0647899096634714e+00  -5.4921175513312470e-01   1.3290870074520733e-01   3.4949881163331831e-01
   2.9742900000000001e-03   1.2890025643408640e+00   2.0578564517305240e-01  -8.3422164741061045e-01   7.0385633470123388e-02   2.5550645845243336e-01
   1.7237400000000001e-03   1.4638916811839444e+00   1.4624606419834083e+00  -7.7004743066244885e-01   1.1340077542827889e-01   3.2323674327562407e-01
   6.6551000000000002e-04   1.1677509585623647e+00  -9.9457775358336642e-01  -2.5958203541523317e+00   2.8247515936347184e-01   4.9195907803592337e-01
   2.5164300000000001e-03  -2.3923305458357075e-01   1.7114377950603743e+00  -2.1858978523957606e-01   7.8120536305151519e-02   2.6912139330241625e-01
   3.0755100000000000e-03  -7.6548695417602092e-02  -1.2339809001628970e+00   5.1506379841965733e-01   5.8442689140197325e-02   2.3305733322274133e-01
   1.5216100000000001e-03  -7.8076869861276832e-01   4.3720210808241589e-01   2.1723052469139525e+00   1.3074068725363650e-01   3.4661189946871518e-01
   2.5809800000000001e-03   2.6820536256707284e-01   1.5482452918118235e+00  -5.8615961248785353e-01   7.3965037493873453e-02   2.6184617628230866e-01
   2.1814600000000001e-03  -5.5410802553908624e-03  -1.6425676183570836e+00   8.8763217072101774e-01   8.3297330037735970e-02   2.7749087918055171e-01
   6.7409999999999996e-04  -1.2830546528708042e-01   1.7669412247314309e+00   2.4260012000152789e+00   2.9131226674269317e-01   4.9816773127740616e-01
   1.6442700000000000e-03   2.1261693679075009e+00  -8.2313354253372784e-01   3.9525292625412939e-01   1.3082399982913653e-01   3.4634235541868647e-01
   4.0222699999999997e-03   1.4482221774257806e-01  -2.6141160229092569e-01   6.6182859037489650e-01   4.5557430768036020e-02   2.0589697270420998e-01
   1.6370000000000000e-03  -1.9489085097483825e+00  -4.8155904263409471e-01   1.0211755942173095e+00   1.1901342702709278e-01   3.3054178070389040e-01
   2.2662200000000002e-03  -3.9113872034436792e-01   1.6694777583813054e+00  -9.1587126654177453e-01   9.3551568519817982e-02   2.9430453311504823e-01
   3.6560799999999999e-03  -6.3286750399287495e-01  -4.1360687793085782e-01   7.6053609671190980e-01   5.3007645246228204e-02   2.2191017376728195e-01
   1.7504000000000000e-03  -1.7606259531686259e+00  -1.0837748857419389e+00   7.5556091774167278e-01   1.1530302070204292e-01   3.2548972301581497e-01
   9.3820999999999998e-04   2.2145311459561068e+00  -1.2324426744816945e+00  -1.1978425282721272e+00   2.2808315074356961e-01   4.4739650311230827e-01
   6.6288999999999996e-04   1.8622568615481971e+00  -2.2666362751876615e-01   2.4516419090508554e+00   3.4659016598726489e-01   5.4078493394930716e-01
   1.9697899999999999e-03  -1.9949538496647060e-01  -1.2583242654724744e+00   1.5304328599985013e+00   9.1467098395205768e-02   2.9076357438076089e-01
   3.6936299999999998e-03  -1.3348858640551275e-01   9.7115411821239639e-01   5.0517066179157544e-01   5.4105965641041059e-02   2.2443128638861010e-01
   2.4293800000000001e-03  -2.9216047614630003e-01  -1.2291013576195060e+00  -1.2140868340369779e+00   7.7565446755558196e-02   2.6797859209799618e-01
   2.6721300000000000e-03  -1.0188143567446155e+00  -8.9287519566122076e-01  -6.1382983392557600e-01   6.1505383392193538e-02   2.3880926979884046e-01
   1.7472500000000001e-03   1.7309522892641456e+00   5.1952974007120778e-01  -1.1994027632966482e+00   1.0958818444249004e-01   3.1736425890260339e-01
   1.0638700000000000e-03  -1.2361503539310530e+00  -2.0971019525097692e+00  -1.1345098091124330e+00   1.9387446922237467e-01   4.1502711744599702e-01
   2.5421200000000001e-03   3.2579137745677728e-01  -1.4275312007628624e+00  -9.8424991622821167e-01   8.1229169401968185e-02   2.7426352510150642e-01
   7.3936000000000000e-04  -7.3741592903319853e-01  -1.9811321156744863e-01   2.8989662053498737e+00   3.0843349482397264e-01   5.1193534918878381e-01
   1.8437700000000000e-03   9.9701616104695912e-01  -1.3613328056437377e+00   1.4381962814243721e+00   1.2130426261938720e-01   3.3402702147461766e-01
   2.8822600000000002e-03  -7.2110840880006563e-02   1.5286006083778143e+00   3.6109298835040748e-01   7.0677554915944366e-02   2.5601289914958869e-01
   7.3775000000000002e-04   2.6047663774189656e+00  -1.4796376255323920e+00  -2.3853299240805823e-01   3.0713392103829840e-01   5.1236890549375236e-01
   1.8140100000000000e-03   1.9380754930240879e-01   1.9720462907869309e+00   9.3040515299716642e-01   1.1613986018711299e-01   3.2644675505644549e-01
   1.5977900000000000e-03   8.8248963975006489e-01  -1.8484315288667779e+00  -1.0549045338075331e+00   1.2669200381631757e-01   3.4111484791079016e-01
   8.0579000000000002e-04   2.2740169749292458e-01   1.9447044244616054e+00  -2.2173471474443680e+00   2.9259568178069711e-01   5.0036869328921851e-01
   3.6932000000000002e-03  -3.9058544696517089e-01   1.1457858245334487e+00   7.0031267667008582e-02   5.8754500797871687e-02   2.3389624571385065e-01
   2.6471600000000000e-03  -6.3884575720760742e-02   1.3545058310678579e+00   8.9162366059154552e-01   7.1130342756922690e-02   2.5651866067682533e-01
   2.3614800000000000e-03  -1.2377776106089846e+00  -3.0327830697224295e-01  -1.2938461588445596e+00   8.3463201421366706e-02   2.7756978739024890e-01
   2.2690200000000001e-03  -1.3660857818180201e+00  -7.5454083056759144e-02   1.2600596731212361e+00   8.4997313579515912e-02   2.8033045128321926e-01
   1.5552100000000000e-03   2.8735367778740517e-01  -4.8969795722496534e-01   2.1722939206028498e+00   1.1307768234419516e-01   3.2260963097820516e-01
   2.0592499999999999e-03  -6.4000209228818505e-01  -6.1641684311143430e-01  -1.8229922585857190e+00   1.0058399994452184e-01   3.0428977696119802e-01
   2.5646400000000000e-03  -8.8800530498222741e-01   1.8847262226178968e-01   1.4695130349044672e+00   7.7982202899659292e-02   2.6875024605408210e-01
   6.2476999999999997e-04   2.4217397220604560e+00  -1.6372021410285764e+00   9.3184759038069020e-01   3.1349355121635430e-01   5.1634952830637093e-01
   1.6874399999999999e-03   1.8127342534065998e+00  -1.1559965261003280e+00  -3.1737490421283621e-01   1.0704274126797357e-01   3.1403990899860024e-01
   9.6268999999999999e-04  -2.6238618920038920e-01  -1.7310687654574628e+00   2.1695009457328691e+00   2.3014337370659019e-01   4.4733309759412460e-01
   1.5636500000000000e-03  -2.2544045140410072e+00   8.0889072138160684e-02   5.1069963101190419e-01   1.2616342332265945e-01   3.4055093325041286e-01
   2.4700400000000002e-03   1.0449747545790582e+00   1.3830324128328679e+00   1.8077301616800390e-01   7.7320323253909709e-02   2.6777988323978369e-01
   3.2340500000000000e-03  -3.4922660645212371e-02  -9.1340052040311448e-01  -8.4174945314200311e-01   5.5246764227919930e-02   2.2670051612396841e-01
   7.1688000000000003e-04   7.6082223119567693e-01  -2.8435456701160309e+00   5.8086234630458522e-01   2.9810018030201901e-01   5.0351548907076760e-01
   1.4308200000000000e-03   2.2750629940443012e+00  -5.6089413055553672e-01  -4.0258970283844081e-01   1.3097450878275849e-01   3.4671968733633007e-01
   2.2275099999999998e-03  -9.4360233053043596e-01  -1.4690526912232362e+00  -7.8554616372448238e-01   8.9660269481311894e-02   2.8789626100098253e-01
   3.3129200000000000e-03  -8.9529974226083930e-01  -7.1854782260961392e-01   4.8945333609175773e-01   5.7170734664288743e-02   2.3035833955191692e-01
   3.2473900000000002e-03  -3.2887638989707046e-01  -6.3455307572394104e-01  -1.2588103168763098e+00   6.7194413922743168e-02   2.4981566274207992e-01
   1.0115400000000000e-03   1.4358234432681507e+00  -2.1049242542925577e+00   1.1989643779614088e+00   2.4976857776877900e-01   4.6569267324596175e-01
   3.3423500000000000e-03  -1.0700882119551376e+00  -2.1011397372036036e-01   5.0806496324372186e-01   5.4817757348163097e-02   2.2582583001618295e-01
   1.2310699999999999e-03  -7.4246196136604636e-01  -2.3447394539241286e+00   1.6463281136018568e-01   1.4006527802987881e-01   3.5743347296256556e-01
   3.6125100000000002e-03   6.0330538425211223e-02  -4.5427139144331619e-01  -9.6955874717077639e-01   5.2437463940116530e-02   2.2082286977931492e-01
   4.0314299999999999e-03   6.0020857219724777e-01   2.5763908887789649e-01  -3.2257960623692669e-02   4.4186223195416902e-02   2.0277865862357120e-01
   1.4765200000000000e-03  -1.1402810062445539e+00   1.2246821439685533e+00   1.6505979643743753e+00   1.2873943917708283e-01   3.4376634003602768e-01
   7.1365999999999997e-04   8.0852537879510744e-01  -1.8896990047635760e+00   2.2002968074452753e+00   3.0766142858484768e-01   5.0977916587825256e-01
   1.9018300000000000e-03  -1.0130520169373649e+00   8.9208922899208143e-01  -1.6439822333547687e+00   1.0860894620654771e-01   3.1610044571061119e-01
   3.3474099999999999e-03  -1.0523380204304518e+00   5.4077186839507863e-01  -1.2359717603878836e-01   5.4434599240950371e-02   2.2495583585774367e-01
   3.1607599999999999e-03  -5.2684819804354710e-01  -1.0446042326447369e+00  -7.4348667015542425e-01   6.2088936044058629e-02   2.4026676113286674e-01
   5.7718999999999999e-04   1.8297422299900981e+00  -2.2350062781321669e+00  -1.2167106191045856e+00   3.4412810475374661e-01   5.3918990937935374e-01
   2.6584299999999998e-03   1.1104362181027869e+00  -6.9794246756506895e-01  -9.2551559417982543e-01   6.9764075998969999e-02   2.5432413304994816e-01
   1.6329300000000001e-03   2.9214530401047750e-01   1.8651823091334265e+00  -1.2144338598111273e+00   1.1491615011846304e-01   3.2527416540940357e-01
   1.4404400000000001e-03   5.7344928116087057e-01  -3.2981606887309006e-01  -2.2329023292079513e+00   1.2407643357109875e-01   3.3677744754352640e-01
   6.1205000000000005e-04  -1.4659888318707224e+00   2.0215372239749496e+00   1.8106169964301722e+00   3.2719626233267346e-01   5.2689931738840012e-01
   3.2323899999999999e-03   3.5417737349696077e-01  -1.0653903436135757e+00  -5.1787155152127462e-01   5.4812411423841981e-02   2.2597011574709178e-01
   9.0715000000000001e-04  -1.7654081586475679e-02   7.1840936538920808e-01   2.7637152843878092e+00   2.5066252586693244e-01   4.6609271742156105e-01
   2.6705100000000001e-03   1.6042176184936342e-02   9.3791983286418978e-01   1.4244657802621719e+00   7.7712108050151302e-02   2.6851011177368650e-01
   5.9570999999999995e-04   2.4627894990832293e+00   1.4209168057919117e+00   1.1443436882634559e+00   2.9991908357636260e-01   5.0601177116338314e-01
   3.0022400000000002e-03  -1.2173036388215148e+00   8.8457542195710959e-01  -5.2426529360763241e-01   7.3914516531838725e-02   2.6201595338745970e-01
   6.8104999999999999e-04  -1.3189407396835404e+00   2.3979294288684687e+00  -1.3238190461151422e+00   3.1078022789623178e-01   5.1371333349845205e-01
   2.5297300000000000e-03   7.4032313956957940e-01  -1.5128196799603306e+00   2.0815725633859108e-01   7.4656884802302967e-02   2.6306219212369641e-01
   2.4454099999999999e-03  -8.6732919619691440e-01  -5.0843303779950166e-01   1.4737242183109307e+00   8.1666848735405126e-02   2.7475610629520231e-01
   1.8670600000000000e-03   1.7497281205613469e+00  -7.0070352187227891e-01  -8.7215181595710667e-01   9.8768178003798904e-02   3.0199399431683988e-01
   2.5964199999999999e-03   4.3083807775427191e-01  -1.5899338725649053e+00  -3.4561827611333779e-01   7.4563085829081471e-02   2.6283911623232376e-01
   2.6204300000000000e-03   9.9856985077105542e-01  -9.0983600005623277e-01   9.1983717501666640e-01   7.0261410137606284e-02   2.5548624983657398e-01
   4.1725399999999998e-03   2.3424297501669256e-01  -5.0429635909706716e-01   2.9058223832773339e-01   4.4469224817640526e-02   2.0353340277004769e-01
   4.0172899999999998e-03  -3.1423065867981953e-01   4.8198535039990864e-01   5.6569750648838824e-01   4.7486251708912811e-02   2.1023664105729478e-01
   9.5932999999999999e-04   1.3126976968571136e+00  -1.6381549988395205e+00  -1.8469335174562442e+00   2.3138291532639835e-01   4.4846191912295547e-01
   8.4389999999999997e-04  -2.6404907400874635e+00  -9.1064228260239355e-01   7.9695555426070730e-01   2.6772492377830120e-01   4.7984282546131823e-01
   7.9515000000000000e-04  -1.2418954321737039e+00  -1.1924286804566842e+00   2.4399194062668013e+00   3.0130994738513028e-01   5.0892521232236143e-01
   4.1011700000000003e-03  -7.5688617468303288e-01   2.2571720304841644e-01   5.1219079683384827e-01   5.1580682795432951e-02   2.1927456466807213e-01
   8.1623999999999998e-04  -1.7700629290747922e+00   1.3959233833152269e+00  -1.8556540229447689e+00   2.7141600276996747e-01   4.8087078673809880e-01
   3.2511699999999998e-03   8.1790125714387096e-01  -3.5076604450847604e-01   1.0124394637715575e+00   6.1127726592893263e-02   2.3837968355299369e-01
   2.4829100000000001e-03   1.4422856784372782e+00  -8.9040055653469441e-01   4.5173027653664072e-01   7.8434332679038515e-02   2.6959986485623300e-01
   2.7168700000000001e-03   1.6049779315271906e+00   3.1615458961023796e-01  -3.3499376971336764e-01   7.5304494754605975e-02   2.6435985835275427e-01
   1.9790099999999998e-03  -2.1142339438078661e+00  -8.6569521815700046e-02  -2.7766157521984192e-01   1.1234413524555682e-01   3.2166078009425964e-01
   2.1528099999999998e-03   8.4590809661262256e-01  -1.1389201591685847e+00  -1.2609544726990269e+00   8.4840025450870965e-02   2.8021644176551902e-01
   3.6878200000000001e-03   3.6460396197174344e-01   1.0351953636194913e+00  -5.0581558324167908e-01   5.8763284867071539e-02   2.3386953936991695e-01
   1.9305200000000000e-03  -1.5051977738736928e+00  -1.2252353880859397e+00  -4.7083043764196802e-01   9.0710659872500723e-02   2.8958153088012750e-01
   1.7606700000000000e-03  -2.0274813739366380e+00  -7.2856086262283815e-01  -6.6262130435195210e-01   1.2392488739973928e-01   3.3777384048747383e-01
   4.7724600000000001e-03  -7.7999106030982271e-02  -1.5728034584054149e-01   1.7305715640215513e-01   4.3963363764007564e-02   2.0222682091693109e-01
   1.9335299999999999e-03   1.6183521354895303e+00   1.3091163845727058e+00  -1.1049696537761673e-01   1.0381136778018754e-01   3.0912493597426588e-01
   2.7167799999999998e-03  -1.4307063416828971e+00  -6.4607825072397174e-01   3.8837186954439401e-01   7.1061864432107297e-02   2.5671606086224952e-01
   1.7775000000000000e-03   6.4898295839876186e-01  -1.9426265107899472e+00   8.2654563226877997e-01   1.1628981294146221e-01   3.2728649144751043e-01
   2.0168700000000000e-03  -8.7604781555153610e-01  -1.7060666132966817e+00  -1.6275352480931819e-03   8.4732488852046345e-02   2.7987320045087782e-01
   9.0322999999999998e-04   2.0200961928447434e+00   1.3855399858014599e+00  -1.4221282080139459e+00   2.3893179792155794e-01   4.5428918319315270e-01
   2.4727000000000000e-03  -5.5100739761643003e-01  -1.3562175136600838e+00   9.5809390512258430e-01   7.7558461153514044e-02   2.6820563464028491e-01
   1.7386800000000000e-03   3.7476537372242696e-01  -1.6349726803755558e+00   1.3966317918991160e+00   1.1215945313533160e-01   3.2072539798950500e-01
   2.3334900000000001e-03  -1.3346978978248376e+00  -1.1605340952194909e+00   1.7981959200031758e-01   7.7770996953873864e-02   2.6832285185074944e-01
   1.5703399999999999e-03  -1.1500455757839263e+00  -3.2575493211569451e-01   2.0381430907307001e+00   1.3664146553685058e-01   3.5454336534035319e-01
   3.7881000000000000e-03  -1.6072823906998518e-01  -9.4337254183177544e-01  -3.2740373193890188e-01   5.1199636967067454e-02   2.1846118574437659e-01
   2.7635600000000000e-03   8.4159858602052495e-01  -1.2088596191547141e+00  -6.5710499152762192e-01   7.1427794137709402e-02   2.5750365163780087e-01
   4.8631999999999999e-04   1.3559700867650724e+00   1.8933370766044837e+00  -2.2153243603885322e+00   3.8013792365584287e-01   5.6581435447827599e-01
   6.6660999999999999e-04   6.0481727583814249e-01  -2.4847787361396980e+00  -1.6811921774340406e+00   3.2360146809126311e-01   5.2419984408551068e-01
   3.5436000000000000e-03   1.2301527426068683e-01  -7.8322631478239024e-01   6.7892799070327647e-01   5.0765215084011071e-02   2.1725322979954992e-01
   1.3397000000000001e-03  -6.7707348562283484e-02  -6.4168635203435243e-01  -2.3107698157031753e+00   1.3041411295240635e-01   3.4575444170935848e-01
   1.6035900000000000e-03  -1.6172207084716992e+00   4.4893932404383635e-01  -1.5356927089182530e+00   1.2137078867624296e-01   3.3391400167436630e-01
   4.3357300000000003e-03   8.7710633003327668e-02   1.4236269421060879e-01   5.1807722922642929e-01   4.4393507890894308e-02   2.0327484561065379e-01
   6.1054000000000002e-04  -5.1396181255978712e-01  -2.9260323087774469e+00   8.5973787743342533e-01   3.2697736621568230e-01   5.2607049108269432e-01
   7.2261000000000005e-04   2.5057388154001807e+00  -7.0788662047715989e-01   1.4218431251273955e+00   2.7420358814505058e-01   4.8555860621693064e-01
   2.1353200000000000e-03  -1.2709690599543682e+00   1.4405186812780564e+00  -1.5948855663271033e-01   8.7802519450741301e-02   2.8513774698687377e-01
   2.7730300000000001e-03  -9.1809363712729464e-01   6.8628473339512597e-01  -1.0380985755626566e+00   6.7075967625551125e-02   2.4949464046109429e-01
   8.1548999999999999e-04  -7.8969176041129274e-01  -1.1980110622559992e+00  -2.5333426773123544e+00   2.6127423958268226e-01   4.7410331615442125e-01
   1.7083199999999999e-03  -4.3507616774643731e-01  -7.8248530955346574e-01   2.1269629783159854e+00   1.3134550408245663e-01   3.4763031649206211e-01
   2.8889300000000001e-03   9.2811974944080899e-01   1.2779790911162303e+00  -3.9385884374725544e-01   7.4947980952035947e-02   2.6371266413169264e-01
   4.6284999999999998e-03   2.2500874611165478e-01   9.3872309387824371e-02  -3.0119537590560796e-01   4.4253313504758786e-02   2.0295885846194947e-01
   1.6616599999999999e-03  -2.2017320094870194e+00   6.1837464656488428e-01  -5.8371266316354864e-02   1.2510393156896440e-01   3.3912629981067938e-01
   4.1784200000000004e-03   4.6736092147701652e-01  -2.3824193943721952e-01  -6.2884676656383665e-01   4.8697076908541165e-02   2.1301308497388480e-01
   8.2742999999999998e-04  -2.4149474013769545e+00   8.8795896957180187e-01  -1.2247249877492545e+00   2.3556018561325082e-01   4.5011167282991432e-01
   1.5453000000000001e-03  -3.7035466816678908e-01   1.1401390992201996e+00   1.9650482402528044e+00   1.2148092982225867e-01   3.3450507975206012e-01
   6.9580000000000000e-04   2.0961848694100218e+00   5.6007080983676139e-01  -2.1146811006532338e+00   3.1007948775105199e-01   5.1269930903244842e-01
   2.5814200000000001e-03   8.8290310143311046e-01   8.1613461944973945e-02  -1.4139756666878542e+00   7.2301586826342606e-02   2.5908400806277582e-01
   2.1877200000000002e-03  -4.8409036256341120e-01  -1.3577743943094889e-01   1.8242157160988639e+00   8.6478376459446490e-02   2.8260957684693216e-01
   2.0334600000000000e-03  -1.7243118948922587e+00   7.7047292341693274e-01   6.0904838708634335e-01   9.2686481351828831e-02   2.9251318213224120e-01
   1.8611000000000001e-03   1.4099273848469926e+00  -1.3472784515650942e+00  -9.0586885325336630e-01   1.1032894216654013e-01   3.1877372001796250e-01
   4.1306900000000002e-03  -7.1660735432842948e-01   1.0936968736964196e-01  -4.6615092131519778e-02   4.6328323983481572e-02   2.0770393894234859e-01
   1.6586400000000001e-03   1.4249640305394280e+00  -8.7340396394111397e-01  -1.5343467812895994e+00   1.2141254261856269e-01   3.3423212049429735e-01
   2.2478699999999999e-03   4.9696962336650186e-01  -5.0208728164889571e-01   1.6175989591068765e+00   7.5464349268467013e-02   2.6394097260318727e-01
   3.4045299999999998e-03   1.2870932390013641e+00  -8.1672179317364063e-02  -3.7026699148561111e-02   5.9809919399711371e-02   2.3579595954204330e-01
   6.7719000000000004e-04  -4.8016400721149760e-01   8.5267495088808254e-01  -2.8878749698891375e+00   3.1585137295757815e-01   5.1792825159142342e-01
   1.8392000000000000e-03  -1.9507716542875198e-01  -1.1576157804402905e+00  -1.8201377812566077e+00   1.1215213794998054e-01   3.2141618828176477e-01
   3.4700299999999998e-03   7.1247588732408473e-01   1.9316362928709441e-01  -8.8738163583593677e-01   5.4741589090881448e-02   2.2553498141655620e-01
   1.7365200000000001e-03   1.9193156921561758e+00   8.2442445140619514e-01  -6.6104383153384749e-01   1.1174964038995483e-01   3.2098705990496934e-01
   2.7329899999999998e-03  -1.2088763669054921e+00  -5.4875338095128234e-01   9.4819610009388755e-01   7.2416366363511814e-02   2.5918258271829164e-01
   2.4180199999999999e-03  -1.1069254023134483e+00  -1.0891095297024491e+00   8.7353893539869665e-01   8.0136586878669938e-02   2.7232877428303065e-01
   1.8834200000000000e-03  -3.9924053337297566e-01  -1.7514069584289245e+00  -9.2121277591094619e-01   9.4210085831301429e-02   2.9409380523818507e-01
   5.8900000000000001e-04  -2.2228388333498583e+00  -8.6183486238432250e-01   1.9608761588479757e+00   3.1074795890311130e-01   5.1455458164379475e-01
   1.5316300000000000e-03  -1.9672412274238198e+00  -1.1957204213200250e+00   1.3945907266830298e-02   1.2293417462237122e-01   3.3601188434752721e-01
   3.4325599999999999e-03   7.6031595988091200e-02  -1.2920507884181334e+00  -4.1804462895703061e-02   6.0481046571506582e-02   2.3713958848492503e-01
   2.4946299999999999e-03  -1.4883414567399516e+00   8.5949140537168278e-01   2.4784543287588057e-02   7.4745680117097965e-02   2.6355388426012061e-01
   3.4701699999999999e-03  -5.7556371144099200e-03   7.9912580038200187e-01  -7.6912920256856943e-01   5.2830860100021165e-02   2.2150477285927209e-01
   4.4256100000000000e-03  -3.3128369427145349e-01   2.0666698217946836e-01   2.1525645752916106e-01   4.3561406200625527e-02   2.0141950741208961e-01
   3.9871300000000002e-03   3.9250593120690891e-01   1.7351689812951662e-01   9.1096146038695791e-01   5.3928667677533952e-02   2.2388309147049262e-01
   2.4210400000000002e-03  -1.6131868860844916e+00  -1.5616128542713223e-01   6.2644953943618775e-01   7.5807198482784069e-02   2.6508026475181140e-01
   1.2107400000000001e-03   1.0672382416225175e+00   1.7746808445002225e+00  -1.3911487542833327e+00   1.4473743928596630e-01   3.6372541964161703e-01
   3.4005699999999999e-03  -6.4085554174897441e-01   8.3790102243532738e-01   5.1799419685554837e-01   5.4581434146948507e-02   2.2522649221488805e-01
   1.4528399999999999e-03  -1.6919329434609358e+00   1.3176540138973161e+00   1.0648655700070726e+00   1.3652961856397544e-01   3.5386640801472441e-01
   2.6616200000000000e-03   1.5304188807316512e+00  -2.7710086526786631e-01  -5.0423437332330934e-01   7.2213772968014553e-02   2.5866412683782497e-01
   3.8095999999999998e-03   1.3717806196409416e-01   8.5719696072097362e-01   8.3198731792364200e-02   4.7678578314287255e-02   2.1053451677352913e-01
   3.1971199999999999e-03  -1.1301751698699236e+00   6.6628125403334859e-01   4.6252989011630985e-01   6.2814063316199140e-02   2.4164717803513200e-01
   1.4062100000000000e-03   1.6229444447267516e+00  -6.1459898365407772e-01   1.6006939252228649e+00   1.2730691387204265e-01   3.4186227270928482e-01
   5.6263000000000005e-04   2.1608059910460700e+00  -7.3870329269815604e-01  -2.1572600679413725e+00   3.4734123235106473e-01   5.4113254901212293e-01
   1.6800100000000000e-03  -3.3826436154525954e-03   2.1805189551897413e+00  -5.7984576458159998e-01   1.2112964172452993e-01   3.3392248656085421e-01
   3.4239399999999999e-03  -5.9461511849416204e-01   2.3715936838915638e-01  -9.8989644201897309e-01   5.4763461003692122e-02   2.2571630582076760e-01
   2.3816100000000002e-03   1.3814735988528049e+00  -2.1855450931480389e-01  -1.1821553249475820e+00   8.4132606001180749e-02   2.7922240139799132e-01
   2.6155699999999998e-03  -4.6230667316997279e-02  -1.4244700623558810e+00  -6.0808609772053823e-01   6.4946250183535545e-02   2.4526971189325825e-01
   7.0292000000000000e-04  -2.3240499784474422e+00   1.5858196722260770e-01  -1.9033192156868872e+00   3.0037532287958157e-01   5.0450088738192056e-01
   1.5309500000000001e-03   1.2650031001403736e+00   1.9128982474269571e+00  -1.7511730984467724e-01   1.2166073855745269e-01   3.3434952739607859e-01
   1.2616900000000000e-03   2.0390074783896406e+00  -2.1431490729363672e-01  -1.4661161894116117e+00   1.5494979180503540e-01   3.7616023068344245e-01
   2.8880500000000001e-03   1.2726245023053893e+00   8.2452257026502618e-01  -6.3426360223150313e-01   7.6443757596254741e-02   2.6629165410637973e-01
   4.0635100000000002e-03   7.0834121733775590e-01  -6.2976600959464413e-01  -4.2101472615988955e-01   5.4664422317612177e-02   2.2573151666167438e-01
   3.5444000000000001e-03   3.9154523175277822e-01  -1.0459731577232296e+00   3.0714479128718064e-01   5.4532367095178079e-02   2.2539728102921205e-01
   4.0328700000000000e-03   5.8482288546281125e-01  -2.0078815369038880e-01   6.0282547315365842e-01   4.9347601438212228e-02   2.1427741432195241e-01
   4.0188600000000000e-03  -3.4654884337319564e-01  -5.3909283131879493e-01  -6.1259686333123919e-01   4.9925608456865216e-02   2.1546908009602680e-01
   5.8288999999999997e-04  -1.3685645398603854e+00   2.7883464749239582e+00  -1.1726959951778446e-01   3.2853359568507529e-01   5.2644639914953617e-01
   1.4519800000000001e-03  -5.6474022861193296e-01   2.2842394882541268e+00   7.4577069784928965e-02   1.2861560052721913e-01   3.4340219573751823e-01
   1.8823600000000000e-03   1.1721937779255966e+00   5.5785497414502405e-01   1.6638640203038715e+00   1.0551306827849431e-01   3.1199775678968389e-01
   7.1372000000000004e-04   1.7022604051119659e+00   2.3395719227255163e+00  -8.8017927839535059e-01   3.0824149457447453e-01   5.1327314493939313e-01
   1.3330300000000000e-03  -1.1029398240153357e-01  -1.9037354276854377e+00  -1.4662020543020533e+00   1.3237244564994127e-01   3.4817058056584899e-01
   2.4172199999999999e-03   1.5575314946086354e+00   1.9311849247670515e-01   8.4359289043909691e-01   8.0126200505870396e-02   2.7235574934642570e-01
   4.1065299999999997e-03   1.7150607398096182e-01   5.7416231401022400e-01   5.1194938003230861e-01   4.7687243771590823e-02   2.1065581490309762e-01
   2.6610900000000001e-03  -1.5230168699213713e+00  -1.7182727919934979e-01  -5.7557654179731699e-01   7.1888114855213001e-02   2.5820606358856590e-01
   1.7213199999999999e-03  -2.0532504983434585e-01   1.4746707416051392e+00  -1.6185694330257991e+00   1.1058348979893874e-01   3.1958920748080444e-01
   3.3649399999999999e-03  -1.0793441306770529e-01  -3.0292587965912172e-02  -1.3214992105400383e+00   6.0994571757252633e-02   2.3825154060880663e-01
   3.6621000000000002e-03  -3.4368438843517540e-01  -1.5865182329785496e-01  -9.2176031760778132e-01   5.0141363245228707e-02   2.1596747656088641e-01
   3.2713500000000001e-03   1.0188247872719831e+00  -4.9862667348924389e-01   5.0215834561348716e-01   5.5467919219924708e-02   2.2728835378113305e-01
   1.6355300000000001e-03   6.1596109319850179e-01  -9.5734128963371568e-01  -1.9281258702603481e+00   1.1616046092005151e-01   3.2703213760606953e-01
   2.3580200000000002e-03  -1.0305637241152721e+00   2.5704771842216984e-01  -1.3826964027251798e+00   7.4627531830797678e-02   2.6294328489275637e-01
   3.7982699999999999e-03   5.3758779355983333e-01   6.3348454658103848e-01   2.1994619384759026e-01   4.7227630501848208e-02   2.0961162328315469e-01
   1.0633900000000000e-03   5.8604598894042514e-01   2.5876711011025133e+00  -2.7982697432326586e-01   1.8739422861147528e-01   4.0865175312163698e-01
   9.7781999999999990e-04   1.1257787874579330e+00   4.9320479786974264e-01   2.3572580129150453e+00   1.7212610400469935e-01   3.9367865559662318e-01
   3.5743200000000002e-03   1.0885662549041519e+00  -5.8278772546461166e-01  -2.4831214869652393e-02   5.9242022604119517e-02   2.3453455717726393e-01
   1.8661400000000001e-03  -4.3977841841199122e-01   1.9719166972817610e+00   7.5653881880843787e-01   1.1152964447643149e-01   3.2038724652266726e-01
   3.2531399999999999e-03  -9.9455119868489672e-01  -7.0541376464743802e-02  -8.5126488154563940e-01   5.9040229120734103e-02   2.3426190426640539e-01
   2.9335199999999998e-03  -6.1944586990560258e-01  -8.1881599344130762e-01   1.1373756541997184e+00   6.8676037777165383e-02   2.5239987972432693e-01
   3.1273199999999998e-03  -9.0268121896801956e-01   1.0443450710222733e+00   8.5147079121907387e-02   6.1448639531538465e-02   2.3900954543423025e-01
   2.5717900000000000e-03   9.6487957963695736e-01   1.1711744173019827e+00   7.4947728577396544e-01   7.4645684997354939e-02   2.6325638597954476e-01
   1.7547400000000001e-03   1.0428809919115278e+00  -1.6203724679474280e-01   1.9315288568278122e+00   1.1427846873581987e-01   3.2441537068741066e-01
   3.4434800000000001e-03  -4.6361374074395240e-01  -1.1098081041210972e+00   9.4806061129664915e-02   5.6208582065708834e-02   2.2861118637408381e-01
   6.1056999999999995e-04  -2.2022106410048390e+00   1.8240070338356194e+00  -1.0345914283104487e+00   2.9715561079961927e-01   4.9926984505549382e-01
   1.4050099999999999e-03   1.8371922460271223e-02   2.2816325133786106e-01  -2.4148852838250758e+00   1.4012821048763718e-01   3.5848822082584408e-01
   7.4160999999999997e-04   6.7639314181203658e-01  -1.1423532274071095e-01   2.9030798673671048e+00   3.0312568179089389e-01   5.0531947018937062e-01
   1.6997399999999999e-03  -4.3359205569267362e-01   9.0370231322106431e-01  -1.9512887659948781e+00   1.1288097446417131e-01   3.2149298819624883e-01
   1.6756200000000001e-03  -1.3353487606016403e+00   1.5601788553587534e+00  -8.2007335571843731e-01   1.1339131810361179e-01   3.2270822982252312e-01
   1.4018500000000001e-03  -1.2057637570380428e+00  -1.6237260370790503e+00   1.2283697086397953e+00   1.2779146024825977e-01   3.4238842389457913e-01
   1.7743600000000000e-03  -1.9025720177721839e+00  -9.8312528602837110e-02  -1.0849068051556159e+00   1.1530284556383040e-01   3.2515657136057941e-01
   1.6074699999999999e-03  -1.0634974743303913e+00   1.7104205961526420e+00   9.9727899550005972e-01   1.1502251867705382e-01   3.2517760150599301e-01
   3.1124899999999999e-03  -8.8463526191754926e-01  -6.5596620092220476e-02   9.6763492649516913e-01   5.7824775594114440e-02   2.3167698884342061e-01
   3.8966299999999999e-03   2.8133313157486411e-01   4.4266507955925055e-01  -6.8981436795771534e-01   4.8153110161372470e-02   2.1171319864956586e-01
   2.7705600000000000e-03  -8.1268814242658594e-01  -1.2776858244795590e+00   4.2674035614587735e-01   6.8986246348545860e-02   2.5305579149419616e-01
   6.6293000000000005e-04   1.6970413089194372e+00   2.1132318997126562e+00   1.3955570339135142e+00   3.0990466336547307e-01   5.1414641244227155e-01
   3.8717999999999999e-03   1.7415299663937589e-01  -5.9650530828299819e-01  -5.2215479512054841e-01   4.6096616962745939e-02   2.0730205866512311e-01
   3.6105299999999998e-03  -5.9952571229328344e-01  -7.6159288970005612e-01  -2.9983879203089064e-01   5.0440586194212114e-02   2.1653815490650138e-01
   1.9872200000000000e-03  -1.3667940660709865e-01   4.9208871579435387e-01   1.9151411084709156e+00   8.9901951540507591e-02   2.8847731713174046e-01
   3.0385600000000000e-03   4.5297650545087403e-01   7.9359184189524068e-01  -1.0356323308671638e+00   6.0379760851215547e-02   2.3680101218092878e-01
   2.9249699999999998e-03   1.3282138210144567e+00   7.9244805143033448e-01  -6.0935738084203613e-02   6.9264790417693539e-02   2.5357492127120318e-01
   1.7387600000000000e-03  -1.4628819852976394e+00  -8.6419776860740660e-01   1.4856332679936666e+00   1.2423090048346723e-01   3.3776262288894848e-01
   1.1159399999999999e-03   1.0385623301245432e+00  -9.0171538543950225e-01   2.2882217071147593e+00   1.9393068983786932e-01   4.1455430033859175e-01
   1.2941599999999999e-03  -1.0806672927747833e-01  -2.6996116335283354e-02   2.3808781878279439e+00   1.2531177278896416e-01   3.3880076399738168e-01
   1.3892600000000000e-03  -1.2151265817398513e+00  -8.8112426908900021e-01  -1.7894912189047203e+00   1.2280151069261144e-01   3.3536368402549943e-01
   8.5008999999999996e-04   2.4291154950789919e+00   1.4712583486064150e+00  -4.9969911851236110e-01   2.5395083649351829e-01   4.6820296847529658e-01
   4.2296800000000004e-03   6.0162223863001996e-01   2.5839663881201153e-01   4.6572360893983283e-01   4.8823223485307023e-02   2.1330747521835397e-01
   1.4380100000000000e-03  -1.9131837950018848e+00   1.3533161894918915e+00   2.5487892474624740e-01   1.2637911224103909e-01   3.4091095782716041e-01
   2.1951900000000001e-03  -1.1107806659936420e-01  -1.9485641364148936e+00  -1.7967201867029015e-01   9.4109775295629597e-02   2.9487360883640568e-01
   2.8791600000000000e-03   6.0614519697209357e-01  -1.0671044580291698e-02   1.3995520165866453e+00   6.7440762747369917e-02   2.5000466553378592e-01
   7.5841999999999999e-04   2.6462104116724716e+00   6.1694607413656344e-01  -1.1405700562218073e+00   2.7780234877485604e-01   4.8569490547583599e-01
   2.6557500000000001e-03   1.5391864455512907e+00  -2.9017490458850548e-01   4.0176009111394839e-01   7.0488347653325331e-02   2.5551778840235762e-01
   3.0062200000000000e-03   1.0875219757155083e+00   5.0695956268051046e-01   5.5613391391567335e-01   5.7340055571660664e-02   2.3069061841730679e-01
   2.4636900000000002e-03   1.5040153190046059e+00   9.0907780508850189e-01   5.1179888910158933e-01   8.5361861408878165e-02   2.8126620785243944e-01
   2.5301999999999998e-03   5.6702183675201079e-02   8.5002697347880052e-01  -1.4283250136809960e+00   7.1301659342278972e-02   2.5725214627302612e-01
   1.8863400000000000e-03   9.6938556213101201e-01  -1.7685539216517245e+00  -3.7619774539715295e-01   9.7567872693955629e-02   2.9962028499667481e-01
   1.7384400000000000e-03  -1.9474540175707460e+00   4.6575433715811410e-01  -7.5024867335007006e-01   1.0442361292334204e-01   3.1015076833903904e-01
   3.3603200000000000e-03   7.1437597456925228e-01  -1.0733095567439228e+00  -1.3499147336116263e-01   5.9691388796920999e-02   2.3553303841575729e-01
   8.3131999999999998e-04   2.9243263863241449e+00  -4.2412399743378359e-01   3.2415356465762385e-01   3.0059446505734788e-01   5.0894925998132301e-01
   5.2262000000000001e-04   2.0428431052325952e-01  -4.3115249868991379e-01  -3.1848270684415083e+00   3.7196140612612844e-01   5.6480047673548639e-01
   8.3918999999999997e-04  -7.2651899326607441e-02  -2.9061713082294509e+00  -1.9675688276376907e-01   2.6807657811950047e-01   4.8011318939567060e-01
   7.5020999999999996e-04  -2.1716683084563502e+00   1.0312120921962478e+00   1.8060514190478336e+00   3.0132947238115804e-01   5.0873931850094167e-01
   6.6956999999999997e-04  -2.3439835339395660e+00  -1.9438988351941984e+00   2.8028943512727955e-01   3.1411723216882281e-01   5.1691553334498885e-01
   6.4499999999999996e-04  -2.7421303300978397e+00   7.2101857577584971e-02   1.3744664404776317e+00   3.1630287877421703e-01   5.1853019868868822e-01
   1.2564399999999999e-03  -1.8320414219434982e+00  -6.5582159133910711e-01  -1.4920021044154745e+00   1.3896364644067688e-01   3.5620504562946920e-01
   2.8210900000000001e-03  -1.2800726701234113e+00   2.6239003771608344e-01   7.5612843388807949e-01   6.5262355143898512e-02   2.4607585480104111e-01
   1.7285300000000000e-03   2.0452786665994327e+00  -2.9197206225556738e-01   8.5516502941202910e-01   1.2025809327927844e-01   3.3268692697333635e-01
   2.6079599999999999e-03   9.8466148125925035e-01   5.7871755602573505e-01  -1.1085929582150860e+00   6.8263998381680263e-02   2.5145236968911994e-01
   1.7339400000000000e-03   2.3278019352788720e-01  -2.1361966235641288e+00  -7.6160999911798810e-01   1.2772188570297149e-01   3.4268204440142402e-01
   1.6161900000000000e-03  -1.4055684028710902e+00  -1.6845973199067064e+00   4.9547797148955947e-01   1.1670917110899276e-01   3.2761731486520107e-01
   1.4741699999999999e-03  -1.4600777917848273e+00  -1.8714181293031371e+00  -2.6726897843541231e-01   1.3824910070357452e-01   3.5607009742330031e-01
   1.5677899999999999e-03   2.2374595220480762e+00   3.5173876959323197e-01   5.4250713384407079e-01   1.3068875057634030e-01   3.4598725606297820e-01
   2.5921899999999999e-03  -8.1949309349569643e-01   1.1658039886283758e+00  -8.1969927593168102e-01   7.1763856161780229e-02   2.5764434401347908e-01
   1.0067399999999999e-03  -3.9027840558808091e-01   2.3040307232459538e+00  -1.4423677232070939e+00   2.1584847339787963e-01   4.3380852368860762e-01
   1.6760000000000000e-03   1.3459826205986196e+00   3.6507729065531991e-01  -1.6725915455923479e+00   1.0814089249576671e-01   3.1521051973490127e-01
   3.5510899999999998e-03  -4.3142036516821913e-01  -8.9831590949635354e-01   6.2493699734966568e-01   5.5671198366980514e-02   2.2767827462835519e-01
   4.4332399999999998e-03   2.8711285751048543e-01  -3.1946828048289722e-01  -1.6805754940558751e-01   4.3760963794770576e-02   2.0182344250354792e-01
   3.2666900000000000e-03   2.0773948942279988e-01   8.0078713104121968e-01   9.6174031788522341e-01   5.7701369606436924e-02   2.3139763496201957e-01
   2.1715400000000000e-03  -1.3242276624058447e+00   6.7919095023602161e-01   1.1663663425272621e+00   8.6397811149648882e-02   2.8241494534079231e-01
   3.4074999999999999e-03  -3.5585696025506497e-01   8.1562231428639409e-01   9.8868435477934802e-01   6.1385970732693231e-02   2.3909890746679355e-01
   7.9982999999999996e-04  -2.7703753595474807e+00  -9.0709572218736034e-01  -2.4652955914542699e-01   2.7035391144291893e-01   4.8113259937480096e-01
   2.7405500000000000e-03   1.5595271476420638e+00   3.1655532033912043e-01   2.8453605603991822e-01   7.1248725699963808e-02   2.5715202585173147e-01
   2.9634499999999999e-03   8.5752303935190011e-01  -2.7206547122170877e-01  -9.4249032987826220e-01   5.5822705194601953e-02   2.2758554827225305e-01
   3.5759799999999999e-03   1.0304818314253161e+00   3.4871470988467390e-01   1.1957181620444721e-01   5.3027301713421841e-02   2.2194454745479869e-01
   3.4424600000000001e-03  -1.1002224173435990e+00   4.1180661502144750e-02  -3.2067949279911340e-01   5.3458824982312060e-02   2.2298635667869759e-01
   3.1973200000000000e-03   1.0008507531314763e-01   1.3134632291126731e+00  -8.4318796121061079e-02   5.9662598785770675e-02   2.3523550711474139e-01
   8.5265999999999998e-04   9.3433842103774878e-01  -2.7092953766144126e+00  -5.6513686449455280e-01   2.7459134803922830e-01   4.8710233530098473e-01
   5.8310000000000002e-04   1.3607785179334018e+00   2.7777510718146448e+00   2.0547388853394599e-01   3.3188025567534035e-01   5.2723251399611948e-01
   5.9750000000000005e-04   3.0308147586933440e+00   8.4809338843535320e-01   1.6200930264493940e-01   3.5448755326212583e-01   5.4959227251638521e-01
   1.5793300000000001e-03   1.4449055995108371e+00   1.6985840726452508e+00   5.8960619646538770e-01   1.2608777904268612e-01   3.4011957730468312e-01
   2.8417099999999999e-03  -3.2321328117508286e-01   3.4726495799517271e-01   1.3979174849083529e+00   6.4027840676424669e-02   2.4368227866842845e-01
   7.1372000000000004e-04  -1.5018686370271868e+00  -2.4376278166346514e+00   7.6363290666062278e-01   2.6612238272733357e-01   4.7957159305488289e-01
   6.4535999999999999e-04  -3.5077752408206825e-01   2.9843647896350141e+00  -6.1809561484328335e-01   3.1680518818120723e-01   5.1867774330598249e-01
   2.9017499999999998e-03  -1.5175422489742172e+00  -1.7770311115343962e-01   1.4929057692613783e-02   6.7566721495095433e-02   2.5036645885887915e-01
   3.4763099999999998e-03  -1.1569224965059535e-01   4.4470910344098202e-01  -1.0819561259479651e+00   5.5153987533230156e-02   2.2637128182295116e-01
   3.4359000000000000e-03  -1.1461330005840566e+00   1.8215454138161610e-01   1.9959522177725875e-01   5.4927068445184891e-02   2.2595243877877427e-01
   5.4878000000000001e-04  -1.7623633724193437e+00  -5.8541189801294657e-01  -2.5492161091619310e+00   3.4657460079497615e-01   5.4186535786341539e-01
   2.4765799999999999e-03   1.1889558181007254e+00   6.6243574860579602e-01   1.0664350255543316e+00   7.5647915929809559e-02   2.6500064057034528e-01
   3.8763000000000001e-03  -5.3661004724048611e-01  -6.2633999642257721e-01   1.6820550803807374e-01   4.7501181132936228e-02   2.1016900674273808e-01
   3.5173100000000001e-03  -1.8519344367462273e-01  -5.1653107747541493e-01   9.6337151503191853e-01   5.2425382832180970e-02   2.2094616586186505e-01
   2.4116400000000001e-03  -1.3755829544681648e+00  -6.1866014526997626e-01  -8.7659621146387801e-01   7.6544411381180053e-02   2.6615280126365853e-01
   1.8109400000000000e-03   1.9738926945826265e+00   2.8102305107947829e-02  -7.8606027198203010e-01   1.0412238364290739e-01   3.0969936562300376e-01
   2.5833000000000002e-03  -8.6644245191417169e-01  -8.9478018922960001e-01  -1.2235585134328111e+00   7.9835863089422074e-02   2.7207768921265996e-01
   3.4245299999999998e-03  -4.2016371114420567e-02   4.0412164749657975e-01   9.2407138165630753e-01   4.8722049726557602e-02   2.1277266294207686e-01
   3.2556700000000000e-03   1.1156569663229485e+00  -1.0809105104211866e-02   5.8197604933990144e-01   5.7247567610206669e-02   2.3052076028470950e-01
   1.6765400000000000e-03  -7.3670191391189510e-01  -1.9171724770804204e+00   7.1511431620724764e-01   1.0676875234091357e-01   3.1319877171193755e-01
   3.7634900000000000e-03  -7.7016178811519301e-02  -8.4396798892338909e-01   1.9266502240893035e-01   4.6750443542129323e-02   2.0876227577495479e-01
   6.7449999999999997e-04   2.1371591169782169e+00   2.0961452661151703e+00   2.0398970409924388e-01   2.8281278059951476e-01   4.9090285252808435e-01
   2.4268800000000002e-03   2.4270374911236778e-01  -1.6590896930564047e+00   3.2451419106063861e-01   7.3006106553089797e-02   2.6023755931968268e-01
   2.7188500000000001e-03   5.9317730522431188e-02  -1.0685037351386067e-01   1.6202754943813298e+00   7.1491618662259421e-02   2.5750800787400785e-01
   2.7360700000000002e-03  -4.5063269742350748e-01  -1.4478822722860294e+00  -3.2071067228966210e-01   6.7144697935888994e-02   2.4945083788976213e-01
   1.8025500000000000e-03  -8.3079621010841531e-01  -1.1851847231933845e+00   1.6305288922786476e+00   1.1513517506149576e-01   3.2474738876356668e-01
   2.4133499999999999e-03   1.1952576034263651e+00  -1.2859554491734290e-03   1.3059607608105184e+00   7.8673217841395221e-02   2.7007313635007607e-01
   3.0860200000000001e-03  -8.2727866929138616e-01   5.1926729093467161e-01   9.3702815424454100e-01   5.9483110535325324e-02   2.3505436616856926e-01
   1.5563500000000000e-03   7.9792735749321497e-01   2.0809951185974764e+00   4.1348807077505334e-01   1.1744108455413914e-01   3.2836633182615060e-01
   1.2423499999999999e-03   2.0847634090183251e+00   1.1967825877378593e+00   4.6456357510957597e-01   1.3691940696661897e-01   3.5384243124830611e-01
   1.8433400000000000e-03   1.0553087839754027e-01   2.0998154083286811e+00   2.1712111918995020e-01   1.0346769546095157e-01   3.0885439387510283e-01
   2.2533399999999999e-03   6.5811013930639040e-01   6.8085929083811625e-01  -1.5663954856281446e+00   8.0966165625654729e-02   2.7378533783989045e-01
   5.6946000000000004e-04  -1.7850874114794826e+00   1.4187870619196258e-01   2.5509506690164936e+00   3.2974179763940192e-01   5.2959540806231586e-01
   3.1303500000000001e-03  -9.8845059338969976e-01  -7.8409069757408612e-01  -5.0208736345797728e-03   5.5754965287982891e-02   2.2740630169654871e-01
   1.0912700000000001e-03  -1.8628782644669561e+00  -8.7947464664701464e-02   1.6817326378426378e+00   1.3878957876653933e-01   3.5625031432688475e-01
   3.0222900000000000e-03   9.0483045970065379e-01   8.9324452335981031e-01   3.0905165809376128e-01   5.6626776520340788e-02   2.2925785867121673e-01
   6.1917999999999999e-04  -6.7243007404103694e-01  -2.1299520492995918e+00  -2.0904963117856687e+00   3.1229571427963526e-01   5.1364613507645585e-01
   2.1374200000000001e-03   1.0106474061979525e+00  -6.7866941096365951e-01   1.4659163710655652e+00   8.7002778352334720e-02   2.8316421941643805e-01
   2.9056300000000002e-03  -3.3507428174003609e-02  -1.0414956120116416e+00   1.0518108503584223e+00   6.4796361882360390e-02   2.4519132321674766e-01
   6.0493000000000005e-04  -1.5996576417145117e-01   2.6340489844467823e+00   1.5677326587718421e+00   3.0457269939806836e-01   5.0792462326453192e-01
   2.1391100000000001e-03  -2.8011887117113599e-01  -1.2248662635225702e-01  -1.8622348471004522e+00   8.4446255727240502e-02   2.7929261652138893e-01
   9.5436000000000002e-04  -1.8128016778221199e+00   1.9761100255841177e+00  -2.5763250350542755e-01   1.8578205316193652e-01   4.0597398893207431e-01
   7.0403999999999996e-04   7.5549277864337860e-01   2.6292606707931947e+00   1.0637597770359355e+00   2.4994711624723334e-01   4.6353889042091106e-01
   2.3488599999999999e-03   3.8743721838461048e-01  -3.2655397415978775e-02  -1.6985683690301674e+00   7.5244493703338591e-02   2.6368308726110845e-01
   1.1529999999999999e-03   1.6506147915594511e+00  -1.8788332533260701e+00  -4.0048570169233350e-01   1.4917184813994364e-01   3.6892416164211234e-01
   1.1934300000000001e-03   1.1718973057863304e+00   1.0095342047636506e+00  -2.0330211296604701e+00   1.6056274416577118e-01   3.8178755291272165e-01
   5.8867000000000001e-04   6.5212127649381535e-01   9.0197316566731400e-01  -2.8946781722243391e+00   3.2096161465581019e-01   5.2372971466708995e-01
   4.6601999999999999e-04   9.5227577334903102e-01   1.3212940680247496e+00   2.8072644246194849e+00   3.8209002844063433e-01   5.6678631122869194e-01
   5.7465000000000001e-04  -2.6663848919067523e+00  -8.9353615530317132e-01  -1.3605374354403830e+00   3.2728934227119644e-01   5.2765051362662962e-01
   0.0000000000000000e+00   0.0000000000000000e+00   0.0000000000000000e+00   0.0000000000000000e+00   8.8112034211674878e-02   2.7314993309379326e-01
