   1.3456099999999999e-03  -2.1788665680222263e+00   2.5325572803327140e-01   1.5250226335748492e-02   1.1604062946398921e-01
   1.9072600000000000e-03  -8.0816191462234654e-01   1.5982285418495312e+00   9.7391463008956076e-03   9.2738576410586984e-02
   2.2842299999999999e-03  -1.6025199358132569e+00   2.8262530517407092e-01   8.7108271929399305e-03   8.7841102780839689e-02
   1.3226500000000001e-03  -7.4819381779706606e-01  -2.0636607218728313e+00   1.5176165361589704e-02   1.1562882308493551e-01
   3.0999800000000000e-03   8.8752491623716967e-01  -6.8474266411891971e-01   6.0220100139420441e-03   7.2878418918814095e-02
   1.6935999999999999e-04   2.5473013714222410e+00   2.5508921446453381e+00   1.5350591782898659e-01   3.4215942269992805e-01
   8.0783000000000005e-04   4.9413356223310778e-01   2.5935292496024940e+00   2.7980645973758968e-02   1.5646769125399707e-01
   1.7438999999999999e-04   3.5739999954139652e+00  -1.3380868403478591e-01   1.4118091236120270e-01   3.2881699987768787e-01
   1.7262000000000000e-03   2.8558942879816246e-01  -1.7815286817542193e+00   9.0409868139607157e-03   8.9302930266170644e-02
   1.1428700000000000e-03  -2.3256605914592976e+00  -6.0076930236529970e-02   1.7578056578524723e-02   1.2457245658263819e-01
   2.8546299999999999e-03   3.4192058207155218e-01   1.2464443541891366e+00   6.7019638598623775e-03   7.7011048770911042e-02
   2.0513300000000001e-03   1.7520732828911545e+00  -1.7286437030140323e-01   9.8291185955252519e-03   9.3238328838697093e-02
   4.0136000000000002e-04   3.0357728833589106e+00   3.3902943198498509e-01   4.6364177353508798e-02   1.9991921088889972e-01
   3.1987100000000000e-03   1.0137650332250550e+00  -5.2102590946368743e-01   6.1973502675764860e-03   7.4123404855744451e-02
   4.6486999999999999e-04   1.0487140146045608e+00  -2.8031573069630960e+00   4.3754235757176067e-02   1.9457915507868720e-01
   3.2214100000000001e-03   1.1311990637092961e+00  -4.2923394273393584e-03   6.2337825740236587e-03   7.4299726823702922e-02
   2.0997300000000002e-03   1.3854860387562533e+00  -1.0306388681433953e+00   9.4623897455511502e-03   9.1463410583655064e-02
   1.4118799999999999e-03   1.7971008084735898e+00   1.0729907358621875e+00   1.2892830086180515e-02   1.0664968565145970e-01
   1.3740499999999999e-03  -1.3194220182709280e+00   1.7218062711179389e+00   1.4813605619289934e-02   1.1434957652371372e-01
   1.5664400000000001e-03  -1.8742990140206539e+00  -4.2077958173544022e-01   1.0306851127337556e-02   9.5245982803972534e-02
   4.5122499999999998e-03   4.0211643204841399e-02   1.9187577950098458e-01   4.6401518561826728e-03   6.4139097832379671e-02
   1.9169600000000001e-03  -1.2119173986467788e+00  -1.3518962350363775e+00   1.0076292518300655e-02   9.4431685747724425e-02
   2.5267000000000002e-03   1.2861019051971356e-01  -1.5946925639887779e+00   9.2917468037332952e-03   9.0664288733262960e-02
   2.3686800000000002e-03  -6.8155199920846576e-01   1.3621431967213364e+00   7.7281078401770951e-03   8.2686721255751439e-02
   1.6917000000000001e-04  -1.9206974310161855e+00  -3.0055360082964486e+00   1.2941331206505188e-01   3.1465070981797194e-01
   1.7124300000000000e-03  -1.3336511424779105e+00   1.4160161650868006e+00   1.1572894728119490e-02   1.0123784459003292e-01
   1.3339900000000000e-03   2.0459009547172675e+00   6.1935918545128155e-01   1.3624825762033037e-02   1.0941281689258375e-01
   2.8371099999999999e-03   1.3504174467852875e-01   1.3440431302036391e+00   7.1661168987527009e-03   7.9645268594660701e-02
   1.2983999999999999e-04  -3.6677813941771182e+00   1.8320943644180587e-01   1.5012211644103601e-01   3.3848025546410643e-01
   8.2724999999999997e-04  -2.0310943966517012e+00  -1.5655176049905783e+00   2.3230485466651796e-02   1.4292396177484831e-01
   1.7755099999999999e-03  -1.0830776231787769e+00  -1.5876343869884584e+00   1.1498508666239650e-02   1.0076878294533523e-01
   3.1874099999999999e-03  -9.0772402650242157e-01   6.2714693801754207e-01   5.9437865165868943e-03   7.2547038554315907e-02
   1.9931100000000002e-03  -6.1107009400562973e-01  -1.7801019550092254e+00   1.2019551057364984e-02   1.0306322011966590e-01
   4.2257700000000002e-03  -2.2928341127554502e-01   3.7916837066881087e-01   4.7416916567125777e-03   6.4837634075755449e-02
   2.3155799999999998e-03  -1.4917194511204293e+00  -6.2364792974713545e-01   8.7406076714530764e-03   8.7926773670065225e-02
   1.2725499999999999e-03   1.3658842465316143e+00   1.7971488250550713e+00   1.6614240740796111e-02   1.2117431883067299e-01
   2.6283399999999998e-03   1.3019699613015487e+00   8.0010154789352916e-01   8.6315870310842494e-03   8.7388423175977267e-02
   6.2264999999999998e-04   2.6575477971952348e+00   5.7757491644377068e-01   2.5864321538249073e-02   1.5066472128391581e-01
   2.3772400000000001e-03   9.9899462645569526e-01  -1.0827457687526711e+00   7.1815852300445709e-03   7.9684802703860719e-02
   4.5511800000000002e-03  -6.2902980889784424e-02   4.9332736381488516e-02   4.6085377544270141e-03   6.3932061001411647e-02
   7.7684000000000000e-04   2.3150476345794369e+00  -1.2012412188644057e+00   2.4168590581858690e-02   1.4567572377105414e-01
   2.2312800000000000e-03   1.3709505182667405e+00   5.8317778728807623e-01   6.9404425400904825e-03   7.8301218698792321e-02
   3.5067000000000002e-03   6.2900838308184404e-01  -4.6699232257727857e-01   4.9262339218136327e-03   6.5915028548783117e-02
   1.6094799999999999e-03   1.9867634891232242e+00   3.2651248984432374e-01   1.2424721744445756e-02   1.0482197582198391e-01
   3.4897100000000000e-03   6.9262530097076780e-01  -8.2916844734941408e-01   6.3849328934915380e-03   7.5106093887415890e-02
   2.4551600000000001e-03   5.2492544494786242e-01  -1.3935753738189975e+00   7.5729278687009663e-03   8.1881052377287544e-02
   3.6834699999999999e-03   5.9694642615112392e-01   4.7552014825757694e-01   5.0556348164473575e-03   6.6826845037891477e-02
   1.2225100000000000e-03  -1.7081069466009848e+00  -1.4714572549680740e+00   1.6126109192396605e-02   1.1909942801283457e-01
   4.7028000000000000e-04  -2.7681846556610967e+00  -1.1433479754675115e+00   4.6554682178264153e-02   2.0002159823496315e-01
   2.7382200000000000e-03   1.3631344773897485e+00  -3.7307415422603080e-01   7.5386499067479395e-03   8.1735670758750295e-02
   4.4358699999999997e-03  -2.4783248809691830e-01   6.8916402938205640e-02   4.6177066828655428e-03   6.3994939599711184e-02
   1.9001000000000001e-04   3.1384402013025983e+00   1.6070104117661224e+00   1.3343800528491931e-01   3.1725665463865443e-01
   1.7316300000000001e-03   1.4325736172743635e+00  -1.3262769024760772e+00   1.1893848107185493e-02   1.0251772804122243e-01
   1.7945900000000000e-03  -1.8669267123887745e+00   2.6246329327168549e-01   1.0813191592161929e-02   9.7749042457195817e-02
   2.7093099999999999e-03  -8.3940920244463813e-01  -1.1318405665172184e+00   7.4110569527081685e-03   8.1046143589286246e-02
   2.4331299999999999e-03  -1.0716253114690244e+00  -1.1344882328454682e+00   8.3317856117560603e-03   8.5910628193929667e-02
   8.0521000000000000e-04  -2.2310825873878257e+00   1.3688560822692093e+00   2.5290712966272912e-02   1.4928048832554877e-01
   2.9773400000000002e-03  -4.1189025219660225e-01   1.1213601133442448e+00   6.3063117511148216e-03   7.4534736019822093e-02
   4.3889799999999998e-03  -4.6716275231071469e-01  -2.3583237512773886e-01   5.1096155062282092e-03   6.7302031848684177e-02
   2.0719000000000000e-04  -2.5431012084644404e+00  -2.4228483785434536e+00   1.2046160269370003e-01   3.0808460800740567e-01
   1.8288000000000001e-04   2.2905422723312623e+00  -2.7033646105675828e+00   1.2148375015618618e-01   3.0849039982553794e-01
   4.0379800000000000e-03   2.3645679012721696e-01   4.8990847300339968e-01   4.7661646119902326e-03   6.4963382113653406e-02
   1.3904500000000001e-03   9.8086623820639492e-03   2.1245459067816186e+00   1.3525475221049067e-02   1.0929239861058823e-01
   1.7317999999999999e-04  -1.0476846724177005e+00   3.4169863290816083e+00   1.5065441622792375e-01   3.3612106742783660e-01
   1.7409500000000000e-03   1.8838794944083195e+00  -4.0537671796903502e-01   1.1391961884905806e-02   1.0034700694264302e-01
   5.3039000000000005e-04  -8.0114579255353513e-01   2.7528467003917441e+00   3.4118902277299197e-02   1.7234312748837666e-01
   5.2119000000000004e-04  -8.4995951263657310e-01  -2.7761129759650678e+00   3.6653916575719578e-02   1.7912832477514784e-01
   4.6930000000000002e-04  -1.3565052527210730e+00  -2.6626302932738830e+00   4.3013002813247408e-02   1.9353178258378970e-01
   3.2119800000000001e-03  -1.2566949467971417e-01   8.2493866110234249e-01   4.6911260422745340e-03   6.4336945574817866e-02
   3.1643499999999998e-03   5.5170066473297519e-01  -1.0104327941563314e+00   6.2620307313026036e-03   7.4423337673159520e-02
   3.1627000000000001e-04  -4.6256613624343340e-01  -3.1291982805856833e+00   5.2245430363348395e-02   2.1127758883842770e-01
   4.5514999999999998e-04  -2.4901140883319792e+00  -1.6691257374503221e+00   4.4624471668229373e-02   1.9593795198863581e-01
   3.7734600000000002e-03  -8.1957331163347968e-01  -2.1424313238318901e-01   5.4878408702706914e-03   6.9737582466228187e-02
   2.6558500000000000e-03  -4.6467927528492026e-01   1.3341523867011729e+00   7.3364168591153337e-03   8.0602996750734457e-02
   1.2098800000000000e-03  -1.8428599953764326e+00   1.3324710979768748e+00   1.6557165086771616e-02   1.2082285206300550e-01
   5.4580000000000004e-04  -2.0716517837251645e+00  -1.9729523937282529e+00   3.4647434196115934e-02   1.7332227792017382e-01
   3.3863100000000000e-03   4.8642720455723161e-02   8.2678624820335178e-01   4.8817732457107736e-03   6.5681533815113227e-02
   2.9388200000000000e-03   1.0718467611543867e+00   7.3513713191423702e-01   6.9714901572201756e-03   7.8528423623955762e-02
   4.4517400000000000e-03  -1.4419626357096599e-01   2.1340085964653555e-01   4.6601554106820934e-03   6.4284536548003479e-02
   4.4700599999999997e-03   2.0457162462050843e-01  -1.3681028766265416e-01   4.6797665913299513e-03   6.4419547204806443e-02
   9.0676000000000005e-04   1.6460642524802704e-03   2.4697091186465916e+00   2.0360737490016753e-02   1.3341366712618599e-01
   1.2805999999999999e-04   1.5536746218182758e+00  -3.3541843694389497e+00   1.5614737854657570e-01   3.4744803214427056e-01
   1.6602600000000000e-03  -1.6175577409099029e+00  -8.3292849603187524e-01   8.9225834057244571e-03   8.8757233582088924e-02
   3.3102200000000000e-03   5.5794727689248103e-01  -6.7454487096742599e-01   4.9965403898524722e-03   6.6412431955971102e-02
   2.8278000000000001e-03   1.2299418342307877e+00  -5.5580244942997814e-01   7.1125414810519899e-03   7.9404064937890553e-02
   3.4052000000000003e-04   1.5896907849816373e+00  -2.6802564107839499e+00   4.7210961878041802e-02   2.0201173197352082e-01
   2.4722300000000002e-03  -3.0200448946559877e-01  -1.2233333759368610e+00   5.5644946986648253e-03   7.0101135971112380e-02
   2.8973499999999999e-03  -6.1448329840283900e-01   1.1479607029986709e+00   6.9187980873392056e-03   7.8181311350432089e-02
   5.2625000000000003e-04  -1.9998066360525353e+00   2.1567943190254955e+00   4.3747259899890492e-02   1.9375747392563744e-01
   3.5934999999999998e-04   2.5248298357284846e+00   1.8347061456089615e+00   5.1392449874272106e-02   2.0972447327037905e-01
   2.4435099999999999e-03  -1.0572693903588859e+00   1.0525640674555570e+00   7.5984371776981075e-03   8.1991704954407885e-02
   4.1911500000000003e-03   6.2823454984421281e-02   5.1192435451647678e-01   4.8699017768518487e-03   6.5649772149426952e-02
   3.2770000000000000e-03  -4.8471517810994097e-01   9.3735629043958957e-01   5.8600142298445490e-03   7.1959834966761990e-02
   2.2185199999999999e-03   9.4742957398082750e-01   1.3365119850512894e+00   8.7726813702845713e-03   8.7939172800712062e-02
   3.3787200000000000e-03   1.0108557650650680e+00   1.6204142290078494e-01   5.8013750269256190e-03   7.1699545409963608e-02
   3.2490200000000000e-03  -3.6477315734459746e-02   1.2069526287169743e+00   6.8090442277964737e-03   7.7690247495514980e-02
   4.0663000000000001e-03   6.9918189436431011e-01  -1.3064566959258984e-02   5.2616761440438149e-03   6.8272378421565930e-02
   2.4662600000000001e-03  -3.1513795605224193e-01  -1.4220294691968551e+00   7.3012380561466739e-03   8.0244953867448454e-02
   8.2832999999999995e-04   2.5725249905761691e+00   1.7889028158763171e-01   2.3522387405477338e-02   1.4404082804125001e-01
   2.4245199999999999e-03  -3.1464236229008979e-01   1.5155629520305618e+00   8.2013481679250912e-03   8.5184621982971026e-02
   5.7498000000000000e-04   6.6691395361935135e-02   2.8587600930089314e+00   3.6692727332408158e-02   1.7838305563764401e-01
   6.3188000000000003e-04  -1.5463393158650978e+00   2.3518507831332012e+00   3.4774169061389124e-02   1.7407392164309232e-01
   3.3460400000000002e-03   8.1966811745925050e-01  -4.7554437117224518e-01   5.3545614379520929e-03   6.8824394468197075e-02
   1.6082500000000001e-03   1.7875838256907843e+00   7.8300993186607182e-01   1.0954277479828989e-02   9.8435717452731511e-02
   2.9990500000000001e-03   7.0864146504273839e-01   1.0075907551577896e+00   6.5039252075201875e-03   7.5906424237036377e-02
   4.4524899999999999e-03   3.0968384149858369e-01   6.0184370046371654e-03   4.7177523454297295e-03   6.4670624207331134e-02
   2.0957200000000001e-03   1.7105445591759743e+00   2.5434818515678559e-01   9.4967802952673295e-03   9.1672118992348506e-02
   4.1805899999999997e-03  -2.6127087869860566e-02  -4.1623226921711481e-01   4.6053404678633317e-03   6.3917535857411237e-02
   3.2926000000000001e-03  -5.1477990791554817e-01  -9.1772796606497709e-01   5.8090600149854959e-03   7.1696902000461332e-02
   2.3984900000000001e-03   1.0196151104104127e-01   1.5841790461784260e+00   8.5471216060911577e-03   8.7005485385859130e-02
   4.4609000000000001e-04  -2.9825344548812085e+00   2.9045433278757965e-01   4.2781648384745560e-02   1.9227108390574266e-01
   2.6947700000000000e-03  -1.3680670783093496e+00   2.9273037749648489e-01   7.2539504623519123e-03   8.0165989036991472e-02
   2.6790199999999998e-03   1.3067779822321566e+00   3.7231183389551642e-01   6.8179263655277090e-03   7.7682717833437234e-02
   5.9059000000000000e-04   2.5174935747984901e+00   1.3064657802123474e+00   3.4996620467338341e-02   1.7461642882279807e-01
   1.0618500000000000e-03  -1.6560523038833401e+00  -1.8428079547553990e+00   2.3622765814423279e-02   1.4406783590303154e-01
   1.7133300000000001e-03  -6.8307906506520699e-01   1.8205962366734874e+00   1.1574847498068055e-02   1.0114166557808328e-01
   4.1764000000000003e-03  -2.0939989141843010e-01  -4.0480828777180689e-01   4.6933688139779491e-03   6.4486842493882313e-02
   2.8340200000000000e-03   1.0916143231380935e+00  -7.2578778417474832e-01   6.7622328288232999e-03   7.7411630312420585e-02
   1.0233300000000000e-03   2.7840052625235945e-01   2.3109373481246052e+00   1.6080370722208654e-02   1.1888060445619869e-01
   3.5355400000000002e-03  -2.9439259964271780e-01  -9.1179721312167294e-01   5.7317070970524095e-03   7.1166656640034132e-02
   2.9341599999999999e-03   4.1788577510034824e-01  -1.1948622734372767e+00   6.6294678292578811e-03   7.6649152315056326e-02
   3.9822399999999997e-03  -3.1571858944861508e-01  -5.7422657346199102e-01   5.0161825851149722e-03   6.6651373231441186e-02
   3.6565299999999998e-03  -2.1834273369248411e-01   6.8878554274246040e-01   4.9181931823695868e-03   6.5795912991119712e-02
   3.2874000000000000e-04   3.1049836446436569e+00  -6.3278364277607380e-01   5.4752958422152331e-02   2.1631747379768412e-01
   3.4059799999999999e-03   4.7471026413407991e-01  -5.1245355580768515e-01   4.4646385645285202e-03   6.2774572385083022e-02
   3.1371699999999999e-03   9.8038606843266718e-01   5.1597973968050725e-01   5.9296240926721335e-03   7.2410295992311385e-02
   3.4617099999999998e-03   5.2543253771099763e-01   9.0070747992684974e-01   6.0683638607165894e-03   7.3285447472564616e-02
   5.4403999999999997e-04  -2.8042335562195908e+00  -6.2714859811220125e-01   3.6284199349446232e-02   1.7713531957236073e-01
   2.1933600000000001e-03   8.3259135387984629e-01  -1.2032722079249907e+00   6.4977783462163386e-03   7.5806413138329087e-02
   1.4358200000000000e-03  -2.0071272582475990e+00   5.0510781340991950e-01   1.2490734337493179e-02   1.0502781586842533e-01
   2.6642599999999999e-03  -1.2546617062494225e+00  -6.9604795888938742e-01   7.5452218003262657e-03   8.1774166117946565e-02
   2.5212799999999999e-03  -1.1610670075081255e+00  -9.1482405935795097e-01   7.6370793510475354e-03   8.2262916006202627e-02
   1.3522000000000000e-04  -3.2417191197163540e+00   1.7838593225827315e+00   1.5038117286962985e-01   3.4375812933171457e-01
   4.0392600000000002e-03   5.0699690571703171e-01   3.1107964472758093e-01   4.8579018690604542e-03   6.5645510011699493e-02
   1.6620000000000001e-03  -1.5443927975307674e+00   1.2303960354127983e+00   1.2000697224308883e-02   1.0298186534445428e-01
   1.9945000000000002e-03   6.5983257842208554e-01  -1.6125870346346709e+00   9.2977845557384777e-03   9.0685809259615363e-02
   2.9453999999999999e-03   6.0354260118504165e-02   1.0156677343752722e+00   5.1128799002803562e-03   6.7126086084417114e-02
   4.6837000000000002e-04  -2.4315950665558077e+00   1.7859844116037586e+00   4.8687446503977348e-02   2.0433291555711375e-01
   3.1763300000000002e-03   1.1338258535481016e+00  -3.5455318367873262e-01   6.4940684410962745e-03   7.5860031572681452e-02
   7.3948999999999998e-04   2.1117444095961031e+00   1.5849249009783133e+00   2.5074208755312171e-02   1.4835115035370852e-01
   1.3402500000000001e-03  -4.5976080055932317e-01  -2.0971133731849738e+00   1.3870682242952952e-02   1.1054324021800425e-01
   3.5925000000000002e-03  -2.9417381510855944e-01   9.1352738829765812e-01   5.8316918700140399e-03   7.1793317281789504e-02
   3.0002399999999999e-03  -1.0082328878646822e+00  -2.0150858297970442e-01   5.2043930474280249e-03   6.7822966099483670e-02
   2.7480600000000001e-03  -1.1960992579495282e-01  -1.2837989487114614e+00   6.4257398360612894e-03   7.5338857564570816e-02
   1.6983999999999999e-04   3.3700212027949252e+00  -1.2842391515827631e+00   1.4509370176205982e-01   3.3529915808024940e-01
   2.7982699999999998e-03   1.3631223724988994e+00   5.1267609714916989e-03   7.2080427773806759e-03   7.9911562193910324e-02
   2.9862900000000000e-03   1.8013305436567872e-01   1.1358989726804283e+00   6.0246285878826113e-03   7.2859800272948874e-02
   1.9448899999999999e-03  -9.0227368552296150e-01   1.3859826731530107e+00   7.7591526318476758e-03   8.2802069175140075e-02
   2.3159500000000002e-03   1.6109623092878811e+00   2.7670604874011111e-02   8.6379601076178730e-03   8.7447576812480929e-02
   3.3567300000000000e-03  -1.0340084645957972e+00   1.2352898121080656e-01   5.8407041091647393e-03   7.1956825821765782e-02
   1.6410500000000000e-03   1.6303560328625140e+00  -1.1331617664043869e+00   1.2056618112571577e-02   1.0316851528988735e-01
   7.2154000000000001e-04   1.2566071389420606e+00  -2.3532986932560118e+00   2.6530280257480488e-02   1.5237241965539294e-01
   2.5577099999999999e-03   5.2568911410659480e-01   1.3569592525557350e+00   7.4858279161837266e-03   8.1427168671050057e-02
   1.3459100000000001e-03   2.2053291648333970e+00   1.1144867299513592e-01   1.5723070004320730e-02   1.1781702767481755e-01
   1.4272000000000000e-03   1.4972841787002382e+00   1.4987410029063584e+00   1.3847434278745983e-02   1.1050912138407391e-01
   2.0378599999999998e-03   1.5554417814414436e+00   6.8133093417998780e-01   8.8636343289105503e-03   8.8386956206856229e-02
   1.6676000000000001e-04  -3.1258665977509570e+00  -1.7377559775463183e+00   1.3155063540230874e-01   3.1933404529816783e-01
   3.5441399999999999e-03   3.5738349576004552e-01   8.0580042793511264e-01   5.3784290353782686e-03   6.8893636513035636e-02
   4.4530999999999998e-04   8.7760512496470142e-02  -3.0149943015352050e+00   4.3928659829427674e-02   1.9555164590701060e-01
   1.1956000000000000e-03   1.8093684950872000e+00   1.3861941156562274e+00   1.6366229636150094e-02   1.2024046732969694e-01
   1.4545900000000000e-03  -5.0812632428145144e-01   2.0376394838298815e+00   1.3546629674363982e-02   1.0937484634550965e-01
   2.5397200000000001e-03   1.4584631769302181e+00   2.0563206191820416e-01   7.6280794313553779e-03   8.2184592089530786e-02
   4.4769999999999999e-04   2.6044039123914260e+00  -1.5590067146571169e+00   4.8101899718147538e-02   2.0350801397697760e-01
   2.4703300000000002e-03  -7.1419673424043206e-01  -1.3285462367380816e+00   7.8202213562985796e-03   8.3225263221653745e-02
   1.6264900000000000e-03   1.3178864203427374e+00   1.2992354840469191e+00   9.2769345662963403e-03   9.0492414397446250e-02
   3.7112000000000001e-04  -1.2981191814968194e+00   2.7975140874162099e+00   4.5684579197913265e-02   1.9895673940304209e-01
   2.3513100000000001e-03  -5.5379688831780438e-01  -1.5194415794358971e+00   8.8351738674188832e-03   8.8441475539968936e-02
   1.7315600000000000e-03   1.2050324994570192e+00  -1.4871112137215392e+00   1.1022399985122078e-02   9.8710559745558021e-02
   1.8318700000000000e-03   1.8910108727694463e+00   5.6252879517437820e-02   1.1142065379900336e-02   9.9295375211268216e-02
   1.4802200000000000e-03  -1.5236378588076230e-01  -2.0316193887340455e+00   1.2074778048170188e-02   1.0328028882770791e-01
   3.6460899999999998e-03  -5.6743367733043915e-01  -4.3259796050466709e-01   4.9464300832896702e-03   6.5940459605739049e-02
   1.6024399999999999e-03  -1.7098571606121966e+00   1.0158174232873474e+00   1.1922471597315567e-02   1.0261298587257274e-01
   1.0417300000000000e-03   2.4021425413387760e+00  -1.7077588700671242e-01   1.9729235778289646e-02   1.3162060194632066e-01
   2.7469899999999999e-03   1.1742773914098985e+00   5.5852776602989118e-01   6.6612197220577438e-03   7.6598133289691797e-02
   2.3603200000000000e-03  -1.5613324345243726e+00  -1.3901862686417979e-01   8.2479285114296710e-03   8.5428523396089279e-02
   2.1524100000000000e-03   7.1994962998083811e-01   1.4652890474375329e+00   8.3204235944645683e-03   8.5804198328663955e-02
   3.0788899999999999e-03  -1.1154552273341447e+00  -5.1372842203580082e-01   6.6578743744759626e-03   7.6769855383348004e-02
   1.4626100000000000e-03  -2.0914270030364230e+00  -6.3040634444451760e-01   1.6153120082537692e-02   1.1946024873619297e-01
   3.0969200000000000e-03   1.0980950994016092e+00   3.5016685838782741e-01   6.0901669322274742e-03   7.3456314954895213e-02
   9.1982999999999995e-04   2.3499888029740821e+00  -7.8052527031600671e-01   2.0538107424443161e-02   1.3436162201229612e-01
   4.2874899999999997e-03   4.1020583226347174e-01   1.5631820440999117e-01   4.7698060933913508e-03   6.5031869139282231e-02
   3.5514399999999999e-03  -8.1511780420669244e-01   4.5002211639523609e-01   5.5377753332070331e-03   7.0053101504743448e-02
   3.8270299999999999e-03   6.9709479362635518e-01   3.0902257728285393e-01   5.1540422977840042e-03   6.7594920533217598e-02
   1.4077499999999999e-03  -2.1032455479174881e+00  -2.7787967073290126e-01   1.3715643067096392e-02   1.1002267142975426e-01
   3.5829000000000000e-03  -6.9754638509271971e-01  -5.8084888983670602e-01   5.4733538826863722e-03   6.9645403835862027e-02
   3.8558300000000002e-03  -5.0232028087363434e-01   5.8304935496495236e-01   5.2278269259851216e-03   6.8079394552578720e-02
   2.0506000000000001e-03  -1.4545902784928770e+00   9.4818837789308530e-01   9.4076198574322076e-03   9.1220790632570894e-02
   3.8719200000000000e-03   5.1633634776136739e-01   6.7971378653795134e-01   5.7221796142855963e-03   7.1103606733605440e-02
   4.3164800000000001e-03   1.3992299891896934e-01   3.3734900719958572e-01   4.6764298724585370e-03   6.4404952895237969e-02
   2.5451200000000001e-03   1.4918942334613656e+00  -1.8101582327121593e-01   8.0071354821609330e-03   8.4230232250711370e-02
   2.2421099999999998e-03  -9.5121500545184834e-01  -1.3519572964832196e+00   8.9437231033518711e-03   8.8965784907483914e-02
   3.7724099999999999e-03   8.0771406962765413e-01  -1.6491597287992202e-01   5.4202360398397549e-03   6.9239535444080680e-02
   2.0514999999999999e-03   1.0107192331818478e+00  -1.3346250474944783e+00   8.4772330608091639e-03   8.6607853083390141e-02
   4.2741999999999997e-03  -3.2936647932729762e-01   2.3552457926482553e-01   4.6837037892053877e-03   6.4418153703628009e-02
   1.7196799999999999e-03   7.5731666285861232e-01   1.7326210730859639e+00   1.0580858455392606e-02   9.6632231331662127e-02
   7.0724999999999998e-04  -2.6947720722038477e+00  -1.4751584347342661e-01   2.7790418223605003e-02   1.5626937984851852e-01
   8.1083999999999995e-04  -1.0529571956102701e+00   2.3815597822069590e+00   2.5042454939046919e-02   1.4827695506740801e-01
   1.7606399999999999e-03  -1.6229896072992420e+00  -1.0908267624069827e+00   1.2379185868768910e-02   1.0427176266038451e-01
   1.0399000000000001e-03  -2.1195767139304671e+00   7.7396329699811905e-01   1.3720726648523068e-02   1.1002320892607600e-01
   5.6908000000000002e-04   1.7724250971470796e+00  -2.2369169448433719e+00   3.5472054182914832e-02   1.7577722176112298e-01
   1.1547899999999999e-03   1.0210632797673942e+00  -2.0779850268110174e+00   1.7207506430535792e-02   1.2325574067900279e-01
   1.6182999999999999e-04  -2.6142832020423712e+00   2.4816350095701720e+00   1.2951376663707651e-01   3.2006465092507980e-01
   4.4121600000000000e-03   9.1667503824526667e-02  -2.7453039632679077e-01   4.6556498746164717e-03   6.4220776503386895e-02
   8.1030999999999996e-04  -2.4387283842484475e+00  -8.1842115070255295e-01   2.3026590235452112e-02   1.4221239973498598e-01
   2.8255600000000000e-03  -2.3118903485248085e-01   1.1106983384318638e+00   5.5577550928955890e-03   6.9963140031842494e-02
   3.2398499999999998e-03  -1.1857068920341527e+00  -2.9441730297503022e-01   6.9395278642563072e-03   7.8395053308880705e-02
   2.4857700000000000e-03  -1.2138687437759439e+00   8.8633634291721375e-01   7.8257182479799913e-03   8.3208287662234551e-02
   2.1240700000000000e-03   5.2492315583349147e-01   1.6085840660477699e+00   8.9916639602741766e-03   8.9227246214847136e-02
   1.3338499999999999e-03   1.4425862135377001e+00  -1.6537240835271168e+00   1.5199960131843637e-02   1.1582136413513838e-01
   3.4619000000000000e-03  -9.2933376165243753e-01   2.9347635628934993e-01   5.6404316709065165e-03   7.0693125644667787e-02
   1.0347200000000000e-03  -2.3960372487375783e+00  -4.3037931786059447e-01   2.0653581434877982e-02   1.3483274470321119e-01
   1.1904800000000001e-03   5.7285137299463884e-01   2.1948846501888601e+00   1.6123792846828466e-02   1.1905187633121497e-01
   1.8855600000000001e-03   6.1384684882798496e-02   1.8417100186648316e+00   1.0459032756541028e-02   9.6277347717785192e-02
   3.2437700000000000e-03  -8.1835599615058430e-01  -7.4921125508432851e-01   6.0730551983832985e-03   7.3360874800911441e-02
   8.3044000000000000e-04  -1.4033986342900548e+00  -2.1834694956490122e+00   2.5037095305298244e-02   1.4826552961359327e-01
   1.5924100000000000e-03   8.3118850532774469e-01  -1.8300138856484469e+00   1.2225650758618737e-02   1.0391677756890332e-01
   2.2099600000000000e-03  -1.3905200408433599e-01   1.6773591393644063e+00   9.2816921516124182e-03   9.0660933118993994e-02
   8.4396999999999998e-04  -1.9566539850361004e+00   1.6952039249258251e+00   2.4773296821411876e-02   1.4769910400643965e-01
   5.3695000000000001e-04   2.0393131231914894e+00   2.0263811912838343e+00   3.6077308624993407e-02   1.7675254228031947e-01
   4.1570399999999999e-03  -4.2939419218900282e-01   9.4646162448548551e-02   4.6481595586085897e-03   6.4139600281076167e-02
   2.4368100000000002e-03   1.3144367243253114e+00  -7.7587390660091204e-01   7.9334261867033528e-03   8.3813048730084203e-02
   1.8752999999999999e-04  -1.1540349941807098e+00  -3.3288599929170726e+00   1.2802861539122354e-01   3.1210865761692091e-01
   1.4137799999999999e-03  -1.4029946278369319e+00  -1.5731890886912603e+00   1.3469924672909216e-02   1.0891516570568088e-01
   7.7912999999999995e-04   1.5635138636920674e+00   2.1109768091680960e+00   2.5375332258849703e-02   1.4942031400638239e-01
   9.7692999999999999e-04   1.7318610306521554e+00   1.7459413328083417e+00   2.0426130321286585e-02   1.3426797661315493e-01
   3.8527600000000002e-03  -6.9785906048981314e-02  -9.1375068637922019e-01   5.9901594922506596e-03   7.2760620582836763e-02
   4.2656200000000003e-03   5.0043260597946593e-01  -5.9809193923600719e-03   4.8923196850245033e-03   6.5847621085467975e-02
   2.0840799999999999e-03  -1.3209027229320778e+00  -1.1043276328860330e+00   9.3841907438653067e-03   9.1035908804682347e-02
   3.2806799999999998e-03  -9.0403604294322537e-01  -5.6687940340942000e-01   5.8769200312287426e-03   7.2166436539784884e-02
   3.5734600000000001e-03   3.7581609467000926e-01  -6.6460318584079281e-01   4.8717007808805083e-03   6.5646907012052072e-02
   3.1041699999999998e-03  -7.2615597336966176e-01  -9.3212120942128462e-01   6.3244632824633962e-03   7.4877361071615245e-02
   1.7534700000000000e-03  -1.7591802161587951e+00  -6.3034311448653346e-01   1.0495475201533815e-02   9.6041863868630950e-02
   4.4901899999999998e-03   4.8137715850998331e-01  -3.2738995193524384e-01   5.4022501880353633e-03   6.9186076241578368e-02
   6.0349999999999998e-04  -2.7399451947795708e+00   7.0596475948118242e-01   3.4563026608295244e-02   1.7392308938011838e-01
   9.3968999999999997e-04   2.1328069768732769e+00   1.2079703206086234e+00   1.9606933617363636e-02   1.3127603905763141e-01
   1.5863200000000000e-03   1.5527691730818842e+00   1.1999504284096871e+00   1.1144992790277640e-02   9.9215495376890034e-02
   3.8500600000000002e-03  -6.1074179686204166e-01   4.2808695982362738e-01   5.1496701564716302e-03   6.7555933482712549e-02
   2.5963100000000001e-03  -1.4681005695622609e+00   7.8719753657017430e-02   7.7837548091504579e-03   8.3049529655398302e-02
   3.8794599999999999e-03  -5.2325719983246322e-01  -4.4380490961581469e-02   4.6172097026690511e-03   6.3798883126631262e-02
   1.5626600000000000e-03  -9.1281409929204393e-01  -1.8014308507681764e+00   1.2320298421091183e-02   1.0421554666463091e-01
   1.4010800000000001e-03   2.0015323297128997e+00  -6.6282785456177495e-01   1.3244540485540563e-02   1.0813666564795750e-01
   4.0902000000000001e-04   2.8905300869513852e+00   9.8027681758436302e-01   4.5197433948848828e-02   1.9842470730651718e-01
   5.4319000000000004e-04   2.7233267254657472e+00  -1.0083309980678659e+00   3.9314377335324210e-02   1.8446887077702279e-01
   2.9455300000000000e-03  -6.7299119651499417e-01   9.5560495218624075e-01   6.0536492017593015e-03   7.3019041426220663e-02
   4.0930100000000002e-03   5.9908787355542914e-01   1.4781357984222043e-01   5.0031213080796600e-03   6.6611061214762235e-02
   2.1333599999999999e-03   1.1202761673022483e+00   1.1924162326499257e+00   8.4813925367745960e-03   8.6317374901972277e-02
   2.9844600000000000e-03   1.2254110547401158e+00   1.7850500333598460e-01   6.5081447067871891e-03   7.5921872922464329e-02
   3.5729400000000001e-03   2.7546902397449485e-01  -8.2016637965438599e-01   5.2743088479160838e-03   6.8332919887136870e-02
   1.6469900000000001e-03   9.3973965062740783e-01   1.5644021133163741e+00   8.9325076403924380e-03   8.8814660849784052e-02
   2.6079800000000002e-03   1.1074206627752068e+00   9.5137173994699820e-01   7.6547935615936501e-03   8.2352853410886037e-02
   1.0929200000000000e-03  -1.2338328381363717e+00   2.0520537600800428e+00   1.9896492508155266e-02   1.3236122134562789e-01
   3.3807500000000001e-03   7.9228888971430045e-01   4.7543510928647836e-01   5.2656900449557786e-03   6.8276134451647860e-02
   2.8374799999999999e-03   7.5517908489678084e-02  -1.3513071713427482e+00   7.2230812349728842e-03   7.9955226086354303e-02
   4.0748399999999997e-03  -5.2145594275847251e-01   2.5881038726746169e-01   4.8908674325602343e-03   6.5846836352011204e-02
   1.5429899999999999e-03   2.9542629512634211e-01   2.0022517944399718e+00   1.2244792800384824e-02   1.0399415401299809e-01
   1.5337300000000001e-03  -1.0023576708381023e+00   1.8148671901994196e+00   1.3383053158337774e-02   1.0877702765154729e-01
   4.4506099999999998e-03   2.2629204661297317e-01   1.7188650171644770e-01   4.6812638750286665e-03   6.4439629685179647e-02
   3.6054300000000002e-03  -7.3676602141518532e-01  -2.5316452988700680e-02   4.8839944213465098e-03   6.5648130194870036e-02
   1.8509900000000001e-03   9.3907293836461447e-01  -1.5823825102549951e+00   1.0216348798800639e-02   9.5121712697774544e-02
   1.9203400000000000e-03   1.7140727515944241e+00  -6.2922018465421736e-01   1.0270132128219802e-02   9.5298499744020257e-02
   1.4544300000000000e-03   1.0599380350070016e+00   1.8021674556456175e+00   1.3231628375858964e-02   1.0807181959496472e-01
   3.1952800000000000e-03  -1.0270899779061653e+00   4.6927250723872710e-01   6.1402748811315543e-03   7.3748289821293292e-02
   2.7476800000000002e-03  -2.5033619268234081e-01   1.3012464752904045e+00   6.7527922162404948e-03   7.7257370998686334e-02
   2.8752399999999998e-03  -9.4030360024783599e-01  -9.2977749230398654e-01   6.9875024151210691e-03   7.8706882541515269e-02
   2.9083300000000002e-03  -6.2127730326263231e-01  -1.1108220687324286e+00   6.6162329233458725e-03   7.6577185124927269e-02
   2.6314099999999998e-03   9.1433355480330336e-01   1.0920253918540497e+00   7.3739665586537656e-03   8.0806183068328152e-02
   2.4171000000000002e-03  -1.4050952511074282e+00  -2.9537346596006087e-01   6.9484738567678634e-03   7.8324320075061973e-02
   9.8765000000000007e-04  -2.3524257244627638e+00   5.5511749679999067e-01   1.9013927778085467e-02   1.2927265704173929e-01
   3.4293900000000000e-03  -9.2229138739995986e-01  -3.4891151484087529e-02   5.3320305820897069e-03   6.8732213373902076e-02
   1.1523799999999999e-03   1.9224840675834292e+00  -1.2237648819457938e+00   1.5912393467500299e-02   1.1835983801447372e-01
   8.6525000000000003e-04   8.3046336259124554e-01  -2.4138913768079826e+00   2.3074759028365630e-02   1.4248594586586658e-01
   2.3571400000000002e-03  -1.6066841977764899e+00  -4.0097622955067347e-01   9.4937826659135544e-03   9.1615895773494924e-02
   1.0282900000000001e-03   2.0701392304429800e+00  -9.5597609742203504e-01   1.4231650740052986e-02   1.1190131129020553e-01
   6.2878999999999995e-04   5.2957761787464519e-01  -2.7461051836807231e+00   3.3080495622586650e-02   1.7007613511880237e-01
   2.6010400000000002e-03   6.2560285400704707e-01  -1.2029506637609808e+00   6.6531687201535098e-03   7.6697715736280023e-02
   4.1861900000000002e-03  -3.9015177773988918e-01  -4.0528448182302651e-01   4.9795384865353376e-03   6.6387594328205290e-02
   4.3295399999999998e-03  -3.5253452093207871e-01  -8.0197478277989190e-02   4.6809634478942727e-03   6.4419975995397616e-02
   3.3814499999999998e-03   1.0279689808897439e+00  -1.7260268853945845e-01   5.9290031439208218e-03   7.2450995463185786e-02
   3.8505700000000002e-03   4.1787203482409364e-02  -5.8470406656535368e-01   4.6462210190097797e-03   6.4147154265378606e-02
   1.0332700000000000e-03   4.4146800903321343e-01  -2.3591627177178562e+00   1.8930797952813879e-02   1.2924074345416478e-01
   3.0033299999999998e-03  -1.0352088668607338e+00  -7.2718712890801607e-01   6.7538222472602293e-03   7.7370815535599088e-02
   2.8092400000000002e-03  -1.3245673574102488e+00  -9.8457297306196026e-02   6.9527324993910152e-03   7.8423370420388647e-02
   1.6466600000000001e-03  -1.9981104164410406e+00   4.2725232930755381e-03   1.2334379949359382e-02   1.0440021782846709e-01
   8.2027000000000001e-04   2.0919498290178833e+00  -1.5540425895182799e+00   2.5463747128787430e-02   1.4948934335931147e-01
   1.7456300000000000e-03  -1.0904632641600582e+00   1.5468084603276047e+00   1.0661342201188695e-02   9.7119588072216767e-02
   4.0251100000000001e-03  -1.2824962053032360e-01   5.2163738317484909e-01   4.7098156553137425e-03   6.4600444273234664e-02
   2.7430100000000002e-03   2.8827295279344400e-01  -1.3834220165729347e+00   7.6093974958613593e-03   8.2023359699864740e-02
   3.8412799999999999e-03   8.0114528116242056e-01   1.4963829321326849e-01   5.3921378987718234e-03   6.9133729281327189e-02
   4.5358400000000002e-03   1.5509782932679857e-02  -1.1396954092425896e-01   4.6188622198095643e-03   6.4006045508850709e-02
   3.3799799999999999e-03   3.3930376977930504e-01  -1.0022366485989014e+00   5.9861778855365656e-03   7.2835357645684426e-02
   4.4237100000000000e-03   2.8487345558458277e-01  -2.9794399853789577e-01   4.8831270833333594e-03   6.5779016298503565e-02
   1.7087999999999999e-04  -3.4862683616853833e+00  -8.7724794024019415e-01   1.3533160783332202e-01   3.2691361830596311e-01
   3.1704799999999998e-03   2.0643430264617266e-01  -1.1691219672428723e+00   6.4994942180212120e-03   7.5880567033951976e-02
   9.3639000000000005e-04   2.3777671630733499e+00   8.5494714720767284e-01   2.4063608823162674e-02   1.4505359674430390e-01
   7.5290999999999997e-04  -2.3128289739824246e+00  -1.2614740448290140e+00   2.4951438531206800e-02   1.4790400537902634e-01
   5.8005000000000003e-04   1.3323316367917668e+00   2.5046682610819548e+00   3.4547782728000825e-02   1.7335710615826913e-01
   3.4371499999999999e-03   8.9911221174218103e-01   3.1894448822083188e-01   5.4876542615895484e-03   6.9721642949554241e-02
   2.1648300000000000e-03  -1.3971592771030577e+00  -8.8068781678832153e-01   8.7707156618700016e-03   8.7877857740732035e-02
   3.5824099999999998e-03  -8.2690954513344705e-01   1.3244891869831041e-01   5.1598459680378839e-03   6.7594336316738654e-02
   3.4458000000000002e-03   4.7444020528440511e-01  -8.4079768284532652e-01   5.5932042689825264e-03   7.0343638546452758e-02
   4.4093700000000001e-03   3.9658836475728321e-01  -1.5719960297328128e-01   4.8814389620919288e-03   6.5780536148318608e-02
   4.3923999999999998e-04   9.9158253813639796e-01   2.8489038488988299e+00   4.3759265978480365e-02   1.9511460501813452e-01
   3.1359999999999998e-04  -3.1564526728055795e+00  -2.6575021810783028e-01   5.0638963785817552e-02   2.0884077061498099e-01
   1.2448299999999999e-03  -1.9098787930618788e+00  -1.2142622504208631e+00   1.6604475663469308e-02   1.2104385412412767e-01
   1.1724900000000000e-03  -2.0051271295736810e+00   1.0564938812210367e+00   1.5861835547528767e-02   1.1810569074577580e-01
   4.1627399999999998e-03   1.7337775327055677e-01   6.8583635981455449e-01   5.4539326098996671e-03   6.9450673833961640e-02
   8.2503999999999997e-04  -2.3792638569357503e+00   9.7520832256434564e-01   2.3443452315879881e-02   1.4330813591116232e-01
   1.9660400000000001e-03  -4.0029324368093488e-01   1.7654465215216051e+00   1.0270226908271046e-02   9.5335395582179100e-02
   1.6759100000000001e-03   8.4292088426692904e-02  -1.9072300937008830e+00   1.0838399039948855e-02   9.7608763492513115e-02
   2.0270200000000000e-03  -1.5847988359536911e+00   7.3866209892480372e-01   9.5270689558523379e-03   9.1755313307817735e-02
   4.3718799999999999e-03  -4.1797497981005814e-02   3.6125694480270165e-01   4.7088793566894402e-03   6.4616675614673810e-02
   2.0575300000000001e-03  -9.6074809675855535e-02  -1.7407905266736450e+00   9.6472143808891738e-03   9.2346517176982834e-02
   3.8200299999999999e-03  -7.1818202638311956e-01   2.7801455779998047e-01   5.2043890160250305e-03   6.7903857655134556e-02
   4.4871700000000004e-03  -1.7091849081925864e-01  -9.3830668814147353e-02   4.6143291730612072e-03   6.3969333998910749e-02
   3.7633699999999998e-03  -3.9424586184910954e-01   7.4468127912227000e-01   5.4683071069051301e-03   6.9594134260734644e-02
   3.1267399999999998e-03  -1.8484257397199735e-01  -1.0703448530338429e+00   5.7690404947147861e-03   7.1439173009273105e-02
   3.2689199999999998e-03  -6.4742430321408362e-01  -3.0261003407221537e-01   4.4008928286510792e-03   6.2198127287031411e-02
   1.4341499999999999e-03   1.1452152599058145e+00  -1.7789511497525452e+00   1.3615168355116353e-02   1.0970324731809751e-01
   2.1770000000000001e-04  -1.9043300858557151e+00   2.9063661118889352e+00   1.2180886606838867e-01   3.0695013631721174e-01
   3.1042800000000001e-03  -1.1432234946136361e+00   2.9753253061056567e-01   6.3166938645295417e-03   7.4830250945142160e-02
   3.1038200000000002e-03  -7.8684558307020425e-01   7.8105846649855259e-01   5.8008629190517257e-03   7.1721204078799533e-02
   2.3839500000000001e-03   1.4640623812777123e+00  -5.8867568675808657e-01   8.3820820522511035e-03   8.6192573564505562e-02
   4.6893999999999999e-04   2.2250419923539160e+00  -2.0053545245350302e+00   4.4093220506446963e-02   1.9574674542254167e-01
   3.5539399999999998e-03   1.3365675616254835e-01  -9.6862815457115370e-01   5.8131377431866280e-03   7.1772085035793257e-02
   1.1958000000000000e-04  -9.4856419793517943e-02  -3.7136036058258775e+00   1.6643780248062884e-01   3.5591898912156933e-01
   3.4553600000000002e-03   9.1703777805078401e-01  -3.2614945043066884e-01   5.6750848018719416e-03   7.0795252619848592e-02
   4.5615899999999999e-03   1.2377159708744086e-01   2.7237652669704255e-02   4.6500596738973882e-03   6.4225819053179159e-02
   1.5594000000000000e-04   2.8964361357001520e+00  -2.1156218422467030e+00   1.3194630363471149e-01   3.1756107476937750e-01
   9.9281000000000000e-04  -6.4245921692601615e-01   2.3518195099432790e+00   1.9906600445988933e-02   1.3249930041979915e-01
   1.2186600000000001e-03   2.2165387610999021e+00  -4.4798389561438878e-01   1.6183228435710455e-02   1.1947880012003333e-01
   3.4885799999999998e-03  -7.8196577156977043e-01  -4.1147387407729830e-01   5.2719568230295173e-03   6.8274858692207285e-02
   2.5033099999999999e-03   3.1845022644214455e-01   1.4758574251417393e+00   7.9298722326195999e-03   8.3806039276370370e-02
   2.5872400000000002e-03  -1.3227996741394565e+00  -4.7964345393322089e-01   7.2146566472433369e-03   7.9701473047146559e-02
   3.0024700000000001e-03   1.2513874706688528e+00  -1.7987984236930427e-01   6.7770446930518029e-03   7.7466865795099496e-02
   1.3083900000000000e-03   6.7020320561730939e-01  -2.1027436317333588e+00   1.5177051138329829e-02   1.1585253807870770e-01
   3.8106300000000002e-03   7.0010069245655937e-01  -3.1252047229599872e-01   5.2700146233267704e-03   6.8190945261003708e-02
   1.7677000000000000e-04   3.5577572782358416e-02   3.5650871796528025e+00   1.3497235728371529e-01   3.2120771736228904e-01
   2.9498500000000000e-03  -1.2477877713686238e+00   1.1113415171157465e-01   6.5364662946256567e-03   7.6127209962276260e-02
   2.6753599999999999e-03   7.2543495144027403e-01   1.2297599701309743e+00   7.5201865735115524e-03   8.1624402641832988e-02
   9.0890999999999997e-04   8.8084877355823832e-01   2.3976435541415992e+00   2.4337574270139852e-02   1.4628091568390403e-01
   3.0788600000000001e-03   6.8682356456476301e-01   6.2628394870309823e-01   4.8310462662735452e-03   6.5372407239942032e-02
   2.3764000000000001e-04  -3.2849595714967741e+00   9.1525898882197587e-01   9.6824989096892217e-02   2.7919173612822756e-01
   1.8376099999999999e-03   1.7745818787255934e+00   5.1517583407361101e-01   1.0332054155339641e-02   9.5632872994432946e-02
   4.8912999999999995e-04  -2.7047041484760377e+00   1.2772210549756187e+00   4.6439908450959348e-02   2.0014557859765991e-01
   2.4179599999999998e-03  -1.4805284682736533e+00   4.9917954606765336e-01   8.3008918842626261e-03   8.5723384234628330e-02
   4.1010700000000001e-03  -4.1897473453741829e-01   4.0284717434495493e-01   4.9019230870981567e-03   6.5901497806266293e-02
   2.7695599999999999e-03  -1.0000606613695853e+00   8.2096691434772939e-01   6.5093148356386871e-03   7.5911240932695412e-02
   1.9537999999999999e-03  -1.7316037872687080e+00   5.0458376218333434e-01   1.0022353180919950e-02   9.4223877449232121e-02
   1.1991400000000000e-03  -2.8953762493840091e-01   2.2539681451706772e+00   1.6187466102834416e-02   1.1957679930993770e-01
   2.8373100000000000e-03   7.6453594334068176e-01  -1.0111064204992013e+00   6.4916762921329177e-03   7.5754324031748199e-02
   3.3902999999999998e-04  -4.5496268552496127e-01   3.1121234329939069e+00   5.1486079763076571e-02   2.1073375799503491e-01
   3.9762900000000004e-03  -6.2404056278638065e-01   1.1250609351649156e-01   4.9422416680143522e-03   6.6166356804740922e-02
   1.6923200000000000e-03  -2.0862244113488240e-01   1.9419187094862660e+00   1.1620918224064768e-02   1.0127533328898045e-01
   1.4955700000000001e-03  -1.4752923949703767e+00  -1.3046690893483366e+00   1.0767431074055634e-02   9.7438812271256808e-02
   3.6568299999999998e-03   9.1237964011801442e-01  -8.7025406766383512e-03   5.6374204669482533e-03   7.0664320792641372e-02
   8.4093999999999998e-04  -2.5521040967649693e+00   2.5495782769133590e-01   2.3209689660841321e-02   1.4300867855992311e-01
   8.9636000000000002e-04   1.7745124107187371e+00  -1.8145148615348272e+00   2.3151415476846536e-02   1.4270832577656065e-01
   1.2572799999999999e-03   1.0027100817585984e-01  -2.2240812132708196e+00   1.5249735405588110e-02   1.1608540041435299e-01
   4.2230999999999996e-03   5.9059618600139951e-01  -1.6787603463408332e-01   5.1756812946527463e-03   6.7684635318967470e-02
   2.0606399999999999e-03  -7.9864718091694964e-01  -1.5632782315882712e+00   9.7782517236639777e-03   9.2994538275186389e-02
   3.6748900000000001e-03  -2.2594813219710572e-01  -7.4609886909403000e-01   5.1466059209213447e-03   6.7352934273383361e-02
   2.6219699999999999e-03  -5.0012824653209931e-01  -1.2872450794285200e+00   6.9332018977840354e-03   7.8323126413286134e-02
   9.6440999999999996e-04  -6.0622242080615418e-01  -2.4012856316437512e+00   2.1294004866212891e-02   1.3686261525068769e-01
   3.6861500000000000e-03  -4.9894496998666504e-01  -5.8959246661219722e-01   5.0828764372413933e-03   6.7044600104021468e-02
   3.4825999999999998e-04   5.1107280865386062e-01   3.0539886709960675e+00   4.4703993314777646e-02   1.9653396701792292e-01
   1.2863300000000000e-03  -1.6058617789780207e+00   1.5551412670244968e+00   1.6014577363815709e-02   1.1886344161555017e-01
   2.2462900000000002e-03   1.6135792439996355e+00  -3.9188491596409031e-01   8.9959844194597328e-03   8.9289906265854785e-02
   1.4658500000000001e-03   3.5327433583361079e-01  -2.0458078083436093e+00   1.2849305318626068e-02   1.0651532512907873e-01
   2.4566900000000001e-03  -1.3494012970986438e+00   7.0374214331010310e-01   7.9642693098373532e-03   8.3957387367102440e-02
   2.6679700000000000e-03  -8.3842374650238671e-01   1.1691585652135585e+00   7.7725829005761285e-03   8.2798337120162865e-02
   1.0475100000000000e-03   1.1704970608436263e+00   2.1132297075585442e+00   1.9963831193942468e-02   1.3265542740919070e-01
   2.0888999999999999e-03  -1.2918828623774057e+00   1.1332173321778947e+00   9.2951819380161210e-03   9.0671793894371008e-02
   4.4157800000000002e-03  -9.5561065503546802e-02  -2.5505418191820617e-01   4.6264952775146940e-03   6.4049521748303861e-02
   3.0495100000000001e-03   5.3115662182900414e-01   1.1261962465633506e+00   6.7000218221564467e-03   7.7068045924519865e-02
   1.9017400000000001e-03  -1.8002938318739228e+00  -1.8866151999516748e-01   1.0105683721623902e-02   9.4443740262326381e-02
   3.3954100000000002e-03  -5.9776218519601472e-02  -7.2945762098664080e-01   4.5391372052525272e-03   6.3332116684399600e-02
   2.8286700000000001e-03  -1.2518271945296511e+00   4.8338252258098796e-01   7.0211810185502044e-03   7.8860151415288321e-02
   2.0885700000000001e-03   1.3292771839674344e+00   1.0415960700911817e+00   8.7999197634892872e-03   8.8291302525519436e-02
   4.8253000000000000e-04  -1.8158585849443316e+00  -2.3432308062831977e+00   4.2406053787428594e-02   1.9141501519259557e-01
   1.0903600000000001e-03  -2.2182822822987031e-01  -2.3326896561695905e+00   1.7564238807103415e-02   1.2433371204678229e-01
   4.3499200000000002e-03  -2.8188633760560394e-01  -2.4403506809977182e-01   4.7328734475580725e-03   6.4754698237955738e-02
   1.8362000000000001e-04   1.6848117095971129e+00   3.1069400245026872e+00   1.2301955125591406e-01   3.0756896345279167e-01
   3.1446600000000001e-03   8.6707570207426121e-01   6.7859640694232215e-01   5.8629213247317312e-03   7.2057320588225615e-02
   3.3689800000000002e-03   2.0996744699851322e-01   8.9933168129590357e-01   5.3619792751799580e-03   6.8721327280603040e-02
   2.0998000000000002e-03  -1.7191656184556223e+00   5.5852424440339443e-02   9.2845890082486979e-03   9.0673965387477337e-02
   3.4537000000000001e-03   3.4006645365833210e-01   6.3220415075531011e-01   4.5683201075960638e-03   6.3561819948736401e-02
   1.2534200000000001e-03  -8.4865660892361305e-01   2.0815665673473163e+00   1.6069228885196254e-02   1.1901568751104831e-01
   3.5278900000000001e-03  -6.9843263427447766e-01   6.0003091559529786e-01   5.4531768180243025e-03   6.9518646715292620e-02
   9.3152000000000003e-04  -1.6153069675571472e+00   1.9258688102565331e+00   2.2494900621113832e-02   1.4099051740084831e-01
   1.0147299999999999e-03   1.3976449016444485e+00  -1.9967852708316749e+00   2.0570990548623061e-02   1.3442465491763492e-01
   3.8347400000000001e-03   2.0915251037214019e-01  -6.2500809615439357e-01   4.8743489311586386e-03   6.5675819398713323e-02
   2.0912999999999999e-03   1.2040923722341017e+00  -1.1936396713216364e+00   9.0282267747561623e-03   8.9248393645385296e-02
   2.9717900000000002e-03  -4.1112002038477746e-01  -1.0769605299693588e+00   5.9357345847236053e-03   7.2428914105055753e-02
   3.8945700000000000e-03   4.2427077025116183e-01   4.8192380888925751e-01   4.9179383225590734e-03   6.5914130418964240e-02
   4.2467000000000000e-03   3.2233116702930587e-01   3.2484166245355672e-01   4.7660748507538358e-03   6.5013373095209742e-02
   4.0914799999999998e-03   1.5228396442846143e-01  -4.4046762603394590e-01   4.6382503035091891e-03   6.4113598073958597e-02
   3.3282099999999998e-03   3.5451339251452046e-01   1.0218551878367268e+00   6.0652985117570285e-03   7.3271145705707239e-02
   9.6915000000000000e-04  -2.1427693255229121e+00  -9.6162864382373792e-01   1.5827260544483912e-02   1.1804647334670591e-01
   3.9457099999999998e-03  -3.1791071038683755e-01   5.5066886054274133e-01   4.9243680931868247e-03   6.6029413823186528e-02
   1.5549600000000000e-03  -1.8373098216428809e+00   7.6187873767827230e-01   1.1565323853540458e-02   1.0105866060498196e-01
   1.8152400000000001e-03   1.1841636483225662e+00   1.5112443938230844e+00   1.1964030146694156e-02   1.0251085749491215e-01
   2.1754700000000001e-03   7.6053997737913637e-01  -1.4070416619522885e+00   7.9804017178079171e-03   8.4041512109773189e-02
   1.2456100000000001e-03   1.7123503330454903e+00  -1.4641129663919414e+00   1.6053786084562101e-02   1.1906420625138364e-01
   3.6409400000000001e-03   9.8834746746533655e-02  -7.8187542494286200e-01   5.0928597145109104e-03   6.7080422512097906e-02
   3.4270400000000001e-03  -6.1225049200583326e-01  -7.5261389477194451e-01   5.5558402783678438e-03   7.0186383677466629e-02
   2.9351199999999998e-03   9.2596158898878478e-01  -8.7721134831466241e-01   6.7751577007265744e-03   7.7375512059939200e-02
   8.4917000000000000e-04   1.0890693571289932e-01  -2.5622173939600534e+00   2.3733806940273720e-02   1.4433028583751059e-01
   3.1019400000000001e-03  -1.1295251780998783e+00  -6.2812909831663905e-02   6.0360312232577810e-03   7.3013854146179433e-02
   2.8350400000000000e-03  -1.1288730867252523e+00   6.6251317642158758e-01   6.7805414267657193e-03   7.7506698149493999e-02
   2.4692600000000000e-03   1.1574440789856792e+00  -9.3969475989148621e-01   7.6238285956623667e-03   8.2108933886573088e-02
   2.2565400000000000e-03   1.5378658897815805e+00   4.2774530802524879e-01   8.1724998602504106e-03   8.5071664721391410e-02
   1.5441000000000001e-04   3.4935651289438709e+00   8.1065841240544112e-01   1.3185068598333824e-01   3.1673913692356259e-01
   2.1166100000000001e-03  -3.3659793171240077e-01  -1.6326226049717718e+00   8.8675475599604928e-03   8.8272224998442311e-02
   1.0825900000000000e-03   2.0501714413690513e+00   9.0867517450396240e-01   1.3787647859772026e-02   1.1019142537090820e-01
   1.0038899999999999e-03  -1.0730433029646187e+00  -2.0442615556877772e+00   1.4900174742488352e-02   1.1459388435431875e-01
   2.9534900000000000e-03   8.9379428895717672e-01   8.7821983754193789e-01   6.5841866461966584e-03   7.6367653613608991e-02
   2.2181700000000002e-03  -5.5828289074230841e-01   1.5671993467212935e+00   8.9718678752308961e-03   8.9096974618790015e-02
   3.1985099999999999e-03   6.9539660641273138e-01   8.0660138729576680e-01   5.7629358717122660e-03   7.1372869445519141e-02
   3.9223499999999998e-03   3.2029979317528173e-01  -4.6958728273657446e-01   4.7700954554912431e-03   6.4851757777325297e-02
   2.4925199999999998e-03  -9.6008629525807507e-02  -1.5074583768222041e+00   7.9513682717789226e-03   8.3875432491176252e-02
   3.5958700000000001e-03  -4.1230039976285843e-01  -7.5193355017314478e-01   5.2539865875187051e-03   6.8235613337006257e-02
   6.9726000000000000e-04  -3.1724412292037896e-01  -2.6825503469241418e+00   2.8235281506189293e-02   1.5724606988047310e-01
   2.4361000000000001e-04   6.6750363155556880e-01  -3.3281660075515571e+00   9.6446912143267421e-02   2.7765212614636997e-01
   1.2865000000000001e-04   9.7939833435110413e-01   3.5162645065086879e+00   1.3259125265550661e-01   3.1876226555416753e-01
   2.0080200000000001e-03   1.5467559492205825e+00  -8.3681661497783810e-01   9.6094477172097622e-03   9.2139163912995675e-02
   1.1240300000000000e-03   2.2983071938827329e+00   4.5632778696918869e-01   1.8022032292093759e-02   1.2596614235145015e-01
   2.6953400000000001e-03  -8.1269612228805452e-02   1.4355054085085093e+00   7.6975436369718904e-03   8.2562433428672935e-02
   3.8997300000000001e-03  -1.3926982739914173e-01  -5.6616250972744531e-01   4.6939789968870145e-03   6.4488545960645405e-02
   3.5207000000000001e-04   1.8440438307891334e+00   2.5081668695040276e+00   4.7868380596357604e-02   2.0346589647869059e-01
   7.4817999999999998e-04  -3.5955972121261071e-01   2.6211474060759983e+00   2.5762546407186320e-02   1.5022351931454092e-01
   1.9329400000000000e-03   1.5421324411479982e+00   9.2493431935468284e-01   9.9648562176551155e-03   9.3839992217496809e-02
   3.7892600000000000e-03  -2.5640939091390095e-02   6.6443183420656815e-01   4.7959021921562903e-03   6.5169030384943538e-02
   2.0929099999999999e-03  -1.0952485984197551e+00   1.2732568037276293e+00   8.8540731245149197e-03   8.8333295820618302e-02
   1.5471199999999999e-03   2.0527070179969318e+00  -1.7105707229874983e-01   1.3246894741964705e-02   1.0814799513783879e-01
   1.2350600000000001e-03  -1.2777784518661919e+00  -1.8278073080501938e+00   1.5503593846937360e-02   1.1664532455860811e-01
   5.4850999999999999e-04   2.8705452475612510e+00  -1.4320218314877331e-01   3.6205996501376292e-02   1.7755524028387781e-01
   2.0145800000000002e-03   3.0705320681794834e-01   1.7288272668720099e+00   9.6074096186918832e-03   9.2234909406973459e-02
   1.3375399999999999e-03   8.3293654500041692e-01   2.0246372638308054e+00   1.5041738970023394e-02   1.1524428054295441e-01
   3.2380500000000001e-03   6.8509695770748993e-03  -1.1216521856820330e+00   6.1988356211960371e-03   7.4080816494027840e-02
   8.2985000000000003e-04  -9.9977161346144339e-01  -2.3605527652734772e+00   2.3255630612386790e-02   1.4283856541891349e-01
   3.0660900000000000e-03   7.1918004197345120e-01  -6.3392867773088257e-01   4.9672615151218355e-03   6.6207973337288589e-02
   1.6339000000000000e-03  -3.4979008190217409e-01  -1.8549403947527849e+00   1.0048129438807882e-02   9.4088431455219043e-02
   2.2144000000000000e-03   3.9717534574000712e-01  -1.5844310438212252e+00   8.6520940805978660e-03   8.7358608990807260e-02
   3.2597199999999998e-03  -9.7097811572311343e-01  -3.7629333716230440e-01   5.7665354478720196e-03   7.1350304836817938e-02
   1.7038200000000000e-03   5.4339135003569217e-01  -1.8297173716712343e+00   1.0773275942805145e-02   9.7560293102738962e-02
   3.3078600000000001e-03  -6.3696854791297608e-01  -1.5233585639073882e-01   4.2639227825377679e-03   6.1258423506562985e-02
   7.3651999999999995e-04   2.6130641468242026e+00  -5.0516617531630414e-01   2.6561962991392643e-02   1.5266970272382871e-01
   1.4380599999999999e-03  -1.8688616267148439e+00  -8.9262707311430800e-01   1.2777101225717820e-02   1.0613696546468054e-01
   2.5412500000000001e-03  -8.6278543768420701e-01   9.6949789122088736e-01   6.0221341613582264e-03   7.2942336884862000e-02
   3.4773199999999999e-03  -5.8576838206348858e-01   7.6343689721285557e-01   5.5828382085547747e-03   7.0338572609792982e-02
   1.6457500000000001e-03   5.4549814556388798e-01   1.8844803915236175e+00   1.1490109092679914e-02   1.0074519916511922e-01
   1.5310300000000001e-03   1.7948459322221251e+00  -9.0650753392768635e-01   1.1889284493793258e-02   1.0243318661869671e-01
   2.9797000000000001e-03  -1.0382831865031426e-01   9.9277964418534559e-01   5.1485250907903849e-03   6.7239009100494254e-02
   0.0000000000000000e+00   0.0000000000000000e+00   0.0000000000000000e+00   8.8339583547204451e-03   8.3377245425276303e-02
