   1.9369500000000000e-03  -5.9361335422327310e-01  -2.3028820841078748e-01   1.9864305383924885e+00  -1.2168987592839361e-01  -1.1875262344095971e+00  -1.4983286941922896e-01   1.1742551747734311e+00
   1.6464500000000000e-03  -2.0099760680350682e+00   5.9034893813221134e-01  -5.9741568607243822e-01   3.2562252121278980e-02  -9.5272748072456082e-01   1.0357736082845044e+00   1.3344205541026657e+00
   2.0647999999999999e-03  -1.7159522057755954e+00   6.9567602246155746e-01   9.2627816206638214e-01   8.5892069092181544e-01  -1.3529419096182674e-01  -6.7385210526834038e-01   1.1239139430636518e+00
   1.5573099999999999e-03  -3.2712688909248872e-01  -1.3340670490877349e+00  -4.1444441702324447e-01  -2.0639292382707788e-01  -2.0627487636642221e+00  -7.8557453524145737e-01   1.3691255492950936e+00
   3.0741499999999999e-03  -8.0514709360957037e-01  -6.7790677117639753e-01  -2.9123284383054276e-01   8.6717167922495647e-02   1.0557641386304202e+00  -1.9605442001641996e-01   6.8462699157341200e-01
   1.7848100000000000e-03   1.1265656218061242e+00   1.7670343447203218e+00   1.1937548147978175e-01   1.2617901239325005e+00   4.4804670189192319e-01   4.9646922962241236e-01   1.3024325768062561e+00
   1.6337599999999999e-03  -8.8922161984750236e-01  -2.1802010274198036e+00   2.3627996219035560e-01   7.3026321525542603e-01  -8.3863939772075691e-01  -4.0917299764870918e-01   1.3906928109096861e+00
   1.7526700000000000e-03   6.0875693391954888e-01  -7.0363317145533955e-01  -9.5048801155670382e-01   7.4389440659125627e-01   2.0342754116043191e+00   3.7809488342863451e-01   1.3352150485359728e+00
   1.8061100000000001e-03   1.6283941337882260e+00  -6.9606945212501947e-01  -1.0308876190983616e+00  -9.6946879141237996e-01   2.6817237747669620e-01   1.0418452447146811e+00   1.2608077028372926e+00
   1.7828099999999999e-03  -7.0635820520217857e-02   2.4327067179545927e+00  -1.6718575125429527e-01  -5.9950319907599148e-01  -5.6338352020316740e-01  -3.3455306527994250e-01   1.3665025375188378e+00
   1.8641700000000001e-03  -3.2239640709204426e-01  -2.8197511314401613e-01  -1.6760756356812545e+00   6.5955730127629925e-02  -1.5869362707249088e+00  -8.8781204204616071e-01   1.2707664400504080e+00
   1.7305199999999999e-03   1.4239230873905790e+00   4.3559196373661319e-01   4.5532499192598269e-01   9.5947967162396919e-01  -1.6767656635417316e+00  -8.5079778833128072e-01   1.3875631835684785e+00
   1.6525000000000001e-03  -1.7102601190672171e+00   1.3692199790167223e+00   1.4609585603087830e-01   1.2935834832785065e+00   8.0548171128794244e-01   5.6844256156253534e-02   1.4550495308452371e+00
   1.7457300000000000e-03   3.1361523514566264e-01  -1.2220212949323881e+00   3.8185340486773012e-01  -8.1324332568552121e-02  -6.1445733443208583e-01  -2.0641798107563027e+00   1.2707063589913994e+00
   1.5441900000000000e-03  -2.0070503491639271e+00   5.3758951614179751e-01   7.3777721557486009e-01  -4.4397554401120820e-01   9.7690080016897152e-01  -1.2182156748821564e+00   1.5055840012287216e+00
   1.8812300000000000e-03  -1.8363306883934414e+00  -1.7059272387655602e+00   1.9693013136181900e-01  -1.5125333508630420e-01   1.3722569047809807e-01   4.5607368184630770e-01   1.3504196361055794e+00
   2.0926500000000002e-03  -1.5837546400535514e+00  -8.0997455484995984e-01   1.6431109848661027e+00   4.3350963877933782e-03   3.4139975165484054e-01  -4.1615206720309028e-01   1.2691628266992518e+00
   1.5240399999999999e-03  -5.5733816096646938e-01  -7.8133210503362949e-01  -3.0617872099109866e-01   1.1620461284406927e+00   1.9555669410727257e+00  -1.0265157838029095e+00   1.4318434190075693e+00
   1.7284100000000001e-03  -1.1983891952737291e+00   3.1713363251117921e-01  -1.9377472497603281e+00   2.9130914792031254e-01  -1.0501490163130016e+00   4.9388300729471379e-01   1.3605035767992324e+00
   1.7003299999999999e-03  -8.7627608865550455e-01   1.3924691089959353e+00  -1.4512092149374527e+00  -1.0575565250915490e-02  -9.9798893733835670e-01  -9.6622853486553095e-01   1.3405661122027939e+00
   1.7666200000000000e-03   1.4985850618566801e+00   1.3037320190395318e+00   1.0403577111228199e+00   8.3923368460313019e-01  -8.7634020181778483e-01   2.2552423402049082e-01   1.3087876203254165e+00
   1.7596100000000000e-03   8.1056906266149566e-03  -7.6171958150443864e-01  -2.6872188216514419e-02   1.8430992277044060e+00   6.4810129288715468e-01   1.5020641462761009e+00   1.3499635785649979e+00
   1.7413699999999999e-03  -1.7010150763990897e+00  -5.0543550044139329e-01   1.2023283472455437e+00  -5.6520627540518475e-01   3.5544141398516543e-01   1.3073056927958608e+00   1.3509363234969041e+00
   1.7217300000000001e-03  -6.9809387156130942e-02  -1.7730241326082328e+00  -1.1538259551725520e+00  -2.8464535195367796e-01   1.3349288424047681e+00  -5.0533918481955475e-01   1.3045404477802522e+00
   3.2453000000000000e-03  -4.4901889188674549e-01  -5.3665918342034169e-01   6.6117553720057476e-01   9.1450940924127450e-02  -1.4113351507721900e-01   1.1465392214212649e+00   6.8343472101274294e-01
   2.9634100000000001e-03   8.6128040125508735e-03  -1.0682831555631480e+00  -7.9850761685943084e-01  -3.5258467515284003e-01  -5.9622526805687959e-01  -5.8652294310935915e-01   7.0707811159378020e-01
   1.8545899999999999e-03  -7.6712610453561791e-01   1.5198969997666198e-01   7.4929747864552820e-01  -9.5095294164572641e-01  -1.9704160616108004e+00  -4.8550586607839274e-01   1.2508905428502057e+00
   1.6964400000000000e-03   1.6645909819647489e-01  -1.1745866019995919e+00  -4.5368792824503351e-01  -1.1717684538717033e+00   7.6791824140917841e-01  -1.8212565101297520e+00   1.3843521968704673e+00
   1.7243099999999999e-03  -1.0943195307658848e+00   1.2164704808550253e+00  -9.5287367837437242e-01  -1.1248974663255686e+00  -1.3192774863850196e+00   9.2422172743709577e-02   1.3153429796314744e+00
   3.1516600000000001e-03   1.6694239628042623e-01   1.0849837225845993e+00  -2.5827491861965490e-01  -7.0957183345440988e-01  -4.2213274447337856e-02   7.6075751111037315e-01   6.8829718859444700e-01
   1.9317500000000001e-03   8.8934806514609432e-01  -2.0513265308678306e+00  -2.3947901118388606e-03  -7.6145217866383474e-01   5.0737907373672186e-01  -3.2559216500296184e-01   1.1978492594883163e+00
   1.9292599999999999e-03   1.1157154382211589e+00   1.3975982427979623e+00   3.3279340592241841e-01  -1.4184567592756727e+00  -1.4129583304624099e-01  -1.0428516618896078e+00   1.3299474455004259e+00
   1.9039899999999999e-03  -2.0000595019167827e-01  -1.8577881873460591e+00   1.4650010276641456e-01   5.4941957868587110e-01  -9.1258014653241237e-01   1.2448925208008883e+00   1.2635002413278622e+00
   1.8404400000000000e-03   1.0946488754808665e+00  -1.6221242762662066e-01  -1.2564277748482275e+00  -1.4112294090278601e+00  -9.7496908575809071e-01   6.9877317442099474e-01   1.2518107963343170e+00
   1.7658600000000000e-03   8.2240794867182088e-01  -8.5956792518625169e-01   5.7994027444064489e-01   1.1553803858179588e+00  -5.4262820246128229e-01   1.7672860362494163e+00   1.3031889971806143e+00
   1.9289100000000000e-03   1.2894520809970578e+00  -4.1993514404230692e-01   3.7426862809779526e-01  -2.0696858226780168e-01   5.0222460494332224e-02   2.0629892192356611e+00   1.2786369975782663e+00
   1.9276499999999999e-03  -1.1748906239910293e+00   5.6120301842360154e-01   6.2535824580717658e-01  -1.7733369648823596e+00   3.5127610075513696e-02   1.0308943503623247e+00   1.2772159386860886e+00
   1.6808500000000000e-03  -2.0994427168410406e+00   1.0315057141181521e+00   8.2514651264537475e-01  -1.2452285273107967e-01   1.9616852040991839e-01   4.7861301797472711e-01   1.2612742788431230e+00
   2.0944900000000001e-03   7.5487744665826140e-01   4.2757400732262552e-01   7.0849888493183166e-01   2.0480018975471288e+00   3.1623127104744458e-01   4.3301810165759647e-01   1.1856023499949120e+00
   3.1967800000000002e-03   8.0660920646707113e-01   1.2768607724337705e-01  -5.1433808008854963e-02  -6.1993630687678558e-01  -6.2337705662479492e-01   9.0341581874823085e-01   6.7722215496515692e-01
   6.4264200000000004e-03  -1.1968986924981531e-04  -9.0111392884000604e-03  -8.9288081563062664e-03   4.3589774284751746e-03   8.8946890676773593e-03  -1.5017605981759922e-03   5.5605965714815042e-01
   1.8573100000000000e-03   1.4286105374942371e+00   4.5293914235122740e-01  -7.6045417074083244e-02  -8.8900413561558056e-01   1.3101874021156545e+00   1.3014318191449239e+00   1.3078141805868346e+00
   1.7779300000000000e-03   1.1562340580352888e+00  -3.4414972457784032e-01  -3.0017008490166003e-01   1.8830277332716137e+00  -6.1299583350648490e-01  -9.4031982201833919e-01   1.2592678635985446e+00
   3.0111999999999999e-03   3.1294240881250962e-01   3.9533099992424325e-01   1.9262425126868030e-01   9.6549589284682913e-01   1.2653828234074496e-01  -1.1787340109059632e+00   7.1195291088106905e-01
   2.0645699999999999e-03   2.6786004798178614e-01  -1.3974186322447657e+00  -7.9367673720039933e-01   1.5465940179585156e+00   9.2736118339959839e-01   8.0487002882017773e-03   1.2222456541844335e+00
   1.7694000000000000e-03  -1.4505255876839664e+00  -1.0633662518341001e+00  -1.1296964190312400e+00  -9.9136468226517904e-01   1.0461699141748557e+00   1.0140065100532281e-01   1.3265348971651043e+00
   1.9518800000000000e-03   1.4048560370812029e+00  -1.8565241886034332e+00   3.0854628627340824e-01   1.1336428415463098e-01  -1.9167164516125446e-01   8.1937116518207365e-01   1.2878363813018847e+00
   1.8151300000000001e-03   1.4659763784205471e+00  -1.7811520183672760e-01   1.9701367969394967e+00   3.2453919367896300e-01   2.5246392594219608e-01   1.0139988851630849e-01   1.2468986118788614e+00
   1.5714399999999999e-03   1.6604787693818790e+00  -7.9175372350631690e-01   3.0953527065355785e-01  -1.1320682847424912e+00  -1.0259316097122018e+00   1.1407593939607876e+00   1.4161133262193628e+00
   1.9226200000000001e-03  -1.5010384837626096e+00   1.3932299211556529e-01  -4.7232267102995207e-01  -6.4232209997183842e-01   3.7145911289984168e-01   1.8102207901860121e+00   1.2814792075350678e+00
   3.3042700000000002e-03   1.3594554240208268e-01   7.5913196496736945e-01  -2.0879548583746263e-01  -1.0649321956873901e-01   7.0535251055448878e-01  -9.9456288644287905e-01   6.7155494125244619e-01
   1.8430000000000000e-03  -8.5958744144913590e-01  -6.6626532932210347e-01   1.6790924011592339e+00   1.2890484054498768e+00  -5.6590210561646193e-01  -8.3143375141142162e-01   1.3677521823327070e+00
   1.8549300000000001e-03   7.1156958853059749e-01   2.1163662522925537e+00   1.0936018248807176e+00  -2.5464665875756348e-01  -2.4137152906749192e-02   2.8031259417049537e-01   1.2685091957448054e+00
   1.8926300000000000e-03  -1.6337369629102536e+00  -2.5506658007852906e-01  -1.2893383492437847e+00  -1.1346254031318164e+00  -5.2518184313938165e-01   4.1085412750865452e-01   1.2379531324708382e+00
   1.9805999999999999e-03   1.2156518522117523e+00   1.6855060199964804e+00  -9.7958390293175290e-01   7.4452176319095578e-02   5.3428102302928104e-01   6.5546888869894981e-01   1.2260983025940790e+00
   1.8144200000000000e-03  -4.8081824175689980e-01   1.4885308631684731e+00   7.4929777815395837e-01  -9.0572383267453815e-01   4.1196598494512615e-01  -1.5248488926733290e+00   1.2630662297510407e+00
   1.8437000000000000e-03   7.1348300881315896e-01   7.0973559223623486e-02  -8.5818403788303632e-01  -1.9636218802565844e+00  -2.1102143316568997e-01  -1.1217768336366294e+00   1.3020958867908810e+00
   1.9027000000000000e-03   1.0721348993815605e+00   5.0291483793329815e-03   1.5855107895218898e+00  -7.6047628487405572e-01   8.0398165374637953e-01   1.2110713387344811e+00   1.3086029713238903e+00
   1.8332699999999999e-03   4.8196972811197664e-01   2.7510680287000627e-01   5.1039324710073486e-01  -1.5891297722635080e+00   1.7617772259511015e+00   2.2945015689041492e-01   1.2505377092701726e+00
   1.9440000000000000e-03  -1.1412697645765943e+00   8.7489212353890677e-01  -7.9313086470809047e-01   4.4688515009029178e-01   1.4413919342868722e+00   9.9595667403400545e-01   1.2013706325253066e+00
   1.9281599999999999e-03  -8.1999690100678502e-01  -4.6817170907438338e-01   3.8504400946898409e-01  -1.3259988780679075e+00  -4.4398369822208383e-01  -1.8426389811135107e+00   1.3100055057721258e+00
   1.7470100000000000e-03   4.2421103136702970e-02   7.6351897112784262e-01   1.8254397502636319e-01   1.8057601010873885e+00  -8.8280620194985482e-01   1.2978661889341558e+00   1.2595110228694022e+00
   3.1349600000000000e-03   5.3559596860075775e-01  -7.6369241673859467e-01  -5.9284967277831124e-01  -1.8531246873913099e-01  -6.8567170927559901e-02   1.0622920656349379e+00   6.9033532607081360e-01
   2.0974900000000000e-03  -5.0615283139155343e-01   5.2893072253348683e-01  -1.1594823463287240e+00  -1.2294967779660697e+00  -6.5490830754853413e-01   1.4216241167136217e+00   1.2086429003222254e+00
   1.7824399999999999e-03   9.7910430819340699e-01  -6.8237613822687293e-01  -1.1722364880646128e+00   1.0605656386524828e-01   1.4898001985563600e+00  -1.2216964262532937e+00   1.3045701704940038e+00
   1.8896600000000000e-03  -2.0553896941807626e+00  -7.1735691789329092e-01  -4.6812769943892152e-01  -6.2546008034730760e-01   1.0695321259810134e-01  -1.0410402807980752e+00   1.3130201898269815e+00
   1.8532200000000000e-03   1.0908103190097089e+00  -4.6006693979320351e-01   9.2543900262509404e-01  -1.4161604568851363e+00  -5.6086817305093899e-02  -1.5165851946201330e+00   1.3384029310565428e+00
   1.8209299999999999e-03   1.5950996047331114e+00  -1.3875694694306402e+00   1.0701152676039938e+00  -2.6662399695520389e-01   3.6775169526799423e-01  -7.2634017779087068e-01   1.2816466387671221e+00
   1.7869800000000001e-03   1.8704182603159438e+00   1.2343135157110490e+00   8.5247769715759925e-01  -1.7437530151010147e-01   1.0654286532508583e+00   1.3268256003006090e-01   1.4143576636951678e+00
   1.9131500000000000e-03  -9.6347164960857645e-01  -1.7908458496613422e+00  -1.2405304617384576e+00  -3.4925052788604866e-01  -1.6389773650566739e-01   4.0272964708529757e-01   1.2076553628100481e+00
   1.6217600000000001e-03  -1.4114613668475839e+00  -2.3261581907693207e-01   1.0193957841037344e+00   1.4602316324775166e+00   1.0594204373494798e+00  -7.6829445684001663e-01   1.3715897572601239e+00
   1.9597600000000001e-03   1.3431220606966900e+00   1.4479522954946639e-01   4.6977145552540300e-01   8.7954703165320947e-01   1.5373442380689171e+00   1.0653535426422951e+00   1.2958852361758764e+00
   1.8018800000000001e-03   2.8875587250436935e-01   1.0234672293612423e+00   2.2156067353024778e+00  -2.6489961471464524e-03  -1.4971935735783233e-03   4.6375849171401218e-01   1.2421005898879811e+00
   1.7214999999999999e-03  -1.8956781682424331e-01   7.7095642017479526e-01  -1.8181033830156355e+00   1.6866372927934745e-01   3.8537934759466624e-01  -1.5812247355167965e+00   1.3223771605614032e+00
   1.8411899999999999e-03   1.1903476165255431e+00  -1.0887060559285326e+00   1.6391672943457722e+00  -9.8211695558508239e-01  -4.8498268030174280e-01   2.1370271402025895e-01   1.3440342285763647e+00
   1.7932200000000001e-03   1.5182825993221738e+00  -9.0624238046126948e-01   4.8518227131857755e-01  -5.0258091636533020e-01  -1.5649635136348621e+00  -6.3324081918233810e-01   1.2910226641906293e+00
   1.9018100000000001e-03  -9.2812335627578879e-01   1.5256020739637344e+00   2.7503510398780445e-01  -1.4633207139408868e+00   9.8118860630084137e-01  -1.2765201881251337e-01   1.3044962724122375e+00
   3.1804899999999998e-03  -3.2215364026339416e-01   9.3569165663933709e-02   1.6358726223294193e-01  -3.6008422911955540e-01  -1.1635459008151221e+00   6.4969905113966497e-01   6.5453025622661232e-01
   2.0925700000000002e-03  -9.8785746096760629e-01  -1.0153934194514793e+00   1.3203900869261891e+00  -7.6249131301165274e-01  -9.0899824795065942e-01   8.2650665289863268e-01   1.2133649879432988e+00
   1.9954100000000000e-03  -1.8587536120795561e-01  -6.4475269638293109e-01  -1.5373602247040894e+00  -1.4863820998612753e+00   1.5156771349181059e-01   7.6922314885213039e-01   1.1427140663312474e+00
   1.7625700000000000e-03  -2.4940874340910640e-01   2.7850902070746980e-01   5.8380141660384843e-01  -9.2497746879776221e-01  -2.3213060998755952e-01   2.3338059800555313e+00   1.3895105748669234e+00
   2.0027299999999999e-03  -1.1437668032145618e+00  -1.2375365387045498e+00  -5.9771178529722702e-01   1.2467051094684987e+00  -1.0508136127587275e-01   1.0923828686763819e+00   1.2186163131345862e+00
   1.8664000000000000e-03   1.0211794584754643e+00   9.0007220904893645e-02  -6.8498901759521125e-01  -2.0179884145001918e+00   6.5634716083126454e-01   1.0279898710352414e-01   1.2246000318938637e+00
   1.8517099999999999e-03   4.7716378963326428e-01  -1.0836661675063392e-01   1.0169472200925875e+00  -6.4821617634851370e-01  -1.5536051969622140e+00  -1.5307038507119144e+00   1.3170827351848626e+00
   3.2039799999999999e-03   1.0248999235240441e-01  -8.4371398130630504e-01  -1.1234982103035311e+00   2.2872665989006338e-01   4.5823116020225885e-01  -2.6227448139409931e-01   6.8560044891868810e-01
   1.7691300000000001e-03   7.2643510006632084e-01   2.8407198039540227e-01   2.0894665046933776e+00   3.4434900720300260e-01  -1.0385231569493001e+00  -4.5813036400590512e-01   1.2880146300460633e+00
   1.8263800000000001e-03   1.1743010794065693e-01  -1.5008136505845127e+00   9.8155434299710842e-01  -6.2870762136040770e-01  -5.4838900663140386e-02   1.7234297405473993e+00   1.3497475554362619e+00
   3.1670600000000002e-03   4.2645719527371645e-01  -3.2103652742350088e-02   3.8604169044791531e-01  -3.5579573953036836e-01   6.4791113020651114e-01   1.1222182341611149e+00   6.6589369723096226e-01
   1.8094400000000001e-03   3.6059953050845167e-01  -1.4297478707058220e+00   1.7170964224861938e+00   5.9738742615505513e-01  -9.2697256001910100e-01   6.0063564822511639e-01   1.3793596740827001e+00
   1.7004300000000000e-03  -5.8415425997258774e-01   1.2578322023761199e+00  -9.7908050518237233e-01  -1.9342632428485353e+00   1.5020505151390154e-01   2.6050182889047752e-01   1.3439487424655543e+00
   2.1902599999999999e-03  -3.9483326953365577e-01   7.2852208738231483e-01   1.1121059653658494e+00   6.1409437250938959e-01  -1.6620668688229299e+00  -6.2215653622735068e-01   1.1317095527959731e+00
   1.8508400000000001e-03  -1.1113883225386527e+00  -1.2441201289086070e+00   2.1422931312919419e-01  -6.3246345964871464e-01   1.3622416855048483e+00  -1.0949888283155098e+00   1.2712528758507249e+00
   1.8336500000000000e-03  -4.4958683837251856e-01   1.3220534087736600e+00   1.9636828861950051e-01  -5.1115074358602930e-01  -1.4319700742191719e+00  -1.5273761503386385e+00   1.3412370505390205e+00
   3.4636300000000001e-03   7.4400647145579923e-01  -3.6217420887140195e-01   9.2757516688109121e-01   5.1416721246262664e-01  -4.1915989418615768e-02   5.1382988222914261e-01   6.7295383965829458e-01
   1.8761600000000000e-03  -9.5976848328061393e-01  -8.2292898246190085e-02  -7.2538634059306584e-01  -2.6355339729487259e-01  -2.0863084960672693e+00   4.1428573798255519e-01   1.2184684260291017e+00
   1.9751199999999999e-03  -3.9217725472829129e-01   9.8794733570621052e-01   1.2956199975800706e+00   1.6570461660996989e+00  -2.1966950314760186e-01  -6.1176513174597602e-01   1.2204680926867992e+00
   2.0101699999999999e-03  -1.6198626749426298e-01   1.4417885897159344e+00   5.1307033770492383e-01  -1.8002455993886017e+00  -7.3956803590711784e-01   5.6025115049778938e-03   1.2628762837212006e+00
   1.8167999999999999e-03  -8.6314683188184238e-01  -1.5370746192178899e+00   1.2888143305295081e+00   9.9280730430866704e-01   3.1589175942111231e-01   9.1669280649843998e-01   1.3620771002148382e+00
   3.1302200000000000e-03   1.5005502731774525e-01  -1.1510380532818294e+00   1.6816294881527294e-01   6.4296380384067031e-01   3.5472275487190497e-01   7.5762781341602981e-01   7.0584583503092502e-01
   1.9419000000000001e-03   2.0996213657355498e+00   2.0419072457729681e-01   5.5862027343675391e-01   1.1059847279963595e+00   1.6443410665042760e-01  -3.4791964161207267e-01   1.2460005737321698e+00
   3.3426799999999998e-03   4.4461940573575587e-01  -3.8475096972935768e-01   4.2742255687874953e-01   6.4981698490275774e-01  -1.0374924699297230e+00  -3.9958643500995711e-01   6.8361794356032202e-01
   3.3325300000000002e-03   1.5896937314977819e-01  -1.2255698107533350e+00   8.4229552896774459e-02   7.8785177397474745e-02   4.3479288842424185e-01  -5.4500081665390443e-01   6.5973093941407679e-01
   1.9294600000000000e-03   3.0378110088711724e-01  -3.5582952559247777e-01   1.0908956125663032e+00  -1.5453875325475901e+00  -9.4640356275620563e-01   1.0804631717588351e+00   1.1802657573643929e+00
   1.8886000000000000e-03   5.1270850537523327e-01   2.8498714230856581e-01  -1.4434064411537073e+00   1.1396306975885528e+00  -8.8181838474782981e-01   1.3409409738229683e+00   1.2861895869018865e+00
   1.8083200000000000e-03   5.6678081320572553e-02   4.6237895679170193e-01  -5.2581964153109206e-01  -1.5368573227862694e+00  -1.7294048094265480e+00  -8.4156392342728081e-01   1.3256213720958165e+00
   3.1473000000000000e-03  -9.4939400112846650e-01  -9.1890141251557800e-01   2.7246112314885496e-01  -1.1050477209649090e-01  -9.6177585991640335e-02  -6.9494416628621758e-01   6.8373291401363034e-01
   1.6726800000000000e-03   1.6938840085928000e+00  -8.2585071754946127e-01  -4.3888174045088174e-01   1.4595885306228435e+00   4.4738306554067692e-01   8.7968967239116258e-01   1.3653223763948612e+00
   1.7552799999999999e-03  -3.1597565959585003e-02   1.4045360887649923e+00   1.2929389403736935e+00   2.5157139594305994e-01  -1.3592524437594053e+00   1.0339847126700761e+00   1.3246185330174798e+00
   1.8014400000000001e-03   2.1578678767559727e+00  -8.1210885556447968e-02   8.4204770802923587e-02  -4.0439631714465391e-01   6.7202262960634240e-01  -1.1070527410637239e+00   1.2944402598611240e+00
   3.3558300000000002e-03  -6.5507641375067094e-01  -4.6523341970966886e-02   3.0560049700892999e-01   1.0512246332853425e+00  -5.2578075717980888e-01  -4.5382662882168290e-01   6.7017978420246527e-01
   1.9651800000000000e-03   1.6683392136520090e+00   4.1906993722127722e-01  -3.3313069861229982e-01  -2.9872202109244622e-01  -1.7249084798417722e+00   2.4433623847507788e-01   1.2763960270170807e+00
   3.3930599999999998e-03   2.1201242017919308e-01   6.1911269147385251e-01  -1.7840558380580354e-01   1.2170921677427315e+00  -4.9126871265868532e-01   3.3446866210436667e-02   6.8126273250742420e-01
   1.6736600000000000e-03   2.6458090689968455e-01  -1.8161167479636371e+00   3.6323732558867611e-01  -1.7003466799388660e+00  -6.1558980105725014e-01   3.1414136076208637e-01   1.3740555092764581e+00
   2.2625200000000001e-03   1.1375586930330337e+00   2.1442861458046555e-01   3.7692686631252287e-01  -1.6205084493687363e+00  -1.0303848747501110e+00  -1.0585264415233317e-01   1.0950959118540817e+00
   1.7564900000000001e-03  -9.8846398033740701e-01  -2.1575390580762216e-01  -6.4580488560428762e-01  -2.2144168560168227e+00   1.7241371167124489e-01  -5.1553525586264604e-01   1.3366744324544335e+00
   3.0348400000000000e-03   9.0121366808508596e-01   1.2004500272283426e-01  -5.8421898095134935e-02   6.4743638020359651e-01   1.4673842932797304e-01   1.0715906873555066e+00   6.8989529065455235e-01
   1.6501500000000000e-03  -1.1145027612089318e+00   1.5161572093881723e+00  -4.7106713785558620e-02   1.1332315316643025e+00  -8.2029119973887155e-01  -1.2008028957045500e+00   1.3904349597798740e+00
   1.8239199999999999e-03   3.3749309162329055e-01   2.1856588731063564e-01   1.7406589349724155e+00   5.9128282707188540e-01   1.6159205155116005e+00   4.1369694255246448e-01   1.2751448306716575e+00
   3.2693000000000002e-03  -2.1155336833858152e-01  -9.8538271119974108e-01   9.9926756235574543e-01   2.6958161368821532e-01  -3.6820999556745382e-01  -9.1763701700369155e-02   6.8068646226523211e-01
   1.6574700000000001e-03   9.0807222731703474e-01   5.5394782493520733e-01   1.8820056970779613e+00  -1.3827345926148071e+00  -4.3806485880942897e-01  -1.1952940102319796e-01   1.3715062486601977e+00
   1.9562500000000001e-03  -7.0203839715540173e-01  -1.3820267346188102e+00  -1.7805464981357697e-01  -1.5837749509208013e-01   5.7950737090990112e-01   1.7807881621722819e+00   1.2202413303555955e+00
   1.5562900000000001e-03   2.7180178445184444e-01  -2.1470387390838477e+00  -1.3583823949802785e+00   3.1962874524744300e-01  -3.6751239618430326e-01  -5.5856044555245998e-01   1.3994283637904215e+00
   3.4044100000000001e-03  -6.4567222439178595e-01  -5.6050643834971470e-01  -7.6935410457495368e-01   1.2137117950250478e-01   3.9257309264451618e-01   7.7682966441176737e-01   6.7093421942966636e-01
   1.7987400000000001e-03   1.6894682710855240e+00  -1.0604512458744807e-01  -1.5962352731059564e+00  -7.6547677487896781e-01   4.0539581584448653e-01  -5.6052125062840419e-01   1.2993211239498581e+00
   1.8604200000000000e-03  -7.5377717670430625e-02   4.9907479301370372e-01  -2.1523767766780812e+00  -1.1614367712613136e+00  -4.8021499455398109e-01  -2.8324966013503572e-01   1.3265148297711638e+00
   1.8848400000000000e-03  -8.3905080293527765e-02  -1.1249498207195269e-01  -1.7515833965766865e+00  -1.3084149291720373e+00   1.1155898484015165e+00  -6.6420830162890521e-01   1.3283112831050126e+00
   1.9240900000000000e-03   2.0522243873014174e+00   2.8558255630165008e-01   1.0978360153511175e+00  -3.7067362520267183e-01  -6.1740583497672530e-01  -5.1048910725996544e-01   1.2837604193167835e+00
   3.5192499999999998e-03   3.5348067234380925e-01  -2.0944375915304979e-02  -1.2062229499034083e+00  -6.0246661625898856e-01   7.9680333087241331e-02   9.8372457795117746e-02   6.6373241615218181e-01
   2.0690700000000001e-03  -8.3575472822578156e-01  -2.5063372749648544e-01   1.0587098342982301e-01   4.7614132595043512e-01  -1.3038721707490353e+00  -1.6472056221482505e+00   1.1084301530789782e+00
   1.7501400000000001e-03   1.4097613670525908e+00  -1.3357119141359604e+00  -7.4101626371454699e-01  -2.6769154083100261e-01  -7.6573373739568587e-02  -1.4806957258566449e+00   1.3124247851004285e+00
   1.9827999999999998e-03  -3.5536691789365160e-01  -6.0581437766791379e-01   2.1710654708851815e+00  -3.8237823874011118e-01   2.5609817307639715e-01   7.4822943309530365e-01   1.2320560163154917e+00
   3.4386600000000001e-03  -5.5278136972326009e-01  -2.3203033253043667e-01   7.0086967799576760e-01  -1.0479415582669753e+00  -4.5422768857239482e-01  -2.0252339377843456e-02   6.8227257621944604e-01
   1.5892000000000000e-03  -9.8632706494273437e-01   7.9603538729055165e-02   7.3948164788544865e-02   1.8427787890965976e+00  -3.1874436564744174e-01  -1.5838796320301405e+00   1.3983117123707129e+00
   1.9725300000000001e-03  -2.3196409872203080e-01   1.5426546738435312e+00  -1.5481835576928946e+00  -3.9776966360315874e-01   9.7658934264226338e-01   4.2520754410965374e-02   1.2055368348764246e+00
   1.7035700000000000e-03  -8.8629905297675959e-01   3.5848431642226830e-01  -1.9371057916357144e+00  -7.1648211501630132e-01   9.2105112065599626e-01   9.2955359507891899e-01   1.3860310830671851e+00
   1.6233100000000000e-03  -9.3323429603148766e-02  -8.6017158356628809e-01   9.9649028125022132e-01   9.6827791420413400e-01  -1.9845664791634330e+00  -6.5739167188222825e-01   1.4117529408388343e+00
   1.7614099999999999e-03   2.2710886934444319e+00  -5.9702430516421456e-01   5.8922901005953365e-01  -1.4981739404035915e-01   6.7185186278425113e-01   6.9929397616147559e-01   1.3707435849997320e+00
   3.2135300000000000e-03  -2.7304834647340104e-01   1.3291387626177070e-01   3.6598098241847871e-01   1.0992865841219230e+00   1.6747045656648393e-01   8.9495249012649547e-01   6.8266118223512107e-01
   1.8326700000000000e-03   1.3236673346540671e+00  -4.7237822233059745e-01   1.0315143120351493e+00   1.0681472605539706e+00   1.3648213633248156e+00  -5.5796156418608145e-01   1.2801000482489111e+00
   3.3338800000000000e-03  -1.5030443274131344e-01  -2.6431787637299792e-01   4.6568652566346713e-01  -7.5590206603432453e-01   7.4880959517305312e-01  -7.3991592202240886e-01   6.5447105370443714e-01
   1.9315900000000000e-03  -2.7947262431813552e-01   2.0788137032388896e+00   5.1457413627636450e-01   7.6828620707144113e-01   3.9759639254542234e-01  -6.8110732914328376e-01   1.1856270852814907e+00
   2.2953299999999999e-03   2.0462764026415875e-01   4.2994956014836883e-01  -5.9706641401190509e-02   8.7751032475855317e-01  -1.9414454980018880e+00   4.0521691170358604e-01   1.0408238096649531e+00
   2.6838700000000001e-03  -6.6534133309063603e-01  -5.1009230304842701e-01  -3.3501930259121948e-01   1.0272180428951232e+00   4.0781360532911271e-01  -1.0365530580456142e+00   7.5508534970971219e-01
   3.3488400000000001e-03   4.1007100353724646e-01   6.0897972255456712e-01   1.0126834250350287e+00   6.0310057673665685e-01  -3.4220136074124968e-01  -2.9761228139672641e-01   6.7489507994955267e-01
   3.1004900000000000e-03   4.7037035044972386e-01  -8.2383636728246967e-01   7.4179902503451178e-01  -6.6683775496797948e-01   1.9564519196330471e-01   4.5533491533401876e-01   6.6080476890577489e-01
   1.9404200000000000e-03   1.9143141986106267e+00   1.4548703982859006e+00  -2.5502248486609819e-01   1.6796457890404071e-01  -1.0335368882851789e-01  -7.0664861600882278e-01   1.3104355164945503e+00
   1.4464800000000000e-03   1.2017193069201964e+00  -8.0655208448739510e-02   1.5825220135528257e+00  -5.5838293564499852e-01   1.6388537551198705e+00  -5.9768522062323504e-01   1.4373591175383669e+00
   1.7706899999999999e-03   2.5521799602983247e-01  -2.0562592261227264e-01  -6.8523234268569344e-01   9.6796221973601293e-01   9.6094628353832909e-02  -2.3072539572013824e+00   1.3951637511159902e+00
   1.9039500000000000e-03   7.8036210496718417e-01  -8.6619804213515483e-01  -2.0481968777568991e+00  -8.5612464484103076e-02  -6.0749533199089534e-01   2.9691593016163459e-01   1.2159885926049347e+00
   1.6834100000000000e-03  -1.1743637809208929e+00  -7.9088508979384864e-01   6.0062707237180057e-01   2.7176910461645148e-01   3.7614767412999089e-01  -2.0853598878047612e+00   1.3939192172268411e+00
   3.1978000000000002e-03   8.8742984275637049e-01  -9.6526624232071478e-01  -5.5211893663271894e-01   4.2528953225523947e-01  -4.1983548787173913e-01  -3.8824123705297288e-02   6.9725625138418845e-01
   1.7340100000000000e-03   8.3183742757930806e-02  -1.3083309950630426e+00   1.1334664959322978e+00  -7.4158516737453006e-01  -1.6853179910691625e+00  -5.3650046611294612e-02   1.2724782142991935e+00
   3.1056999999999999e-03  -9.0809796016249611e-01   8.0656437102200551e-02   4.1469395037552542e-01   2.5848623319656561e-01   7.3917580949215034e-01  -8.7914632090094746e-01   6.9259050452232385e-01
   3.1373500000000001e-03   1.8136583730229197e-01  -2.6553538286214073e-01  -7.4752901250356107e-02   6.3058620824957112e-01   1.1914600419804200e+00  -6.3378072185024281e-01   6.8288551312456813e-01
   1.6715300000000001e-03  -6.0134321511791788e-01   7.5883006192682900e-01   1.6955604866818026e+00  -8.6481572040936927e-02   5.8543966479555487e-01   1.6206680287922852e+00   1.3516912580006659e+00
   3.2724099999999999e-03   9.6340187542974276e-01   6.0330647216371669e-01  -4.4171477953849736e-01  -7.1572419325056291e-01  -2.3464434932926106e-01  -3.1499561703123075e-01   6.7081720812528045e-01
   1.6712999999999999e-03   2.7241084347037359e-01   1.3113514977511609e+00   9.4962169500490567e-01  -2.8049812153675008e-01   1.7959293443549131e+00   9.4725168932717319e-01   1.3662192907823172e+00
   1.7620200000000000e-03   3.0643036628916587e-01   1.8465345652212753e-01  -2.0236540803319256e-01   2.5339969754615204e-02  -2.4058782619164241e+00  -7.9367498804511805e-01   1.3215027398025223e+00
   1.7837000000000000e-03  -5.3344381813408803e-01  -3.9729948143909360e-01   1.2374288547354675e+00   1.4256543301591437e-01   1.9159979887739356e+00  -9.0285748773828822e-01   1.2996509932271316e+00
   1.9158900000000000e-03   2.9577468330901779e-01  -1.1641102634799698e+00   1.2615588194708072e+00  -1.1835788634887074e+00   1.2843248291797649e+00  -3.2111994049174936e-01   1.2585435317196514e+00
   3.2194900000000002e-03  -1.2675611022607378e+00   3.6110855899472549e-01  -1.8146364887490318e-01   3.5228028118299304e-01   4.5448791335857486e-01   2.3357620063598850e-01   6.7062023926783809e-01
   1.6381799999999999e-03   2.0266077943056887e-01  -4.2432971568736122e-01  -8.7823917168682253e-01  -1.0703226423658077e+00   7.6538984339028593e-01   2.0556168489136302e+00   1.3763317544181175e+00
   1.8735799999999999e-03   1.9166449082157092e-01  -9.5498354691337350e-01   2.6936617739594410e-01  -2.0894902465853473e+00   5.3774801342996303e-01  -6.6140632963291524e-01   1.2252693724873802e+00
   1.8461899999999999e-03   1.2754173586752002e-01  -4.8179801751681639e-01   6.1482900899589099e-01  -9.8051788223371503e-02  -1.5061616070225603e+00   1.8243071123651575e+00   1.2498482409253948e+00
   1.6873000000000001e-03   9.1423017939276940e-01   1.7997246649632914e+00  -1.5495520070001368e-02  -1.5450516499467069e+00   5.8050853723199802e-01   4.0598828328839170e-01   1.3952310972025157e+00
   1.7522400000000000e-03  -3.1901065170565929e-01   2.2928452723747617e+00  -2.1148119146188513e-01   1.7920522416903401e-01   8.9560607227999633e-01   7.3638495537601178e-01   1.3788615602791274e+00
   1.8547800000000001e-03   4.2746523678386045e-01  -1.4550971188160176e+00  -1.2419359813473358e+00   9.2525791822975423e-01  -1.5453046064437934e-01   1.2829555620411306e+00   1.2915964375379865e+00
   3.1945900000000002e-03  -4.6875063463197419e-02  -1.3851072691660513e-01  -2.7563583841061688e-02   6.0080965375938389e-01   1.2115813867985163e+00   7.6272314553735399e-01   7.0075606053268447e-01
   2.0812000000000001e-03  -9.4721640841539750e-02  -5.8069482226130620e-01  -3.2998570480964790e-01  -7.6863382091940025e-01   2.0899617256112495e+00  -6.6612789270924211e-01   1.2030993819742399e+00
   3.3282199999999998e-03   1.1188465892954745e-01   9.1824569751112561e-01   3.1883404866414083e-01  -5.4805310491203041e-01  -9.7272486953102499e-01  -8.1009487912038325e-02   6.8396530359744867e-01
   1.6898700000000000e-03  -1.0143988317546344e+00  -7.3040240100921738e-01  -1.5188303192784582e+00  -6.3061319393768647e-02  -4.5392551314113827e-01   1.6367246273077396e+00   1.3609370302092048e+00
   1.8647000000000000e-03  -6.9322225507720903e-01  -4.5263278387410671e-01  -1.3554220881485219e+00  -1.1829832241646692e+00  -3.7339814902935825e-01  -1.4556781894032620e+00   1.2423009777142642e+00
   1.9158000000000001e-03   1.4297300320378807e+00   4.6687767190357027e-01  -1.2388949668761307e+00   6.6158158069761297e-01  -5.4580697353436858e-01  -1.3347388852672093e+00   1.2905324679834467e+00
   1.8154099999999999e-03   9.4820699893635052e-01   1.4242163302667186e+00  -1.5209768671186024e+00  -7.6343075123261339e-01   1.8179719400984087e-01  -8.0585983754519963e-01   1.3129969524295089e+00
   1.8594600000000001e-03  -5.3757494207726242e-01   9.7706565880948226e-01  -1.2088419156075767e+00   1.3642772034071677e+00  -1.3748119578390443e+00   2.1705232736907112e-01   1.3252691194283193e+00
   1.8212599999999999e-03   1.1630981528984206e-01   5.9785808347356406e-01  -1.2603293181024084e+00   1.9141353702458164e+00  -1.9650451835190139e-01  -7.9027162131731155e-01   1.2551429509672805e+00
   1.9314800000000000e-03  -4.0444081012995309e-01   1.0712990979757724e+00  -8.6317559735433869e-01   9.3787074325636022e-01   1.6606030442757984e+00  -3.4531769300467774e-01   1.1792456656147210e+00
   1.6676499999999999e-03   4.0207319132070324e-01  -2.0224799024062459e+00  -8.3607912959635533e-01  -8.2770988080043162e-01  -1.0276053081058857e-01   1.0775370814896745e+00   1.3452921256158106e+00
   1.6316200000000001e-03   4.8957599865894236e-01   1.9863697811324013e-01   1.5333354456879875e+00   1.4708174955116302e+00  -1.3604570298040366e+00   6.3974942229018406e-01   1.4167456286952411e+00
   1.7386800000000000e-03  -1.2691871126467329e+00   6.6442550196128813e-01   1.8739592483560126e+00  -1.1151321828977796e+00  -2.5191985418766761e-02  -7.8761459049117674e-02   1.3812157876043585e+00
   1.9180499999999999e-03  -4.0731736658575053e-02  -1.3715493390715802e-01   1.9992653193801686e+00   1.3499470724678493e+00   2.0880616084699166e-01   6.2440151078799111e-01   1.2770351794449712e+00
   1.8137200000000000e-03  -1.7760556350260828e+00   2.2677521451429730e-01  -6.2045540480296235e-01   8.4027603307047283e-01   1.0054734866943125e+00  -1.0799144387833410e+00   1.3057809159007845e+00
   1.8249000000000000e-03   9.1150437294685782e-01   1.5386059429261409e+00   1.1072004512367186e+00   1.4272645751547683e-01  -4.0461046045172921e-01  -1.3291367907482634e+00   1.2905474725184762e+00
   3.0830800000000002e-03   1.3797402648401409e+00  -5.8074780426951778e-01   9.8170009505526082e-02  -4.2156897102646917e-01  -7.0893702755177895e-02   9.0328798439555089e-02   6.9692815544953302e-01
   1.8629800000000000e-03   8.9288928589064875e-01  -1.4939681996604910e+00   1.3545760602554595e+00   5.3200036634913489e-02   9.9705895510285880e-01   7.3785353372021445e-01   1.2988610723676994e+00
   1.8054099999999999e-03  -5.8526632537845524e-01   1.6802327726255160e+00   1.5799812418838799e+00   3.5417893794288079e-02  -6.4321015567330164e-01  -5.5125790776222050e-01   1.2830334539429888e+00
   3.2011800000000001e-03  -3.0418103793413787e-01   2.8669196243210421e-01  -3.0987270402041428e-01   1.0890183346444926e-01  -2.3267429750785418e-01   1.3779772121520675e+00   6.7765789128987575e-01
   1.7771400000000000e-03   2.3838190927323550e+00  -5.5740502693133398e-01  -5.9359595134425935e-01   2.6905741352813395e-01  -6.0530855677187057e-01  -3.0243034581946232e-01   1.3925036179372048e+00
   3.1002600000000001e-03  -3.1686783507234717e-01   1.2623800183205871e+00  -6.0983642002097671e-01  -4.6769356839694959e-01  -3.3030824459726958e-02  -3.1056779637156395e-01   6.8785939175211552e-01
   3.1584600000000001e-03  -3.7691232302797237e-02   4.3817776572592726e-01   1.0038116512050805e+00  -5.9838742960791713e-01  -2.5740316026675469e-01   8.2577604679799455e-01   6.8266609939651068e-01
   1.6914800000000000e-03   3.1952772278211708e-02  -3.8195541437480784e-01   8.5814175044074431e-02   2.4054051602409809e+00   5.1495100084185885e-01  -7.0179683470092924e-01   1.3435093425593647e+00
   1.7235400000000000e-03  -2.2297076962150610e+00  -1.8433289348711679e-01   3.5430762176398695e-01   9.2217230605893508e-01  -1.0458132659732540e-01   7.4003776853262493e-01   1.3106843967720629e+00
   1.8990500000000000e-03  -7.8500067201369050e-01   2.5689558359668191e-01   2.1899615206231349e-01   6.1486067565619529e-01   2.2831702797669320e+00   1.1840385759501067e-01   1.2982405448977918e+00
   1.8957500000000001e-03  -8.3458317252057740e-02  -8.3906460402289440e-01   7.5978202738247458e-01   1.5766201515820282e+00   1.5725340526830731e+00   3.7027467037411449e-01   1.2968985284645449e+00
   2.0807800000000000e-03  -1.1718940129605384e+00   5.2034258687817769e-01  -4.1210732872642264e-01  -5.3224354877335804e-03  -1.3737896383576692e-01  -2.0081862884787314e+00   1.2135991194620457e+00
   3.2559300000000002e-03   5.3163773859253360e-01  -4.6264522426123184e-01  -7.8345428304508066e-02   1.2745236525694918e+00   1.4765516526970957e-01  -1.0905917980160726e-01   6.7100287480939447e-01
   1.9591200000000000e-03  -1.1860576551614193e+00   1.8194692078351138e+00  -6.6570513108963747e-01   5.8415121600209430e-01  -5.0920493470361095e-01   3.8588981795276711e-01   1.2002036599867347e+00
   1.7391799999999999e-03   7.8065933309206947e-01  -2.7937796357588829e-01  -1.2876135516722771e+00  -8.7068793760773433e-01   1.7665525989196478e+00   5.5977343303360805e-01   1.2932286079352857e+00
   1.5613100000000000e-03   1.8184022004947140e+00  -1.0593609327482756e+00  -2.5760269137544040e-01  -1.5689285857484268e+00  -2.6953469464588004e-01  -4.0654695313180250e-01   1.4164156752913444e+00
   1.7834599999999999e-03  -4.3454442325608406e-01  -1.9188890591019570e+00   2.2750525225621010e-01  -8.2478868826311447e-01   1.2034368597205538e+00   5.2996428632531878e-01   1.2663757847179991e+00
   1.6011400000000000e-03  -9.2086558120105730e-02  -3.4128237934027200e-01   9.0011344923726611e-01  -2.1300769936981152e+00  -1.0681263436979158e+00  -5.8578215200487449e-01   1.3821766423047619e+00
   1.6859300000000000e-03   3.6475059565523360e-01  -1.2290143486250538e+00  -3.5413822266574291e-01  -1.4931283786445382e+00  -1.1658459314709442e+00  -1.2285923501996714e+00   1.3684116232750672e+00
   1.8386800000000001e-03   1.3058057477139113e+00   1.7725568673073109e+00  -1.8769239878289559e-01  -4.4880734946523287e-01  -8.6612388213025782e-01   6.1261151798574276e-01   1.2442369122205297e+00
   1.8937400000000001e-03   8.0351083324618633e-01   4.9576498399723889e-01   6.1504939337481725e-02  -1.8382621733846372e+00  -6.8360415821457757e-02   1.3985164801049164e+00   1.2696744534819566e+00
   3.0131699999999999e-03   1.1100685318547394e-01   2.9584432712211572e-01   1.4735241096988613e-01  -1.1733554035142708e+00  -3.0672765779698247e-01  -1.0425235163564761e+00   7.1801423101267958e-01
   1.6632699999999999e-03   7.5891940638115896e-01  -1.7389467370097698e+00  -3.6818729275090212e-01   1.5825873403921600e+00  -8.3980552008225118e-01   1.6511784739332211e-01   1.3927742668336756e+00
   1.7734999999999999e-03   2.1366725260875805e+00   7.5138939838367191e-01  -1.0711981204033219e-01   4.0923267485679876e-01  -7.9709229481772448e-02   1.0980455173220223e+00   1.3038965808598113e+00
   3.2193899999999999e-03  -2.9207725169051757e-01  -2.9922863129300686e-01   8.6236678630648197e-02  -4.3584859383320540e-01  -1.0566701939132883e+00  -7.8641823332412142e-01   6.5858804476119270e-01
   3.0604500000000001e-03  -1.3597300646274273e+00  -4.4109471889863872e-01  -7.1337978328658180e-02  -3.5480404099827534e-01  -2.3811365280725114e-01   4.4878584120978154e-01   6.8843670321277262e-01
   1.8313200000000000e-03  -1.4200639519609486e+00  -1.0506708085682785e+00   9.5637390602522587e-01  -1.5618641396521400e+00   2.0597755163988657e-01  -4.2648509506664578e-01   1.3587834185152414e+00
   1.9303700000000000e-03  -2.0267066851648705e+00  -2.6962040420671202e-01  -1.2103744088276664e+00   3.4869578587927658e-01   5.2736061486595964e-01   5.9716273754305083e-01   1.3124657486666171e+00
   1.7582900000000000e-03   3.0700822255519389e-01   5.4336709382893855e-01  -1.5875673610316929e+00  -3.7066376725644340e-01  -1.8147690470480728e+00   4.6276795632838708e-01   1.3147412122249915e+00
   1.6710000000000000e-03  -2.2605499707435692e+00  -3.0540416006994386e-01   7.2308662318213035e-01  -5.5788791500887880e-01  -9.9867469966803957e-01   2.9485813163857958e-02   1.4195692869176384e+00
   3.0529300000000001e-03   1.1714551946395033e+00   6.5021396094182538e-01   7.4673275550457285e-01  -4.1410704981042501e-01  -3.4591325436011066e-03   3.4011405496907038e-01   7.1740869449933697e-01
   1.7786600000000001e-03   1.1107422726127816e+00   1.1919654563649009e+00  -1.1493881832706467e+00   7.9379253299124763e-01   1.0968238201349454e+00  -8.9544180698919551e-01   1.3279295435049896e+00
   1.7293499999999999e-03  -8.9992509423239786e-01  -7.3290395164132016e-01  -1.2522032816438284e+00  -8.2494214676733998e-02   9.7666821936293746e-01  -1.6450885394623496e+00   1.3122308586001636e+00
   1.7894800000000000e-03  -1.8380643224909885e+00  -1.0620881794366948e+00  -8.7260664523336340e-01   3.3114079589309930e-01  -1.1541179797215415e+00   4.1738655746538733e-02   1.3581673021333380e+00
   1.7171000000000000e-03   2.2300989083543974e+00   6.2449499935388986e-01  -3.0527395038339661e-01  -1.1086506299267518e+00  -1.3001568763147511e-01   3.4128410226535139e-01   1.3625679331083156e+00
   1.8057200000000000e-03   3.3154339031748759e-01   7.6923242486148691e-01   1.1717143518160708e-02  -1.1865698127024720e+00  -1.7608166573867943e+00   1.1435368836606570e+00   1.3185856824645266e+00
   1.9085899999999999e-03  -1.3749090075715993e+00  -3.2668939941722380e-01   2.0740493093198201e-01   7.4029659637979106e-01   9.5458868552762610e-01   1.6166974102177021e+00   1.2365221928193386e+00
   1.8403000000000000e-03   1.9554560330767040e-01   1.9410952352393194e+00  -2.8606436036536675e-01   7.7074776613548879e-01  -6.5812550704276707e-01   1.1727884566223008e+00   1.2545976561063739e+00
   1.8933999999999999e-03  -1.4987856302713767e+00   3.7888215511666302e-02  -6.3635781214985465e-01  -6.8617971595564775e-01  -1.4221138874089758e+00  -1.0624366162075967e+00   1.2792456623175481e+00
   1.4372199999999999e-03   2.7048453269421341e-01   7.4704900032237298e-01  -1.2337163863907135e+00  -3.5055335617852196e-01   1.9093301526176492e+00  -1.1095661882274765e+00   1.3756432158279195e+00
   3.0284800000000001e-03   9.3507954562545581e-01  -5.1215788041566949e-02   5.0076206379787958e-01  -3.3778970069784514e-01   1.0862063863602078e+00  -2.3253888128819920e-02   6.8700411451551313e-01
   1.7299200000000000e-03   1.1725438823882401e+00  -1.6455604952679468e+00  -8.4333203338784701e-01  -4.6104971009022677e-01  -1.3100556816077389e+00   1.8125193816829824e-01   1.3368773364134825e+00
   1.6516300000000001e-03  -3.9107707840395373e-01  -9.5616061557999765e-01  -1.5544640104946990e+00  -1.3385566091010666e+00  -1.3274542481483853e+00   4.5577915608372065e-02   1.4194441207699799e+00
   1.8479099999999999e-03  -1.5393758963394790e+00   6.8332365387394323e-01  -1.5113824604224788e+00  -8.6904978360993879e-01   2.6796425271127139e-01  -7.2132340995320121e-01   1.3085169081777153e+00
   3.0930699999999998e-03   5.7567054981186427e-01   1.3785824348924700e+00   1.2619265158625494e-02   2.4564636794474601e-01  -7.7349102860231236e-02  -2.4887391687223839e-01   6.8209894754999811e-01
   1.6730400000000000e-03   1.3607665265990387e+00   9.5227217815396104e-01   1.1396712283040380e+00  -8.8328599472509162e-01  -7.2272249963232615e-01   1.2937238754696354e+00   1.4213117768859298e+00
   1.7517100000000001e-03   8.4462475597363618e-01   9.3098182247012995e-01  -1.5731743668777765e+00  -1.2158655428699894e+00   5.7732829086536019e-01   8.6076193442275128e-01   1.3190038460657181e+00
   3.4188500000000002e-03  -6.0664818355974515e-01   1.1391843443300766e+00   3.9994111137438992e-01   4.1223071051373289e-01  -3.5707336890908564e-01   3.2501302952531819e-01   6.8818373912412933e-01
   2.0463800000000000e-03   8.0557881610270865e-01   1.4705151102617695e+00   3.7947039763067508e-01  -9.9551537059511655e-02   4.7735738569309849e-01   1.6329861017692859e+00   1.2028998686356345e+00
   1.7700900000000000e-03  -1.0962744633233257e+00  -2.6842283581841703e-01   4.0659983703728153e-01  -1.6134947994432629e+00   1.5754716230960339e+00  -1.4495309075780347e-01   1.3172097062086872e+00
   1.7816100000000001e-03   3.0496866632631264e-01  -5.6263473532891795e-01  -1.0213004041879132e+00  -9.1964421012417641e-02  -1.6677359677210617e+00   1.4486095227191602e+00   1.2704336925963928e+00
   1.8129000000000001e-03  -2.8099303867335185e-01   2.2223633713481314e-01  -1.3252631285147845e-01   2.6223268923046322e-01   1.5645887707434325e+00  -1.9425600851124698e+00   1.2884432564327721e+00
   1.6424700000000000e-03  -3.6802561119837812e-01   1.2158662340413890e+00  -1.2201804140175805e+00   1.3451244970659898e-01   2.2357356182902746e-01   1.9337556844232855e+00   1.3810529738907964e+00
   2.0796199999999999e-03   5.7699820878634489e-01  -2.0834195092861760e+00   3.1509791301452189e-01   1.3095041444448745e-02  -8.5867535186242960e-01  -5.7506591808474850e-01   1.1914531695590298e+00
   2.0385400000000001e-03   7.0932705034483035e-01   1.3611722298657063e+00  -9.4883438627620054e-01  -1.7470744627913884e-01  -1.3531671829124883e+00  -7.8364190297677871e-01   1.1774884687892886e+00
   1.7715999999999999e-03   5.1576740077579353e-01  -1.6221110652593287e+00   3.8160836387038211e-01   3.2002504950885324e-01   1.8180988574034371e+00  -3.7346407012998806e-01   1.3270873055806147e+00
   3.2601399999999999e-03   6.9096673865132519e-01  -4.0579505412952555e-01  -4.7250781903170647e-01  -8.0056086243930979e-01   6.6235082438642534e-01  -6.5518877537990305e-01   6.9752950060690000e-01
   1.8337399999999999e-03  -1.4788036196186694e+00   4.3480853172058287e-01  -7.2770382662838362e-01  -5.7432468581782570e-01   1.6936750326658314e+00  -5.0157404278992368e-01   1.2815543302968018e+00
   2.0191400000000000e-03  -2.1674914421941978e+00   6.8702600409908510e-01  -5.0106947435010418e-01   2.1319450634491077e-01  -4.0904516898115123e-01  -4.9778993988515807e-01   1.2038597408732417e+00
   1.9288700000000001e-03   1.2007951555896406e+00  -2.6637800165245434e-01  -1.4033214784918500e+00  -7.0585423953876691e-01  -1.2196522660142446e+00  -7.9645354737134511e-01   1.2411677312098168e+00
   1.8831200000000001e-03  -3.9157560140097086e-01   1.4007673621580756e+00  -3.5181278278139388e-01   2.0419683675928608e+00   2.2063186543302307e-01   2.2779038432641685e-01   1.3304023603588906e+00
   1.7030299999999999e-03  -3.1981313520522026e-01   1.2992878550489744e+00  -2.2475662845820363e-01  -1.1004446965531767e+00   9.4957709308782512e-01   1.6038300679172646e+00   1.2843850281249458e+00
   1.7371600000000000e-03  -8.0274395503086793e-02   3.3421488238833874e-01   3.0963252318064771e-01   2.1718201633390710e+00  -1.2795089110632305e+00  -3.9706087127617046e-01   1.3562916136535099e+00
   3.2119499999999999e-03  -6.7306175298086957e-01   5.9600684734269438e-01  -1.2303649785036368e+00   2.5011285656842283e-02  -6.9833852945493782e-02   4.2547534443020407e-01   7.1175691792071050e-01
   3.3937500000000001e-03  -1.0179136160133446e+00  -2.9092044325009347e-01  -7.8862154473393231e-01   8.6597028300493817e-02  -3.8053438658221289e-01  -4.3222629559827136e-01   6.6972874277691208e-01
   3.3139100000000002e-03  -7.4316462251461057e-01   2.5859925846522097e-01  -5.7432686410904021e-01  -8.6581666319669170e-01   6.5025834216882605e-01   2.8989035922203238e-01   6.7940009840070625e-01
   2.0595399999999999e-03  -8.3210261901205695e-01  -6.7730339150977092e-01  -2.1523032418027297e+00  -2.2704793180935343e-01   3.0180768286961701e-02  -3.4746279398149071e-01   1.2380935715510957e+00
   1.8083900000000000e-03   1.5871823668643076e-01  -6.0134091202818674e-01   1.0168495506672326e+00   1.1467992647109202e+00   7.9330233413822815e-01  -1.7963798335148815e+00   1.3279910592506794e+00
   1.8392599999999999e-03  -8.8891600078265431e-01  -1.3459027696163748e+00  -8.3334660256899673e-01   1.2499330712972055e-01  -7.0716563780244579e-01  -1.6225718691716553e+00   1.3016689223098430e+00
   1.8406799999999999e-03   1.5869048944402847e-01   1.0770754278872070e+00  -1.7560816890251141e+00   1.2138272843676912e+00   4.9565117322345209e-01   7.1517974842774068e-01   1.3278313033604652e+00
   2.0633100000000001e-03  -1.0482970469917086e+00   4.5382442254339300e-01  -9.1623731046893020e-01   1.3569236761739498e+00  -5.3585566454524967e-02   1.4101302413034484e+00   1.2425550212428746e+00
   1.8273499999999999e-03  -2.8568255265392278e-01   9.4617765888957339e-01   4.8827040362461976e-01   1.4099080934601058e+00   1.3936683368820435e+00   1.2259447723666872e+00   1.3621747062049714e+00
   1.6762299999999999e-03   9.6074003222374404e-01   1.1996126196472325e+00   1.6739602099106925e+00   9.7889476733529790e-01   6.1196753999516995e-01  -4.6002987680360230e-01   1.3333601625209441e+00
   1.6679600000000000e-03  -2.9466329744679658e-02  -2.4746152068593656e+00  -2.0066375878821616e-01   5.4591635471096756e-01   4.8787068220127161e-01   4.1819257801413223e-01   1.3596585819789078e+00
   1.8905300000000001e-03   8.6292876935407148e-01  -1.3565458360091973e+00  -2.3393278515169028e-01   1.7208236240685970e-01   1.2663082620467274e+00   1.5519768686291593e+00   1.3713996019259003e+00
   1.6863099999999999e-03  -1.4328690956686155e-01  -1.6729274636356817e+00   1.1160639394717917e+00  -3.7860330370788675e-01   4.9407899048758425e-01  -1.4389889826295799e+00   1.2965745762713892e+00
   3.3339200000000002e-03  -5.4115320007614331e-01  -7.2040616603571439e-01  -5.4071496589043144e-01  -9.8652262837538751e-01   3.0557960715613464e-01  -3.8950876625329123e-01   6.9648182799502334e-01
   1.6424800000000000e-03  -8.9749788448533807e-01  -2.7352574826939191e-01   1.0449908560447791e+00   1.1181284417053781e+00  -5.5047238068164095e-01   1.8704191683405309e+00   1.4122541195131357e+00
   1.8665600000000000e-03  -2.9223814111996191e-02  -4.8797306855781980e-01  -5.1886983213614923e-01   5.5449279324835643e-01  -2.0545577151168856e-01   2.3606127208752437e+00   1.3136732581714763e+00
   3.6029800000000000e-03   2.4094166846476900e-01   2.2726537369046348e-01   2.1456265084101162e-01  -1.2863850412787645e+00   3.1109400803518955e-01   1.9432916604603739e-01   6.6792824431276843e-01
   1.8129100000000000e-03   6.8514218250293824e-01   9.6304640872685598e-01  -8.0930005653741810e-01   4.3894868402306414e-01   1.8185331725761960e+00   9.6950891046989485e-01   1.3152564263299469e+00
   1.9594399999999998e-03   7.7629484460815662e-02  -3.1423598464029484e-01  -8.7719735725003667e-01   2.2146838508518285e+00  -3.4782428708318386e-01   5.6224553776416808e-01   1.2722174646752828e+00
   1.9157400000000000e-03  -5.0822461566432893e-02  -1.7342191643841662e-01  -1.5718117708470887e+00   1.2486067489380654e+00   1.0176517747463421e+00  -9.5009266591237862e-01   1.2122286950958705e+00
   1.7965600000000000e-03  -1.1967845340427476e+00  -1.6616731743511892e-01  -5.3646178110184595e-01   1.8099783757825112e+00   1.2393095360541515e+00   3.1391191149853770e-01   1.3471494975555969e+00
   3.3705599999999999e-03   3.6771367172623659e-01   7.2764400319806211e-01  -8.0883842372504755e-01   1.0790250281352724e-01  -7.0389463649000383e-01   5.7884194287784396e-01   6.8230607272528787e-01
   3.1648100000000001e-03   1.0534038242769261e+00  -1.2283955828924030e-01  -6.3990386054056625e-01   3.5200428333221678e-01   3.4740280485562236e-01  -8.0959729597579821e-01   7.0066558322761385e-01
   3.2681699999999999e-03   9.5360443163223907e-01   5.5075075320533473e-01   1.4947375517258496e-01   7.2760469599395794e-01   7.2050356138926652e-01  -1.1166671136129266e-01   6.8929400146950492e-01
   1.6641300000000000e-03   5.3209438445105184e-01   2.1334989298364122e+00  -1.2650426447486154e-01  -4.6429272947102990e-01   1.0234078721682272e+00  -8.0174052775413063e-01   1.3422466570869780e+00
   1.8302699999999999e-03   3.9216383262623739e-01  -4.8916647893321358e-01   4.9603329754246950e-01  -2.7006231351929189e-01   2.2579904669404423e+00   8.2076458927905604e-01   1.3128778332289082e+00
   3.1735000000000001e-03  -9.9594310719426349e-01   3.7297218417067346e-01  -1.4755557066532557e-01  -6.8052721095470958e-01   1.4237214823012750e-02  -7.7016894285545179e-01   6.7316688255113866e-01
   3.2981000000000000e-03  -3.8021668445498910e-02   1.0384060343284518e+00  -4.3243727261142195e-01   6.1546104869154816e-01   4.6413572689832877e-01   6.4008458604899254e-01   6.8337563027986814e-01
   1.8269800000000000e-03  -1.0406263818314017e+00   1.2912780974410840e-01   7.4336968621256627e-01   2.1548635550329189e+00   3.5296189455377554e-02   4.9274623413315372e-01   1.3185171922461774e+00
   3.3587100000000000e-03   2.5139249873270664e-01  -7.7329914379331621e-01  -3.3243987038373168e-01  -5.9672183422685909e-01   9.4499534508668903e-01   4.4642266924034124e-01   6.8638271222830560e-01
   2.0290999999999998e-03  -1.2640689810076977e+00   4.9010772528488705e-01   9.2225322160751899e-01  -2.6347614918093559e-01  -8.3319860197768181e-01   1.3993624812678640e+00   1.0923605038855984e+00
   1.8056700000000001e-03  -8.0073097929561710e-01  -3.2381278786147211e-01  -1.6316369216842166e+00   3.8537864790823928e-01   1.7014651182857550e+00  -7.0358817940274435e-03   1.2957976151536625e+00
   1.9223500000000000e-03  -8.9700727714869422e-01   1.3879540516526119e+00   1.4564139742698641e+00   3.2189699577941705e-01   1.1204548211564780e+00  -2.0148488488562480e-01   1.2849355253664487e+00
   1.9096600000000001e-03   6.2654263761916040e-01   2.0873200202447370e-01  -2.2439969973846381e+00   1.4379704901019111e-01   9.6498590293669129e-01   1.5900233040192467e-03   1.3067517486678910e+00
   1.8850200000000001e-03   2.4053443891361370e-01   3.6559854706311873e-01   5.3738519508505023e-01  -4.6641379727619142e-01   4.0098072896379205e-02  -2.3468926074030079e+00   1.2533407259831475e+00
   1.7445300000000000e-03  -1.2835507385135334e+00   1.0384128756325832e+00  -1.7556720590007442e+00   8.5645677203254289e-01   4.8924733955304595e-01  -1.6892848112698733e-01   1.3766988681813974e+00
   3.1821100000000001e-03  -4.6845797207008033e-01  -1.4601270984918029e-02  -7.3058475784347177e-01   1.1049824385311791e+00   4.4302829413039696e-01   1.0605902889606218e-01   6.7122490816860436e-01
   1.6965999999999999e-03   1.5477384297482748e+00  -9.5707768573010044e-01  -9.4303474874737545e-02  -9.6047826504196843e-01   1.6144872619711641e+00  -1.8876024618948836e-01   1.3838301974336069e+00
   3.2025700000000001e-03  -3.7939845261562843e-01   6.4016346135875113e-01   3.2304455288547829e-01   9.9487121593908889e-01   7.1458362571076783e-01  -1.4961467065768097e-01   6.6953425679725609e-01
   1.7125800000000000e-03  -5.7667596232038661e-02  -1.4154448454563395e-01  -3.3218886743250331e-01  -2.4545265314024478e+00  -6.6139720846711125e-01   4.7140638830205078e-01   1.3711388368555486e+00
   3.0699400000000002e-03  -5.7372989635408156e-01   1.8643260221571864e-01  -1.0489991699156931e+00  -6.4721188935662685e-02   6.7260499102186133e-01  -6.6059154718770918e-01   6.8267626944308679e-01
   1.8611100000000000e-03  -1.2188569471037904e+00   1.2801025811391671e+00   2.6372785924737380e-01   6.4449265478738638e-01   1.7124535097753416e-01   1.6477389401230746e+00   1.2883900771724606e+00
   1.7437200000000000e-03   5.8542447473372949e-01   1.3294899852076822e+00   1.5702640336844116e+00  -8.7583693101816340e-01   9.7717371364913930e-01  -6.0925023868240535e-01   1.3374716509841134e+00
   1.5531300000000000e-03  -1.4569082723529423e+00   7.5900764083375338e-01   6.4698555542388780e-01  -5.2549528832846715e-01   1.6951875726286845e+00   9.5111112003025389e-01   1.4186274723159913e+00
   1.6647500000000000e-03  -1.7388410349358177e-01   1.5825850655813636e+00  -2.3012849126108595e-01  -7.4318147141957266e-02  -2.0078146614778607e+00   2.4747520977139278e-01   1.3360917434781938e+00
   3.0954300000000001e-03  -3.6313382949009765e-01  -1.3677066151605168e+00  -9.6817520030622294e-03  -4.0998819614814952e-01  -2.0462459646033990e-01   3.7180731764192854e-01   6.8209392340235442e-01
   1.7390699999999999e-03  -1.6208395401774809e+00   1.5539975502415502e+00  -7.7781360359170792e-01  -6.1129393899107920e-01   3.5372689194109191e-01   7.2084141382715139e-01   1.3463723457518546e+00
   3.3143199999999999e-03   1.2638761510309879e+00   2.5893424849331992e-01  -1.1924760645516935e-01   4.8115114074291210e-01  -5.6917514489901422e-01  -7.5563275605832009e-02   6.8200955983169309e-01
   3.1169800000000001e-03  -7.3568905031595952e-02  -6.4542883585290378e-01   8.8598488270061992e-01   1.8980344304057462e-01   9.4946183783239013e-01   1.0299964518276325e-01   6.6356624850163437e-01
   1.8072900000000000e-03   5.3868060712372545e-01  -1.3441950478713394e+00  -1.5170582347499380e+00  -1.3373603491668773e+00   8.8268183854074353e-02  -4.5703722631541038e-01   1.2886989087378715e+00
   1.6296500000000001e-03  -1.3434855911548471e+00   4.8419680917223495e-01   1.9692680982732427e+00   6.6833584226139864e-01  -5.9967200323694358e-01   5.4811961688029476e-01   1.4045839682257533e+00
   1.5860700000000000e-03   1.6859053066283520e+00   5.0501357508179623e-01  -2.0336269625491432e-01  -8.1010915765313851e-01  -1.0560550370577473e+00  -1.5040614190261175e+00   1.4235196904356968e+00
   1.6639599999999999e-03  -1.4796520502201913e-01  -1.0978881401583975e+00  -1.3834761318117939e+00   1.5906711915542850e+00  -3.6624050541128139e-01  -9.6398039587953599e-01   1.3435613453747279e+00
   1.7758500000000000e-03  -1.2532890589618291e+00  -1.0941981657988802e-02  -1.5350265904271332e+00   8.7898618949261553e-01  -5.2178488597543826e-01  -1.2761797998677009e+00   1.3370162913829915e+00
   1.9601599999999999e-03   9.0061248173483799e-01   3.6681302211730943e-01  -8.4953828822885857e-01  -6.2194631419832036e-01   4.8484510078664006e-01  -1.9513046790964699e+00   1.2490509623258645e+00
   1.6161500000000000e-03  -2.5677604598949844e-01  -7.8381464457630756e-01   2.0572488147688519e+00  -1.0974417225098967e+00  -3.1169512749301181e-01  -8.2259461044880067e-01   1.3699756731202686e+00
   1.9120800000000000e-03   1.4494226200625444e+00  -1.4776131804567196e+00  -1.1657667049918041e+00   1.2679185718754605e-02   6.5742474390719541e-01   1.8081350921797296e-01   1.2371037503285007e+00
   1.7473400000000000e-03   2.0761686053371258e+00   1.3302497853828635e-01  -7.9996937492384801e-01   4.9997056098280018e-01   1.2502408602658135e+00   3.0660767502247627e-02   1.3687731682369115e+00
   3.4020600000000002e-03   5.5305784403338187e-01  -8.3356665924175538e-02   9.2249580723227809e-01  -4.6118229421426765e-01  -7.9311232084602257e-01  -1.7037195172412864e-01   6.6340110104190120e-01
   3.0270900000000001e-03   5.0597688404699082e-01  -9.4979962621938152e-01   4.0318916028372481e-01  -1.9809496552807510e-01  -9.1235705903225883e-01   6.2726574197118212e-01   7.0925510794734348e-01
   1.8342300000000001e-03   1.1170390321056080e-01  -1.7103042719871202e+00  -4.1413721719337848e-01   7.1058368230139080e-01   6.3613671421866169e-01  -1.5235618376879523e+00   1.2813367482443310e+00
   1.8573299999999999e-03  -2.0320012407222457e-01   1.6363622896242063e+00   1.2421549519069013e+00   1.2460464555636268e+00   8.0272721327559526e-02   8.2240605515261356e-01   1.3129078967468306e+00
   2.8086600000000001e-03   1.0880670835498290e+00  -8.0470022108947614e-01  -4.7805029356401192e-02   4.3667980341464052e-01   9.2363044384854298e-01   1.8126462702812873e-01   7.3890839015716481e-01
   3.1385499999999999e-03   5.5296234035698599e-01   7.1331374499717282e-01   4.4065464568599777e-01   3.4916140103843912e-01  -7.1488271177484553e-01   7.4696349348646696e-01   6.7090845327436166e-01
   2.0378499999999999e-03   5.7284320591600246e-01   3.1158162973497971e-01  -5.8292618983186606e-01   1.8495306630599224e+00   1.3522165822074992e+00   2.3615420525630906e-01   1.2569884432881895e+00
   1.6725700000000000e-03   9.4045909734803690e-01   1.4071717078948760e+00   8.9585747327209531e-01  -6.3141143149597634e-01  -1.6327033431350093e+00  -4.2014218919167101e-01   1.3823450439624263e+00
   3.0735900000000002e-03  -6.8686486149535664e-01   8.0066187395513555e-01  -5.7807441737063725e-01   7.4859098763878495e-01  -4.7927011936570334e-02  -6.8854842043872744e-01   6.9699993952028427e-01
   1.7868700000000001e-03  -4.9403981233258160e-01  -9.2459558524613850e-02   1.4608067161875102e+00  -9.7580664191529909e-01   9.0642434092579083e-01  -1.5486568215633592e+00   1.3131814647038262e+00
   1.9836900000000002e-03  -5.2180835679218363e-01   2.2162323078151605e-01   1.7196210071377469e+00  -8.4974458611179804e-01   1.3328512646559720e+00   1.4065824228664028e-01   1.1935372653627851e+00
   1.6822400000000000e-03  -1.5686452011967420e+00   2.3302352316166883e-01  -2.7765135046758666e-02   8.1338870727187851e-01  -1.8738496404847693e+00  -4.8064715499443600e-01   1.3940337160530549e+00
   2.1843600000000002e-03   9.9507030509565081e-04  -1.2014533224348265e+00   3.7444050076600560e-01   1.2785724804385086e+00  -5.8676989839814608e-01  -1.3292584461293313e+00   1.1064823876130452e+00
   1.9613100000000000e-03  -6.2710178375175796e-01   8.0222509015920884e-01  -5.2959822624442543e-01   2.4415981280897481e-01  -1.4563488840521226e+00   1.6533217024524689e+00   1.2845157845903139e+00
   3.1974799999999999e-03  -4.5811012177148375e-01   8.0948931983612116e-01   4.2204033177196021e-01   1.1978805967362535e-01  -3.2746264430462502e-01  -9.5708163129979906e-01   6.5766429925792835e-01
   1.9377500000000000e-03  -1.4089709326184958e+00  -1.4323791853223542e+00  -1.0656807894582050e+00   7.8917379842328739e-01   5.2965497183920873e-01  -4.9613444451588046e-01   1.2985233911120351e+00
   1.8392599999999999e-03  -1.4648409320034761e+00   3.0384968082506303e-01   1.2104762046781972e+00  -2.8557222656971881e-01  -7.4190206346958298e-01  -1.4919880465985043e+00   1.3480867008689885e+00
   1.9103799999999999e-03  -1.4576258787906615e+00  -9.5009214943868026e-01   9.6136970953446588e-01   9.4691638822182345e-01  -1.0966840994081004e+00   3.9342993375216451e-01   1.2565139753209262e+00
   3.0824500000000000e-03  -1.0346845713641748e+00  -6.4734013061099249e-01   3.7145483282456121e-01   7.4526515474968735e-01   3.2335325423393241e-01   2.5253671726322902e-01   6.8259085007539755e-01
   1.6887200000000001e-03   1.2724194852081654e+00   6.4564198700373521e-01   1.3822444257563316e+00   9.2923618638167638e-01   2.5489475575905102e-01   1.3931704022825819e+00   1.3684197221917720e+00
   1.7137000000000001e-03  -6.3025443788801139e-01   1.0648886649625273e+00   1.0074325980511054e+00   6.6687389116357665e-01   6.0767503591488137e-01  -1.8485628501302296e+00   1.3569790296511790e+00
   1.8737999999999999e-03   9.9969606960856428e-01  -1.0620777372292132e+00   3.1036874085964222e-01  -1.5365384031899232e+00   6.7323381821471717e-01   1.1306316855120782e+00   1.2763515476684546e+00
   1.7201000000000000e-03   8.1514167973760054e-01   3.5462460116947775e-01   2.7225229838824261e-01  -1.4151630103897321e+00   1.3537775412977076e+00  -1.4156544506097504e+00   1.3461450500823031e+00
   1.7213100000000000e-03   1.5919821466865827e+00  -1.5036296590980853e+00  -1.2373117410923667e-01   1.0005963530947826e+00   4.2411896800245014e-01  -8.5388959000563092e-01   1.3479903863226672e+00
   1.9149200000000001e-03   1.4798136497220644e+00   6.2880673363573936e-01  -9.8660455567374561e-01   1.5183550336368135e+00   9.5531649677890157e-02   1.9253581290738772e-01   1.1960596135405439e+00
   1.7545400000000000e-03   3.0968382165142005e-01   6.5592923012375237e-01  -2.2840821031679961e+00   5.7293298174609286e-01  -6.0269558310486060e-01  -3.7722226916600038e-01   1.3150458598958654e+00
   1.9724199999999999e-03   3.7340791502336645e-01   1.5004589841361100e+00  -4.0574692750329377e-01   2.8023624198779062e-01  -2.0980974177508863e-01  -1.8682939748593581e+00   1.2547005514104650e+00
   1.7893500000000001e-03  -3.9566315463893470e-01   1.7649916027772543e+00   1.1658828668266731e-01  -8.4552824144432459e-01  -7.2396067772133577e-01   1.4586718304943824e+00   1.3504111633882898e+00
   2.9728599999999999e-03  -3.5935335432887294e-02  -1.2508401288312271e-01  -1.2355671837848083e+00   7.1384275860146196e-01  -6.1731923097789676e-01   1.9422487171364047e-02   6.8847217242474523e-01
   1.8171400000000001e-03  -1.9344444334912320e-01   5.4457444590873050e-01   8.6740642031759696e-01  -2.1949425547752672e+00   4.7761489621792985e-01  -6.5337838723514785e-01   1.3248955793477275e+00
   1.7664300000000000e-03  -5.4936416976318914e-01   4.0753735899620319e-01   2.2576024441354758e+00   3.9399232412854285e-01   2.7472549233721533e-01  -9.3233944104521194e-01   1.3380528909990497e+00
   2.0505100000000002e-03   1.6005798989711828e+00   5.8726896605743295e-01  -1.6122037664415774e+00   9.3474155452952998e-03  -5.1767477580195742e-01   3.5845325843522957e-01   1.2142551145028857e+00
   1.7649100000000000e-03   2.7129612741116278e-03   1.7981345900695420e+00  -1.6070927251638938e+00  -3.0265822761851929e-01  -5.8004060533726398e-01   6.3568259111457703e-01   1.3423112357231435e+00
   3.3249099999999999e-03  -6.0969326311058869e-01   1.8432815531745911e-01   1.2071407978324096e+00   1.9325381930491331e-01   9.1332117901981105e-02   1.1620328398356368e-01   6.4776809733658947e-01
   1.9745100000000001e-03   7.5788072541979024e-01   1.1039365814668321e-01   1.1251981281972931e+00  -2.3527313047908285e-01  -1.9752069343240615e+00   3.9401374605468320e-01   1.2212168620948898e+00
   1.8639900000000000e-03   9.1010834520406669e-01   2.8316650361091578e-01   1.1029036680371872e-01   2.5466766445121641e-01   2.2455007368457678e+00  -4.8842407100552598e-01   1.2782280073750205e+00
   1.7597999999999999e-03   1.6512056398930935e-01   1.7323366632594584e-02  -7.4721860290103681e-01  -4.2002594948255045e-01  -1.1169821316221078e+00  -2.1413154163407460e+00   1.3338965926944011e+00
   1.8626900000000000e-03  -2.0078436289581356e+00  -7.6194041474559215e-01   2.1308273714867604e-01   8.1391828403851774e-01  -3.8220800623196632e-01  -8.9250772923936406e-01   1.2618243356359691e+00
   1.5203400000000000e-03  -8.7129933616899724e-01  -1.5961370739489414e-01   8.7879279065917193e-01   2.0926808295716939e-01  -2.2419659446236353e+00   8.2340794038944476e-01   1.4471023070712121e+00
   2.0780099999999999e-03   8.2060908127463494e-01  -7.4999015883477071e-01   4.4762495725503432e-01  -1.6169859211322934e-01   1.2158807559895475e+00  -1.6496456222501550e+00   1.1542353305595443e+00
   3.1040700000000000e-03  -3.0536359926022627e-01  -3.0955544184733352e-01  -5.7972902467690109e-02  -1.0354149698018715e+00  -6.8576392733172647e-02   1.0523638190156319e+00   6.8634563514146207e-01
   1.9181500000000000e-03  -9.7864606853588643e-01  -1.7093007062721646e+00   6.6239030287421219e-01   7.0659514972608062e-01   8.1797050839216767e-01  -6.5096014177525463e-01   1.1917909128276691e+00
   1.7772599999999999e-03   1.2722408263893927e+00  -6.5371038514109725e-01  -1.7758595657793530e+00   1.1875738263514395e+00   1.4452860315143418e-01  -2.9216106224126709e-01   1.3623289177448168e+00
   1.8261900000000001e-03  -1.3031571791989356e+00   1.0306875039625163e+00   5.0404539497755785e-01   1.3264111718616811e+00  -1.1783116620574114e+00   5.8943762881430395e-01   1.3179246969453986e+00
   1.7801799999999999e-03   7.4475292947848115e-01   1.2392847073073467e+00  -9.3248619482579409e-01  -1.5920106878185425e+00  -8.9366754862724529e-01   1.4001979776563325e-01   1.2551523084545320e+00
   1.7760300000000001e-03   1.7870416155748042e-01   2.0853022884087276e+00  -1.0725198602982509e+00   9.0200951263527784e-01  -6.5043468002070795e-02  -5.0866728739830458e-01   1.3154954464536692e+00
   1.7946300000000000e-03   1.0463181055273950e-01   3.5861119414810233e-01   1.0159431856808243e+00   9.4137855272290216e-01  -9.3221477716221390e-01  -1.9418567276087719e+00   1.3669641036614977e+00
   3.2252100000000001e-03   4.5762896234784406e-01   7.0905233243394072e-01  -1.0214976628698322e+00   4.8745426856039020e-01   1.6511754049540914e-01  -3.5625608513258206e-01   6.7005127747997939e-01
   1.8569400000000001e-03   1.5509998623378263e+00  -1.8374846224192248e-01   4.1827725204001936e-01   5.9295216200716339e-01  -3.6417961191983106e-01  -1.8431682375864060e+00   1.3029867911425663e+00
   1.7624800000000001e-03   1.2021227619931139e+00   9.9826753597885320e-01   4.4388415084560229e-01   4.1212821533122102e-01   1.1089525224813903e+00  -1.6625919958190243e+00   1.3706366841476432e+00
   3.2864100000000000e-03  -3.1840740327514194e-01   2.3313457464270779e-01  -6.2738005437237188e-01  -1.1398758966389995e+00  -6.9227676718705256e-01  -3.8526288298342301e-02   6.9280958305697826e-01
   2.5231099999999998e-03  -9.7549434145165892e-01   1.2923254958361214e+00  -2.6622521158596844e-02   3.5967134589299656e-02   9.9144526400539246e-01  -2.1783345250964462e-01   8.2017052698020143e-01
   1.7745800000000000e-03   7.5950868219831147e-01  -1.0610174383980731e+00   9.6267080160871432e-02   6.3667516077003838e-01  -2.0659459316512709e+00   5.7088090484915177e-01   1.3634462832469489e+00
   2.0021700000000002e-03  -5.3839002788387791e-01  -7.1089176297806489e-01  -5.6510656459292252e-01   1.4521495297089704e+00  -1.5352007204918721e+00  -4.8756351040191825e-01   1.1874735806157999e+00
   1.6118000000000000e-03   1.3386714134017881e+00  -5.7589036380180009e-02  -1.3880957288754658e+00   4.0616680083426870e-01   7.8863656822570105e-01   1.5912227450906109e+00   1.3984271925913623e+00
   3.1486499999999998e-03   3.0905463899072511e-01   7.3794532482808084e-01   9.0650410872926335e-01   3.6734162364756384e-01   6.2286791730867297e-01   5.5889284050475074e-01   6.8102397223020150e-01
   1.8891500000000000e-03  -8.1828356956140957e-01   2.4738997384217631e-01  -3.3560725156524535e-01  -1.3013235813612314e+00   1.0004429343408947e+00  -1.6345670464064446e+00   1.2568193014622187e+00
   1.8167400000000001e-03  -5.7558066866925872e-01  -5.9177880741265676e-01  -2.0741056165550411e+00   1.1999698451536067e+00   1.0558524430207145e-01   3.9999844111575461e-01   1.3452273068977534e+00
   1.8627500000000000e-03   4.2128222927170472e-01  -1.2810527913848593e-01   1.8731377642226366e+00  -5.1901416511290675e-02  -7.2688419918693747e-01   1.4079006081230108e+00   1.2579174260227215e+00
   3.0909300000000000e-03   9.2971733421586533e-01   4.9107758113895600e-01   5.3425190920232035e-01  -4.0591872393479889e-01   2.4415755698109137e-01  -8.6496225262001503e-01   6.8731196898004310e-01
   1.8899100000000001e-03  -1.4933986403342714e+00   6.8250087249207603e-01   3.3239942296629554e-01  -1.6809950078508760e+00  -6.0048473032223382e-01  -6.1416627507035848e-01   1.2993350719823424e+00
   3.0826000000000000e-03  -7.5276976591397948e-01  -6.8148102546569400e-01   5.5237278174155580e-01  -6.4438494403274527e-01   6.6862514746870638e-01   4.3937347969924195e-01   6.9426336536645028e-01
   1.8374699999999999e-03   8.7857499473594458e-01  -9.9542039067499055e-01  -5.8157316293956074e-01   6.5773321387345851e-01  -1.4550466513365896e+00  -1.3371261572193818e+00   1.3066785023936409e+00
   3.1643700000000001e-03  -9.2889426295647060e-01   6.6428110309372623e-02  -3.0329132024785277e-01   7.2118173723447687e-01  -7.1420595302314172e-01   5.8792433672557176e-01   6.8643177266108346e-01
   1.8392300000000001e-03  -2.9540132044012946e-01  -3.7791255474111624e-01   8.1391344525648757e-01  -1.1253620183322441e+00   1.2320362466438122e+00   1.6159845001556052e+00   1.2659605260023581e+00
   1.9650499999999999e-03   1.6454900562252650e+00  -6.1131417024899692e-01  -8.2335554403436562e-01   3.6687300820528912e-01  -8.3695869446346849e-01   1.2007932762267655e+00   1.2271141019925786e+00
   1.7382599999999999e-03  -3.2945122343720834e-01   1.2821645932371109e+00  -7.5637248187668760e-01  -1.4719643854132387e+00  -2.6812923128677213e-01  -1.5030836696019165e+00   1.3834205108966284e+00
   1.7944100000000000e-03   6.3291738049721324e-02  -1.2333067362117516e+00  -1.7822716564708647e+00  -1.5571530559250318e-01   9.3284469370328016e-01   8.7780647496706465e-01   1.2779733153978987e+00
   1.7451700000000001e-03  -4.2407326129540747e-04   3.3596282181290016e-01   9.4296294386453545e-03   1.9106993071765838e-01   1.3306229261286473e+00   2.1751899866210826e+00   1.3312244516493001e+00
   1.7240100000000000e-03   7.1078887411751435e-01   7.6787051031994236e-01  -4.4757758455695346e-01   1.4490540898872846e+00   3.4830166483825559e-01   1.7659767848767789e+00   1.3341501916966314e+00
   1.7934200000000000e-03  -1.1474591224385984e+00  -1.3230978801301043e+00   9.9500139956974332e-01  -2.9755934283910296e-01  -1.1844032113761924e+00  -1.0718123812788152e+00   1.3623448353289993e+00
   1.5853499999999999e-03  -9.5733882269788095e-01  -1.1488477461357589e+00   1.2221417254435010e+00  -7.3173215328694946e-02   1.7003703107482036e+00   6.6441779789350430e-01   1.4058440043564464e+00
   1.7714499999999999e-03  -7.4575705173029305e-01  -2.1576367566945716e+00  -2.9055238630138730e-01  -9.4275594415527475e-01  -1.6697482854649323e-02  -8.4083153712585712e-01   1.3963724345309765e+00
   3.1351800000000000e-03  -3.9823386088831220e-01  -1.1414899764852857e+00  -4.1058691872035036e-01   7.7436495003276451e-01  -3.0846419993486546e-01  -4.9353751056519728e-02   6.8133718899400963e-01
   3.1706400000000002e-03  -6.8293617929258232e-01   5.7162770077015224e-01   3.9355330211172229e-01  -2.0852377408423195e-01   6.0419041592001244e-01   9.6015849730902958e-01   6.8042452697238487e-01
   1.9036299999999999e-03   7.8536819985473627e-02   6.9473200188537476e-01  -7.1384260844875635e-01   1.1213262704684821e+00  -1.4351087313842494e+00  -1.3979018181102316e+00   1.2767291843684638e+00
   3.1695999999999998e-03   3.4162620196675146e-02   3.5317314460211935e-01  -1.0006112872018360e+00  -3.6809494435944978e-01  -4.5481447462121966e-01  -9.3770248218196794e-01   6.8734497488460422e-01
   3.2494600000000000e-03   8.4207765127325740e-01  -5.2280668975349487e-01   6.5511163187393984e-01   3.5664054522486915e-01   1.5276783738683591e-01  -7.2678121414816244e-01   6.6109480019731870e-01
   3.3140800000000001e-03  -5.2173420571864049e-01   6.3779272295778655e-01  -4.4582095677572953e-01   2.0546508387737650e-01  -1.1387677062645816e+00  -2.9336828307151386e-01   6.9211729146285061e-01
   1.8569299999999999e-03  -1.3768969052458397e+00  -8.0967897945482004e-01  -2.1853205533132854e-02  -7.1738859237044053e-02  -9.3406365795096447e-01   1.6653208093710172e+00   1.2514528907363289e+00
   1.8181100000000000e-03   4.0944158852532969e-01  -1.8645044098160166e+00   9.2950084953006196e-01   1.1983050096191623e+00   3.2317341076720846e-01  -4.2546511996511105e-01   1.2476922890964783e+00
   2.2075699999999998e-03  -3.1339942388216316e-02  -9.4946649267337846e-01   7.0328532682889522e-01   1.7708953397444680e+00  -7.2276395223455159e-01   4.0847937778577265e-01   1.0834501496238640e+00
   3.2993200000000001e-03   2.2459952982819095e-01  -4.1639304136981303e-01  -2.5644866969568236e-01   7.8537014712801878e-01  -7.6645615668212919e-01   8.2431933281373371e-01   6.7410341026176490e-01
   1.9273800000000000e-03   1.7916661759402248e+00  -2.9893783821595882e-01   9.6568435435212596e-01   2.9566628455124910e-01  -9.4002587324874143e-01   8.4961967225619706e-01   1.1951617998254001e+00
   2.9020000000000001e-03   3.3062282957355116e-01  -8.8359414160066235e-02   1.4819950334118945e+00  -5.5541372946504153e-01   3.1013983003796208e-01  -2.4762780486181474e-01   7.2738471860244602e-01
   1.7072299999999999e-03  -2.1930555000903462e+00   1.0161660028266800e-01  -1.5474568946341949e-01  -1.1688940906835410e+00   4.8943010624969419e-01   3.5135055751858379e-01   1.3096577221900263e+00
   3.4160699999999998e-03  -1.8134385992746918e-01   9.9471507003876625e-01   7.1634668535112278e-01  -6.1615613845693529e-01   2.4193807766812706e-01  -2.1843434785163002e-01   6.6375975428122624e-01
   2.9348199999999999e-03   4.5369025278176012e-01   1.0692567089492646e+00  -3.9688783489107747e-03  -3.8822937847377098e-01   9.6061283146295706e-01   2.1859904040621642e-01   6.8876043471877402e-01
   2.0148000000000002e-03  -8.6588787031042480e-01  -4.9088960115563657e-01  -5.1246114584691893e-01  -5.3876027948839766e-01   1.7875975586348132e+00   1.0901730499210949e+00   1.2186800273756391e+00
   1.9731900000000001e-03   9.0468107743110898e-02  -5.3764382628889074e-01   1.1883465194352907e+00   6.2111868250371627e-01   9.1517388306411940e-01   1.7822972017739018e+00   1.2429155191666756e+00
   1.9546699999999999e-03  -1.5357427820444671e+00   4.5021907988184895e-02  -8.0910864393782067e-01   1.7368190237139249e+00  -4.1791747980739236e-01  -9.5234247130761063e-02   1.2709878643639314e+00
   1.8524699999999999e-03  -1.1509586462119090e+00  -1.1833794982144508e+00  -1.3773001266778853e-01  -1.6603923242074403e+00   6.1253047101601753e-02   1.0351041232156646e+00   1.3504203843745726e+00
   1.7677200000000000e-03  -2.2195987208883700e-01  -5.9430326872460248e-01   1.3600543854841889e+00  -1.9668006920564594e+00   3.7557906042846878e-01   6.0835709174298547e-01   1.3262493594228753e+00
   2.1139599999999998e-03  -1.2262449789606011e+00   1.5731707759348329e-01   1.3596938168052937e+00   8.1627574860832242e-01   1.0182347918289341e+00   6.1148807263193716e-01   1.1293989042025372e+00
   3.1571899999999998e-03  -3.6388413781520151e-01  -4.9780556612449151e-01  -9.2475963104997294e-01  -3.2727046909879737e-01  -7.5329683338464726e-01   5.8966721988772564e-01   6.7572660868207812e-01
   1.7191999999999999e-03   1.2012375545371047e-01  -8.7398559975158996e-01  -4.8552324624128435e-01  -1.2087133950146955e+00  -8.8131098954416920e-01   1.8229393249432668e+00   1.3141319819998494e+00
   1.8801899999999999e-03   1.5954213030851521e+00  -1.1020119669003414e+00   7.9263769751295876e-01   8.8910722969750966e-01  -8.1900104205358648e-01  -2.6983064467255957e-01   1.1935989783617955e+00
   2.0381200000000000e-03   1.4770023951126285e+00   2.5121219343288048e-03   8.5337144109549523e-01  -1.6324574236029017e+00   4.9944005196422275e-01   2.1551360391956122e-03   1.2060629577547972e+00
   1.7747900000000000e-03   9.9180213329198930e-01   1.2533130330654825e+00   1.5690104071422095e-01   1.7284055208349356e+00  -1.2499837541072849e-01  -1.0957095720357266e+00   1.3709682976798603e+00
   2.7679499999999999e-03   1.9972328149306826e-01   4.8874931079723805e-01   1.0343918951981337e+00   2.4097200176872038e-01   9.4611481997327784e-01  -7.8444538153973253e-01   7.3077718097166322e-01
   1.7994599999999999e-03  -1.1766441842068054e+00  -1.4532799148869320e-02   6.0216152797857997e-02  -1.5014218729052793e+00  -1.3917786002585695e+00   9.6936238021456178e-01   1.3308777305812687e+00
   1.8416299999999999e-03   1.3703224880680367e+00  -3.5927948481168342e-02   7.2294882116009415e-02   1.7210270050343792e+00  -9.9246904507832046e-01   6.2406577202363500e-01   1.2509868144845462e+00
   1.6161900000000000e-03  -8.6811830032752714e-04   6.0405396983124848e-01   9.7457129727898717e-01   1.7175414770469533e+00   1.4865896693157168e+00  -6.6764864527256917e-01   1.3906441092528936e+00
   1.9299800000000000e-03   1.4677813404627753e+00   8.5065605494998353e-01  -5.8625065353604555e-01  -7.9592927880622100e-01   1.3411517365226402e+00  -4.0891040053610717e-01   1.1776774895826747e+00
   1.8474100000000001e-03   1.8971435323495053e-01   1.0570756025677812e+00   1.2642957926099656e+00  -1.4915198776526826e+00   5.8924268689497195e-01   8.7538980811092282e-01   1.2223432816859661e+00
   1.7848499999999999e-03  -8.7131537739280907e-01  -1.4950400700200768e+00  -4.0997827453171820e-01   6.8095646495731110e-01   1.5369346164249251e+00   7.1038764787697239e-01   1.3026228358252687e+00
   1.5704499999999999e-03  -9.9336554139270017e-01  -1.3831073357388466e+00   1.2311650841079018e-01   2.0021566338134482e+00   7.3545211903588481e-02  -1.7924025522213488e-01   1.3777054339045756e+00
   3.2611500000000000e-03  -2.2892316113668754e-01  -2.4941801531315078e-01   9.9669663456807256e-01   6.3561229378605130e-02  -2.1658527977595268e-01  -1.1365188979847511e+00   7.0952149380353435e-01
   2.5152700000000000e-03   4.1410625771143295e-02   7.9715206837212937e-01  -6.3191305007095111e-01  -1.3783758682659437e+00   9.0091057961038790e-01  -5.6829156250879775e-01   9.0073125141298171e-01
   2.8544500000000001e-03  -1.2148152183931951e-01  -3.9055781238176784e-01   9.3158805685722634e-01   1.1387132850406469e+00   4.1877731884451075e-01  -3.5486041001629459e-01   7.0163692350822771e-01
   1.8016799999999999e-03  -3.7827549437779723e-01  -2.1391541011172448e+00   1.2954899439555914e+00  -4.6878146040957680e-01   3.1620801732163230e-02   1.5400234350252245e-01   1.3368020923449591e+00
   2.9661100000000001e-03   6.0752464956283370e-01   5.9183955339523153e-01   1.0928594170327934e-01   1.3455170613564943e-01  -9.0116050746343479e-01  -1.0145211508607705e+00   7.0598498445732261e-01
   3.0139099999999999e-03  -3.4581560972728215e-01   2.6923819890895134e-01   3.3665609870882446e-01  -3.3240231690824379e-01   1.3400436689642372e+00   1.0951934658280132e-01   6.6285597557928333e-01
   1.6140799999999999e-03   1.0001265376405615e+00   1.3466542849951471e-01   1.8131054487641556e+00  -2.0495873393111277e-02   2.8172881422531260e-01  -1.5839176992171431e+00   1.3478118356427808e+00
   1.7472200000000001e-03  -3.1065340909002664e-01  -2.9321711665018774e-01  -1.3504674391892977e+00   9.7216997728209364e-01   1.1433369026519762e+00   1.5591179931705439e+00   1.3323511068955689e+00
   1.6222900000000000e-03   1.1081368819799622e+00   6.5614412470259897e-01   1.1760273835095956e-02   5.1485971791386009e-01  -1.5119432613968613e+00   1.6537293344610482e+00   1.3816619594998867e+00
   1.9403700000000001e-03   3.4660742558625618e-01  -5.8508386706827098e-01  -1.6103491872068393e-01  -1.1783469189503046e+00  -1.9658722065929051e+00   2.9738267211955299e-01   1.1767071681048005e+00
   2.1798999999999998e-03  -1.1511493676228366e+00  -1.0274831570017124e+00  -1.6477266451943892e-01  -1.3210947725019579e+00  -1.0319015133252454e+00  -3.1528993309077230e-01   1.1028103192617824e+00
   1.8799400000000001e-03   1.0082855712416139e+00  -2.7780110131728220e-01  -1.2661625286377955e+00   1.0920459115357832e+00  -1.6021593386204500e+00  -5.8203341429298075e-02   1.3179307085009293e+00
   3.1957800000000001e-03  -1.1006908056190141e-01  -3.8364242326930303e-01  -2.5172628213428611e-01  -1.3234778448620230e-01   2.0767324058753839e-01  -1.4148019005783379e+00   6.8044263538793026e-01
   1.8112099999999999e-03  -2.1039704649768458e+00  -4.6186927004162870e-01   2.6624677916706985e-01   2.1406808797778742e-01   1.3260413502172048e+00   4.6398562041258140e-02   1.3170750278507601e+00
   2.9977699999999999e-03  -1.0143305255895472e+00   7.8085306559398160e-01  -5.3789529365240119e-02  -6.5987961192050115e-01  -4.1725704538488151e-01   4.5413050990075221e-01   6.8857974166187375e-01
   1.7310299999999999e-03  -3.8505514484305103e-01   9.9002590693696479e-01  -3.7871157903128383e-01   1.5569544424178929e+00   9.0698651980825995e-01  -1.4144791273607040e+00   1.3014759000607334e+00
   3.1636600000000000e-03   4.7087194911635566e-01  -7.1341049726621042e-01  -3.2238560586518172e-01  -1.1827919837334826e+00  -4.1800292894532898e-01   9.5024444077466616e-02   6.9718602663540663e-01
   1.7519300000000001e-03  -1.5545617236820821e+00   1.7648397399734215e+00   1.4636950638100468e-01  -4.1813364023146438e-01  -2.0873460173406641e-01  -7.2490925868596934e-01   1.2557931368228199e+00
   1.9409399999999999e-03   1.9638748924004121e-01   1.8470022683710849e+00   3.7843677580440538e-01   9.9543573180290934e-01  -1.1858481006579171e+00  -3.6381958155359134e-01   1.2522973251692318e+00
   3.0912299999999999e-03   2.2384550030836814e-01   2.2536434243426909e-01  -7.9172844955428046e-01  -1.1777949994690486e-02   1.2063440293702792e+00  -1.8385376283976677e-02   6.6575263301494081e-01
   1.6320900000000001e-03  -7.3061552227552617e-01  -5.3742362856418791e-01  -3.8848690063765390e-01   1.4496213296890597e+00  -1.6344741955983932e+00   1.1987203453148274e+00   1.4469443257496633e+00
   1.7508400000000000e-03  -3.2197995124500756e-01   1.0228827292938227e+00   5.6823810028334676e-01  -5.0089380587520216e-01   1.9833113801415352e+00  -9.2844540973366529e-01   1.3118585657139707e+00
   1.5918400000000000e-03  -1.8867941356646237e-01   1.0280270090516574e+00  -6.5458137659283133e-01  -8.8034512395369702e-01   2.1049928252922716e+00   4.8212086055818038e-01   1.3751134305688575e+00
   1.7258099999999999e-03  -4.1647037479040655e-01   1.3744265552065607e-01  -4.4313595728902955e-01  -1.9960966768955897e+00   1.1012779545828160e+00   9.1303893491224208e-01   1.2724105646890456e+00
   1.9171699999999999e-03   4.4859777493722341e-01  -6.9185244118499223e-01  -1.8868834598032969e+00   3.8200001394379061e-02  -6.3606638277186642e-02  -1.3676070339003135e+00   1.2443482514403466e+00
   3.2494600000000000e-03   5.3995131407027064e-01  -1.5996890807930556e-01  -5.7218879953731694e-01  -1.4714874341076814e-01  -1.2092913129763583e+00  -4.9819616990530398e-02   6.6723543851207501e-01
   3.1738999999999999e-03   1.3472877507041667e-01  -2.7360806127523524e-01  -5.7500225799740945e-01   6.7262580226503965e-01  -5.2922033419350722e-01  -9.7198949732114126e-01   6.5777567217950628e-01
   1.7154600000000000e-03   9.8269359181637775e-02  -1.0756450441689900e+00   2.1116317409854477e+00   4.4816648047173130e-01   7.6612619720777941e-01  -5.3410597269829163e-01   1.3317227518219701e+00
   1.8473000000000001e-03   2.5219889397387962e-01   7.8835650393619047e-02  -2.0905522674055295e+00  -1.6809323572921619e-01  -2.3421167610819105e-01   1.2646460046528174e+00   1.2236400902941613e+00
   1.7744900000000001e-03  -2.9768009161725745e-01  -1.3149238991594172e+00  -1.4408836751955141e+00   6.5057158467255205e-01  -1.3947973462415992e+00   3.8230881796852501e-01   1.2844364743328367e+00
   1.8548099999999999e-03   8.8428435541264461e-01  -2.2092122458816721e-01   1.4146232592839414e+00   1.6812338393846791e+00  -2.8059873728922435e-01  -8.0547412436112720e-01   1.2906984789318994e+00
   2.8065199999999998e-03   1.9079145478258872e-01  -1.0800456232075080e+00   6.1600767626331199e-01  -8.8974967745241595e-01  -2.9006334152424407e-01  -7.0453530272186227e-01   7.4341120731551102e-01
   1.9256600000000000e-03   1.0154614015114485e+00   7.4056281741669194e-01  -8.1713077071137274e-01  -4.6696018072748441e-01  -4.5584685866017183e-01   1.9233828604645857e+00   1.3083472890168555e+00
   2.0957200000000001e-03  -9.6432441133043612e-02   7.5394160210017658e-01   1.4653519360928111e+00  -9.8039059818059560e-01  -6.5184566998899474e-01  -1.1091962987788584e+00   1.0981960412399143e+00
   1.5978100000000001e-03   1.2088524307838380e+00  -1.0640666004657027e+00   1.0407345945501858e+00   1.5633462784723307e+00   4.3936540809909158e-01   6.4699681571152279e-01   1.3387762614669887e+00
   1.7835500000000001e-03  -8.2498405303141364e-01   1.9414389022163197e+00   1.0551991518267050e+00  -5.0865023338320681e-01   1.4224821867020951e-01   6.9245598378508288e-01   1.2626352742063878e+00
   3.0982499999999999e-03   1.1892477475886354e+00   2.5361639178785261e-01  -5.5339333931711798e-01  -2.2719337407293205e-01   4.6234107220923798e-01   4.5377536398388590e-01   6.7468544242464612e-01
   1.5667500000000000e-03  -7.3599815775369848e-01  -1.7522018242568298e+00  -1.6439515556766568e-01  -6.5493891171957686e-01  -1.5315902897086662e+00   7.6895182595157696e-01   1.3911744726321580e+00
   1.7271999999999999e-03   1.1916510021205182e+00   1.3668536733649026e+00  -8.3485407898959318e-01   1.1272086051837795e+00  -1.1818027965370710e+00   1.5306303761006204e-01   1.3398087098537550e+00
   2.9150399999999998e-03  -5.9928433506602652e-01  -8.3274340445742023e-01   8.6604358851072497e-02   2.1395027996882626e-01  -1.2875970627570166e+00   7.8369567404014157e-02   7.2485298721119662e-01
   3.0976900000000002e-03  -1.1168089695191608e+00   1.4347563568117136e-01   6.7187161424712438e-01  -4.0227894124754769e-02  -7.8153792423384827e-01  -2.0392769176533085e-01   6.8824330292935787e-01
   1.6703099999999999e-03   6.6019896767387953e-01  -1.1674516133697501e+00   1.7002951713692185e+00   2.7094708771572740e-01  -7.7613419912208359e-01  -1.1246292907300872e+00   1.3014971132270958e+00
   1.6736800000000001e-03   1.1963555842282387e+00  -1.4693409792129178e-01  -3.9341462120000131e-01   1.5300286059662258e+00   1.1229267410838610e+00  -1.2785666146553245e+00   1.3602366225518017e+00
   1.6853599999999999e-03  -1.4591743953537695e+00   1.4018773908452609e+00   5.8764233546651445e-01  -3.4116986228815793e-01  -1.4576779202082950e+00   1.2032611193209555e-01   1.3297316570416742e+00
   1.8794500000000000e-03   1.3429475974374572e-01   7.0885062487820027e-01   7.3758645937084022e-01   5.2266464446005290e-01  -3.3781781515802578e-01   2.0608374632369979e+00   1.1355534352990251e+00
   2.9532700000000000e-03  -2.7963223201060972e-01   9.7406868173097322e-03   9.4652750935291186e-01   6.6481344841441292e-01  -9.3323762546890876e-01   5.6353031288006550e-01   7.0579225391602873e-01
   1.6793800000000001e-03  -4.5329986774062520e-01   8.0208076028341346e-01   1.5748658375533289e+00  -1.1528629329540827e+00  -1.2761239503952002e+00   6.0783116768624612e-01   1.3308734379260962e+00
   1.7693299999999999e-03   4.4783911456240122e-01   1.6067619146728174e+00   3.3831234149981998e-01   7.9502836740603888e-01   1.6362663852271890e+00  -1.9378100635372744e-01   1.2552009183783477e+00
   3.0265200000000000e-03   5.5086658158821589e-01  -1.6165112697570749e-01  -1.0566861860490275e+00   7.4797555875702237e-01   3.7199233900701484e-01   6.0050471334922029e-01   6.9995113236676654e-01
   1.5101900000000000e-03   6.2769707654787232e-02  -1.3148725741562692e+00  -6.7013066071191030e-01  -1.7932161561711846e+00   1.1849837716004861e+00   3.1309547483859190e-01   1.3511344443373454e+00
   2.6826900000000002e-03  -1.2284835036813373e+00   2.3285597796572485e-01   7.8304472246568002e-01  -6.9562978132412512e-01   5.0106609599714402e-01  -2.1803692227304153e-01   7.3751087359798151e-01
   2.8457500000000002e-03   1.4307437732364831e-01   3.3167015416237838e-01  -8.3601700566650905e-01  -3.3115579163005943e-01   7.7038493414912668e-01   1.0952216632234435e+00   7.1410345691445853e-01
   2.9155100000000001e-03   9.0342784526587505e-01  -4.4745221378439570e-01  -6.0210617400356152e-02  -4.1482730196223133e-01  -5.2017793005494972e-01  -9.4906116069049362e-01   6.7451721516004448e-01
   1.5548000000000001e-03  -9.3831546976318358e-01   1.7460565246305939e+00  -7.6066349408731382e-01  -6.8830168637029315e-02   8.7777421518210808e-01  -1.3564972864849565e+00   1.4100663065095318e+00
   0.0000000000000000e+00   0.0000000000000000e+00   0.0000000000000000e+00   0.0000000000000000e+00   0.0000000000000000e+00   0.0000000000000000e+00   0.0000000000000000e+00   1.0749260700870100e+00
