   9.2586000000000003e-04  -2.3773769097627921e+00   2.9084682994873395e-01   1.7028526838766100e-02   1.2205947738388528e-01
   1.6744399999999999e-03  -8.4735704265924416e-01   1.6415190337938315e+00   9.4380113572187039e-03   9.1282373252718763e-02
   2.1007600000000001e-03  -1.6010162967808481e+00   2.5081419647363684e-01   7.8961333355941268e-03   8.3615631137761257e-02
   1.1854700000000001e-03  -7.8447119926660702e-01  -2.1238312673151785e+00   1.5818943527175892e-02   1.1812030726435399e-01
   2.8360799999999999e-03   9.3262973268242999e-01  -6.7412884975209664e-01   5.6512736804835359e-03   7.0652325275666616e-02
   1.7357000000000001e-04   2.5111665927552713e+00   2.5255227660823332e+00   1.3276440138621165e-01   3.1940850357539147e-01
   6.9810000000000000e-04   4.0114529707374441e-01   2.6069137020279989e+00   2.3347090430428444e-02   1.4330072817244344e-01
   2.0666000000000000e-04   3.4686577562550878e+00  -8.2768553220450500e-02   1.1049184086200826e-01   2.9269424931913346e-01
   2.0665100000000001e-03   4.7485739760207940e-01  -1.5526133572350020e+00   7.8406501106180089e-03   8.3289336158287652e-02
   1.0889000000000001e-03  -2.3065954813026228e+00  -4.1797445022144872e-02   1.5952204879252398e-02   1.1856521704244867e-01
   2.7113400000000000e-03   3.3285185912213044e-01   1.1966758837731970e+00   6.0514721976307057e-03   7.3119868700545543e-02
   1.8386399999999999e-03   1.7843610388516140e+00  -2.2040918683699615e-01   9.2983579324242595e-03   9.0717670076804049e-02
   4.3782000000000001e-04   2.9857519945482669e+00   3.3943348442823007e-01   4.2459578238564673e-02   1.9174753303672903e-01
   2.8373500000000002e-03   1.0506130040597859e+00  -4.9151673308207694e-01   5.6465418498566284e-03   7.0713589192188911e-02
   5.0197000000000002e-04   9.0644450931173515e-01  -2.7188824951746309e+00   3.2449337012433611e-02   1.6747016135953607e-01
   3.2264600000000000e-03   1.0203645920287618e+00   1.5749585230717324e-02   5.5188718348797797e-03   6.9888506094817324e-02
   2.2692900000000002e-03   1.2485029516994577e+00  -9.8528264001044685e-01   8.2711917511446211e-03   8.5444626813869468e-02
   1.3148299999999999e-03   1.8450847404101114e+00   1.0527168451950306e+00   1.2885069569250042e-02   1.0666663767086045e-01
   1.1284600000000000e-03  -1.3250434578467949e+00   1.8205497412859331e+00   1.4695053382247133e-02   1.1371812364544062e-01
   1.5549299999999999e-03  -1.8867369523834272e+00  -4.6823814963899829e-01   1.0663385366600053e-02   9.6942704166728844e-02
   4.1009799999999997e-03  -1.5073846674652484e-04   2.0007071321194039e-01   4.2320806965943760e-03   6.1258154199594184e-02
   1.7617700000000000e-03  -1.2344412140185961e+00  -1.3779432968813943e+00   1.0133783810734848e-02   9.4502112012238099e-02
   2.0840799999999999e-03   6.7774950586749386e-02  -1.6438544009746356e+00   8.1886207223424243e-03   8.5151622368214719e-02
   2.1813000000000002e-03  -7.7256234681353297e-01   1.4127585609763389e+00   8.1229153183148516e-03   8.4776564703990753e-02
   1.7647000000000000e-04  -1.9454784968346808e+00  -2.9822556614530207e+00   1.2919616954826599e-01   3.1650302972311473e-01
   1.4439399999999999e-03  -1.3056179289373473e+00   1.5134347844036735e+00   1.0924241283484524e-02   9.8251697325921553e-02
   1.4157200000000001e-03   1.9745659153462150e+00   5.6052272529596481e-01   1.1907878224756049e-02   1.0258165971262342e-01
   2.7402099999999999e-03   1.5419533185989825e-01   1.2766371920420920e+00   6.3835851482371125e-03   7.5163456171979615e-02
   1.0161000000000000e-04  -3.7615421474333433e+00   2.0884938151375215e-01   1.5969835633623561e-01   3.5127163999836375e-01
   7.5376999999999996e-04  -2.1075038379146278e+00  -1.5315732323381921e+00   2.3415046906847321e-02   1.4332326798396233e-01
   1.5860900000000001e-03  -1.1182695981596029e+00  -1.6131670399589377e+00   1.1140958620939266e-02   9.9182746319477308e-02
   3.0308399999999999e-03  -9.4619602875173392e-01   6.4030872791779214e-01   5.9071473271352327e-03   7.2339151075870231e-02
   1.7775200000000001e-03  -6.4895712846554854e-01  -1.8274565406771974e+00   1.1937094244270198e-02   1.0269812879764810e-01
   3.7371399999999999e-03  -2.5720229611369894e-01   3.6587428496786650e-01   4.2603952318941872e-03   6.1272349418442611e-02
   2.0843500000000000e-03  -1.4241059804119958e+00  -7.0624422919419905e-01   7.5955101697472455e-03   8.1866868600495538e-02
   1.1962800000000001e-03   1.3753058312237354e+00   1.7664922057454295e+00   1.4942539476681211e-02   1.1493924590348667e-01
   2.4944400000000001e-03   1.1728496462785354e+00   7.4073183144128030e-01   6.6934801471131141e-03   7.6887862962043529e-02
   6.8928000000000001e-04   2.6100489738068555e+00   5.7473748755254350e-01   2.5614507098557834e-02   1.4969975623077694e-01
   2.6947999999999998e-03   9.9844430271725293e-01  -1.0624379345985979e+00   7.9987902585512347e-03   8.4071121772915217e-02
   4.1680800000000002e-03  -1.0277139187622943e-01   6.4726962406496488e-02   4.2613335170293386e-03   6.1443865368885492e-02
   7.3264999999999995e-04   2.3350471090111089e+00  -1.1186302016128256e+00   2.1885450389854268e-02   1.3851029212453336e-01
   2.4649400000000001e-03   1.3351799806503619e+00   5.7827109749082639e-01   7.1839247194845201e-03   7.9782093821613276e-02
   3.7809400000000000e-03   5.9837838098739327e-01  -2.9869143033988582e-01   4.7822799316500301e-03   6.5118782082777882e-02
   1.6945000000000000e-03   1.9121826711480405e+00   2.8518479179020367e-01   1.1254593609977622e-02   9.9708808677857544e-02
   3.2430599999999999e-03   6.6253524276839570e-01  -8.2445958891812343e-01   5.7818891254094278e-03   7.1537847234356883e-02
   2.5380500000000000e-03   4.4783570021286939e-01  -1.3334186528910541e+00   6.9184452638860906e-03   7.8289327057739791e-02
   3.5596500000000001e-03   5.4949262516690101e-01   4.8115605832462910e-01   4.6755742854566167e-03   6.4367926574297643e-02
   1.1125799999999999e-03  -1.7546390570186392e+00  -1.4691965082159550e+00   1.5758564420591658e-02   1.1790814251040561e-01
   4.2695999999999999e-04  -2.8396700208347871e+00  -1.0883492487809225e+00   4.6978561760573620e-02   2.0130881466736592e-01
   2.4041000000000002e-03   1.3982304955513345e+00  -3.7714743026910047e-01   6.9605205898210214e-03   7.8491620581433955e-02
   4.1101400000000000e-03  -2.8914051816241371e-01   9.4520363482477984e-02   4.3720321610496941e-03   6.2223849837356800e-02
   1.6480999999999999e-04   3.1952590405338905e+00   1.6700218180596615e+00   1.4339857505296702e-01   3.3327126842984023e-01
   1.5808899999999999e-03   1.4564889982642875e+00  -1.3692504485330577e+00   1.1877197499103369e-02   1.0247625821053036e-01
   1.6761499999999999e-03  -1.8569573965973236e+00   2.3888309801694321e-01   1.0002925533408409e-02   9.3915552104278086e-02
   2.4623100000000001e-03  -8.7570397020266777e-01  -1.1705342549101976e+00   7.3306652757473625e-03   8.0496897314068588e-02
   2.3102299999999999e-03  -1.1093502840062381e+00  -1.1605861348962485e+00   8.5309668578239569e-03   8.6867732547739565e-02
   7.8410000000000003e-04  -2.1854859727155760e+00   1.4115814375521503e+00   2.3906462753328559e-02   1.4510670459884339e-01
   2.7165300000000000e-03  -5.4835410414510488e-01   1.1432948445318842e+00   6.2536001651029641e-03   7.4303783272497356e-02
   3.7575700000000000e-03  -4.8250010624313133e-01  -1.8221577584370877e-01   4.3405015314365875e-03   6.2029554299724163e-02
   1.8398000000000001e-04  -2.5875770122052648e+00  -2.4193105215850133e+00   1.2780851119455228e-01   3.1545049674227882e-01
   1.2085000000000000e-04   2.6899997317156750e+00  -2.4984236288254285e+00   1.3637209413988957e-01   3.2235600901349371e-01
   3.7612300000000000e-03   1.9723744887907380e-01   4.9140620462417872e-01   4.3794331410703441e-03   6.2332244310815202e-02
   1.0738099999999999e-03  -2.9037357113425307e-02   2.2171766304044525e+00   1.2838220666352653e-02   1.0633158314571621e-01
   1.4349999999999999e-04  -1.0570796531439073e+00   3.4810126323858932e+00   1.5119171138919787e-01   3.3803224139899885e-01
   1.6408099999999999e-03   1.8878049404931618e+00  -4.6205953391412291e-01   1.1022303426937934e-02   9.8735387976975938e-02
   4.3740000000000001e-04  -7.8176255747624879e-01   2.8370092315602666e+00   3.5371453788043357e-02   1.7531792311230948e-01
   4.6538999999999999e-04  -7.6276427234518751e-01  -2.8319749772660381e+00   3.7394524679921638e-02   1.7965061204953020e-01
   3.2422000000000001e-04  -1.2913715905299235e+00  -2.8682015088154689e+00   5.0562608429457187e-02   2.0796616746804764e-01
   3.2996000000000002e-03  -3.0685815807422800e-01   8.8076565829666631e-01   5.1822257933688432e-03   6.7752537544037539e-02
   3.1419000000000000e-03   5.4609937847356582e-01  -9.7752385712808554e-01   5.9631665793976017e-03   7.2679994377117862e-02
   2.7837000000000001e-04  -3.6595676905408742e-01  -3.2120978349074938e+00   5.4835388089654803e-02   2.1631395922479291e-01
   4.1107999999999997e-04  -2.6051878136030213e+00  -1.6105939016010458e+00   4.9454703074973717e-02   2.0568425622942785e-01
   3.7651799999999999e-03  -8.1051323562390631e-01  -2.4164517066153512e-01   5.4935200374649010e-03   6.9697378188952122e-02
   2.5877500000000002e-03  -5.4186329139370437e-01   1.3864981143476423e+00   8.0655731632899800e-03   8.4332343633826717e-02
   1.1622900000000001e-03  -1.7998391190677538e+00   1.3906533215288721e+00   1.5793018811446759e-02   1.1795987006665491e-01
   4.4419000000000001e-04  -2.2084636355429059e+00  -1.9480130343281481e+00   3.5659282206772364e-02   1.7589391984116984e-01
   3.3210000000000002e-03  -1.3074472774718898e-01   8.3541948847086445e-01   4.8159861981275174e-03   6.5294941431829664e-02
   2.5048700000000002e-03   1.0022213049536941e+00   6.5966720131693857e-01   5.2559787946842539e-03   6.8165375118030502e-02
   4.0349899999999996e-03  -1.8312614880514447e-01   2.1852628933554005e-01   4.2896764329353274e-03   6.1600349113241040e-02
   4.2004900000000003e-03   1.5432047056691037e-01  -1.0735647129458714e-01   4.3261697453607076e-03   6.1942842000618628e-02
   8.2927000000000001e-04   4.4389890735763521e-02   2.5243682367098126e+00   2.0836298254120002e-02   1.3534814682716034e-01
   1.5705999999999999e-04   1.1754345132556940e+00  -3.4122796132027786e+00   1.3575069146526680e-01   3.2462976900463020e-01
   1.8336600000000000e-03  -1.5554306770193871e+00  -9.1402628722715396e-01   9.6126392194757909e-03   9.2119150370370301e-02
   3.5231400000000001e-03   5.6678686652225085e-01  -6.2920764565303056e-01   5.1277405484359342e-03   6.7351137152337648e-02
   2.4645000000000001e-03   1.2600719523381796e+00  -5.3272955714837977e-01   6.3608928271818577e-03   7.5059224727637305e-02
   1.8169000000000000e-04   1.9501848196037421e+00  -2.9346748683734893e+00   1.1492050877473407e-01   2.9956728157241858e-01
   2.5996600000000002e-03  -3.1518097942677636e-01  -1.2365395101946908e+00   6.0331345058071426e-03   7.2986374547862082e-02
   2.5658199999999999e-03  -7.3624456349712930e-01   1.1987714622436887e+00   7.1418166600452204e-03   7.9328769935594748e-02
   4.4000000000000002e-04  -2.0181816188052353e+00   2.2265518047905419e+00   4.2660485694313528e-02   1.9255474760023522e-01
   3.1293000000000000e-04   2.5390107856501483e+00   1.8853435155586269e+00   5.0508139087097004e-02   2.0851199557510289e-01
   2.3411700000000001e-03  -1.1167427730810773e+00   1.0485332769209859e+00   7.6529479805806482e-03   8.2314095699959233e-02
   3.8024700000000001e-03   2.2427908945289534e-02   5.0327843722228782e-01   4.3556532817585385e-03   6.2135231892889040e-02
   3.0646900000000001e-03  -5.0241424726624306e-01   9.4308133926403714e-01   5.4896076485645377e-03   6.9734027201076132e-02
   2.2416699999999999e-03   8.9979852771323188e-01   1.2359546744272851e+00   7.3449235873212729e-03   8.0620902712895084e-02
   3.3301400000000001e-03   9.3029494376976385e-01   1.7204245059781370e-01   5.3080974997296660e-03   6.8560740301006673e-02
   2.6040000000000000e-03  -4.7052383886015584e-02   1.3503448446320034e+00   6.5626249465488050e-03   7.6256043994080230e-02
   3.7793000000000002e-03   6.2498208231260777e-01   1.4963078026194829e-02   4.6480405132563974e-03   6.4198258746488768e-02
   2.3242900000000001e-03  -3.5054157244155998e-01  -1.4425639705537483e+00   7.1813945596449968e-03   7.9634087940654449e-02
   8.7321999999999996e-04   2.5211653667882805e+00   1.9013662476286317e-01   2.2032067738294706e-02   1.3917285983338634e-01
   2.2099500000000000e-03  -3.7195372428004370e-01   1.5839364545243457e+00   8.5719125439012046e-03   8.6952160397841316e-02
   4.4986000000000001e-04   1.1071713290539387e-01   2.9547318853474844e+00   3.7590121857900942e-02   1.8097927719814053e-01
   5.1239000000000005e-04  -1.5584029478996655e+00   2.4224619013260433e+00   3.4066095952194390e-02   1.7251618064346275e-01
   3.2577900000000000e-03   8.5814482180694329e-01  -4.8696251900915932e-01   5.3639077940004255e-03   6.8953880145523130e-02
   1.6201799999999999e-03   1.7923208334249010e+00   7.5354120646621192e-01   1.0925836734508148e-02   9.8318360218327808e-02
   2.6183900000000000e-03   8.1312432871396678e-01   1.0111233724910960e+00   6.2029541355724336e-03   7.4088704906971337e-02
   4.1760100000000000e-03   2.5741915916028363e-01   3.0688648653593269e-02   4.3556484688485712e-03   6.2148695330751437e-02
   2.3121800000000001e-03   1.6390000071098720e+00   2.1832799167097094e-01   9.3434654625423261e-03   9.0841164631465382e-02
   4.0498399999999999e-03  -5.7032858923900788e-02  -3.8178016589152258e-01   4.4148962759153355e-03   6.2574239355799616e-02
   2.9190399999999999e-03  -5.3012164524154759e-01  -9.7107186035258697e-01   5.5060848969914955e-03   6.9762139842454690e-02
   2.3612500000000001e-03   1.2520135383998787e-01   1.5004817226205205e+00   7.4522815408970934e-03   8.1280715648740912e-02
   3.3542000000000001e-04  -3.1023066080625004e+00   3.9166256910930730e-01   4.7767472936249784e-02   2.0376760123238064e-01
   2.5685999999999999e-03  -1.3707602303234778e+00   2.6799160275311329e-01   6.8571050438388592e-03   7.7956681776591999e-02
   2.7035200000000001e-03   1.2563657170064186e+00   3.6644462845417958e-01   6.4845897720054732e-03   7.5757576944432123e-02
   5.1502000000000004e-04   2.5486497105975725e+00   1.3779061452901447e+00   3.6418605191232453e-02   1.7757667403484559e-01
   8.3998000000000005e-04  -1.7904478730463556e+00  -1.8126999979516443e+00   2.2563875814355053e-02   1.4073032567944044e-01
   1.5115199999999999e-03  -7.1134690436748793e-01   1.8702152944885300e+00   1.1385181580094508e-02   1.0032109134586120e-01
   3.9514900000000002e-03  -2.3944063540232749e-01  -3.6150270549033731e-01   4.3942391374722483e-03   6.2407260621319183e-02
   2.3161300000000000e-03   1.1160129162563042e+00  -6.7260371893793569e-01   5.5425939093929691e-03   7.0011107005262446e-02
   1.2675500000000001e-03   2.7168324889725509e-01   2.2140659939660283e+00   1.5776719221670326e-02   1.1782118413070160e-01
   3.2629199999999999e-03  -3.2254947322341476e-01  -1.0121629505363106e+00   5.8218585292701000e-03   7.1790548189491737e-02
   2.9112500000000002e-03   4.0128462813191806e-01  -1.1261932007622388e+00   6.0116653866095389e-03   7.2998689123377855e-02
   3.7423700000000001e-03  -3.5786495445250793e-01  -5.0234590557171865e-01   4.5861860891892366e-03   6.3739456630542576e-02
   3.8168600000000000e-03  -2.5533760866370764e-01   6.9118431763753219e-01   5.0575469579575826e-03   6.6958727813196728e-02
   3.9372000000000002e-04   2.9970033081498930e+00  -5.7375130449492395e-01   4.4331928689982938e-02   1.9618157495804095e-01
   3.7629800000000000e-03   4.9101818157628729e-01  -4.5019351567277066e-01   4.7566645445941769e-03   6.4953955164025926e-02
   3.0169799999999998e-03   9.1993433652377088e-01   4.8871280135888129e-01   5.2443079068572370e-03   6.8164929187140955e-02
   3.1148600000000001e-03   5.3794589015601491e-01   8.1822535750560921e-01   5.1763101012293703e-03   6.7605067498879803e-02
   5.0819999999999999e-04  -2.8422838505438448e+00  -5.4339913556177788e-01   3.5455220184037399e-02   1.7563791991755723e-01
   2.4260599999999998e-03   8.2413651388483533e-01  -1.2362020180492752e+00   7.5430840221531121e-03   8.1541889363140635e-02
   1.4180799999999999e-03  -2.0694814476696015e+00   4.7056509976945365e-01   1.3957145265498492e-02   1.1089843258343826e-01
   2.5444899999999999e-03  -1.2002865434818142e+00  -7.1201681823516794e-01   6.8512188592499603e-03   7.7893671239318646e-02
   2.3622500000000002e-03  -1.1286757726409173e+00  -9.3691981683280268e-01   7.1820425865864526e-03   7.9446483457276021e-02
   1.6122000000000000e-04  -3.0520889594918303e+00   1.8071602349863518e+00   1.2201335695642382e-01   3.0432111379144927e-01
   3.8387199999999999e-03   4.5337344591938211e-01   3.2512474492022853e-01   4.5329173881011415e-03   6.3421246644930887e-02
   1.4934099999999999e-03  -1.4856779511687175e+00   1.3292893800942907e+00   1.1182385361758690e-02   9.9359022750036136e-02
   1.7067600000000001e-03   6.9894179861975725e-01  -1.5984176793779752e+00   7.9972413211404601e-03   8.4041196069976468e-02
   2.9242500000000002e-03   4.7016621145332836e-03   1.1463371103288225e+00   5.7180246984985198e-03   7.1165988532487609e-02
   4.2065000000000001e-04  -2.4153009233321612e+00   1.8183985992034750e+00   4.2862842379728219e-02   1.9325401718652227e-01
   2.7982200000000001e-03   1.1829099994986501e+00  -3.3526599205560698e-01   6.0417347573248278e-03   7.3184997533406210e-02
   7.0418000000000000e-04   2.1361243813871718e+00   1.6174120351532315e+00   2.6373147961188333e-02   1.5231826958377351e-01
   1.2513200000000000e-03  -4.8348198009543475e-01  -2.1195469296202920e+00   1.3704155396695903e-02   1.0989541710690487e-01
   2.9288500000000002e-03  -3.5023072730986660e-01   1.0655383588011857e+00   5.5821680654873874e-03   7.0332531882385044e-02
   3.1305600000000001e-03  -1.0029081360445316e+00  -2.3220518516952926e-01   5.3838425634426881e-03   6.9041481366466539e-02
   2.5274099999999999e-03  -1.3710354354582938e-01  -1.3413480567250113e+00   6.3712382212362034e-03   7.5101517084133568e-02
   1.3381999999999999e-04   3.5252588209984070e+00  -9.8160011126797642e-01   1.4287453775524131e-01   3.3046901319882477e-01
   2.4197899999999998e-03   1.4491395214386142e+00   1.4967546997154607e-02   7.1556852641162160e-03   7.9412719614798913e-02
   3.1301599999999999e-03   2.9784533575395403e-02   9.6171123224556621e-01   5.0834036333657056e-03   6.7060569698936728e-02
   1.8282699999999999e-03  -1.0168772153045205e+00   1.4361869651736494e+00   8.8422810218246172e-03   8.8346111989541620e-02
   1.8852000000000001e-03   1.6614135969095900e+00  -6.3975357144231988e-03   7.6820011607192399e-03   8.2345417193529710e-02
   3.2474499999999998e-03  -1.0432002443868069e+00   1.0437065420371773e-01   5.6933907375948112e-03   7.1048044895159534e-02
   1.8194699999999999e-03   1.4835300809510932e+00  -1.0980821625593311e+00   1.0188135378903590e-02   9.4926490891769480e-02
   7.5520000000000003e-04   1.1307091023270601e+00  -2.3317901289324041e+00   2.2426371491417178e-02   1.4045112791578140e-01
   2.3920800000000000e-03   5.2132097389276288e-01   1.3236000181815177e+00   6.6831815527673101e-03   7.6943684791128897e-02
   1.2894000000000000e-03   2.1574290032204213e+00   8.1658318197439433e-02   1.3624948624505060e-02   1.0960492151523722e-01
   1.2895500000000000e-03   1.5463779254811834e+00   1.5024015364566790e+00   1.3340115775733711e-02   1.0861100314803805e-01
   2.0830200000000001e-03   1.5530760390672194e+00   6.4795820767723189e-01   8.7500260768034951e-03   8.7971697534595564e-02
   1.3103000000000000e-04  -3.2990161563440537e+00  -1.6648230934130306e+00   1.5079837985654340e-01   3.4454931401781091e-01
   2.9954500000000002e-03   3.6670492870922555e-01   7.9863997395586972e-01   4.5074529472326381e-03   6.3127737593675362e-02
   4.5136999999999998e-04   9.8456671752950919e-02  -2.9495027034264489e+00   3.6814004918409041e-02   1.7888083660213508e-01
   1.1117200000000001e-03   1.8445398335283580e+00   1.3892359331212873e+00   1.6335921341180122e-02   1.2011728444445512e-01
   1.2695100000000000e-03  -5.3613440376140176e-01   2.1048222125126061e+00   1.3711904514664043e-02   1.1000489695518020e-01
   2.6496900000000001e-03   1.3773814399577753e+00   1.9873733783286407e-01   7.2074795775070501e-03   7.9735149870344871e-02
   3.8395999999999998e-04   2.8441480362338121e+00  -1.1369524069565540e+00   4.5402130979015964e-02   1.9821887637339808e-01
   2.2557900000000001e-03  -7.5088909271303417e-01  -1.3711990151531794e+00   7.7510425049916306e-03   8.2849191177893813e-02
   1.5069000000000000e-03   1.3654023513976199e+00   1.2927535152541727e+00   9.0727358394588620e-03   8.9429491150162604e-02
   3.1052000000000000e-04  -1.3016706930115005e+00   2.8462567458734758e+00   4.4839777825903891e-02   1.9645967325036762e-01
   2.1131800000000001e-03  -5.9435426990307116e-01  -1.5615686939494122e+00   8.7021162207113339e-03   8.7620547481534347e-02
   1.7120400000000000e-03   1.1923674346348054e+00  -1.4757329693948744e+00   1.0530372862875555e-02   9.6493890339660410e-02
   1.6626200000000001e-03   1.8813208590916193e+00   3.2259886454854031e-02   1.0146946005114538e-02   9.4583886013683283e-02
   1.4155800000000001e-03  -1.6700854086633946e-01  -2.0421501003749953e+00   1.1716658439713160e-02   1.0172581923636367e-01
   3.6087300000000001e-03  -5.4319454354966801e-01  -4.8454165131178240e-01   4.7570425718234562e-03   6.4937363702287115e-02
   1.5149800000000000e-03  -1.7699169541278279e+00   8.8968106114733969e-01   1.1067181506937375e-02   9.8795955190860457e-02
   1.0178699999999999e-03   2.3797447789969652e+00  -1.4699629805918735e-01   1.8007526204367720e-02   1.2578984150024941e-01
   2.7101400000000002e-03   1.1306907018787422e+00   5.1827763750215283e-01   5.9871339963744564e-03   7.2775284614070901e-02
   2.2333600000000002e-03  -1.5677285369116369e+00  -1.5274608237872414e-01   7.8502788620985441e-03   8.3379222702739300e-02
   2.1899500000000000e-03   7.3498134709864149e-01   1.4046993438220436e+00   7.7838377242531939e-03   8.3036060136818093e-02
   2.7818000000000001e-03  -1.0496866701228345e+00  -5.7405859765485379e-01   5.8247827991450641e-03   7.1763501282285119e-02
   1.2601600000000000e-03  -1.9370082817024610e+00  -7.0569934078296503e-01   1.0845519225369339e-02   9.7711347512443272e-02
   3.0619100000000002e-03   1.0368959722021942e+00   3.3643029940533103e-01   5.6493818678158289e-03   7.0723957966987605e-02
   9.4645000000000005e-04   2.2403131699274486e+00  -7.6351870672015065e-01   1.6422924380815697e-02   1.2007534177170638e-01
   4.0505799999999998e-03   3.5822539786988400e-01   1.7544318999794350e-01   4.4344922237375788e-03   6.2723008814175488e-02
   3.3842799999999999e-03  -8.5211092172288072e-01   4.5501888472409319e-01   5.4320328953501845e-03   6.9381927461228884e-02
   3.6460400000000001e-03   6.3839881959232769e-01   3.2195573816743878e-01   4.7415982091696786e-03   6.4827287871367351e-02
   1.3700400000000001e-03  -2.1097435048153033e+00  -2.8461421427314382e-01   1.3432143708020119e-02   1.0890550598579271e-01
   3.3789499999999999e-03  -6.6967637093676746e-01  -6.1978574223233807e-01   5.1796545798899985e-03   6.7783319430756162e-02
   3.3655500000000001e-03  -5.7696680919623577e-01   6.0167253707947532e-01   4.9207847607294847e-03   6.5856823321165658e-02
   1.9600400000000001e-03  -1.4974221864971931e+00   8.8311869612387583e-01   9.0318073432159619e-03   8.9399255650093865e-02
   3.3659900000000001e-03   4.5907907462915437e-01   6.4087011911002423e-01   4.6496772729134345e-03   6.4204447404535667e-02
   4.0205700000000002e-03   9.8086201805811610e-02   3.4284070771884328e-01   4.3172877370925428e-03   6.1878485222368891e-02
   2.2379600000000002e-03   1.5365788570979408e+00  -2.0247840814140772e-01   7.5276167763192294e-03   8.1654027321848219e-02
   2.0437099999999998e-03  -9.8571006380778525e-01  -1.3842554646468417e+00   8.7501496193080463e-03   8.8028918612453044e-02
   3.6643000000000001e-03   7.0713070733514505e-01  -1.4273455317353534e-01   4.8018004083146704e-03   6.5255105801711302e-02
   1.9624500000000001e-03   1.0315866154965081e+00  -1.2874873145947401e+00   7.8290845557734880e-03   8.3185409135849889e-02
   3.9843200000000004e-03  -3.7725411302019934e-01   2.5725831822095013e-01   4.5378927677441477e-03   6.3342486049295821e-02
   1.8546500000000000e-03   7.8771563327135674e-01   1.6340163507325682e+00   9.7492597111757482e-03   9.2856503557167999e-02
   7.2800999999999996e-04  -2.6828001888264179e+00  -2.4311148806527183e-02   2.7737540849039739e-02   1.5570639946833395e-01
   6.4806000000000000e-04  -1.0512951794956547e+00   2.4759197574374037e+00   2.4717977514044094e-02   1.4739668268563502e-01
   1.4760100000000000e-03  -1.6544413335200963e+00  -1.1652125491470935e+00   1.1643481475105017e-02   1.0141301359089432e-01
   1.1562300000000001e-03  -2.0864346245479375e+00   8.1347726586194691e-01   1.4601655192970759e-02   1.1351651750781593e-01
   5.7715000000000002e-04   1.5351643710489216e+00  -2.3136775819386082e+00   2.9256937912546094e-02   1.5891737178153031e-01
   1.1610900000000000e-03   9.6689132723151716e-01  -2.0378338452638847e+00   1.5317029392541402e-02   1.1625096540409723e-01
   1.4583000000000000e-04  -2.5861791726165042e+00   2.5076947802712484e+00   1.2706059030852063e-01   3.1120851355696777e-01
   4.1685999999999997e-03   5.1574478634154146e-02  -2.4590282365653490e-01   4.3589687804937195e-03   6.2172692925969476e-02
   7.6081000000000000e-04  -2.4834374612488155e+00  -7.9471148651750967e-01   2.3679782176939137e-02   1.4432462345217714e-01
   2.7376499999999999e-03  -1.9140914695272618e-01   1.2054348768382461e+00   5.8395287425363216e-03   7.1927475322263679e-02
   2.5841499999999999e-03  -1.0975087914632831e+00  -3.9607406647943244e-01   5.2237035100529544e-03   6.7933620607491918e-02
   2.3681300000000000e-03  -1.2545843483996306e+00   8.6429128936323629e-01   7.6492130780842198e-03   8.2313844050684329e-02
   2.1059999999999998e-03   5.3942360006055179e-01   1.5449000867535474e+00   8.1592300856021625e-03   8.5003283878410968e-02
   1.2801100000000001e-03   1.4109864970759232e+00  -1.6748268243425173e+00   1.4305836531943287e-02   1.1251741806725005e-01
   3.3356700000000002e-03  -9.5289171397222627e-01   2.8598924875287146e-01   5.5141774387736662e-03   6.9950207596720118e-02
   8.9603000000000003e-04  -2.4693190425455152e+00  -3.6021727421002886e-01   2.0930119653550214e-02   1.3571739358058488e-01
   1.3148999999999999e-03   5.6236248878804418e-01   2.0434194472236653e+00   1.2939023520090819e-02   1.0672000671534572e-01
   1.5443000000000000e-03   3.6694312372489692e-02   1.9611709237418453e+00   1.0905442693239229e-02   9.7983612657635680e-02
   3.0130199999999999e-03  -7.9355386255155735e-01  -7.8334281404164019e-01   5.7013243693767868e-03   7.1037313702506072e-02
   8.3219000000000001e-04  -1.5117788026431818e+00  -2.0266670876371209e+00   2.1224168430799221e-02   1.3642302479917875e-01
   1.5225600000000001e-03   8.3177595901518719e-01  -1.7955682969302162e+00   1.1104588749913422e-02   9.8976872996785092e-02
   1.9095399999999999e-03  -1.8076111449525570e-01   1.7723395481932931e+00   9.5478556303751957e-03   9.1862184079046408e-02
   7.9166999999999996e-04  -1.9437816618349153e+00   1.7379400708152932e+00   2.4606656432871118e-02   1.4702571283857976e-01
   5.1685000000000001e-04   2.0184609191169525e+00   2.0826546148007679e+00   3.6320271874670178e-02   1.7793172800904497e-01
   3.8783899999999998e-03  -4.6901489696765258e-01   1.1939287525749787e-01   4.4313344653301159e-03   6.2660895038991249e-02
   2.2521199999999998e-03   1.2917567760600581e+00  -7.6190603237780496e-01   7.1034480611061089e-03   7.9221273508904080e-02
   1.3003000000000000e-04  -1.0177152314137841e+00  -3.5566939820337429e+00   1.5262464229853542e-01   3.4553677382335951e-01
   1.3444700000000000e-03  -1.4423539216853158e+00  -1.6402349416775950e+00   1.5357373504822098e-02   1.1612088532797789e-01
   7.9261999999999996e-04   1.5411265481585841e+00   2.0773783031757498e+00   2.3292240805418987e-02   1.4303582896339551e-01
   9.1881999999999999e-04   1.7418849908331204e+00   1.7529203167498719e+00   2.0355050603651718e-02   1.3374091382573927e-01
   3.2971799999999998e-03  -2.2169131184319582e-01  -8.2142850993271210e-01   4.8651756169147305e-03   6.5553650669921040e-02
   4.0071899999999999e-03   4.4038970013306639e-01   1.9336491002567797e-02   4.4683703558825987e-03   6.2955235154723121e-02
   2.0311100000000000e-03  -1.3609436568647253e+00  -1.1255432883285712e+00   9.9298492545671409e-03   9.3602431125039326e-02
   3.1381299999999998e-03  -8.5568184315569029e-01  -5.9588632776726502e-01   5.4837622582347848e-03   6.9734496956982972e-02
   3.7001199999999999e-03   3.8536138525840552e-01  -5.9881279742335791e-01   4.8387296815194762e-03   6.5501688311219580e-02
   2.8280200000000001e-03  -7.2515360730213041e-01  -9.7014795905007367e-01   6.0217947849912686e-03   7.2916625854429526e-02
   1.9353199999999999e-03  -1.6762209997112500e+00  -6.6583003934231699e-01   1.0053476393696680e-02   9.4281611305997187e-02
   3.9874100000000003e-03   4.1443650793257403e-01  -2.8308297773130997e-01   4.5700684423687224e-03   6.3672328423517999e-02
   5.2070999999999997e-04  -2.7518667225118754e+00   8.5967889600154523e-01   3.4940690091680396e-02   1.7452004423253906e-01
   9.1865000000000002e-04   2.1452022560537114e+00   1.2161983424160963e+00   1.9679138358693143e-02   1.3172684849263058e-01
   1.4875699999999999e-03   1.6051392941454643e+00   1.1940501258721021e+00   1.1251266859266173e-02   9.9691857297610265e-02
   3.6916300000000000e-03  -6.5531044415445372e-01   4.4160910894868644e-01   5.1064756541488515e-03   6.7257899982090807e-02
   2.3787200000000000e-03  -1.4719839907135379e+00   6.6373686013835739e-02   7.1717498764214778e-03   7.9677868603039187e-02
   3.7147500000000002e-03  -5.6409721491394171e-01  -2.0729343982029469e-02   4.4080273984443818e-03   6.2500075581943648e-02
   1.4280400000000000e-03  -9.3801426298087409e-01  -1.8580933581203554e+00   1.2729700429592426e-02   1.0607829502766573e-01
   1.3657100000000000e-03   1.9534070134108834e+00  -7.3131681104437207e-01   1.2306858260530851e-02   1.0424022885314896e-01
   4.1253999999999998e-04   2.9050281520811643e+00   9.7314123092511229e-01   4.8637164954519398e-02   2.0486614005534656e-01
   5.7839000000000002e-04   2.5797928673409820e+00  -8.0162973275294425e-01   2.3281722200511463e-02   1.4281848302736785e-01
   2.8947800000000000e-03  -6.9340875303437910e-01   9.8502671708576695e-01   6.0654032240928411e-03   7.3310246990684030e-02
   3.8365700000000001e-03   5.4072145704001529e-01   1.6691090344910930e-01   4.5562172405147119e-03   6.3559578259597613e-02
   2.1377400000000000e-03   1.1440107259530408e+00   1.2300276910967327e+00   9.0505541228982165e-03   8.9334171285013683e-02
   3.0024700000000001e-03   1.1471330508818007e+00   1.8359071818804554e-01   6.0256894620958753e-03   7.3006281088907221e-02
   3.5749800000000002e-03   2.7689278134332179e-01  -7.4485772794912508e-01   4.9611658998659960e-03   6.6300465373102704e-02
   1.9728599999999999e-03   9.8465809132886384e-01   1.4517888160267285e+00   9.2928652990905032e-03   9.0665138938895731e-02
   2.2864800000000000e-03   1.1772621932396212e+00   9.5193257840061063e-01   7.4936000084598210e-03   8.1210628673460711e-02
   9.0260999999999998e-04  -1.2422648630434030e+00   2.1472000586881759e+00   2.0079673773154911e-02   1.3301735568476791e-01
   3.3476299999999999e-03   7.2968047219348087e-01   4.8831056552223639e-01   4.9779758768999311e-03   6.6426017657904138e-02
   2.4615200000000000e-03   5.8104240534432167e-02  -1.4162082836189607e+00   6.8474997539233239e-03   7.7813038537254089e-02
   3.8707899999999998e-03  -5.6399797796663154e-01   2.7540450722050547e-01   4.7551702713905727e-03   6.4940467242502214e-02
   1.6903500000000000e-03   2.9758519772145331e-01   1.9137389963291533e+00   1.1159338889636414e-02   9.9326969007448446e-02
   1.2448299999999999e-03  -9.9943592461856923e-01   1.9055624347130133e+00   1.3083864980114563e-02   1.0738433008638523e-01
   4.1256399999999999e-03   1.7602733758377620e-01   1.8620641878474214e-01   4.3171414577639058e-03   6.1882433200390920e-02
   3.5211900000000000e-03  -7.5618433220576831e-01  -3.5690994550012609e-02   4.8326582478081673e-03   6.5346778330179781e-02
   2.0748400000000001e-03   9.1526604876501128e-01  -1.5011588104853009e+00   1.0015075076609439e-02   9.4027453128477601e-02
   1.8226300000000000e-03   1.6909237853023948e+00  -6.7256795834417138e-01   9.7471231977341848e-03   9.2835878546831493e-02
   1.5208500000000000e-03   1.0587651449605142e+00   1.7099625931871083e+00   1.1727476023911181e-02   1.0184512485113768e-01
   3.0510899999999998e-03  -1.0516275341750674e+00   4.6462677714476647e-01   5.9877320436771955e-03   7.2860433374022524e-02
   2.3825299999999999e-03  -2.6785829785584153e-01   1.4069668369833301e+00   6.9072057889664820e-03   7.8006390207963502e-02
   2.6288399999999999e-03  -9.2740522486339461e-01  -9.6932651253393187e-01   6.6561640467842301e-03   7.6654884309269880e-02
   2.5570100000000002e-03  -6.6439763239681648e-01  -1.1612162790298184e+00   6.4170224874451212e-03   7.5360193123993863e-02
   2.1641600000000000e-03   1.0077218218805466e+00   1.0558260791455802e+00   6.4131567898979107e-03   7.5241912728478647e-02
   1.9674400000000000e-03  -1.4861757599732384e+00  -5.1586018262647593e-01   6.9686501588875679e-03   7.8464848938268036e-02
   9.1193000000000003e-04  -2.3721544385399098e+00   6.5053034224876660e-01   1.9314987190692693e-02   1.3057175443429161e-01
   3.4138100000000002e-03  -9.3091594776878361e-01  -6.1674295766179547e-02   5.3834913334175139e-03   6.9019452326414640e-02
   1.3809300000000000e-03   1.7382568222513071e+00  -1.2309843233038578e+00   1.3595803993325127e-02   1.0967728822755041e-01
   9.0237000000000000e-04   7.3278725154215052e-01  -2.3500938803811025e+00   1.9237337313274361e-02   1.3018024728754415e-01
   1.9617599999999999e-03  -1.6537899340297484e+00  -3.8455672719081363e-01   8.5062433102358961e-03   8.6655682809484394e-02
   1.1486599999999999e-03   2.0042857459252312e+00  -1.0321955501174480e+00   1.4877340652534233e-02   1.1460848663760140e-01
   6.6863999999999997e-04   4.5824302212528228e-01  -2.6271352973771878e+00   2.4222995655569662e-02   1.4577186871022410e-01
   2.6908499999999998e-03   6.0581004490906265e-01  -1.1772904001104001e+00   6.5421084187631331e-03   7.6173125314936210e-02
   3.8387199999999999e-03  -4.2216413728554697e-01  -3.4410043756857328e-01   4.5073584677506702e-03   6.3200878975364416e-02
   3.9608500000000001e-03  -3.8576520214625171e-01  -4.0886912432407121e-02   4.3226776511649974e-03   6.1904779212423745e-02
   3.3889200000000001e-03   8.9894902126606857e-01  -1.4736904553310851e-01   5.2040387206717066e-03   6.7892226844628811e-02
   3.9018099999999999e-03   1.5054062847099132e-02  -5.4191617180477869e-01   4.5733293946213782e-03   6.3679438176439160e-02
   1.0742000000000000e-03   4.0554181577661003e-01  -2.2780481529359426e+00   1.6026726760125461e-02   1.1882012053695074e-01
   2.7748800000000000e-03  -9.8935577035030642e-01  -7.6580541621026244e-01   6.1733623740454196e-03   7.3959402009142430e-02
   2.5802300000000002e-03  -1.3463590125501566e+00  -1.0020114391560790e-01   6.4837183042619597e-03   7.5804652126502822e-02
   1.4806600000000000e-03  -1.9774058952297235e+00  -2.1474521218388241e-02   1.0812225549417147e-02   9.7628422075489413e-02
   5.1300000000000000e-04   2.4468791189061885e+00  -1.4989162134389566e+00   3.4008598770214934e-02   1.7172960642213098e-01
   1.3025300000000001e-03  -1.1015657269275674e+00   1.6637199013405783e+00   9.7029041567627972e-03   9.2575900274022127e-02
   3.6206900000000002e-03  -1.4834971785366488e-01   5.1220050187441990e-01   4.2992441330704971e-03   6.1601548632232814e-02
   2.7146700000000002e-03   2.4222994107899032e-01  -1.2750136598054806e+00   6.3916802828674919e-03   7.5247290531798461e-02
   3.6034700000000001e-03   7.2874689246529945e-01   1.6704198385408495e-01   4.8179136522758167e-03   6.5331001007759557e-02
   4.1970599999999999e-03  -2.5623228722718803e-02  -8.9685887445146079e-02   4.2650277578077413e-03   6.1489268210502053e-02
   3.2709499999999999e-03   3.4783743157319258e-01  -9.3036977601069448e-01   5.4198818261629459e-03   6.9310076184011610e-02
   4.1387400000000001e-03   2.3175443437678617e-01  -2.6663101558665775e-01   4.4571982945867056e-03   6.2874350019309133e-02
   1.7736999999999999e-04  -3.4629510120459530e+00  -7.3262827360910976e-01   1.1626430904898707e-01   3.0322339090375938e-01
   2.8189199999999999e-03   4.7551874803051730e-02  -1.2121395128065728e+00   5.9819397355225234e-03   7.2797009698340770e-02
   9.0023999999999996e-04   2.2707181187812524e+00   6.5703997642623246e-01   1.5227721596550278e-02   1.1586550326152348e-01
   7.2437999999999995e-04  -2.3583204604165107e+00  -1.2017608847276953e+00   2.5018414600044416e-02   1.4794954533972382e-01
   7.1515999999999995e-04   1.2516020739934428e+00   2.3575244091575311e+00   2.6658343481233897e-02   1.5272813911443503e-01
   3.3634099999999998e-03   8.2834240657583302e-01   3.2524493505975549e-01   5.0680398587699274e-03   6.7006445497136927e-02
   1.9461599999999999e-03  -1.3277052735291799e+00  -9.0217645663171830e-01   7.2340123405601154e-03   7.9922592802404768e-02
   3.4827000000000000e-03  -8.4949830256862380e-01   1.2179829650270169e-01   5.0886520605731306e-03   6.7149031233543405e-02
   3.4813700000000001e-03   4.6829499282911530e-01  -7.8259248761822686e-01   5.3429623992093120e-03   6.8787815645990028e-02
   4.1274399999999996e-03   3.3660980044013805e-01  -1.2375611317245228e-01   4.4424763463930808e-03   6.2765236211144701e-02
   6.3414999999999999e-04   8.4639824518143547e-01   2.5968264920472435e+00   2.7028909217170018e-02   1.5422256546951507e-01
   3.2318000000000001e-04  -3.1234719345153015e+00  -1.5497430876295007e-01   4.6290057664951631e-02   1.9995807904521787e-01
   1.0860500000000001e-03  -1.9666846163524363e+00  -1.2056539764945777e+00   1.5885972588628568e-02   1.1832998505626988e-01
   1.1777800000000000e-03  -1.9701356557031158e+00   1.1197049932359189e+00   1.5640402327728072e-02   1.1748786714714535e-01
   3.0777999999999999e-03   4.0086948693497076e-02   7.9423369386656528e-01   4.3246294413896548e-03   6.1844023125928231e-02
   8.1172000000000004e-04  -2.3378363156809590e+00   1.0389756973091289e+00   2.2238020883825680e-02   1.3988760265798716e-01
   1.7287600000000000e-03  -4.4202640987934749e-01   1.8254236233680901e+00   1.0222584169365674e-02   9.5139140507354156e-02
   1.6766500000000000e-03   8.2756327174540914e-02  -1.8989811951397908e+00   1.0343734190233361e-02   9.5725582085315883e-02
   1.8735200000000000e-03  -1.6111512880979633e+00   6.6504818398058696e-01   8.6809247631806103e-03   8.7680451597154832e-02
   3.9638299999999998e-03  -7.7392099851276486e-02   3.5547487526097399e-01   4.2812698159536509e-03   6.1612426613397595e-02
   1.8324500000000000e-03  -1.4933286573881008e-01  -1.7728220250466731e+00   9.0737685631022136e-03   8.9554930072479652e-02
   3.5981400000000001e-03  -7.5750155644544381e-01   2.8592621241112021e-01   5.0505505200303695e-03   6.6934060379060203e-02
   4.1640699999999998e-03  -2.0710977558619087e-01  -6.5118647450463099e-02   4.3210441593465408e-03   6.1890948403119476e-02
   3.2744300000000000e-03  -4.4749080279335518e-01   7.6437205023615484e-01   4.9767470170328787e-03   6.6294696617776205e-02
   2.8089500000000002e-03  -1.4537922876215159e-01  -1.1423242580008015e+00   5.5950405661215306e-03   7.0302652538757296e-02
   3.5757699999999998e-03  -6.0911307191550534e-01  -3.1981369450497271e-01   4.6641116011033931e-03   6.4132439796836929e-02
   1.5074900000000000e-03   1.0982910227764573e+00  -1.7303665286763716e+00   1.2651391397961065e-02   1.0571504341499982e-01
   1.8501999999999999e-04  -1.9105919006648031e+00   2.9479128277736493e+00   1.1934007640796038e-01   3.0200704742515871e-01
   3.0066899999999998e-03  -1.1552632855254696e+00   2.7959278151474065e-01   6.1522121526680698e-03   7.3835522454783670e-02
   3.0032100000000001e-03  -8.2794801673205587e-01   8.1458769552370813e-01   5.9588287485275292e-03   7.2671604566971096e-02
   2.1800999999999999e-03   1.4654411995602814e+00  -6.0635992297028041e-01   7.7677776472606366e-03   8.2940189912085072e-02
   4.2562999999999998e-04   1.9918610102993355e+00  -2.2568250833802943e+00   4.2923082112216848e-02   1.9251491081256389e-01
   3.3167499999999998e-03   1.6225393636856106e-01  -8.8377565234073918e-01   5.0190634738229416e-03   6.6716491145622489e-02
   1.2802000000000001e-04   1.5496694720629431e-01  -3.6869968760389309e+00   1.4893182033244548e-01   3.4112119975815430e-01
   3.1717000000000000e-03   9.7561329709645284e-01  -3.1649417581740674e-01   5.4438332931093184e-03   6.9449784817832705e-02
   4.1874700000000004e-03   7.6628706029548424e-02   4.7478820015478845e-02   4.2333936572979368e-03   6.1273870821484590e-02
   3.1551000000000002e-04   2.4095237178826414e+00  -1.9514562019629234e+00   4.1328277108556258e-02   1.8921722539625796e-01
   8.1877999999999996e-04  -6.4273313103366236e-01   2.4448457602395681e+00   2.0236017391535074e-02   1.3346025436916850e-01
   1.2023400000000001e-03   2.1792357485055986e+00  -4.6365604333799598e-01   1.4885308473189363e-02   1.1449347187235295e-01
   3.4735899999999999e-03  -7.3419661288572902e-01  -4.3667987307867784e-01   5.1200507175964477e-03   6.7297144311585302e-02
   2.4272199999999999e-03   3.3143440422000142e-01   1.4207538704008662e+00   7.1306457760079711e-03   7.9473704479943813e-02
   2.7409100000000000e-03  -1.2681153768657540e+00  -5.0095427773753953e-01   7.0965491019569955e-03   7.9238934172053244e-02
   2.6520699999999999e-03   1.3171863896207130e+00  -1.7217506540272029e-01   6.5084899869641312e-03   7.5925410925501424e-02
   1.3173099999999999e-03   6.4840117341328796e-01  -2.0436223386515322e+00   1.3375602619492897e-02   1.0874004554984998e-01
   3.5268399999999998e-03   7.8431869783354791e-01  -3.0672566963754033e-01   5.0939360546230668e-03   6.7198390971830460e-02
   1.4681000000000001e-04   1.6427315175107240e-01   3.6193432908013321e+00   1.3585534704063201e-01   3.2330542663971873e-01
   2.8241700000000000e-03  -1.2514138481119927e+00   9.1653341052319731e-02   6.2512425333472576e-03   7.4450121995694507e-02
   2.4874400000000001e-03   6.9287902035150339e-01   1.1826402601078505e+00   6.4503418942868842e-03   7.5583311648792798e-02
   1.0108400000000000e-03   8.9984275422519933e-01   2.2011507010167364e+00   1.7578038096627373e-02   1.2444326107948619e-01
   3.2559500000000001e-03   6.3597966228080438e-01   6.5461501219694218e-01   4.9955544501540773e-03   6.6526762887729643e-02
   1.9713000000000000e-04  -3.3233369309118079e+00   1.0402329726580120e+00   1.1167821978793763e-01   2.9472338047181706e-01
   1.9261599999999999e-03   1.7202759303378348e+00   4.6625437696160982e-01   9.5641609576067477e-03   9.1952497031580760e-02
   4.4850000000000001e-04  -2.6591976832262896e+00   1.3498643888867301e+00   4.0487657305035292e-02   1.8757373219958171e-01
   2.2591400000000002e-03  -1.4902557064748561e+00   4.5782945850156059e-01   7.6604833843843421e-03   8.2394480862257341e-02
   4.0264300000000001e-03  -4.6232243958516606e-01   4.2290818728701501e-01   4.9743361740692688e-03   6.6339468444763100e-02
   2.6996799999999999e-03  -1.0332262231590927e+00   8.3897820455207739e-01   6.6336272254521791e-03   7.6659674134656353e-02
   1.7671900000000001e-03  -1.7365562895036077e+00   4.4675511585948247e-01   9.1952771743339882e-03   8.9921118653427695e-02
   1.0007799999999999e-03  -3.0890937210516339e-01   2.3466611124304619e+00   1.6908030533469648e-02   1.2202024042860912e-01
   2.8955000000000001e-03   7.6255957064434199e-01  -1.0262481224031144e+00   6.6867710318530551e-03   7.6897316565095103e-02
   2.6699999999999998e-04  -4.0732753476490124e-01   3.2182765556286199e+00   5.7554770719004875e-02   2.2034637132550217e-01
   3.7378300000000001e-03  -6.6095064512566093e-01   1.2692681628690811e-01   4.7429327188979369e-03   6.4844040145016213e-02
   1.4320200000000000e-03  -2.5083006472798863e-01   2.0268375909475758e+00   1.1713082379960176e-02   1.0179694912872626e-01
   1.3754600000000000e-03  -1.4823012630509136e+00  -1.3623825721361424e+00   1.0684355474066992e-02   9.7103727909681456e-02
   3.5261300000000001e-03   8.1823150129790756e-01   1.2236372220827513e-02   4.9960259497295063e-03   6.6527594364795606e-02
   5.8741999999999996e-04  -2.6746643187755597e+00   4.2022723476993878e-01   2.4540798195308147e-02   1.4620489107814599e-01
   8.2896000000000001e-04   1.6575292775800874e+00  -1.9235112894435153e+00   2.1266253156020862e-02   1.3685702554538676e-01
   1.2622700000000000e-03   9.1568741542359375e-02  -2.1830978729793964e+00   1.4048949749775672e-02   1.1131646448286624e-01
   3.9145800000000000e-03   5.2207929957348764e-01  -1.3807303703456594e-01   4.5829337371524805e-03   6.3744171362276919e-02
   1.8946400000000000e-03  -8.3902995056295160e-01  -1.6047021379193436e+00   9.9349756190087821e-03   9.3727556046644955e-02
   3.5882499999999999e-03  -2.8963606123696339e-01  -6.6250296726324998e-01   4.7341198186285592e-03   6.4755770556524511e-02
   2.3747299999999998e-03  -5.2955438867048332e-01  -1.3391630901158920e+00   6.8468460635301648e-03   7.7828844803776831e-02
   8.6556000000000003e-04  -5.8854352044385572e-01  -2.4348661704315240e+00   2.0223528331216396e-02   1.3354967883395127e-01
   3.5401199999999999e-03  -4.7622564911622300e-01  -6.5152684169780672e-01   4.9819558771325503e-03   6.6457655443809840e-02
   3.6668999999999997e-04   6.2187347236850166e-01   3.0116153170720521e+00   4.4829829612361982e-02   1.9669749151109375e-01
   1.1462000000000000e-03  -1.5864914144043316e+00   1.6238849489322507e+00   1.5555080351412327e-02   1.1707601649432710e-01
   2.0641000000000001e-03   1.6282913499802281e+00  -4.2314293218159227e-01   8.5927532663148676e-03   8.7206565673438471e-02
   1.5048300000000000e-03   3.4349331236206204e-01  -1.9892506399225092e+00   1.1710302912102484e-02   1.0172839439850914e-01
   2.3485699999999999e-03  -1.3726966153313338e+00   6.6697590508920357e-01   7.6375376678099981e-03   8.2285161095305689e-02
   2.2464600000000000e-03  -9.5518938664940312e-01   1.2249131779854698e+00   7.6620146870953519e-03   8.2336568411508049e-02
   1.1020299999999999e-03   1.1547086392745742e+00   1.9960846448797351e+00   1.6142445537582092e-02   1.1925833078406319e-01
   1.9419699999999999e-03  -1.3668576541339243e+00   1.0894480676208549e+00   9.0859929601059663e-03   8.9690312914952122e-02
   4.1347900000000002e-03  -1.3001262711150868e-01  -2.2399795086027266e-01   4.3082039558686924e-03   6.1793784262662826e-02
   2.4468500000000000e-03   5.0066628221747156e-01   1.1239889718549518e+00   5.3293026508484127e-03   6.8640520219790557e-02
   1.7466000000000001e-03  -1.8181759660291454e+00  -2.0826055399583604e-01   9.5093554018911633e-03   9.1644615992420880e-02
   3.6631200000000002e-03  -1.0094492611814608e-01  -6.7831696577095801e-01   4.7085371365433561e-03   6.4605845330128961e-02
   2.7146599999999998e-03  -1.2619934213909891e+00   4.6614090440056788e-01   6.7978284942150193e-03   7.7631408992514001e-02
   2.1517300000000001e-03   1.3771095670333033e+00   8.1026597280706680e-01   7.8244244815117853e-03   8.3242309998522071e-02
   4.5329000000000002e-04  -1.8957160696935482e+00  -2.3044087291562518e+00   4.1866050355964302e-02   1.9006373645130625e-01
   1.0545500000000000e-03  -2.2678523435295839e-01  -2.3300971654786466e+00   1.6905379294632667e-02   1.2211694080375028e-01
   4.0016399999999999e-03  -3.0840596797069464e-01  -2.0448228108859126e-01   4.3269451632246686e-03   6.1940897747808109e-02
   1.3726000000000000e-04   1.8122169951002598e+00   3.1189630796056984e+00   1.2820561966880650e-01   3.1218105185987610e-01
   2.9594700000000001e-03   8.2325305688051997e-01   6.5908709657656217e-01   5.2729216587798231e-03   6.8229162273824140e-02
   3.5667699999999999e-03   2.0536902638687807e-01   8.5406653197868276e-01   5.4204511736442862e-03   6.9170357876020050e-02
   1.9852699999999999e-03  -1.7129598391316125e+00   2.8257924285970210e-02   8.7483960101044558e-03   8.8009691570461832e-02
   3.5134400000000001e-03   2.7791376973843079e-01   6.5295812289387567e-01   4.6692870116679282e-03   6.4205749018243621e-02
   1.0484600000000000e-03  -8.5315693295678718e-01   2.1655484319294604e+00   1.6231631884956306e-02   1.1965416886645916e-01
   3.2642499999999998e-03  -7.5597582029688548e-01   6.2267047845050483e-01   5.3729671053438597e-03   6.8974466982415883e-02
   7.9646000000000003e-04  -1.6343248174227223e+00   1.9997677984490476e+00   2.2760478437740376e-02   1.4176409427673153e-01
   1.0224600000000000e-03   1.2984625161558059e+00  -1.9886997678121419e+00   1.7437104859578629e-02   1.2408966317242233e-01
   3.8403700000000001e-03   2.0227202585879173e-01  -5.7038263674071665e-01   4.6576670267667814e-03   6.4261901312938602e-02
   1.9541799999999998e-03   1.2406807359700913e+00  -1.2077307919875588e+00   9.0766221548444562e-03   8.9496861464976693e-02
   2.4646300000000002e-03  -4.7105976825039703e-01  -1.1432175108075495e+00   5.4196062417551588e-03   6.9222087604101756e-02
   3.7219200000000001e-03   3.7075343365340641e-01   4.8537012293670045e-01   4.5237864975607861e-03   6.3329178160842464e-02
   3.9642000000000002e-03   2.7602402679511107e-01   3.3192429547249341e-01   4.3916955420273268e-03   6.2415125130716100e-02
   4.0548099999999998e-03   1.2591304940796624e-01  -4.0705246702060771e-01   4.4956697703694305e-03   6.3140952883022350e-02
   3.2775299999999999e-03   3.8448024576876494e-01   9.7562305589568310e-01   5.8396181818354473e-03   7.1815774856473349e-02
   1.0307700000000001e-03  -2.1443727501910246e+00  -9.2328728438787189e-01   1.5980033627178432e-02   1.1882985613334356e-01
   3.2442999999999999e-03  -3.0600822807936556e-01   5.1151649585587322e-01   4.0473735548802181e-03   5.9675558953155183e-02
   1.3821899999999999e-03  -1.8655529766873711e+00   6.5246800249268999e-01   1.0008561296991923e-02   9.3964576229354099e-02
   1.5827700000000001e-03   1.2361786166985811e+00   1.5017404301271746e+00   1.0769883539562826e-02   9.7505470337958325e-02
   2.2469800000000000e-03   6.6829713427730375e-01  -1.3865546323493143e+00   7.5673172642725071e-03   8.1719788352381209e-02
   1.1106200000000001e-03   1.7083828962994108e+00  -1.5520563963204825e+00   1.6274924759176447e-02   1.1985235296397367e-01
   3.6114200000000002e-03   9.1570489451702472e-02  -7.0722545243004531e-01   4.7315278440269361e-03   6.4765810493032649e-02
   3.1739799999999999e-03  -6.0353225528957721e-01  -7.9871405306123688e-01   5.3139611531885598e-03   6.8640874248689268e-02
   2.8957599999999998e-03   8.5960518445370526e-01  -8.5994399925489196e-01   6.2382364779056242e-03   7.4255881805863025e-02
   8.6631999999999996e-04   8.0255512605819493e-02  -2.5157628855182645e+00   2.1271569613273734e-02   1.3680787247252552e-01
   3.0331799999999999e-03  -1.1324243417205055e+00  -7.5973417788406286e-02   5.8253392605136624e-03   7.1861911164753628e-02
   2.7248099999999998e-03  -1.1514091463041833e+00   6.5635830237762038e-01   6.6379095032524458e-03   7.6682961811421216e-02
   2.5328199999999999e-03   1.0659151265573104e+00  -8.6266995574715288e-01   6.6323774453449997e-03   7.6553787329722969e-02
   2.3825000000000001e-03   1.4854632597066204e+00   4.0203379745913659e-01   7.9117770922885657e-03   8.3729793403470698e-02
   1.5593000000000001e-04   3.5214777991078141e+00   7.4802114276699272e-01   1.3451370219817349e-01   3.2121474478436929e-01
   1.9427200000000000e-03  -3.8585841509829255e-01  -1.6607976852751596e+00   8.6068500673405889e-03   8.7046021001162238e-02
   1.1285900000000001e-03   2.0654242390840150e+00   8.7552593360343411e-01   1.4436293855224663e-02   1.1269152552634687e-01
   9.2812000000000005e-04  -1.1356595738677588e+00  -2.1457545899404709e+00   1.8203022890187031e-02   1.2662951412678386e-01
   2.8722800000000001e-03   9.5644597612817217e-01   8.4881388451987383e-01   6.6618147100375048e-03   7.6749999997366536e-02
   1.9654099999999999e-03  -6.0920397720184627e-01   1.6146722732718515e+00   8.8893341456027317e-03   8.8683554584376503e-02
   3.0067399999999999e-03   7.4071712107570675e-01   8.2411940932119987e-01   5.6437992461305254e-03   7.0691481677462989e-02
   3.9499799999999996e-03   3.1127530504851109e-01  -4.2841919790737121e-01   4.5855993669240390e-03   6.3777454243156589e-02
   2.2185299999999998e-03  -1.4959351763150847e-01  -1.5494341533700891e+00   7.5685926273979286e-03   8.1771697861274847e-02
   3.3994500000000000e-03  -4.0407859461138418e-01  -8.2579950526093204e-01   5.2699251569617144e-03   6.8333604724241104e-02
   6.3770000000000005e-04  -3.1023643521337413e-01  -2.7071182807610938e+00   2.6807368986002649e-02   1.5351182505490740e-01
   3.2239999999999998e-04   5.8318815997439022e-01  -3.0726538910248213e+00   4.8555685387093192e-02   2.0346955758300214e-01
   1.2943000000000001e-04   1.0435743483794295e+00   3.4726288064347495e+00   1.2278685246959742e-01   3.0675796152545304e-01
   1.9700999999999998e-03   1.4898734919512779e+00  -8.5293203799136552e-01   8.8372380233690748e-03   8.8327199281482416e-02
   1.1436700000000001e-03   2.2168689114705833e+00   3.6572957076244433e-01   1.5060095185641600e-02   1.1482288290149940e-01
   2.2345500000000001e-03  -1.0354853942457559e-01   1.5622011139495806e+00   7.7783650684054165e-03   8.2919590419850753e-02
   3.8574600000000001e-03  -1.7237128354656325e-01  -5.1798481640610849e-01   4.5326786940794242e-03   6.3368095057856330e-02
   4.1153000000000001e-04   1.7464166353498440e+00   2.4965864058138103e+00   4.5397990080292917e-02   1.9829286869166282e-01
   6.1125000000000003e-04  -3.2320760872970095e-01   2.7306968173298531e+00   2.7585839055702631e-02   1.5585009237007788e-01
   1.7906400000000000e-03   1.5896776637052294e+00   9.2089354383676814e-01   9.8495164422071936e-03   9.3360307640675197e-02
   3.6029199999999999e-03  -7.4343900916715056e-02   6.6088634161387083e-01   4.5577228002233695e-03   6.3540435490627004e-02
   1.9266299999999999e-03  -1.2039054553879514e+00   1.2689682815856369e+00   9.0698958830439033e-03   8.9549466661630772e-02
   1.4505799999999999e-03   2.0507267542284011e+00  -1.9955397810024100e-01   1.2415410276845090e-02   1.0476118834412676e-01
   1.0656299999999999e-03  -1.2407486296131041e+00  -1.8499436385480446e+00   1.3151073782089292e-02   1.0762342586393336e-01
   5.7832999999999995e-04   2.8243247723639620e+00  -1.1397099450170900e-01   3.2669369466725641e-02   1.6899827988402313e-01
   2.0899400000000002e-03   3.2173382105512888e-01   1.6527189819942227e+00   8.7669580000024564e-03   8.8072032142891790e-02
   1.4609499999999999e-03   8.2710967411847747e-01   1.8963259240788097e+00   1.2663855757183855e-02   1.0572666108946353e-01
   3.0050599999999999e-03   2.7242916105101142e-02  -1.0199636439838842e+00   5.1331123231148140e-03   6.7400981575236815e-02
   7.0239000000000000e-04  -9.8750040636027681e-01  -2.4532118378295356e+00   2.4321270615278130e-02   1.4602967527226682e-01
   3.2195100000000001e-03   7.5291229542600857e-01  -6.5540893449122739e-01   5.4160253679429171e-03   6.9191718795152415e-02
   1.4741200000000000e-03  -3.9039759699358689e-01  -1.8825149498478706e+00   9.6758103544609640e-03   9.2380989933751628e-02
   2.3073099999999999e-03   2.6045936828025701e-01  -1.4911867195192812e+00   7.3712112662798167e-03   8.0792716566062059e-02
   3.1434499999999999e-03  -9.1182378927235463e-01  -4.0848467651458986e-01   5.2753550458915777e-03   6.8366901073925540e-02
   1.6844900000000001e-03   5.4180672884079617e-01  -1.7918336217150244e+00   9.8874081180513589e-03   9.3488445561160441e-02
   3.2622699999999998e-03  -6.5539821199232795e-01  -1.6485931360796266e-01   4.1949621835992513e-03   6.0890310704383221e-02
   7.6044999999999997e-04   2.5329620319059480e+00  -4.4293248356780673e-01   2.1803409309805177e-02   1.3826916581079349e-01
   1.4132800000000000e-03  -1.8154168702567528e+00  -9.3856958763794573e-01   1.1670765061630039e-02   1.0150137054689357e-01
   2.6548600000000002e-03  -8.9406770509492295e-01   1.0135444927621446e+00   6.7388638101972516e-03   7.7212950038591147e-02
   3.2535799999999998e-03  -6.3538391700587726e-01   7.8753711209798827e-01   5.4874433826410827e-03   6.9736978136309066e-02
   1.7303600000000000e-03   5.5496413820970036e-01   1.7858140117519079e+00   1.0167126761317478e-02   9.4819270439194386e-02
   1.5765099999999999e-03   1.7333683024454605e+00  -9.4165935468355122e-01   1.1166641726787481e-02   9.9396931859248625e-02
   3.1119799999999999e-03  -1.5461530325634648e-01   1.0169200760573454e+00   5.3572228135768509e-03   6.8887897769459167e-02
   1.1213099999999999e-03  -2.2004971654893675e+00  -5.7488772217673612e-01   1.5349711320056825e-02   1.1637852306435674e-01
   3.5106999999999998e-04   1.2397438953951698e+00   2.8474838629083314e+00   4.5632434349437423e-02   1.9982177146275396e-01
   3.0099400000000000e-03   2.1110270405708678e-01  -1.0746329234625469e+00   5.5538880655487434e-03   7.0133804757284951e-02
   7.1500000000000003e-04   2.4392122391118849e+00   9.6164576690474945e-01   2.3064185470168187e-02   1.4241853925659842e-01
   2.4290800000000001e-03  -1.4121125333535194e+00  -3.1537104095732621e-01   7.0489597282085911e-03   7.8943286728395359e-02
   3.5664300000000002e-03   6.7283085517087837e-01  -4.7221514267182213e-01   5.0653347994171708e-03   6.7009049525511219e-02
   9.2517000000000001e-04   2.0363714328018543e+00  -1.3771003422704187e+00   1.9631453085050526e-02   1.3150975476459709e-01
   1.8973099999999999e-03   2.9136030355075920e-01  -1.7281053263929920e+00   8.9540520584069205e-03   8.9024592517213966e-02
   2.8498799999999999e-03   1.2309003436832968e+00   1.3335118738946107e-02   6.1876642831577297e-03   7.3962519315899450e-02
   2.3872099999999999e-03  -3.8844352605192722e-01   1.2560736786912934e+00   5.8150076957193750e-03   7.1670299882422975e-02
   1.9564900000000000e-03   8.1214420429668754e-02   1.7255231746183979e+00   8.8932537771175702e-03   8.8702094017687194e-02
   3.0546499999999999e-03   1.1048078672903521e+00  -1.5559214191497481e-01   5.7605626469255213e-03   7.1447239165256762e-02
   8.7839000000000005e-04   5.8448554100930583e-01   2.3237514902906553e+00   1.6207985862651389e-02   1.1939259324189183e-01
   3.2973899999999999e-03  -2.3499514354614864e-02  -8.4017390549193249e-01   4.7424702190466952e-03   6.4811671867126955e-02
   6.7759999999999999e-04   2.0112897070516578e+00  -1.7582259285142130e+00   2.5015559490494527e-02   1.4815101736159600e-01
   1.6894999999999999e-04   3.0726835623870605e+00  -1.7721658880540521e+00   1.1029051084578223e-01   2.9556851815152124e-01
   3.6380000000000001e-04   1.3642729191887581e+00  -2.7381913357843497e+00   4.3086912213450304e-02   1.9243799100718445e-01
   2.7113699999999998e-03  -1.2160118671409936e+00  -2.5988690790601632e-01   6.0480206508712175e-03   7.3041461952167361e-02
   1.5338900000000000e-03  -1.6427423755831123e+00   1.1194655707371777e+00   1.1359489499853711e-02   1.0009369457437230e-01
   3.2299799999999999e-03   1.9580972466972274e-01   1.0551622471434741e+00   5.8201528974233495e-03   7.1772304775231333e-02
   1.9262800000000000e-03   1.3674531980828422e+00   1.0582597819675936e+00   8.8381644142080055e-03   8.8321795872821227e-02
   2.7580800000000000e-03  -1.4433833313762728e-01  -9.7088378097283534e-01   4.5626242117369131e-03   6.3520088275503067e-02
   3.5307799999999999e-03   1.1708575521255639e-01   6.5242105972345288e-01   4.5690428717556162e-03   6.3466247661584360e-02
   2.8127000000000000e-03   6.1094546280137363e-01   9.8061403325667051e-01   5.6282352571120258e-03   7.0470271541228965e-02
   1.1466099999999999e-03  -2.1113559446222681e+00   1.9399172655868968e-01   1.1126781309881550e-02   9.9008744077801247e-02
   5.4270000000000002e-04  -1.4459437180551440e+00  -2.4332659066879883e+00   3.1777516159898343e-02   1.6595504727125099e-01
   3.0566999999999999e-03  -4.1946483873377977e-01   6.0372145241874953e-01   4.1737522825038877e-03   6.0628451319379752e-02
   0.0000000000000000e+00   0.0000000000000000e+00   0.0000000000000000e+00   8.3370888476873607e-03   8.1011001515624431e-02
