   9.4620000000000001e-04  -2.3703562359061578e+00   2.9676132356677482e-01   1.7244896777887046e-02   1.2294220022099402e-01
   1.7086099999999999e-03  -8.2402518471319308e-01   1.6271520465189697e+00   9.1883818723001772e-03   9.0169611739777569e-02
   2.1013400000000002e-03  -1.6021674198888407e+00   2.4935626607549188e-01   7.9015739015577645e-03   8.3655820076500992e-02
   1.2109499999999999e-03  -7.8947675456284527e-01  -2.1196198581168022e+00   1.5988280771713437e-02   1.1876495141863566e-01
   2.8333299999999998e-03   9.3392882546934863e-01  -6.6798428709791724e-01   5.6054381587577456e-03   7.0381797455768669e-02
   1.6398000000000001e-04   2.5336108077196213e+00   2.5369210240901001e+00   1.3230430266778753e-01   3.2023714571423617e-01
   7.0976000000000003e-04   3.8746223220951526e-01   2.5930581634113161e+00   2.3236234224891274e-02   1.4255013338520750e-01
   2.0714000000000000e-04   3.4709063353610317e+00  -9.9235568326921431e-02   1.1046417974459939e-01   2.9213883897723120e-01
   2.0579299999999999e-03   4.7788536145423133e-01  -1.5509948106306317e+00   7.8218881205661412e-03   8.3219876935904658e-02
   1.0840600000000000e-03  -2.3002498952356438e+00  -5.3129469292440230e-02   1.5790362655966318e-02   1.1793732412654943e-01
   2.7050600000000000e-03   3.3293324375669958e-01   1.1940066824568334e+00   5.9964628774260920e-03   7.2784911218698997e-02
   1.8385900000000000e-03   1.7799144063126959e+00  -2.1398674461743994e-01   9.2918207995492143e-03   9.0676317826104469e-02
   4.2630000000000001e-04   2.9989110296546273e+00   3.6058112117752067e-01   4.4027621213571233e-02   1.9544682294107887e-01
   2.7787200000000001e-03   1.0506223446397924e+00  -4.8983786467098195e-01   5.5152131905856936e-03   6.9858877700412825e-02
   4.8828999999999995e-04   8.9986639343925279e-01  -2.7336687522074778e+00   3.2221841245349332e-02   1.6719983623136067e-01
   3.2078400000000000e-03   1.0217804188145021e+00   1.3534008807559996e-02   5.4999859258627213e-03   6.9797654381965737e-02
   2.2618899999999999e-03   1.2497077873417897e+00  -9.8570972545399504e-01   8.2534500101994410e-03   8.5330447656150749e-02
   1.3165900000000001e-03   1.8497141620882551e+00   1.0564897523374568e+00   1.3147190377384063e-02   1.0769590519183599e-01
   9.2458999999999998e-04  -1.4511106620320366e+00   1.8100431054119637e+00   1.4508136015986056e-02   1.1247534480463819e-01
   1.5808500000000000e-03  -1.8884488386523788e+00  -4.6397777878107332e-01   1.0737682979786290e-02   9.7278714110845363e-02
   4.1229200000000004e-03   1.7482931431571879e-03   1.9920843605989433e-01   4.2441757223809183e-03   6.1333470121017399e-02
   1.7445799999999999e-03  -1.2389327451412240e+00  -1.3850633707976454e+00   1.0246358929409611e-02   9.4818969670016351e-02
   2.0728200000000000e-03   6.8303649492852517e-02  -1.6434422710486687e+00   8.1330572609473115e-03   8.4841702050325984e-02
   2.2463499999999998e-03  -7.6320543174545463e-01   1.3976358335422077e+00   8.1841067297516810e-03   8.5049694875791518e-02
   1.7401000000000000e-04  -1.9644398002547969e+00  -2.9982899045026170e+00   1.3820772383632318e-01   3.2737756359715237e-01
   1.5216800000000001e-03  -1.3040864289323495e+00   1.5289896320351226e+00   1.1814568306608252e-02   1.0201846163276714e-01
   1.4376800000000000e-03   1.9823111079729208e+00   5.5915787955474783e-01   1.2254956787423495e-02   1.0406348713693465e-01
   2.6994699999999998e-03   1.5491391104528782e-01   1.2738385838026831e+00   6.2896710808865918e-03   7.4602721780319112e-02
   1.1381000000000000e-04  -3.7008938356746079e+00   1.8263089387863035e-01   1.4718114679706668e-01   3.3706911687468455e-01
   7.3492000000000002e-04  -2.1285847037489698e+00  -1.5426830330545780e+00   2.3783039136083480e-02   1.4478350975572765e-01
   1.5952600000000000e-03  -1.1177193955530507e+00  -1.6094674832039597e+00   1.1285791880953492e-02   9.9689891549921444e-02
   3.0380500000000000e-03  -9.4823642998902868e-01   6.3911189190814610e-01   5.9091819137641046e-03   7.2379729524745501e-02
   1.7718899999999999e-03  -6.4977909385043686e-01  -1.8256293805726083e+00   1.1956634486600351e-02   1.0269395047390917e-01
   3.7062400000000000e-03  -2.5612194988167736e-01   3.5990962916503483e-01   4.2411572585329361e-03   6.1119954202053559e-02
   2.0601399999999998e-03  -1.4218237903032089e+00  -7.0862107876089764e-01   7.5184611444335230e-03   8.1425714341998870e-02
   1.2125700000000001e-03   1.3730380996672062e+00   1.7583407265053286e+00   1.4925541129716597e-02   1.1475248594538524e-01
   2.5106400000000002e-03   1.1756821411728857e+00   7.4064530980947574e-01   6.7434736301819551e-03   7.7183475413126548e-02
   6.8196999999999995e-04   2.6098174560790866e+00   5.5841269712714225e-01   2.5387581742088362e-02   1.4897207387169853e-01
   2.7247199999999999e-03   9.9927216001004071e-01  -1.0578860842939022e+00   8.0442627984020579e-03   8.4292678074669863e-02
   4.1698400000000002e-03  -1.0278907384891599e-01   6.4046103990751668e-02   4.2594575634218174e-03   6.1414280191132833e-02
   7.4054999999999998e-04   2.3437132365398843e+00  -1.1372750858746230e+00   2.2872545449160144e-02   1.4168519606067556e-01
   2.4842000000000002e-03   1.3334153191456009e+00   5.7755998538982278e-01   7.2331676430809171e-03   8.0058955607103008e-02
   3.8106400000000001e-03   5.9799403062553635e-01  -2.9824406704287404e-01   4.7936998137487917e-03   6.5204291608599182e-02
   1.6983499999999999e-03   1.9127460412347448e+00   2.8261094364167383e-01   1.1335870592207186e-02   9.9986600376351015e-02
   3.2284700000000002e-03   6.6136175279208687e-01  -8.2123196607064719e-01   5.7199021343060201e-03   7.1158359209468280e-02
   2.5560100000000001e-03   4.5161045145488266e-01  -1.3314292204587674e+00   6.9376541376219075e-03   7.8381109815588421e-02
   3.5630800000000002e-03   5.4875248553885470e-01   4.8201840091717119e-01   4.7042878034830610e-03   6.4589984975440690e-02
   1.1268800000000000e-03  -1.7506713736555399e+00  -1.4750956289081487e+00   1.5979309493282624e-02   1.1871030885868665e-01
   4.1157999999999999e-04  -2.8701321554851824e+00  -1.0899290853422099e+00   4.9384052758961676e-02   2.0659123755865569e-01
   2.3906999999999999e-03   1.4006380513966210e+00  -3.8290704627980715e-01   6.9661815015794630e-03   7.8546146185221100e-02
   4.1290500000000004e-03  -2.8987924618056449e-01   9.7342103380509484e-02   4.3943105681967859e-03   6.2383755054516890e-02
   1.5976000000000000e-04   3.2201668785717481e+00   1.6564617011311924e+00   1.4020152363170726e-01   3.3156545010613048e-01
   1.5494800000000000e-03   1.4539756691323651e+00  -1.3787814661905375e+00   1.1716247075767974e-02   1.0180856572056023e-01
   1.6617900000000000e-03  -1.8595298267452218e+00   2.4246283117406595e-01   9.8974830270237412e-03   9.3466832721059823e-02
   2.4350999999999999e-03  -8.7563456159430397e-01  -1.1787689751441341e+00   7.2647877293121037e-03   8.0176547776126095e-02
   2.2667199999999998e-03  -1.1071691294944959e+00  -1.1661044113618875e+00   8.4310988302864712e-03   8.6369860945040247e-02
   7.7965000000000000e-04  -2.1881486985208363e+00   1.4048006420043473e+00   2.3738433220282271e-02   1.4440689213553587e-01
   2.7775500000000002e-03  -5.4692293061556529e-01   1.1336971322925002e+00   6.2935827105820383e-03   7.4548266114404640e-02
   3.7516699999999999e-03  -4.8126276025506909e-01  -1.8332305564076506e-01   4.3382056314160257e-03   6.2023992131027723e-02
   1.6892000000000000e-04  -2.6305416612160037e+00  -2.4193852141437073e+00   1.2827150780553762e-01   3.1683665656105398e-01
   1.2559000000000000e-04   2.5765762552761955e+00  -2.6060554929819988e+00   1.4539813504783355e-01   3.3053364659896550e-01
   3.7524799999999999e-03   1.9276849553866438e-01   4.8701589004320811e-01   4.3415924413790167e-03   6.2048778098292623e-02
   1.0871100000000001e-03  -3.2426474658040771e-02   2.2010880647839497e+00   1.2657842548154686e-02   1.0562756134224696e-01
   1.2994999999999999e-04  -9.3486866785407174e-01   3.5580851145046326e+00   1.5290633378869231e-01   3.4372420858971098e-01
   1.6413599999999999e-03   1.8863662548900155e+00  -4.5295218287639566e-01   1.0969014466943315e-02   9.8478772912002396e-02
   4.4371999999999999e-04  -7.5061311173111467e-01   2.8458996855607617e+00   3.5597090628488599e-02   1.7585624165864200e-01
   4.7999000000000002e-04  -7.3091104483011415e-01  -2.8421335349855643e+00   3.7649162178253523e-02   1.8096858878810917e-01
   3.3053999999999999e-04  -1.2677356342711252e+00  -2.9016443578162590e+00   5.4064194073254308e-02   2.1513819795713737e-01
   3.2829700000000001e-03  -3.0917405822714888e-01   8.6998205916307914e-01   5.1128572511753845e-03   6.7273697669563176e-02
   3.1175700000000001e-03   5.4581918746325142e-01  -9.7438733727786642e-01   5.9080869481937309e-03   7.2367554127775263e-02
   2.7289000000000002e-04  -3.2801040550805061e-01  -3.2154038559189617e+00   5.4682611576976507e-02   2.1660678185497248e-01
   3.8644999999999999e-04  -2.5986654418122765e+00  -1.6270769679305725e+00   4.6512838607189473e-02   2.0004819344003466e-01
   3.7266600000000001e-03  -8.1046262848689377e-01  -2.4503968860340689e-01   5.4715841974782541e-03   6.9540104334660235e-02
   2.6207499999999998e-03  -5.3476879301429348e-01   1.3729694790193632e+00   8.0605154193047219e-03   8.4271292780701709e-02
   1.1247900000000001e-03  -1.8246485817791280e+00   1.3744219542087524e+00   1.5810095004524759e-02   1.1795494764436525e-01
   4.1753999999999999e-04  -2.2106400633479848e+00  -1.9689072601922946e+00   3.5465167845047087e-02   1.7515104427766859e-01
   3.3401099999999999e-03  -1.3384075533122672e-01   8.2971216848740215e-01   4.8378119722961828e-03   6.5435775524080989e-02
   2.5174600000000000e-03   1.0022119642965164e+00   6.6190510897461552e-01   5.2980110975710858e-03   6.8441526997478172e-02
   3.9948300000000004e-03  -1.7822666470052698e-01   2.1552945209185592e-01   4.2453083385493463e-03   6.1271483763646002e-02
   4.1875500000000000e-03   1.5591701613788569e-01  -1.0868497733609471e-01   4.3030574190009337e-03   6.1776186185666319e-02
   8.4199000000000003e-04   3.8525040164038966e-02   2.4951446622437330e+00   1.9814305150540255e-02   1.3187877551491700e-01
   1.4480999999999999e-04   1.2264405379676699e+00  -3.4210655105799521e+00   1.3935466650810222e-01   3.2780932962195058e-01
   1.8232200000000000e-03  -1.5544748850570709e+00  -9.1428172535457775e-01   9.6109456743869726e-03   9.2048566443451468e-02
   3.4915200000000001e-03   5.6978817718721053e-01  -6.3101667241139692e-01   5.0763725494864581e-03   6.7059634500249016e-02
   2.4254099999999998e-03   1.2595040537088600e+00  -5.3442433217149499e-01   6.3085638319876278e-03   7.4680671959938813e-02
   2.0263000000000000e-04   1.8578265523605777e+00  -2.8825644541238278e+00   9.5059667572713821e-02   2.7185121366814058e-01
   2.6208899999999999e-03  -3.1428171897181412e-01  -1.2363059772063572e+00   6.0788137399918523e-03   7.3249519685962342e-02
   2.5917800000000001e-03  -7.3661770461095122e-01   1.1860593457540389e+00   7.0824045777939659e-03   7.8975146451979936e-02
   4.0007999999999998e-04  -2.0391352334333130e+00   2.2531882177431499e+00   4.4137307755140985e-02   1.9558113864987769e-01
   3.1307999999999998e-04   2.5411555647280233e+00   1.8963226749660067e+00   5.1305128255383921e-02   2.0964542014831886e-01
   2.3291800000000001e-03  -1.1239080209715018e+00   1.0502963456582981e+00   7.6844584862829001e-03   8.2521657446691946e-02
   3.7495100000000002e-03   1.9831397019270888e-02   5.0125904389827625e-01   4.3002717317837530e-03   6.1756035595887632e-02
   3.0646599999999999e-03  -5.0515493585686111e-01   9.3638818835170645e-01   5.4825885289112716e-03   6.9704728949035316e-02
   2.2213900000000002e-03   9.0186619515603361e-01   1.2349597225488254e+00   7.2950881143482270e-03   8.0331432211087614e-02
   3.3116100000000000e-03   9.3197582088890008e-01   1.7142737968093077e-01   5.2704189074117913e-03   6.8292673402990473e-02
   2.6159099999999999e-03  -4.6072213390559648e-02   1.3482002330661673e+00   6.5729934853264614e-03   7.6322218009867715e-02
   3.8128300000000001e-03   6.2795039624104076e-01   1.3119074400245050e-02   4.6889405169537159e-03   6.4466872365226233e-02
   2.3218399999999999e-03  -3.4156932494379211e-01  -1.4414982899295872e+00   7.1538136431924301e-03   7.9428518526186653e-02
   8.3995000000000001e-04   2.5302827320307046e+00   1.7940249724121643e-01   2.1755225000904401e-02   1.3834334551488647e-01
   2.1794300000000000e-03  -3.5829004034838924e-01   1.5805669675504019e+00   8.3774707163607916e-03   8.5928698205839579e-02
   4.6978999999999999e-04   1.0981104196110922e-01   2.9321501580090072e+00   3.6454797123786707e-02   1.7819331760377030e-01
   4.8492000000000001e-04  -1.5725943902366055e+00   2.4743027382956648e+00   3.7788504460062967e-02   1.8127017078657229e-01
   3.2355200000000000e-03   8.5950350897882100e-01  -4.8379658644715745e-01   5.3192296624586964e-03   6.8660221168710983e-02
   1.6338900000000000e-03   1.7907250755533806e+00   7.4739736498525455e-01   1.1025401465406547e-02   9.8665162845312265e-02
   2.5899400000000002e-03   8.1464429776513692e-01   1.0129250429838144e+00   6.1182029772299485e-03   7.3575373362755533e-02
   4.1320599999999999e-03   2.5894716655362005e-01   3.2539458811144596e-02   4.3251146040354915e-03   6.1955926983075789e-02
   2.3173899999999999e-03   1.6357579626054741e+00   2.1906600794842918e-01   9.3204254076899133e-03   9.0696375220558664e-02
   4.0767099999999999e-03  -5.7394298609590909e-02  -3.8358450834713553e-01   4.4428503485445811e-03   6.2769550449415165e-02
   2.9475899999999999e-03  -5.3233159903851379e-01  -9.7271773053075161e-01   5.5821252396296810e-03   7.0236752592369195e-02
   2.3566500000000001e-03   1.2743717845421182e-01   1.4915179287224325e+00   7.3322758910734668e-03   8.0581664974130149e-02
   3.0917000000000000e-04  -3.1058773981735781e+00   4.8201112663498052e-01   4.5846146368576791e-02   1.9919140064655066e-01
   2.5711100000000001e-03  -1.3679575832400055e+00   2.6644676192601002e-01   6.8699501555751418e-03   7.8051056255943316e-02
   2.7371900000000000e-03   1.2590097381244314e+00   3.6003777508017326e-01   6.5574348844241390e-03   7.6208979767759324e-02
   5.0294999999999995e-04   2.5603493373909827e+00   1.3797753874320882e+00   3.6941761250263931e-02   1.7874206677136018e-01
   7.9838999999999995e-04  -1.8149074339109230e+00  -1.8230663829239877e+00   2.2567633292101708e-02   1.4095626902878972e-01
   1.4707399999999999e-03  -6.8133379600223731e-01   1.8577470768082625e+00   1.0769316013304112e-02   9.7341782760998308e-02
   4.0135500000000003e-03  -2.3823458450645027e-01  -3.6309059687452166e-01   4.4593087784458082e-03   6.2872212234867289e-02
   2.2902199999999999e-03   1.1197904592509302e+00  -6.6851873815179774e-01   5.4788605180886608e-03   6.9605667901030815e-02
   1.2815000000000001e-03   2.7074492132255068e-01   2.2017598212738836e+00   1.5440341373333326e-02   1.1662306151678048e-01
   3.2830899999999998e-03  -3.2530466482663783e-01  -1.0109073411449012e+00   5.8518657619364631e-03   7.1999341070193040e-02
   2.9314800000000002e-03   4.0473503021376916e-01  -1.1250138236833485e+00   6.0618088980063847e-03   7.3315257006800583e-02
   3.7667800000000000e-03  -3.5843092061470838e-01  -5.0420202000040004e-01   4.6164757719420069e-03   6.3970396547120542e-02
   3.7958000000000002e-03  -2.5758704189305853e-01   6.8378244225479756e-01   4.9992857938398480e-03   6.6594927525225389e-02
   3.8538999999999999e-04   3.0133524784282653e+00  -5.8552702323469052e-01   4.4521992690269657e-02   1.9724024457970829e-01
   3.7793800000000002e-03   4.9263750646815913e-01  -4.5222158228515413e-01   4.7850899832038987e-03   6.5143111771925999e-02
   3.0289800000000001e-03   9.2075260521313296e-01   4.8938534258888439e-01   5.2898089978740022e-03   6.8463669444542463e-02
   3.1347100000000002e-03   5.4195526150519513e-01   8.1661497656028015e-01   5.2135224196921707e-03   6.7839873683687782e-02
   5.2096000000000000e-04  -2.8434548030104274e+00  -5.2786940124105042e-01   3.6605268840767126e-02   1.7832404108279895e-01
   2.3853600000000000e-03   8.2650400918159606e-01  -1.2261422869574707e+00   7.4078612277238085e-03   8.0772647322683480e-02
   1.4240300000000000e-03  -2.0609403569801943e+00   4.6765877729166977e-01   1.3733778663693869e-02   1.0993937150939685e-01
   2.5000399999999998e-03  -1.2018124379902733e+00  -7.2138124114072488e-01   6.7822511250086696e-03   7.7493901409687177e-02
   2.3181100000000000e-03  -1.1325844961363556e+00  -9.4482061817540075e-01   7.1510980692478165e-03   7.9352325544910174e-02
   1.5250999999999999e-04  -3.0627749281203638e+00   1.8224293567888266e+00   1.2016869543512050e-01   3.0267678868284226e-01
   3.8415400000000001e-03   4.5582339667126431e-01   3.2427732732101244e-01   4.5356283231334123e-03   6.3414227196228898e-02
   1.5230800000000000e-03  -1.4827810012181635e+00   1.3277586783172619e+00   1.1335453861586358e-02   9.9987814943889322e-02
   1.7115699999999999e-03   7.0045595132530702e-01  -1.5991163815639966e+00   8.0922031692180658e-03   8.4550220971205292e-02
   2.9411200000000002e-03   1.0396453472132637e-02   1.1438915811080483e+00   5.7338540323800310e-03   7.1246323843342715e-02
   4.3723999999999998e-04  -2.3811745147446302e+00   1.8140037485636817e+00   4.1313977790335819e-02   1.8914600617082411e-01
   2.7426299999999998e-03   1.1854659594565617e+00  -3.4007583845419032e-01   5.9423698844010830e-03   7.2566140176930707e-02
   6.9227000000000004e-04   2.1436882730587490e+00   1.6238083162665242e+00   2.6531523494608175e-02   1.5277043118431544e-01
   1.2335000000000000e-03  -4.8021897399473557e-01  -2.1278737004182764e+00   1.3832358035379416e-02   1.1038168803834207e-01
   2.9621999999999999e-03  -3.4499257388847643e-01   1.0514448514104686e+00   5.5416800491650984e-03   7.0058722555502370e-02
   3.1270600000000001e-03  -1.0010388249228650e+00  -2.3338370850154108e-01   5.3690535134400096e-03   6.8964734142116624e-02
   2.5004799999999998e-03  -1.3534680501786320e-01  -1.3403528769674538e+00   6.2718571715633907e-03   7.4533120321768273e-02
   1.3835000000000000e-04   3.4806353549632125e+00  -9.8038950164188399e-01   1.3874567027702178e-01   3.2305079802526704e-01
   2.3599300000000001e-03   1.4467034595344290e+00   3.8657368747242091e-03   6.9634927573595943e-03   7.8313629381272468e-02
   3.1382799999999998e-03   3.1663905695186075e-02   9.5984236238234000e-01   5.0975475486499285e-03   6.7138917161272835e-02
   1.8283700000000000e-03  -1.0090156906705376e+00   1.4256059503614860e+00   8.7333867286059803e-03   8.7669098834657969e-02
   1.9212500000000000e-03   1.6522833125711631e+00  -3.2178123679953230e-03   7.7292229750405119e-03   8.2541685417057073e-02
   3.2320399999999998e-03  -1.0435453790428788e+00   1.0611290227958700e-01   5.6713719183196371e-03   7.0923201110909245e-02
   1.8141800000000001e-03   1.4785524495519513e+00  -1.1035565016183495e+00   1.0188240131057019e-02   9.4935522055604737e-02
   7.3735999999999995e-04   1.1335231221217164e+00  -2.3394501780607566e+00   2.2263621348574087e-02   1.3991630515704667e-01
   2.4229999999999998e-03   5.2322392415942320e-01   1.3185228965385931e+00   6.7117728581897115e-03   7.7064261595889916e-02
   1.2512300000000001e-03   2.1693075366787391e+00   7.8158459899088262e-02   1.3640686702152230e-02   1.0971809988878917e-01
   1.2722700000000000e-03   1.5425413680974214e+00   1.4991491195752773e+00   1.3255513044737606e-02   1.0811640683085201e-01
   2.0741800000000001e-03   1.5541975325734447e+00   6.4833962317907701e-01   8.6634622495230431e-03   8.7552957844332854e-02
   1.2977999999999999e-04  -3.2565442493432259e+00  -1.7222412071001478e+00   1.4539105500322913e-01   3.3759622827666913e-01
   3.0412700000000000e-03   3.6850474389808241e-01   7.9583656166131123e-01   4.5570445196603552e-03   6.3461896000905058e-02
   4.5282999999999999e-04   1.0981385834840478e-01  -2.9427394455513789e+00   3.6189397538438695e-02   1.7753440127420850e-01
   1.0964900000000001e-03   1.8474302821213773e+00   1.3936969134954444e+00   1.6418976155558193e-02   1.2030969166514013e-01
   1.2632800000000001e-03  -5.4962519335361804e-01   2.1010706698789035e+00   1.3759154358953397e-02   1.1021480350510279e-01
   2.6667900000000000e-03   1.3855604571410007e+00   1.9454090152611850e-01   7.3010334446481362e-03   8.0298897352491294e-02
   3.6158000000000002e-04   2.8494756450285950e+00  -1.1937027876143773e+00   4.4374607647826164e-02   1.9672431968207632e-01
   2.2168200000000000e-03  -7.5016483461110051e-01  -1.3748922128611574e+00   7.6716974457722732e-03   8.2392787299841591e-02
   1.4785200000000001e-03   1.3748703526640496e+00   1.2951162458367675e+00   8.9985432693140150e-03   8.9147824166894318e-02
   2.8975000000000002e-04  -1.2721554485222177e+00   2.9476327835017808e+00   5.4315361629372734e-02   2.1537818792880786e-01
   2.1172100000000000e-03  -5.8880259253945144e-01  -1.5682023772896403e+00   8.7960035841728353e-03   8.8147578805438956e-02
   1.6952899999999999e-03   1.1880816522290405e+00  -1.4714190773950782e+00   1.0279305516887048e-02   9.5351707913727587e-02
   1.6895199999999999e-03   1.8843305870996567e+00   3.7288949070615876e-02   1.0298985865260917e-02   9.5303215245033032e-02
   1.4089400000000000e-03  -1.6618184687302531e-01  -2.0416792297078561e+00   1.1777496528347539e-02   1.0207911363247497e-01
   3.6307100000000001e-03  -5.4221471956062806e-01  -4.8452087221131090e-01   4.7824335334361078e-03   6.5095245074241331e-02
   1.4964799999999999e-03  -1.7709365573441858e+00   8.8759649920591466e-01   1.0933019664749195e-02   9.8239524664347017e-02
   1.0166500000000000e-03   2.3756691648758439e+00  -1.5713194047049206e-01   1.7820817447680066e-02   1.2518537569262350e-01
   2.7635400000000001e-03   1.1295397074756519e+00   5.1460568945138285e-01   6.0617262043418741e-03   7.3249049022024462e-02
   2.2744000000000002e-03  -1.5614654818492040e+00  -1.5264933140440440e-01   7.9300640348252179e-03   8.3799119430062047e-02
   2.1954499999999998e-03   7.3798624813020230e-01   1.3985381470659970e+00   7.7845603580481686e-03   8.3052141368380294e-02
   2.7741100000000002e-03  -1.0536967769300321e+00  -5.7834197032853019e-01   5.8281745250028409e-03   7.1791961937469076e-02
   1.2712000000000001e-03  -1.9302586003917781e+00  -7.1189382288066372e-01   1.0926664495030257e-02   9.8099731264520956e-02
   3.0667400000000001e-03   1.0376445530619602e+00   3.3430242369690083e-01   5.6591073066413590e-03   7.0799923963632730e-02
   9.7223999999999997e-04   2.2465598383173933e+00  -7.7377646892063334e-01   1.7097653907434621e-02   1.2253687015551815e-01
   4.0112000000000004e-03   3.6006145228019359e-01   1.7524992263477759e-01   4.3820872673559861e-03   6.2341127095539912e-02
   3.3589100000000001e-03  -8.5123380110180547e-01   4.5253443571198210e-01   5.4084785907265133e-03   6.9219777542766633e-02
   3.6457700000000000e-03   6.3975922791584361e-01   3.2208100919435473e-01   4.7533757248595558e-03   6.4939578610748283e-02
   1.3660899999999999e-03  -2.1092622862699062e+00  -2.8673406258570416e-01   1.3443405537322563e-02   1.0894783790038286e-01
   3.3770800000000002e-03  -6.7070051550756571e-01  -6.2284399826102377e-01   5.2087468970714503e-03   6.7946333566799091e-02
   3.3331400000000001e-03  -5.7590781213657372e-01   5.9696188228601688e-01   4.8433257392340012e-03   6.5365389182387365e-02
   1.9441100000000000e-03  -1.5016457435371660e+00   8.8728440551832577e-01   9.0406179657173142e-03   8.9454305681059221e-02
   3.3660700000000001e-03   4.5991164953693381e-01   6.4017902339848476e-01   4.6468521300517384e-03   6.4194362281967246e-02
   3.9669099999999997e-03   9.5831543430792185e-02   3.4141407638606475e-01   4.2829177425703843e-03   6.1634161693061462e-02
   2.2262200000000001e-03   1.5366302666376312e+00  -2.0664679782388318e-01   7.4850115732645337e-03   8.1411366351832312e-02
   2.0189800000000001e-03  -9.8408977791507990e-01  -1.3875158925081117e+00   8.6997076700704966e-03   8.7760684967510813e-02
   3.7126099999999999e-03   7.0587891804874914e-01  -1.4330810371932190e-01   4.8750009730885767e-03   6.5731954879455629e-02
   1.9550700000000002e-03   1.0264070003084502e+00  -1.2845577583713550e+00   7.7967510729384836e-03   8.2948299915309262e-02
   3.9877699999999999e-03  -3.7700894251974970e-01   2.5574579121505475e-01   4.5406315078390025e-03   6.3356295715489133e-02
   1.8477500000000000e-03   7.8541030818524993e-01   1.6318415552943073e+00   9.7012966708000144e-03   9.2646430282446485e-02
   7.1820000000000000e-04  -2.6548148733896326e+00  -3.6797515497495992e-02   2.5311717628512892e-02   1.4891017193115869e-01
   6.5182000000000000e-04  -1.0608277887386524e+00   2.4961125485314057e+00   2.6820880326935498e-02   1.5336787197217822e-01
   1.5008400000000000e-03  -1.6510396691357148e+00  -1.1626011574814532e+00   1.1826316642751101e-02   1.0209438728872675e-01
   1.1560100000000001e-03  -2.0851191174970918e+00   8.0586770969658728e-01   1.4493920535270986e-02   1.1302070620402860e-01
   5.8706000000000003e-04   1.5266962852160475e+00  -2.3084792365392226e+00   2.8322740446234996e-02   1.5682993371874673e-01
   1.1492700000000000e-03   9.6816267914814025e-01  -2.0395376707232762e+00   1.5160981051398615e-02   1.1563975308186293e-01
   1.4124999999999999e-04  -2.6214953422235148e+00   2.4710780961248733e+00   1.2100075183610198e-01   3.0503199674741877e-01
   4.1939000000000004e-03   5.1150899272708307e-02  -2.4590872041267275e-01   4.3635466884860497e-03   6.2209069719801294e-02
   7.6289999999999995e-04  -2.4925247524678964e+00  -7.8785879303908413e-01   2.4008214762324571e-02   1.4527981013424393e-01
   2.7821100000000000e-03  -1.8994289087545993e-01   1.1961979393363280e+00   5.9028741940316517e-03   7.2305044866738791e-02
   2.5701800000000000e-03  -1.0974927478776959e+00  -4.0048642685586294e-01   5.2178469717712832e-03   6.7902229029667749e-02
   2.3357800000000000e-03  -1.2572037544845047e+00   8.6413322117165658e-01   7.5930316191067165e-03   8.2014852782958045e-02
   2.1015399999999998e-03   5.4141756508927885e-01   1.5435125580102151e+00   8.1452923685542203e-03   8.4931992061393111e-02
   1.2679300000000000e-03   1.3966727201869700e+00  -1.6750990312136431e+00   1.3885266219422179e-02   1.1076308702706901e-01
   3.2899200000000000e-03  -9.5108662769368546e-01   2.8721968789342089e-01   5.4500635599718439e-03   6.9503819079107965e-02
   8.9486000000000003e-04  -2.4627294868442253e+00  -3.7712508553590490e-01   2.0255912610303448e-02   1.3362248577994387e-01
   1.3188099999999999e-03   5.6290673029293825e-01   2.0383187781392862e+00   1.2755033342085408e-02   1.0598451244912103e-01
   1.5502199999999999e-03   3.1841839479248311e-02   1.9522826216569782e+00   1.0819735584623730e-02   9.7624312177920031e-02
   3.0062000000000001e-03  -7.9723364495866089e-01  -7.8815565329603399e-01   5.7249957807327077e-03   7.1198782665955737e-02
   8.2224999999999996e-04  -1.5190689193658220e+00  -2.0331822615039719e+00   2.1331631874617143e-02   1.3681318974981177e-01
   1.5255900000000001e-03   8.2940356620467937e-01  -1.7955355026183457e+00   1.1167086206489343e-02   9.9238736547356182e-02
   1.8767300000000001e-03  -1.7102708250234974e-01   1.7699430516892285e+00   9.3275452527979315e-03   9.0843112184177940e-02
   7.7811999999999998e-04  -1.9379396923573655e+00   1.7552989869448010e+00   2.4510235035902002e-02   1.4665335592601128e-01
   5.2271000000000001e-04   2.0136190470045450e+00   2.0958377497733318e+00   3.7804486338594262e-02   1.8155617906472998e-01
   3.9084100000000002e-03  -4.7163296839388896e-01   1.1740821862860985e-01   4.4493559340064133e-03   6.2773917707846891e-02
   2.2546400000000000e-03   1.2927221410541159e+00  -7.6694595972552049e-01   7.1127299429246072e-03   7.9298481719405498e-02
   1.3935999999999999e-04  -9.4590995578304238e-01  -3.5330859678574242e+00   1.5109044590921467e-01   3.4016089728930304e-01
   1.3126600000000000e-03  -1.4623567390143974e+00  -1.6541678904574626e+00   1.5594727846023577e-02   1.1710708462909362e-01
   8.1329000000000004e-04   1.5333936292005164e+00   2.0586288267586443e+00   2.2827773992944136e-02   1.4148013593876357e-01
   9.1715999999999998e-04   1.7554922248692486e+00   1.7475461827528189e+00   2.0438794507328724e-02   1.3411150733936433e-01
   3.2724999999999998e-03  -2.2395292063234101e-01  -8.2182408017889896e-01   4.8342220976180612e-03   6.5340485604340720e-02
   4.0220100000000003e-03   4.4063906490084670e-01   1.9473519876302518e-02   4.4630400899170744e-03   6.2913923802879315e-02
   2.0154299999999999e-03  -1.3550054169714276e+00  -1.1331163266885345e+00   9.8934185603432728e-03   9.3408027506743277e-02
   3.1421299999999999e-03  -8.5807500549487903e-01  -6.0031213591001609e-01   5.5186143102319502e-03   6.9920489366543923e-02
   3.7122100000000001e-03   3.8834282012124055e-01  -6.0037816634051999e-01   4.8498896611221653e-03   6.5564725444409777e-02
   2.8233500000000001e-03  -7.3157962307713653e-01  -9.7576186606156290e-01   6.0911740424172134e-03   7.3342835920090499e-02
   1.9554300000000002e-03  -1.6727871167842501e+00  -6.6724422153691965e-01   1.0169512086945512e-02   9.4803225574679406e-02
   4.0010999999999996e-03   4.1496329138097637e-01  -2.8452229480783331e-01   4.5803528485296599e-03   6.3739283872863470e-02
   5.3607999999999998e-04  -2.7301430101208224e+00   8.5357241276600837e-01   3.4556558646500528e-02   1.7305615872054431e-01
   9.0386999999999998e-04   2.1593528618193782e+00   1.2168400339570693e+00   1.9986816232956780e-02   1.3275725524191614e-01
   1.4689300000000000e-03   1.6122006926093806e+00   1.1998041244252629e+00   1.1243826194639910e-02   9.9686447655564156e-02
   3.6150200000000000e-03  -6.5524840172161092e-01   4.3902960012786207e-01   5.0138577139472807e-03   6.6647672249237289e-02
   2.4139500000000002e-03  -1.4698029798284094e+00   6.4891140267960584e-02   7.2288998657001821e-03   8.0037775324286742e-02
   3.7245500000000001e-03  -5.6392964408954860e-01  -2.4664817899335865e-02   4.4234312710972100e-03   6.2597242958736338e-02
   1.4270100000000000e-03  -9.4198747503173419e-01  -1.8540791430624131e+00   1.2697208471285861e-02   1.0586966254796026e-01
   1.3884300000000000e-03   1.9537968693855463e+00  -7.2834491855407113e-01   1.2535062639288320e-02   1.0521539200139510e-01
   4.0747000000000000e-04   2.9218192896076882e+00   9.6496730554380605e-01   4.9173307390203237e-02   2.0643669654289568e-01
   5.6433000000000004e-04   2.6136613108620765e+00  -8.2262152841411795e-01   2.5011822385495531e-02   1.4811446041367324e-01
   2.9115199999999999e-03  -6.9675341319209094e-01   9.7536387123625268e-01   6.0412402525462086e-03   7.3159736938613162e-02
   3.8619300000000000e-03   5.4204234853583022e-01   1.6806143466198295e-01   4.5907421336283463e-03   6.3822797508880355e-02
   2.1398300000000001e-03   1.1494615872078755e+00   1.2283316940757676e+00   9.0440975391528709e-03   8.9306041356151625e-02
   3.0124599999999998e-03   1.1486484349983885e+00   1.7827861892773381e-01   6.0651368889869505e-03   7.3204440607237520e-02
   3.5753700000000000e-03   2.8004826515711168e-01  -7.4377230826070750e-01   4.9572897156119301e-03   6.6271592781754388e-02
   1.9454400000000001e-03   9.8407225614350069e-01   1.4502563076077639e+00   9.2280939581508362e-03   9.0341708226038292e-02
   2.2695800000000002e-03   1.1800457458224165e+00   9.5499650504723987e-01   7.4700713615152943e-03   8.1110767234216341e-02
   8.7365000000000001e-04  -1.2589516639033003e+00   2.1652149379650143e+00   2.1094346115932600e-02   1.3608161307578526e-01
   3.3594200000000001e-03   7.3128199414689921e-01   4.8688786859055877e-01   4.9806797661675071e-03   6.6438782915879416e-02
   2.4335899999999998e-03   6.1695497704837621e-02  -1.4209405991502182e+00   6.7993575093930544e-03   7.7599348068887047e-02
   3.8360800000000000e-03  -5.6497890209898349e-01   2.7590661377010262e-01   4.7203282047438939e-03   6.4688288673815403e-02
   1.7041599999999999e-03   2.9950255040682661e-01   1.9064616373371481e+00   1.1178841724647231e-02   9.9495777394612739e-02
   1.2177100000000001e-03  -9.3399327658078435e-01   1.8895873809181885e+00   1.1750682053608899e-02   1.0136364245927276e-01
   4.1275000000000001e-03   1.8098404323586617e-01   1.8612169414368523e-01   4.3115981422008022e-03   6.1824849621441275e-02
   3.5323700000000000e-03  -7.5604652157668650e-01  -3.7594179053796452e-02   4.8402857144085000e-03   6.5390089085369044e-02
   2.0651799999999998e-03   9.1631016091250750e-01  -1.4986339802009967e+00   9.9152472333572748e-03   9.3565720094116234e-02
   1.7995400000000001e-03   1.6941858629048141e+00  -6.7200062510541825e-01   9.6527701105844684e-03   9.2385185828451094e-02
   1.5160400000000000e-03   1.0539238811840219e+00   1.7114307888080211e+00   1.1682288977162713e-02   1.0161700616923951e-01
   3.0752900000000001e-03  -1.0535195089013973e+00   4.6290815663261153e-01   6.0127943387443799e-03   7.3002591819882445e-02
   2.4195699999999998e-03  -2.6890475371559946e-01   1.4005950744029880e+00   6.9363498782710562e-03   7.8190006187385988e-02
   2.6174900000000001e-03  -9.3027715728341809e-01  -9.7111805125510720e-01   6.6310617676588017e-03   7.6482249517563369e-02
   2.5322600000000002e-03  -6.6608102873830477e-01  -1.1656569728709700e+00   6.3916264042213466e-03   7.5184666533596081e-02
   2.1371200000000002e-03   1.0092931910739518e+00   1.0576234347787112e+00   6.3749722788687463e-03   7.5026549130685030e-02
   1.9740199999999999e-03  -1.4808988644141723e+00  -5.1553453870041044e-01   6.9445900079822447e-03   7.8290010600072443e-02
   9.2568999999999995e-04  -2.3748428161161916e+00   6.4692786205363639e-01   1.9605277951117221e-02   1.3145727540728314e-01
   3.4042899999999999e-03  -9.2789699045461593e-01  -6.4282411076028001e-02   5.3716325219875984e-03   6.8924695909025821e-02
   1.3823399999999999e-03   1.7321327227339940e+00  -1.2324720687184951e+00   1.3542892609348801e-02   1.0940533814270416e-01
   9.1310999999999996e-04   7.4668542948972083e-01  -2.3407784490070060e+00   1.9202942415523325e-02   1.2997984498007409e-01
   1.9819099999999999e-03  -1.6500599567786260e+00  -3.8613651766419427e-01   8.5772913221350885e-03   8.7015316159236314e-02
   1.1715800000000000e-03   2.0071278587077295e+00  -1.0368106509888091e+00   1.5245799742254228e-02   1.1607667891777046e-01
   6.7184999999999999e-04   4.7524869268062181e-01  -2.6274874518992437e+00   2.4674787807497628e-02   1.4724822389697401e-01
   2.6738399999999998e-03   6.1161721836391614e-01  -1.1727666149001519e+00   6.4964373252552263e-03   7.5885469986793200e-02
   3.8498400000000002e-03  -4.2184904044874333e-01  -3.4423273320541586e-01   4.5084180923592480e-03   6.3212630990153562e-02
   3.9669099999999997e-03  -3.8518034768507969e-01  -4.1539511501004281e-02   4.3066195014058025e-03   6.1783137478705001e-02
   3.3791300000000002e-03   9.0319391273405703e-01  -1.4801868095426965e-01   5.2103817113672291e-03   6.7933715794025934e-02
   3.8966800000000000e-03   1.6614741582061002e-02  -5.4385759280163126e-01   4.5744196422380923e-03   6.3685711119538441e-02
   1.0850800000000000e-03   4.0093602474291928e-01  -2.2787928184149098e+00   1.6072837962292804e-02   1.1914015468566465e-01
   2.7527200000000002e-03  -9.9411471618692837e-01  -7.7084778933524156e-01   6.1488321336765567e-03   7.3799380489400754e-02
   2.6010999999999999e-03  -1.3382439853292301e+00  -1.0315460755100768e-01   6.4808687447636933e-03   7.5782875393907434e-02
   1.5086800000000001e-03  -1.9669432988095539e+00  -2.5370748837346573e-02   1.0773651874780580e-02   9.7418173049410001e-02
   4.9412000000000002e-04   2.4317365441872090e+00  -1.5462604570301191e+00   3.3386822879579121e-02   1.7037601728889776e-01
   1.3471900000000001e-03  -1.0706019005421479e+00   1.6422182171242024e+00   9.5357018704027175e-03   9.1643396250226827e-02
   3.6307900000000001e-03  -1.5336461894923806e-01   5.1246542792515348e-01   4.2926097836062556e-03   6.1584912358101707e-02
   2.7023400000000001e-03   2.4352560769117376e-01  -1.2787363276105905e+00   6.4104009693826932e-03   7.5364013875861363e-02
   3.6093700000000002e-03   7.3266351311189781e-01   1.6723325772267028e-01   4.8346306779803692e-03   6.5473022586659380e-02
   4.2095800000000001e-03  -2.5234030318827611e-02  -8.9152535809330719e-02   4.2683940003692775e-03   6.1501639094325239e-02
   3.2711900000000002e-03   3.4651181032988826e-01  -9.3097162476539930e-01   5.4224656602681297e-03   6.9350390788870300e-02
   4.1261700000000002e-03   2.3386252096535173e-01  -2.6564780208183580e-01   4.4313271578858577e-03   6.2702616145064241e-02
   1.8270000000000000e-04  -3.4741607072498470e+00  -7.3645438958326415e-01   1.2445890526348215e-01   3.1411283055986994e-01
   2.8181800000000000e-03   4.5766457966595418e-02  -1.2150993356156146e+00   5.9891750097284622e-03   7.2847395382063779e-02
   9.0883000000000001e-04   2.2835419692282102e+00   6.4687037965374250e-01   1.5572411883884918e-02   1.1712227644740102e-01
   7.0317999999999997e-04  -2.3866702230533474e+00  -1.2058207439034196e+00   2.6224408232322780e-02   1.5189784163470219e-01
   7.2734999999999998e-04   1.2478155097642625e+00   2.3426649268999631e+00   2.5667681946153823e-02   1.4993963337738872e-01
   3.3505700000000002e-03   8.3031899482163540e-01   3.2416634786677828e-01   5.0507473899763147e-03   6.6906903154129962e-02
   1.9080900000000001e-03  -1.3312777665218321e+00  -9.0711582904351762e-01   7.1615402979343943e-03   7.9516627315564345e-02
   3.4914299999999998e-03  -8.5129941963606404e-01   1.2194247728699760e-01   5.1122794318274340e-03   6.7322704555810062e-02
   3.4441799999999998e-03   4.6630658105862915e-01  -7.8367831381604580e-01   5.2702897478973994e-03   6.8349094844844971e-02
   4.0783199999999999e-03   3.3566085462312711e-01  -1.2410178608495936e-01   4.3990517483532450e-03   6.2456425497320320e-02
   6.4711000000000000e-04   8.3898803480132111e-01   2.5705838398365057e+00   2.6137671159392174e-02   1.5139195365127853e-01
   3.6687999999999998e-04  -3.0873766125167053e+00  -9.5325146331686775e-02   4.6905057852571340e-02   2.0116018434649813e-01
   1.1029600000000001e-03  -1.9710967166736388e+00  -1.2193942451855178e+00   1.6588186677661005e-02   1.2095764786542140e-01
   1.1399800000000001e-03  -1.9872016004612350e+00   1.0973876832318483e+00   1.5366331066499466e-02   1.1650038043859809e-01
   3.0830800000000002e-03   3.8411842906447356e-02   7.9236171639182518e-01   4.3158187065075902e-03   6.1772700815954762e-02
   7.8750999999999995e-04  -2.3507427652402590e+00   1.0434116685377428e+00   2.2051629394778879e-02   1.3944254970619344e-01
   1.6956899999999999e-03  -4.3175573627913677e-01   1.8199677982731564e+00   9.8704326898187058e-03   9.3429189870571167e-02
   1.6718200000000001e-03   8.8089481224543215e-02  -1.8917340672353096e+00   1.0217546419875316e-02   9.5066954470095166e-02
   1.9028400000000000e-03  -1.6048785802356169e+00   6.6926485114551060e-01   8.7861726329794641e-03   8.8199665404181213e-02
   3.9436400000000000e-03  -7.6382940249404091e-02   3.5553383851618980e-01   4.2476955878516364e-03   6.1369795522335582e-02
   1.8151899999999999e-03  -1.4715251575599397e-01  -1.7771610040497088e+00   9.0776861387193326e-03   8.9644752662091473e-02
   3.5605200000000002e-03  -7.5649324783734617e-01   2.8491563192618086e-01   4.9821356778344747e-03   6.6475143456617189e-02
   4.1743600000000002e-03  -2.0873875178195275e-01  -6.6120425084541440e-02   4.3266098651982008e-03   6.1930339819988328e-02
   3.2500300000000001e-03  -4.4984567928535019e-01   7.5802314292879081e-01   4.9263361173895728e-03   6.5970589861596721e-02
   2.8335900000000000e-03  -1.4649784898470275e-01  -1.1414645716616865e+00   5.6154140536493315e-03   7.0437080670726376e-02
   3.5835500000000000e-03  -6.0736534925930663e-01  -3.2020156290980806e-01   4.6819123145180478e-03   6.4277737648301470e-02
   1.4975399999999999e-03   1.0954359302658461e+00  -1.7244050716060035e+00   1.2389185456978388e-02   1.0454244095471001e-01
   1.5678999999999999e-04  -1.9692135498776604e+00   3.0216432879667727e+00   1.3282213255765798e-01   3.2190508233469411e-01
   2.9921100000000001e-03  -1.1535807972296201e+00   2.8013294728018856e-01   6.1010983290246679e-03   7.3550331803150321e-02
   3.0156699999999998e-03  -8.3079911983734700e-01   8.0574687969105041e-01   5.9495825040602112e-03   7.2605307801388616e-02
   2.1607200000000001e-03   1.4673960083641120e+00  -6.0937245791936034e-01   7.7792723448958500e-03   8.3050618430163731e-02
   4.3845000000000001e-04   1.9573404425167842e+00  -2.2410342563254906e+00   3.9605545762531461e-02   1.8507339324870162e-01
   3.3699799999999999e-03   1.6123300272677527e-01  -8.8453357053201154e-01   5.0862422323398639e-03   6.7140260919224842e-02
   1.2591999999999999e-04   2.1558837671651004e-01  -3.6795170944634767e+00   1.4631862696929387e-01   3.3707267369291971e-01
   3.1154899999999998e-03   9.7915015900955216e-01  -3.1606598588450241e-01   5.3684646224660335e-03   6.8964698905415941e-02
   4.1967999999999997e-03   7.9060113685932243e-02   4.4449387654122319e-02   4.2542003747784059e-03   6.1405947325461833e-02
   3.0100999999999999e-04   2.4184876375247510e+00  -1.9935664509456892e+00   4.4298691438156783e-02   1.9539966454023347e-01
   8.2423999999999996e-04  -6.4619931229841987e-01   2.4388774949820662e+00   2.0546542575396582e-02   1.3453981774861179e-01
   1.2139799999999999e-03   2.1778998940062873e+00  -4.7065303633772304e-01   1.4865762544990821e-02   1.1446238573860905e-01
   3.5181300000000000e-03  -7.3710885557640826e-01  -4.3971174476365443e-01   5.1835788430565893e-03   6.7726631515274041e-02
   2.4315700000000001e-03   3.3398663540896600e-01   1.4139301852876112e+00   7.1086966377093838e-03   7.9374047323502825e-02
   2.7167200000000002e-03  -1.2667411958646191e+00  -5.0507361764722414e-01   7.0347712278356353e-03   7.8877160083317382e-02
   2.6358699999999998e-03   1.3157750254286025e+00  -1.7846599133797483e-01   6.4233026367738451e-03   7.5424499239750545e-02
   1.3218100000000001e-03   6.4527404491264229e-01  -2.0429066018239150e+00   1.3388184275507279e-02   1.0872965557117104e-01
   3.5350700000000000e-03   7.8578128698394434e-01  -3.0863753154840601e-01   5.1049705716817127e-03   6.7260060222142426e-02
   1.5815999999999999e-04   1.9234536277668823e-01   3.5899999306215347e+00   1.3443293567514156e-01   3.2164186654290428e-01
   2.8224700000000001e-03  -1.2461665235386754e+00   9.0829717826457573e-02   6.2464500250361821e-03   7.4415784927044579e-02
   2.4734399999999999e-03   6.9470678770159255e-01   1.1782816075629949e+00   6.3858117827038591e-03   7.5231374714517532e-02
   1.0059900000000000e-03   8.8595433000744384e-01   2.1940566376730377e+00   1.7051169132669911e-02   1.2259210648608679e-01
   3.2613899999999999e-03   6.3778423673178408e-01   6.5168504907194014e-01   5.0125187476540477e-03   6.6646225365582207e-02
   1.8457000000000000e-04  -3.3606396885169643e+00   1.0753547142729070e+00   1.1825868773064860e-01   3.0243999825408807e-01
   1.9350299999999999e-03   1.7208741234788070e+00   4.6786811331909500e-01   9.6403731375336969e-03   9.2365565013426049e-02
   4.4034000000000000e-04  -2.6693007327998339e+00   1.3609632295496568e+00   4.2033086448622879e-02   1.9100021518150304e-01
   2.2758800000000001e-03  -1.4876251184805762e+00   4.5538068277733762e-01   7.7605553572708923e-03   8.2917044148977742e-02
   3.9435099999999999e-03  -4.6273833833596595e-01   4.2103728285942876e-01   4.8886044028224702e-03   6.5772766057771700e-02
   2.7147100000000000e-03  -1.0384829165935250e+00   8.3511890169674052e-01   6.6730542234738786e-03   7.6881936857920635e-02
   1.7615500000000000e-03  -1.7381715881873752e+00   4.4431891844216492e-01   9.1264296088071194e-03   8.9615104649348909e-02
   9.9124000000000000e-04  -3.1827590537314077e-01   2.3320006485901699e+00   1.6215670012929142e-02   1.1969745437378808e-01
   2.8913500000000000e-03   7.5943017984679362e-01  -1.0220643469683548e+00   6.6212034207793593e-03   7.6502523514786466e-02
   2.8413000000000001e-04  -3.6094923784455124e-01   3.1671664503155523e+00   5.1132552905921731e-02   2.0898956879600813e-01
   3.7493399999999999e-03  -6.6168478180518231e-01   1.2597355697205512e-01   4.7696764220979447e-03   6.5030197691427261e-02
   1.4331700000000001e-03  -2.5967124492147520e-01   2.0185765493200800e+00   1.1593399960280516e-02   1.0124073414943782e-01
   1.3685100000000001e-03  -1.4843027422985537e+00  -1.3668364980879364e+00   1.0719215004001867e-02   9.7284401809695414e-02
   3.5249299999999999e-03   8.2002520109407628e-01   1.0971878764723050e-02   5.0068343394183909e-03   6.6625024026516835e-02
   6.0459999999999995e-04  -2.6962836415924851e+00   3.8114649708263848e-01   2.6269151189591240e-02   1.5120649210963066e-01
   8.4442999999999996e-04   1.6492598714983160e+00  -1.9052887637954414e+00   2.0884683418276272e-02   1.3554522624787282e-01
   1.2453399999999999e-03   9.1542461295370900e-02  -2.1764760099813718e+00   1.3731994476164532e-02   1.1011554645025198e-01
   3.9474999999999996e-03   5.1767528200003721e-01  -1.3609943029275781e-01   4.5906179608968360e-03   6.3813994603727456e-02
   1.8769900000000000e-03  -8.3421067258945869e-01  -1.6075209815647991e+00   9.8565008445303890e-03   9.3355691904737192e-02
   3.5870400000000001e-03  -2.9152844453819760e-01  -6.6308014825763284e-01   4.7338100370385577e-03   6.4755399237282726e-02
   2.3971000000000001e-03  -5.3223742970446475e-01  -1.3450035384777972e+00   6.9660876729844478e-03   7.8513163570812686e-02
   8.6740000000000005e-04  -5.8435491767064895e-01  -2.4298210512267984e+00   2.0571079089709645e-02   1.3456836137633651e-01
   3.5266400000000002e-03  -4.7921420566942735e-01  -6.5223377625422585e-01   4.9573362125626833e-03   6.6295070406823239e-02
   3.9312000000000000e-04   6.4580439166711068e-01   2.9923337774571168e+00   4.6010016820269325e-02   1.9918876471896887e-01
   1.0578100000000000e-03  -1.6247655860382861e+00   1.5920421148498063e+00   1.4791971339827797e-02   1.1385253637156073e-01
   2.0379700000000001e-03   1.6323417481074904e+00  -4.2992761313492406e-01   8.5709750587676624e-03   8.7138316498151375e-02
   1.4844599999999999e-03   3.4094211404950570e-01  -1.9869873097707433e+00   1.1564451792336816e-02   1.0104871283955373e-01
   2.3218399999999999e-03  -1.3703452497554689e+00   6.7018497493305096e-01   7.5743875629992437e-03   8.1918772946894231e-02
   2.2482399999999999e-03  -9.5865567181211453e-01   1.2146853791858996e+00   7.6018466977108940e-03   8.1978205529148113e-02
   1.0962100000000000e-03   1.1544534346076674e+00   1.9964409697276913e+00   1.5984543582175503e-02   1.1879258457231734e-01
   1.9491300000000001e-03  -1.3675130748382591e+00   1.0898782151482467e+00   9.1212058426370889e-03   8.9805857004130241e-02
   4.1455900000000002e-03  -1.2953581416061416e-01  -2.2417704392056048e-01   4.3250356428225839e-03   6.1938493036728520e-02
   2.4737499999999998e-03   4.9975640245158776e-01   1.1181832683853272e+00   5.3620175963110684e-03   6.8830347173148870e-02
   1.7501600000000000e-03  -1.8124012685740905e+00  -2.1179350592055204e-01   9.4976987101643515e-03   9.1574015128626646e-02
   3.6470500000000002e-03  -1.0095079607987080e-01  -6.8012907432345782e-01   4.6777267687304136e-03   6.4366806140321489e-02
   2.6823400000000001e-03  -1.2665752474406164e+00   4.6565740558067042e-01   6.7507304620590351e-03   7.7358349950656019e-02
   2.1610300000000000e-03   1.3778327706777342e+00   8.1493418251217253e-01   7.9055248110969645e-03   8.3651759286296104e-02
   4.4464000000000000e-04  -1.8967822466086299e+00  -2.3159363738984089e+00   4.2832234568303332e-02   1.9188942083132163e-01
   1.0313600000000000e-03  -2.1936018110133193e-01  -2.3296712056193059e+00   1.6447005861580235e-02   1.2042870052760059e-01
   3.9749299999999998e-03  -3.0671046979985556e-01  -2.0317961963569037e-01   4.3213290187042244e-03   6.1905691763194798e-02
   1.3219999999999999e-04   1.9108848982968365e+00   3.1137297535119632e+00   1.2848333792198904e-01   3.1800060985104694e-01
   2.9814400000000001e-03   8.2367197924206115e-01   6.6217453194474385e-01   5.3187171935663745e-03   6.8533770912995812e-02
   3.5958399999999999e-03   2.0419949352797745e-01   8.4693370976076088e-01   5.4051801941942309e-03   6.9075928427096672e-02
   2.0052400000000001e-03  -1.7101986923012404e+00   3.3008620024884153e-02   8.7518199161219223e-03   8.8025979628006609e-02
   3.5518400000000001e-03   2.7825640651033479e-01   6.4812126647929125e-01   4.6739929110193217e-03   6.4261839453248551e-02
   1.0672100000000001e-03  -8.7285461990680868e-01   2.1628086543534537e+00   1.6983196380335536e-02   1.2219554430256346e-01
   3.2567600000000000e-03  -7.5392945704723302e-01   6.1646928235924392e-01   5.3190809833967186e-03   6.8627814358269604e-02
   6.8599000000000004e-04  -1.6573788680763577e+00   2.0441488016715770e+00   2.3225203677326094e-02   1.4283413375373968e-01
   1.0283499999999999e-03   1.2908845924807595e+00  -1.9856704046375457e+00   1.7324632903008556e-02   1.2359998953026080e-01
   3.8317799999999999e-03   2.0164795803015761e-01  -5.6786740260235757e-01   4.6460035435755683e-03   6.4167386248290201e-02
   1.9628900000000001e-03   1.2410538707321153e+00  -1.2098738016981654e+00   9.0777458765744588e-03   8.9505880393398130e-02
   2.4882500000000000e-03  -4.7375704644340638e-01  -1.1453786285574130e+00   5.5012812060306858e-03   6.9713281436249760e-02
   3.7301700000000001e-03   3.6701028511855394e-01   4.8502765222798411e-01   4.5185571226784363e-03   6.3287735657887936e-02
   3.9513300000000003e-03   2.7723460783931470e-01   3.3238407668645242e-01   4.3839511704867051e-03   6.2358778846894995e-02
   4.0415099999999999e-03   1.2573931824866039e-01  -4.0505847384559801e-01   4.4640465988879906e-03   6.2920943770684731e-02
   3.2915599999999998e-03   3.8135341451266952e-01   9.7401230936806715e-01   5.8570335290539345e-03   7.1896572671383885e-02
   1.0342200000000000e-03  -2.1449237292582608e+00  -9.3767902125445779e-01   1.6492786789559052e-02   1.2067935791995328e-01
   3.1784399999999998e-03  -3.0976016366693415e-01   5.0236111829894403e-01   3.9496722723724549e-03   5.8945635571403684e-02
   1.3754200000000000e-03  -1.8637999050110219e+00   6.4949109098811653e-01   9.9116831799903864e-03   9.3559096639009035e-02
   1.5891300000000000e-03   1.2282506321186002e+00   1.5009755688961790e+00   1.0701032208544084e-02   9.7192550505588712e-02
   2.2837199999999999e-03   6.7539764045667239e-01  -1.3837732783845373e+00   7.6687585566352478e-03   8.2259509232700659e-02
   1.1178600000000000e-03   1.7040429174900114e+00  -1.5466040436855175e+00   1.6160698317819841e-02   1.1937237067446207e-01
   3.6233099999999998e-03   9.4248629621910926e-02  -7.0746217300314873e-01   4.7370096347938437e-03   6.4780018001646067e-02
   3.1886000000000002e-03  -6.0545361521599805e-01  -7.9959673187441460e-01   5.3509854728750082e-03   6.8867178736577578e-02
   2.9423299999999999e-03   8.6301623133738969e-01  -8.5341011702111780e-01   6.2726598129761524e-03   7.4425448157279764e-02
   8.6755000000000003e-04   9.4921196073717670e-02  -2.5044631599349523e+00   2.0556245698956373e-02   1.3448640858418667e-01
   3.0178900000000001e-03  -1.1264718121070871e+00  -7.7200449255387646e-02   5.7746211924430638e-03   7.1557512977170890e-02
   2.7002100000000002e-03  -1.1554788443445310e+00   6.5405858278439311e-01   6.5803206590529621e-03   7.6391160705275560e-02
   2.5276399999999998e-03   1.0678667033400613e+00  -8.5610613943240810e-01   6.6186518058404175e-03   7.6496028674528538e-02
   2.3847700000000000e-03   1.4831490857887508e+00   4.0652722509143058e-01   7.8658701596022104e-03   8.3496928217679955e-02
   1.3620000000000000e-04   3.5707470724834782e+00   7.5047129642396082e-01   1.3898616073609701e-01   3.2756049314708424e-01
   1.9503500000000000e-03  -3.7387613320079294e-01  -1.6572387284651617e+00   8.5939927687937283e-03   8.6950401439063255e-02
   1.1531899999999999e-03   2.0711885522700402e+00   8.7948530894658550e-01   1.4920904998481000e-02   1.1465738529142191e-01
   9.3528000000000003e-04  -1.1420983639223610e+00  -2.1420363317288076e+00   1.8316649118482985e-02   1.2711265468927380e-01
   2.8737500000000000e-03   9.6048731937561582e-01   8.5037659747599692e-01   6.6724291454269844e-03   7.6789914630504191e-02
   1.9982500000000000e-03  -5.8846795230969962e-01   1.6001377799466792e+00   8.7323106752933508e-03   8.7876110824793449e-02
   2.9932399999999999e-03   7.4214145376034635e-01   8.2766845307882897e-01   5.6313569936577920e-03   7.0601517293478938e-02
   3.9621999999999999e-03   3.0833729083379491e-01  -4.2989555441192162e-01   4.6035860899270630e-03   6.3865398404390858e-02
   2.1919700000000001e-03  -1.4219016040351670e-01  -1.5471518495661001e+00   7.4489307300782959e-03   8.1190870207312305e-02
   3.3862300000000001e-03  -4.0690387482875734e-01  -8.2559524582770250e-01   5.2477021753369090e-03   6.8186641133371514e-02
   6.5523999999999997e-04  -2.7331075468340482e-01  -2.6881906366362278e+00   2.6505709671724987e-02   1.5241990309599046e-01
   3.0154999999999998e-04   5.9716911979681297e-01  -3.1004919824549715e+00   4.8413288378058875e-02   2.0370187044931026e-01
   1.2532000000000000e-04   1.0871929056074174e+00   3.5035689969549542e+00   1.3112998732729864e-01   3.1934322136008608e-01
   1.9594999999999999e-03   1.4933547860528149e+00  -8.5400695905874247e-01   8.8267082931229399e-03   8.8335268618368323e-02
   1.1382600000000001e-03   2.2217084784865060e+00   3.5223971932008619e-01   1.4950416929205077e-02   1.1446360890390726e-01
   2.2342000000000000e-03  -1.0429082393723116e-01   1.5556182390082633e+00   7.6623099209945870e-03   8.2315996276147232e-02
   3.8818899999999998e-03  -1.7044886467022530e-01  -5.2272888435697373e-01   4.5605630614358227e-03   6.3593146802217171e-02
   4.3397999999999999e-04   1.7187847219996175e+00   2.4838220298290059e+00   4.5063205549421649e-02   1.9698347556131546e-01
   6.3568000000000001e-04  -3.0615592892128562e-01   2.6876937533984320e+00   2.5699509522301118e-02   1.5008631191674163e-01
   1.7967100000000000e-03   1.5962582007819033e+00   9.1874538953562146e-01   9.9841393759682335e-03   9.3975297763421492e-02
   3.5683600000000000e-03  -7.3092813889835309e-02   6.5696889066090181e-01   4.5005323203295136e-03   6.3136672301413121e-02
   1.9310400000000000e-03  -1.2049364489367695e+00   1.2789027343403816e+00   9.2042404347154518e-03   9.0252937972295610e-02
   1.4633400000000000e-03   2.0472986317410435e+00  -1.9730897041170525e-01   1.2345573237381547e-02   1.0444429633958598e-01
   1.0766400000000000e-03  -1.2441690530598057e+00  -1.8443227034156409e+00   1.3260972204649120e-02   1.0813461881119485e-01
   5.9741000000000004e-04   2.8135402371503906e+00  -1.0537032289113669e-01   3.3517732308348792e-02   1.7084412373778060e-01
   2.0991500000000001e-03   3.2159622113656938e-01   1.6463528363019677e+00   8.6886998334852073e-03   8.7635451471121936e-02
   1.4319400000000000e-03   8.2740533281353867e-01   1.8967521264236813e+00   1.2418016731829351e-02   1.0469539497100673e-01
   3.0556099999999998e-03   2.9953548691842458e-02  -1.0242245352207215e+00   5.2276228588601656e-03   6.8048896517910504e-02
   7.2526000000000003e-04  -9.7867274930812664e-01  -2.4557577473514152e+00   2.5033640389804979e-02   1.4788583247399126e-01
   3.2069400000000001e-03   7.5160154093796305e-01  -6.5516989983324736e-01   5.3946114392761880e-03   6.9069333659429646e-02
   1.5104500000000000e-03  -3.9385347144476185e-01  -1.8830166157753148e+00   9.9331291060087337e-03   9.3570079296232594e-02
   2.2761700000000001e-03   2.6839238143261546e-01  -1.4881073551830564e+00   7.2985368755045348e-03   8.0311253520980730e-02
   3.1315300000000000e-03  -9.1368981290438966e-01  -4.1241745030791427e-01   5.2724412007838983e-03   6.8302080235474280e-02
   1.6579500000000000e-03   5.3957596486419768e-01  -1.7946729659577367e+00   9.8124626346593104e-03   9.3170450081558817e-02
   3.2584799999999998e-03  -6.5804407921440566e-01  -1.6810082720726569e-01   4.2018934323502771e-03   6.0927170146817144e-02
   7.8368000000000003e-04   2.5286373189922533e+00  -4.5789269233826735e-01   2.2559727005532420e-02   1.4043413303945754e-01
   1.4040299999999999e-03  -1.8187014053817046e+00  -9.4370336346200367e-01   1.1786033587847463e-02   1.0197315191179958e-01
   2.6678000000000001e-03  -8.9809190595479427e-01   1.0085535632882405e+00   6.7680714598110881e-03   7.7441008133607242e-02
   3.2347299999999999e-03  -6.3721147626345476e-01   7.8098781927947258e-01   5.4144551648597217e-03   6.9267527272908622e-02
   1.7309199999999999e-03   5.5738444789062613e-01   1.7798695069212205e+00   1.0088672337253959e-02   9.4419831371880508e-02
   1.5985100000000000e-03   1.7268246793000743e+00  -9.4047652190258979e-01   1.1331572677579239e-02   1.0003923633945366e-01
   3.1378600000000001e-03  -1.5330861710533050e-01   1.0090295906911673e+00   5.3548987115180635e-03   6.8869167535529935e-02
   1.1377300000000000e-03  -2.1923419157659572e+00  -5.9140669791493128e-01   1.5296809677461411e-02   1.1620247784381869e-01
   3.8809000000000001e-04   1.2325724877595388e+00   2.8228477366939080e+00   4.7316168429368442e-02   2.0248914277682015e-01
   3.0310599999999999e-03   2.1225509180615981e-01  -1.0781749911774210e+00   5.6130945534791071e-03   7.0524653717865024e-02
   7.2570000000000002e-04   2.4481560496154393e+00   9.6383113195809222e-01   2.3568361850860045e-02   1.4388943580200092e-01
   2.4332700000000000e-03  -1.4065780112288311e+00  -3.1629855474201851e-01   7.0277620369276084e-03   7.8807118716001420e-02
   3.5592400000000000e-03   6.7296538968301345e-01  -4.7010114552393256e-01   5.0505117339966418e-03   6.6911038797491093e-02
   9.2520000000000005e-04   2.0373721275471635e+00  -1.3752451485925603e+00   1.9381609416942232e-02   1.3081631761517648e-01
   1.8863800000000000e-03   2.9854127772159250e-01  -1.7243548186226061e+00   8.8460871458177839e-03   8.8510261058043382e-02
   2.8414000000000000e-03   1.2324950365518275e+00   1.0262745423725732e-02   6.2006452892951662e-03   7.4046045439476252e-02
   2.4166700000000001e-03  -3.8324989594560327e-01   1.2411787769404814e+00   5.7322757523598569e-03   7.1174993752409710e-02
   1.9694000000000001e-03   8.7078937755407204e-02   1.7148104110035856e+00   8.7999805522879573e-03   8.8201772046639246e-02
   3.0183900000000001e-03   1.1060839675651528e+00  -1.5900638646967416e-01   5.7065921574106409e-03   7.1115574084876107e-02
   8.6972000000000004e-04   5.7739799873027831e-01   2.3247639750269951e+00   1.5730048760191916e-02   1.1775513401241805e-01
   3.3033500000000000e-03  -2.5514023063162174e-02  -8.3723655436870159e-01   4.7787347660070119e-03   6.5050429365622192e-02
   6.8356000000000005e-04   2.0129892761986694e+00  -1.7567907396004858e+00   2.4894032052195869e-02   1.4794791330111035e-01
   1.6814999999999999e-04   3.0742399317476865e+00  -1.7652800065519236e+00   1.2064085123942300e-01   3.0388465632917283e-01
   3.4148000000000002e-04   1.3441835641943769e+00  -2.7503243089381559e+00   3.9644122031854648e-02   1.8545310149405600e-01
   2.6969699999999999e-03  -1.2129719706000071e+00  -2.6181369920592246e-01   6.0090667278338301e-03   7.2808737795156703e-02
   1.5345900000000000e-03  -1.6533775174616911e+00   1.1230616021962228e+00   1.1619354094429702e-02   1.0125907513995362e-01
   3.2047899999999999e-03   1.9699741590399386e-01   1.0506349027758635e+00   5.7672280164643786e-03   7.1450640054811471e-02
   1.9183600000000000e-03   1.3715700786360514e+00   1.0610829400188069e+00   8.8602403593249675e-03   8.8376131304428007e-02
   2.8071600000000000e-03  -1.4510009344092692e-01  -9.6683004366970993e-01   4.6232437224108559e-03   6.3923659519210543e-02
   3.5347500000000001e-03   1.1409098826889204e-01   6.4955526914827266e-01   4.5439296339752347e-03   6.3303638961943326e-02
   2.7774399999999999e-03   6.1339173169450001e-01   9.7751389299894043e-01   5.5934021665953754e-03   7.0234976740045085e-02
   1.1601300000000001e-03  -2.1128593846980483e+00   1.8320972660436941e-01   1.1306049407309714e-02   9.9886078814281479e-02
   5.5800000000000001e-04  -1.4349259176688576e+00  -2.4377841729215848e+00   3.3039229959200299e-02   1.6865517495844781e-01
   3.0103999999999999e-03  -4.1804276936311080e-01   5.9816308149008390e-01   4.0904175396741238e-03   6.0016334016136368e-02
   1.0023499999999999e-03  -1.1999575087252714e+00   1.8649645865699149e+00   1.2515137926465776e-02   1.0454192179476053e-01
   0.0000000000000000e+00   0.0000000000000000e+00   0.0000000000000000e+00   8.3265136206423455e-03   8.0953644168535260e-02
