   9.8163999999999999e-04  -2.3155821494000683e+00   3.5323326248993681e-01   1.5758070299293818e-02   1.1776615801269888e-01
   1.6911400000000000e-03  -8.2592661227727704e-01   1.6282091163643586e+00   9.1029057968247448e-03   8.9757882622231014e-02
   2.1185100000000001e-03  -1.5855003193153088e+00   2.4747503478658250e-01   7.7527956627147778e-03   8.2866773285527037e-02
   1.0559800000000000e-03  -8.2854932574982743e-01  -2.1647847509651839e+00   1.5853125045722932e-02   1.1823402189978181e-01
   2.7408100000000002e-03   9.6289199482383347e-01  -6.4971508285472523e-01   5.4777937162893801e-03   6.9565170408992030e-02
   1.8489999999999999e-04   2.4498793263752043e+00   2.5292873631040704e+00   1.2259362626815978e-01   3.0697175068421578e-01
   6.9437999999999998e-04   4.0879140193641189e-01   2.6032163239781920e+00   2.3160355437400120e-02   1.4253328129129544e-01
   1.9798999999999999e-04   3.4692891009222118e+00  -7.9016222986905929e-02   1.0667549592883074e-01   2.8762577708387788e-01
   2.1618000000000002e-03   4.2126976516332665e-01  -1.5224066551264817e+00   7.6191861696386625e-03   8.2139236928310821e-02
   1.1378800000000000e-03  -2.3023164559049403e+00  -3.3164956141283390e-02   1.6632321716939867e-02   1.2104068451253343e-01
   2.6201900000000001e-03   3.3580350503265327e-01   1.2075548597314010e+00   5.9132095612577417e-03   7.2271462576130360e-02
   1.7949100000000000e-03   1.8212394143279893e+00  -2.1144624194765121e-01   9.7408055964075951e-03   9.2898878752136982e-02
   4.0675999999999999e-04   3.0201006271056832e+00   3.4559765734483516e-01   4.3620879713070861e-02   1.9464408853337378e-01
   2.7108900000000001e-03   1.0776621850361174e+00  -4.6564349618058315e-01   5.4909302579515817e-03   6.9705777324443580e-02
   5.4637999999999996e-04   8.1090901700823803e-01  -2.6127340188010200e+00   2.4220051018524310e-02   1.4537897745685069e-01
   2.5401899999999999e-03   1.0993580430919252e+00   6.1461109640936269e-02   4.8231779544037857e-03   6.5200259429827434e-02
   2.1762600000000002e-03   1.2654444657092945e+00  -9.6492296729529869e-01   7.8576469157596897e-03   8.3372237428083029e-02
   1.3133800000000001e-03   1.8517021469690116e+00   1.0551151980331721e+00   1.2967822364659203e-02   1.0708199522576375e-01
   1.1082100000000001e-03  -1.3544845068658242e+00   1.8232175567243594e+00   1.5043848011644949e-02   1.1516403772334644e-01
   1.5465600000000000e-03  -1.8775262189155058e+00  -4.5220104663702093e-01   1.0194898656460973e-02   9.4939935350064050e-02
   3.8472300000000001e-03  -1.3040488155440996e-02   1.5473841144121719e-01   3.9824000501146031e-03   5.9331915672155233e-02
   1.6936000000000000e-03  -1.2380649890620203e+00  -1.3455122847845065e+00   9.3031929435607071e-03   9.0599877035993134e-02
   2.0743500000000000e-03   3.1744267118375594e-02  -1.6296403827252046e+00   7.9633483047798874e-03   8.3949324667328504e-02
   2.1887100000000000e-03  -7.5524208004038607e-01   1.4045878702730119e+00   7.9564826014490286e-03   8.3907526335158258e-02
   1.6295000000000000e-04  -1.9153111397303162e+00  -3.0482985716818560e+00   1.3661820893072066e-01   3.2651437104130793e-01
   1.5108900000000000e-03  -1.2693896053580580e+00   1.5136181487143801e+00   1.0871141575882795e-02   9.7993412542700206e-02
   1.4540700000000000e-03   1.9591235921163070e+00   5.4527627460264960e-01   1.1763742433119253e-02   1.0199889953768077e-01
   2.6306400000000001e-03   1.5427131206403477e-01   1.2850006284896647e+00   6.1648580631328935e-03   7.3933135859167567e-02
   1.2194000000000000e-04  -3.6980375039541888e+00   1.0547086569034164e-01   1.5125660591434692e-01   3.4159951705480407e-01
   6.9636000000000003e-04  -2.1719796399234457e+00  -1.5189328908409854e+00   2.3984319062172226e-02   1.4525667933505701e-01
   1.2044499999999999e-03  -1.3211429532775925e+00  -1.5806861072418970e+00   1.0291980497414926e-02   9.5278375045894675e-02
   2.9539599999999998e-03  -9.4054439861956973e-01   6.2991367400024656e-01   5.7077329362255260e-03   7.1096858021208770e-02
   1.4656300000000001e-03  -6.9787532566283439e-01  -1.8901030447223524e+00   1.1311075394897318e-02   1.0008196441382927e-01
   3.8290500000000001e-03  -2.1315313335086167e-01   3.4697386363352484e-01   4.2206104135977624e-03   6.1142469899978860e-02
   2.0128300000000002e-03  -1.4364333504105478e+00  -7.1856255377967782e-01   7.5415091098627310e-03   8.1548371723736121e-02
   1.1784600000000001e-03   1.3845469358489870e+00   1.7557832157446092e+00   1.4825851946936702e-02   1.1442112757609735e-01
   2.4907699999999998e-03   1.1611894270609182e+00   7.6009090689351144e-01   6.6756775567093493e-03   7.6781521535197544e-02
   6.5477999999999999e-04   2.6413627027279070e+00   5.9048357788632777e-01   2.6808486162304232e-02   1.5309328435306557e-01
   2.5958100000000000e-03   1.0278415653292670e+00  -1.0355961726458345e+00   7.7300307827661858e-03   8.2591845529397981e-02
   4.0116099999999997e-03  -1.1308333549850334e-01   2.3257357091559409e-02   4.0950650952341020e-03   6.0246445174278726e-02
   7.4744999999999998e-04   2.2581284946472158e+00  -1.1991520095520820e+00   2.0214944124089019e-02   1.3346315159321240e-01
   2.3740800000000002e-03   1.3215504967187757e+00   6.0604685580542672e-01   6.9151382508567082e-03   7.8315052744697369e-02
   3.6292199999999998e-03   6.0670024894058538e-01  -3.0745907733067490e-01   4.6265140807851017e-03   6.4050206763645132e-02
   1.2817600000000001e-03   2.0883057682974302e+00   2.9638090629606767e-01   1.2270767975890912e-02   1.0407160326812191e-01
   3.0618199999999998e-03   6.8040419330126789e-01  -8.0123391429585611e-01   5.3982789395423565e-03   6.9157519438587348e-02
   2.3757000000000001e-03   5.4930330819755790e-01  -1.3358598940302449e+00   6.8469997857725125e-03   7.7882120295015206e-02
   3.4481099999999999e-03   5.6168433816025831e-01   4.8938947712690212e-01   4.6028700137083437e-03   6.3890768336846440e-02
   1.0437100000000000e-03  -1.8081463399796205e+00  -1.4610538376469653e+00   1.6065588148413378e-02   1.1896418095640553e-01
   4.3417999999999999e-04  -2.8182365065084523e+00  -1.0328952024532414e+00   4.2833918450082512e-02   1.9193859979607927e-01
   2.3256399999999999e-03   1.4311472032028820e+00  -3.5632016098853997e-01   7.0252539775006156e-03   7.8895590765007489e-02
   4.0109200000000003e-03  -2.8895146397953503e-01   5.6755917576769975e-02   4.2457617993832894e-03   6.1369882976396735e-02
   1.6133000000000000e-04   3.1661876094784684e+00   1.7388370650938416e+00   1.4830948877186401e-01   3.3786498860822056e-01
   1.5915700000000001e-03   1.4227119918936200e+00  -1.3731184941210459e+00   1.1470318128156555e-02   1.0076559612686752e-01
   1.6557900000000001e-03  -1.8346742856480136e+00   2.2088148601895383e-01   9.2791920788504630e-03   9.0651317443648155e-02
   2.3937500000000000e-03  -8.9067782176650556e-01  -1.1903841846898935e+00   7.3660846703555985e-03   8.0691083992782950e-02
   2.2718600000000001e-03  -1.1298890223086981e+00  -1.1381314339018456e+00   8.4650840660218871e-03   8.6402764267074772e-02
   6.1481000000000003e-04  -2.2990481851707956e+00   1.4610624875202500e+00   2.6850214557378078e-02   1.5311313198145524e-01
   2.7079500000000002e-03  -5.4012552567757111e-01   1.1320209154457939e+00   6.0879060050408364e-03   7.3365780988934690e-02
   3.7919300000000002e-03  -4.8271589250592828e-01  -2.2107358751498221e-01   4.4161094595609003e-03   6.2561215074076165e-02
   1.4847999999999999e-04  -2.7055640443433306e+00  -2.4169403226176658e+00   1.4040012084057188e-01   3.3166787441481338e-01
   1.2766000000000001e-04   2.4931319210028993e+00  -2.7076090254408061e+00   1.4551578233851711e-01   3.3429905730740711e-01
   3.6470500000000002e-03   2.1277141412521711e-01   4.5454734403110425e-01   4.2482957563343814e-03   6.1268589947757940e-02
   1.0672100000000001e-03   3.2731362293595091e-03   2.2037955788471546e+00   1.2462865810939774e-02   1.0483202331534951e-01
   9.9380000000000001e-05  -9.0939420293139850e-01   3.6717914316363363e+00   1.6298847743731038e-01   3.5618124148311381e-01
   1.5886400000000001e-03   1.9017043528581372e+00  -4.7371078822175011e-01   1.1010938842636262e-02   9.8663011097906039e-02
   4.9574000000000005e-04  -7.1881929445081216e-01   2.7342189665258672e+00   2.7927721650512202e-02   1.5630371644257296e-01
   4.5131000000000001e-04  -7.0516577116364554e-01  -2.8557832469684676e+00   3.6198227476365689e-02   1.7737948980440291e-01
   3.0446999999999999e-04  -1.2266537357927862e+00  -2.9186396053791004e+00   4.9937062264026721e-02   2.0670403008083274e-01
   3.1942199999999998e-03  -3.0986857139321672e-01   8.7557757637278122e-01   4.9968567111523020e-03   6.6562047297183721e-02
   2.9361200000000000e-03   5.7680666672543979e-01  -9.6226222463503874e-01   5.5966921985451746e-03   7.0451203946393037e-02
   2.7951000000000001e-04  -3.2034722334834487e-01  -3.1993684813790395e+00   5.2549927043867933e-02   2.1218916309047708e-01
   3.6998000000000001e-04  -2.6590409623135356e+00  -1.5845314527693317e+00   4.8349666088021034e-02   2.0337934270664318e-01
   3.7219800000000002e-03  -8.0811293823549635e-01  -2.5497099740525514e-01   5.4671657746274355e-03   6.9502325164368786e-02
   2.5841499999999999e-03  -5.2923733148289098e-01   1.3666267173208608e+00   7.8637635766092319e-03   8.3224118773904274e-02
   1.1857500000000000e-03  -1.7117449386291730e+00   1.3425609951043984e+00   1.3061117065271025e-02   1.0732207843724749e-01
   3.6517000000000000e-04  -2.3123981703435512e+00  -1.9535730797054158e+00   3.7423470167969972e-02   1.8023746309078598e-01
   3.3229200000000000e-03  -1.3322980946624668e-01   8.2645505378786421e-01   4.7801649586083905e-03   6.5058365280061176e-02
   2.4537900000000000e-03   9.9612170722735205e-01   6.7482935711071712e-01   5.1587642040827851e-03   6.7532659392360320e-02
   3.9600700000000004e-03  -1.8251081904831340e-01   1.8270935008248135e-01   4.1520247618512564e-03   6.0676901241091430e-02
   4.1073100000000003e-03   1.6733387413786369e-01  -1.2616919410652233e-01   4.2669299358438920e-03   6.1451491656280027e-02
   8.1992000000000002e-04   5.7526699104551306e-02   2.5051915463743066e+00   1.9607474429826608e-02   1.3134384870224775e-01
   1.2767000000000000e-04   1.3203571310227171e+00  -3.4472289899310633e+00   1.5973736728734084e-01   3.4842651460331092e-01
   1.7817700000000000e-03  -1.5707348011581330e+00  -9.1789578046082698e-01   9.5612863699905664e-03   9.1840786951481235e-02
   3.3526699999999999e-03   5.8855433652229672e-01  -6.2543148546629324e-01   4.9162243243376673e-03   6.6020330719747736e-02
   2.3920399999999998e-03   1.2854288994230427e+00  -5.0666629682434783e-01   6.3364886953103288e-03   7.4872808681400699e-02
   2.4229000000000001e-04   1.7618923964533924e+00  -2.8182718618780664e+00   7.0021436324810199e-02   2.4095356138375976e-01
   2.7424900000000002e-03  -2.6043115386637816e-01  -1.1621582246863316e+00   5.6932820275499944e-03   7.0959851149850359e-02
   2.5333700000000001e-03  -7.2268364610897529e-01   1.1924725672669758e+00   6.8837691369720991e-03   7.7931961440390357e-02
   4.9594999999999999e-04  -2.1049662428045011e+00   1.9396066171611448e+00   3.2939242887824599e-02   1.6831625176962955e-01
   3.1850999999999998e-04   2.5194946670881539e+00   1.8867908913166547e+00   4.8920539441658140e-02   2.0548264800830410e-01
   2.3328300000000001e-03  -1.0900791605554845e+00   1.0368476046363477e+00   7.3171772973282170e-03   8.0475421694339203e-02
   3.3685199999999998e-03   5.8551057704109080e-02   4.2514452467478064e-01   3.7756531109822428e-03   5.7788222603583989e-02
   3.0658800000000000e-03  -4.9986965382312931e-01   9.2989812972712316e-01   5.4111685233008515e-03   6.9262781505791543e-02
   2.1659100000000001e-03   8.9951161118567136e-01   1.2437537485341379e+00   7.1976053883907824e-03   7.9738951335765529e-02
   3.3734300000000002e-03   9.4068373429716379e-01   1.7072388098396563e-01   5.4361690203917614e-03   6.9383050776151048e-02
   2.5727400000000000e-03  -4.3368998911599406e-02   1.3485789647330841e+00   6.4331159360962653e-03   7.5511356561013640e-02
   3.6709300000000002e-03   6.2370805317641320e-01   6.9263214656571743e-03   4.5354027804454349e-03   6.3371094146176088e-02
   2.3270700000000001e-03  -3.5480502232809136e-01  -1.3743875726805073e+00   6.5149026996928327e-03   7.5865075010648070e-02
   6.9315999999999996e-04   2.6220939971269783e+00   1.0317077002754049e-01   2.2961544548680077e-02   1.4170441813050774e-01
   2.1764499999999999e-03  -3.4977887640608152e-01   1.5737805998056411e+00   8.3067372334063531e-03   8.5530233132737540e-02
   4.6744000000000001e-04   9.2347185265893666e-02   2.9303856822944532e+00   3.5661869367468978e-02   1.7668095581175827e-01
   4.2917999999999998e-04  -1.8503925441777780e+00   2.3623200339339410e+00   4.2321721245514907e-02   1.9028007373875033e-01
   3.1250599999999998e-03   8.8209207746650720e-01  -4.7563413892937623e-01   5.2481490707984493e-03   6.8181684083534561e-02
   1.6311299999999999e-03   1.7873598668735782e+00   7.5356321656750358e-01   1.0900322573014844e-02   9.8197066201231156e-02
   2.5695599999999998e-03   8.0218725393054624e-01   1.0204780575809698e+00   6.0953898100627795e-03   7.3420087874131623e-02
   4.0979399999999996e-03   2.6925738992197579e-01   1.2729755890840300e-02   4.3469977193769348e-03   6.1964056193867037e-02
   2.1291600000000002e-03   1.5922110825365348e+00   2.4358802024531334e-01   7.9663377569480359e-03   8.3956016175741985e-02
   3.9277000000000001e-03  -3.0883434294613141e-02  -3.9771623956319851e-01   4.3001669705136263e-03   6.1713057505138842e-02
   2.7292499999999999e-03  -5.5945532656991237e-01  -1.0405538840025086e+00   5.6584788161523581e-03   7.0675563377465084e-02
   2.3224299999999999e-03   1.2980220834026415e-01   1.4972590014111014e+00   7.3221171024012910e-03   8.0485298003778252e-02
   3.8790999999999999e-04  -3.0290378541914107e+00   4.3622410489639452e-01   4.6006073928051998e-02   1.9904613324697762e-01
   2.5726099999999999e-03  -1.3554510588521100e+00   2.6094989042932298e-01   6.7380151465630611e-03   7.7276721705292109e-02
   2.5402400000000000e-03   1.2540648822733824e+00   3.9474080274339907e-01   6.1516924593958090e-03   7.3774905760299506e-02
   5.0798000000000000e-04   2.5596062514972377e+00   1.3776200821829783e+00   3.6478955215249673e-02   1.7818637701313278e-01
   6.9729999999999998e-04  -1.8945075919570604e+00  -1.8399302814143794e+00   2.3572258442278921e-02   1.4382839546896933e-01
   1.4962700000000001e-03  -6.5263645654774993e-01   1.8437076186722383e+00   1.0424700550746163e-02   9.5968289854623814e-02
   3.6679000000000000e-03  -2.1587920133726224e-01  -3.7584564307699936e-01   4.2021578874410171e-03   6.0817919798665090e-02
   2.2348099999999998e-03   1.1443580290527273e+00  -6.4299564200659176e-01   5.3989149329608703e-03   6.9100388409367247e-02
   1.2506600000000000e-03   2.9754519539750846e-01   2.2140937035958888e+00   1.5682994279352349e-02   1.1756826408238667e-01
   3.2629700000000000e-03  -3.3765594719217240e-01  -9.9001093177836319e-01   5.7770333359987262e-03   7.1424608618008922e-02
   2.7721299999999998e-03   4.5772028479605881e-01  -1.1295081882214710e+00   5.9166157301675593e-03   7.2405384471935244e-02
   3.2464099999999999e-03  -2.9334579064900351e-01  -5.0212955672634585e-01   3.9570576471789961e-03   5.9096026093839099e-02
   3.4778800000000000e-03  -2.7111660144511390e-01   6.9606120515384651e-01   4.6462421971106170e-03   6.4185740999775989e-02
   3.6214000000000000e-04   3.0061296608067534e+00  -6.3326534459251349e-01   4.3833610766546897e-02   1.9494849963139579e-01
   3.6324899999999999e-03   5.0608389941791510e-01  -4.5752182379660855e-01   4.6427855552058197e-03   6.4174917530913270e-02
   2.9412499999999999e-03   9.2401288744104970e-01   4.9741596978982039e-01   5.1597993889943797e-03   6.7624527324374697e-02
   3.1951900000000001e-03   5.2459394320148944e-01   8.2193433005002381e-01   5.2572655460646775e-03   6.8169431490360657e-02
   5.1281999999999999e-04  -2.8108459562554922e+00  -5.3615338135033275e-01   3.2582198882124276e-02   1.6847903980989581e-01
   2.1624800000000000e-03   8.6213375618103116e-01  -1.1546456886599878e+00   6.2217040820556511e-03   7.4144235454609519e-02
   1.3740800000000000e-03  -2.0048187947212894e+00   4.3813563545489120e-01   1.1519281164675247e-02   1.0089859666163015e-01
   2.4365799999999998e-03  -1.2268875742762511e+00  -7.1285011844099511e-01   6.7655127195128222e-03   7.7383778402517603e-02
   2.1178600000000001e-03  -1.1405574649022219e+00  -9.2253354804289667e-01   6.3993553016167956e-03   7.5066948037258094e-02
   1.0648000000000000e-04  -3.2048545339572687e+00   1.8823309458048398e+00   1.3993578726101932e-01   3.3052780892943634e-01
   3.6540000000000001e-03   4.8359818214600458e-01   3.2295590778175282e-01   4.3680304552453928e-03   6.2234125091170850e-02
   1.5449000000000001e-03  -1.4298577495424372e+00   1.3103787903867925e+00   1.0303410907042414e-02   9.5456771832962070e-02
   2.0100199999999999e-03   6.5399634760248326e-01  -1.5490095582883923e+00   8.3689506227905119e-03   8.6060542085259553e-02
   2.9141499999999999e-03   2.5659189105053022e-03   1.1409646476007156e+00   5.6572267488999971e-03   7.0805472834152533e-02
   2.8606999999999998e-04  -2.5556906230963548e+00   1.8747807550365858e+00   4.7137406499804316e-02   2.0197474302611343e-01
   2.7402500000000001e-03   1.2085343387755423e+00  -3.1266474499192959e-01   6.0440556330249107e-03   7.3163890624919986e-02
   7.0155000000000000e-04   2.1378288370638279e+00   1.6063110027217784e+00   2.5933268457489306e-02   1.5099627213362618e-01
   1.2602100000000001e-03  -4.9878365247868001e-01  -2.1173878275616738e+00   1.3658117926416330e-02   1.0986652441063434e-01
   2.8904999999999998e-03  -3.4538382091298425e-01   1.0546221241126008e+00   5.4399233218910626e-03   6.9410831017951494e-02
   3.0873200000000002e-03  -1.0008624080005870e+00  -2.3671501275087276e-01   5.3071564554628735e-03   6.8571938448826239e-02
   2.1822500000000002e-03  -1.6860918092956986e-01  -1.3322557228393603e+00   5.4679963267794413e-03   6.9559481806627299e-02
   1.0286000000000000e-04   3.6216989383208369e+00  -9.3096706793217532e-01   1.5163959392631784e-01   3.3998375104696654e-01
   2.3176600000000000e-03   1.4832291933961164e+00   2.9897094810260313e-02   7.0929083918547580e-03   7.9245047710643876e-02
   3.1760800000000000e-03   2.4100332143219039e-02   9.5298051545162799e-01   5.0967128573563350e-03   6.7180394081331959e-02
   1.8916700000000000e-03  -1.0028038044675820e+00   1.4505268230566231e+00   9.0556244804359462e-03   8.9521699086395692e-02
   1.9763099999999998e-03   1.7110446415107694e+00   3.0044471121655460e-02   8.7180474763416428e-03   8.7829870608156085e-02
   3.2341000000000002e-03  -1.0277097789909027e+00   9.8374775285714422e-02   5.5770109386094986e-03   7.0333555718035234e-02
   1.7968100000000000e-03   1.4622063822937934e+00  -1.0945226998320345e+00   9.7445053393641502e-03   9.2819214361725910e-02
   7.7152999999999998e-04   1.0607363572733668e+00  -2.3158730254442395e+00   2.0438330391123919e-02   1.3414258218424993e-01
   2.3115200000000001e-03   5.2815423815097617e-01   1.3280114241429712e+00   6.5167726391153384e-03   7.5967130721062578e-02
   1.1068300000000001e-03   2.2504933114145040e+00   3.2049531733124324e-02   1.4310211341187210e-02   1.1234627414959261e-01
   1.2396000000000000e-03   1.5494753078235302e+00   1.5029624043467167e+00   1.3017285941765150e-02   1.0718685496013354e-01
   2.0131200000000002e-03   1.5412140943870933e+00   6.7396180186765753e-01   8.4336543489584893e-03   8.6382802101682921e-02
   1.3071000000000000e-04  -3.3291286995045715e+00  -1.5926814592433953e+00   1.4607510986812816e-01   3.3795010675901477e-01
   3.2755100000000001e-03   3.5031700275313588e-01   7.8787968937389674e-01   4.8198761013917542e-03   6.5305781744474323e-02
   4.7950000000000000e-04   1.4782719594235397e-01  -2.9093545486545755e+00   3.5547610602555506e-02   1.7571807215877222e-01
   1.0866100000000000e-03   1.8486920865519343e+00   1.3842923701448269e+00   1.6064591413179109e-02   1.1901468219424645e-01
   1.2706300000000000e-03  -4.8953960933070728e-01   2.0759014620751906e+00   1.2608984135325369e-02   1.0558311548913167e-01
   2.4903600000000001e-03   1.3753412577623725e+00   2.1962496007235793e-01   6.6818312835507888e-03   7.6948266482739142e-02
   2.3788999999999999e-04   3.0082868182857503e+00  -1.2053221624419457e+00   5.0872609872128507e-02   2.0846234228037910e-01
   2.1138400000000001e-03  -7.8000640476114735e-01  -1.4221450188188800e+00   8.0828498026843804e-03   8.4525551672560220e-02
   1.4465400000000001e-03   1.3755202382752953e+00   1.3048142635937310e+00   8.9636914664408211e-03   8.8980863702347909e-02
   2.9982000000000001e-04  -1.0876357216736028e+00   2.9938044458023527e+00   5.1933827459952474e-02   2.1104616878924073e-01
   1.8629199999999999e-03  -6.1404858490101411e-01  -1.6317194389368002e+00   8.7352151796630962e-03   8.7882994884552867e-02
   1.6942999999999999e-03   1.1735394633283893e+00  -1.4798617803079175e+00   1.0264638213113486e-02   9.5300161240199424e-02
   1.7347199999999999e-03   1.8306674173080226e+00   2.7008155057443889e-01   9.8098436072540842e-03   9.3130620006381878e-02
   1.4711800000000001e-03  -2.1261324628595887e-01  -2.0226218914195382e+00   1.1806557053458027e-02   1.0224970083793722e-01
   3.5213499999999999e-03  -5.6833174088655114e-01  -5.1654024656092934e-01   4.7770803734606898e-03   6.5069776010993369e-02
   1.5309700000000000e-03  -1.7079164533461626e+00   8.5996796532257813e-01   9.7745598652462969e-03   9.2838045043395018e-02
   9.3723000000000005e-04   2.4305311047628675e+00  -2.3976378231169354e-01   1.8974299797703289e-02   1.2923399055620083e-01
   2.6374699999999998e-03   1.1220888050267381e+00   5.3471730463423583e-01   5.8189680273383546e-03   7.1751381973347822e-02
   2.2208800000000002e-03  -1.5528938310082072e+00  -1.5586238440766867e-01   7.6520387659285748e-03   8.2331333833888937e-02
   2.1171699999999998e-03   7.4203918733162977e-01   1.4072479656117862e+00   7.6041704138077567e-03   8.2041616951038759e-02
   2.6612099999999998e-03  -1.0719714293607916e+00  -5.7467576981722535e-01   5.6729819834576978e-03   7.0834311177568082e-02
   1.2310600000000000e-03  -1.9182361240183934e+00  -7.0155998392112617e-01   1.0126224104559156e-02   9.4490134894854111e-02
   2.9643400000000002e-03   1.0366876701796985e+00   3.4815025899613633e-01   5.5047607605312248e-03   6.9802352368446702e-02
   9.3539000000000003e-04   2.2523146918711210e+00  -8.4280084348621176e-01   1.7186373160290282e-02   1.2322917084779959e-01
   3.6172700000000001e-03   4.0831810075467456e-01   1.6406336169046429e-01   4.1398620270163928e-03   6.0400220534804719e-02
   3.2220299999999999e-03  -8.5485706953780027e-01   4.4719106363693878e-01   5.2097313792096927e-03   6.7922108483886967e-02
   3.4996799999999998e-03   6.5720943003457022e-01   3.3212720666754220e-01   4.6410912614918776e-03   6.4134006432954638e-02
   1.3527000000000001e-03  -2.0895232424002379e+00  -2.7055070175656226e-01   1.2702107540492067e-02   1.0597095135507749e-01
   3.1903900000000000e-03  -7.0677735845975875e-01  -6.4622389793258506e-01   5.1401600074523933e-03   6.7472676567584017e-02
   3.2324900000000002e-03  -5.1870434122746290e-01   4.3780826056888955e-01   4.1801590002202380e-03   6.0777430961970726e-02
   1.9487300000000001e-03  -1.4525396987721018e+00   8.6077585981887583e-01   8.2306972412913553e-03   8.5400695350102321e-02
   3.3834400000000001e-03   4.5593915276914582e-01   6.3996257909996346e-01   4.6521548289538070e-03   6.4211953216959786e-02
   4.0426699999999999e-03   1.2783836363311291e-01   2.8228520109135369e-01   4.2997913839749029e-03   6.1683038925419313e-02
   2.2086300000000001e-03   1.5766775884827824e+00  -1.8035960696211167e-01   7.8828076633135624e-03   8.3561052177254472e-02
   1.9427500000000000e-03  -1.0052912054837633e+00  -1.3804676700361598e+00   8.6793726761698140e-03   8.7390193307249078e-02
   3.5816899999999998e-03   7.0444205075790611e-01  -1.5335629903926359e-01   4.6904390106419259e-03   6.4493711481691890e-02
   2.0422399999999999e-03   1.0123471177836287e+00  -1.3000373706844670e+00   8.1552802648571423e-03   8.4871343888719628e-02
   3.9973400000000003e-03  -3.5738151657668310e-01   2.2261868864044579e-01   4.4418733423590671e-03   6.2688775075542394e-02
   1.8213100000000000e-03   7.8976004474547312e-01   1.6408596529254791e+00   9.6668446765991057e-03   9.2474051947727134e-02
   6.2525000000000005e-04  -2.6348711858610714e+00  -1.5505562742468532e-01   2.1153505917305342e-02   1.3627049511599856e-01
   7.6650000000000004e-04  -1.0307879644760716e+00   2.4169681133956886e+00   2.5320664278489943e-02   1.4885408919683474e-01
   1.4086599999999999e-03  -1.6815797559639918e+00  -1.1724395507265475e+00   1.1680078226174130e-02   1.0172892072132478e-01
   1.1139200000000000e-03  -2.0311306108891660e+00   9.1995642646031062e-01   1.3781821115009424e-02   1.1022240594324624e-01
   6.1116000000000002e-04   1.4632715629034023e+00  -2.3260484247896547e+00   2.7818348327454556e-02   1.5604886635373180e-01
   1.2087500000000000e-03   9.0149890614084105e-01  -2.0248609807270008e+00   1.4297039973963747e-02   1.1237245961488715e-01
   1.6129000000000000e-04  -2.5003792101747795e+00   2.5728867362549628e+00   1.2276175247850897e-01   3.1124923693335438e-01
   4.0404799999999999e-03   6.7955350667446887e-02  -2.6444227850463975e-01   4.2499142855344013e-03   6.1347557386037428e-02
   7.7048999999999998e-04  -2.4632261097549448e+00  -7.6572729929307282e-01   2.1852290226744522e-02   1.3871505112020005e-01
   2.7020500000000001e-03  -1.8444028480889085e-01   1.1952036084728570e+00   5.7027187259299523e-03   7.1057822104621512e-02
   2.4828099999999998e-03  -1.0966745172036507e+00  -3.9666189728449053e-01   5.0244709115699962e-03   6.6608321929401734e-02
   2.3408000000000001e-03  -1.2254718210630529e+00   8.4783005364772235e-01   7.1636992933059446e-03   7.9659061815001805e-02
   2.0484900000000000e-03   5.4610313726417392e-01   1.5433581547301518e+00   7.9658728913305880e-03   8.3959827276791035e-02
   1.2872900000000000e-03   1.3584845868821793e+00  -1.6831337497139589e+00   1.3678230811717637e-02   1.0988790845226055e-01
   3.3314000000000000e-03  -9.3840657504622160e-01   2.7611000840650152e-01   5.4230969152076237e-03   6.9320735720231133e-02
   8.9001000000000000e-04  -2.3948794574619625e+00  -3.8406997068696797e-01   1.7628761737791862e-02   1.2433841699506457e-01
   1.3060800000000000e-03   5.7637874561640878e-01   2.0420213554305402e+00   1.2775093522440642e-02   1.0614801011229445e-01
   1.5143299999999999e-03   6.3483449190863087e-02   1.9528446546941092e+00   1.0661819633780833e-02   9.6800128145035927e-02
   2.8325099999999999e-03  -8.3314802911543384e-01  -8.0661763838212652e-01   5.6675679804018518e-03   7.0816692658876287e-02
   7.3724999999999995e-04  -1.5773473922923134e+00  -2.0745112848352361e+00   2.2639519219051042e-02   1.4106787709493893e-01
   1.6305300000000000e-03   7.7473358419601901e-01  -1.7699403155052496e+00   1.0720639754541414e-02   9.7389877328253896e-02
   1.8479200000000001e-03  -1.5262172383849704e-01   1.7683955223616969e+00   9.1276118102182457e-03   8.9775913355671255e-02
   8.5486000000000004e-04  -1.9176260769801960e+00   1.5950720574769237e+00   1.9568078098654663e-02   1.3140683657973884e-01
   5.1037000000000001e-04   2.0065901786756233e+00   2.0711898463138576e+00   3.4836464954571149e-02   1.7422597976187024e-01
   3.9498800000000002e-03  -4.6428205623081203e-01   9.5895637114997018e-02   4.4968712640804879e-03   6.3115902241448821e-02
   2.1910800000000002e-03   1.3100675170694642e+00  -7.4200920391838032e-01   6.9751279565159561e-03   7.8504459417089528e-02
   1.3093999999999999e-04  -9.4781364969125637e-01  -3.5596603991840459e+00   1.5583311315285647e-01   3.4638348918133238e-01
   9.9865999999999996e-04  -1.5743269619368065e+00  -1.7082693980931938e+00   1.5266154622799604e-02   1.1606134883084632e-01
   7.8260000000000005e-04   1.5536444437419634e+00   2.0693756971307962e+00   2.2882387428091178e-02   1.4194970067909143e-01
   8.9446999999999997e-04   1.7588724913829492e+00   1.7487533365272205e+00   1.9872833743527558e-02   1.3242455055807775e-01
   3.3528099999999999e-03  -1.9188880972491273e-01  -8.4899391984387473e-01   4.9733049832677125e-03   6.6385128781635397e-02
   3.8986200000000002e-03   4.4688192700626789e-01   7.6605398870800284e-03   4.3943734199493921e-03   6.2339858303235428e-02
   1.8655900000000001e-03  -1.3975171667066537e+00  -1.1414343100371112e+00   9.7829482923933141e-03   9.2923342034747114e-02
   3.0092399999999998e-03  -8.8031568146116823e-01  -6.0690383659138647e-01   5.4218749718671268e-03   6.9288272138242998e-02
   3.5470699999999998e-03   4.0616830355292616e-01  -6.0630722307929164e-01   4.6795011806743123e-03   6.4407119329961723e-02
   2.6513800000000001e-03  -7.5404745063696632e-01  -1.0145897322082187e+00   6.0209107115885277e-03   7.3018987102016611e-02
   1.8884900000000000e-03  -1.6723023776329240e+00  -6.5760518273352986e-01   9.7876540038332304e-03   9.2947284999072954e-02
   3.8527800000000001e-03   4.2584426673515235e-01  -2.9601978283736430e-01   4.4399316484545455e-03   6.2749360811516858e-02
   4.0010000000000002e-04  -2.8237292851953004e+00   8.8984251414085702e-01   3.4559494078319555e-02   1.7314462756404575e-01
   9.2247000000000000e-04   2.1499341905006060e+00   1.2034303259113333e+00   1.9899046665042140e-02   1.3230965956688334e-01
   1.4281100000000000e-03   1.6101977065972657e+00   1.2063573426756407e+00   1.1003145134780267e-02   9.8609926123658653e-02
   3.3895700000000002e-03  -6.7894261872022355e-01   4.3706101621019111e-01   4.8458392004931510e-03   6.5378424189036763e-02
   2.4047600000000001e-03  -1.4597202412262000e+00   6.2752570661354007e-02   7.0876517120140878e-03   7.9240648589935236e-02
   3.7494700000000000e-03  -5.5959294948116101e-01  -4.6869796710000938e-02   4.4649529811199296e-03   6.2891455860288700e-02
   1.2757400000000000e-03  -9.8239885167275154e-01  -1.9017115501033510e+00   1.2848128916464375e-02   1.0657824236849643e-01
   1.3791200000000000e-03   1.9570529000845056e+00  -7.5443922244472228e-01   1.2677504816925077e-02   1.0581891091237275e-01
   4.0023000000000001e-04   2.8977725905657539e+00   1.0048328168556158e+00   4.8429433461762428e-02   2.0390374646629225e-01
   5.4768999999999998e-04   2.5933059597763659e+00  -9.8274255160030621e-01   2.6862528161546231e-02   1.5319663127236219e-01
   2.8446800000000000e-03  -6.8766263715429343e-01   9.7662852531154865e-01   5.8923968767599574e-03   7.2235979230214492e-02
   3.6472700000000002e-03   5.7247403469710678e-01   1.6687460421449257e-01   4.4430552787225438e-03   6.2694442369089914e-02
   2.1164500000000002e-03   1.1477543467456897e+00   1.2404665594530582e+00   9.0108115976561317e-03   8.9282164784656504e-02
   2.6916399999999999e-03   1.1652759057325208e+00   2.2015542479025707e-01   5.6578669420321182e-03   7.0601925449738104e-02
   3.4330200000000002e-03   3.0287720786930306e-01  -7.5573368108276406e-01   4.8396878497414236e-03   6.5501492560071622e-02
   1.9247999999999999e-03   9.8618181238418345e-01   1.4563932501676031e+00   9.1925210632512935e-03   9.0131027219534463e-02
   2.2545899999999999e-03   1.1700583579111956e+00   9.7607421777915371e-01   7.4906774241906325e-03   8.1248388116556963e-02
   4.0967000000000000e-04  -1.4308189119576595e+00   2.6005529275041419e+00   3.6020799615523874e-02   1.7662656866373344e-01
   3.2714699999999998e-03   7.3894270068313739e-01   4.9880736321653468e-01   4.9400117163371036e-03   6.6156445767577191e-02
   2.3191700000000002e-03   1.2786403450717075e-02  -1.4043646793049664e+00   6.3548732888416438e-03   7.4995268842240337e-02
   4.1250000000000002e-03  -5.4418180278941686e-01   2.6832363231457390e-01   5.0546822826227477e-03   6.6882301245129866e-02
   1.6625200000000000e-03   3.2040576533274268e-01   1.9033065601904400e+00   1.0965920968815480e-02   9.8359838380558645e-02
   1.1516499999999999e-03  -8.9943678634556079e-01   1.8764581812037009e+00   1.0332825496782983e-02   9.5483261716697937e-02
   3.4054300000000001e-03   1.3540342532403299e-01   1.1357244142132991e-01   3.5791787702065142e-03   5.6158862150717817e-02
   3.5429099999999998e-03  -7.4722401245240411e-01  -4.8642107940265834e-02   4.8148683632609898e-03   6.5219885960378324e-02
   1.8527299999999999e-03   9.1395307298545547e-01  -1.5393021464590340e+00   9.3367333166431109e-03   9.0950966252735729e-02
   1.7729300000000000e-03   1.7044152310902567e+00  -6.7146761822547008e-01   9.7152830805394032e-03   9.2696129190311227e-02
   1.4947900000000000e-03   1.0666423601461257e+00   1.7179905306773660e+00   1.1735778060260067e-02   1.0186310271415966e-01
   2.9829600000000002e-03  -1.0441040780359778e+00   4.5177739058278971e-01   5.7792652693480096e-03   7.1577844652099973e-02
   2.3758199999999998e-03  -2.5992707057861808e-01   1.3945155533692271e+00   6.7735590145524688e-03   7.7205410526596172e-02
   2.4726700000000002e-03  -9.5082256843298563e-01  -9.8245433617439237e-01   6.4068189885307337e-03   7.5284062162101123e-02
   2.5167000000000002e-03  -6.7286781833267284e-01  -1.2155225687242619e+00   6.6929508362013361e-03   7.6978330926533667e-02
   2.1322400000000001e-03   9.9610576596080591e-01   1.0649552562838860e+00   6.3485863763308925e-03   7.4877630259182690e-02
   1.9421300000000000e-03  -1.4757605651966419e+00  -5.1583886810114410e-01   6.7915866581693502e-03   7.7414576839924212e-02
   1.0673099999999999e-03  -2.2041202856029041e+00   6.7241160678410639e-01   1.5545585407446079e-02   1.1704720017211744e-01
   3.3864400000000001e-03  -9.1660258536769368e-01  -7.1977776183660760e-02   5.2848479071679047e-03   6.8359646078757955e-02
   1.3701700000000000e-03   1.6846927734308981e+00  -1.2398871751555607e+00   1.2519548055716530e-02   1.0519061210726859e-01
   9.5189000000000005e-04   6.8091839278430022e-01  -2.2894730237145677e+00   1.6866060985822114e-02   1.2207908695823284e-01
   1.9340200000000001e-03  -1.6398436903713076e+00  -3.8666145414170588e-01   8.2022076844313167e-03   8.5073466827738073e-02
   1.1548000000000001e-03   1.9574630138138516e+00  -1.0670257330551804e+00   1.4283886278347858e-02   1.1217708781996318e-01
   6.9143000000000004e-04   4.3016501727995010e-01  -2.5962760179211317e+00   2.2970048762645627e-02   1.4164330783799284e-01
   2.5299099999999998e-03   6.5517976763020702e-01  -1.1510418543508791e+00   6.1608463693161985e-03   7.3868387680403574e-02
   4.0491900000000003e-03  -4.2455359076141885e-01  -3.9375734582220046e-01   4.8721699223040075e-03   6.5692497769717820e-02
   3.9669700000000002e-03  -3.8909013253492630e-01  -7.6471125327693720e-02   4.3455087643798785e-03   6.2057784929781416e-02
   3.1546399999999998e-03   8.8907376050240439e-01  -1.6444515029019866e-01   4.9299044397919734e-03   6.5888378712936624e-02
   3.7337500000000001e-03   4.7337988227258328e-02  -5.6597543640192505e-01   4.4349405410697334e-03   6.2704857299392264e-02
   1.1327200000000000e-03   3.5238772609724517e-01  -2.2460571687289312e+00   1.5367254654329983e-02   1.1642470472852610e-01
   2.5788000000000000e-03  -1.0184036807949939e+00  -7.6751935359066448e-01   5.9031176199653840e-03   7.2271379524969995e-02
   2.5858200000000000e-03  -1.3318918227697700e+00  -1.0190829374168213e-01   6.4105837464611239e-03   7.5368972434835202e-02
   1.4912300000000001e-03  -1.9547109673066811e+00  -2.3561605618530154e-02   1.0452911061308809e-02   9.5859557251284297e-02
   5.2187999999999996e-04   2.2393619883096401e+00  -1.5954347954532708e+00   2.3324215317212439e-02   1.4329997973237726e-01
   1.3766200000000001e-03  -1.0901214502966701e+00   1.7082165738873920e+00   1.1093616571809338e-02   9.8877974660577433e-02
   3.6112800000000001e-03  -8.6709546714789143e-02   4.7893391599762020e-01   4.1812727121342619e-03   6.0766963238958610e-02
   2.5670300000000001e-03   3.4323243768100936e-01  -1.2993254754467753e+00   6.4553686073912150e-03   7.5581759591183587e-02
   3.4592099999999999e-03   7.4760688298307720e-01   1.7015135002971774e-01   4.7453830460059097e-03   6.4787152044819718e-02
   3.8757800000000001e-03  -2.8741576559375103e-02  -1.2868996773885000e-01   4.0316905957542568e-03   5.9645223704117296e-02
   3.1706000000000000e-03   3.8402207318192799e-01  -9.3513447065139210e-01   5.3468471541620989e-03   6.8856221543678445e-02
   4.0037900000000001e-03   2.4512050516272760e-01  -2.8129167565233237e-01   4.3280873113190890e-03   6.1950372524169614e-02
   2.0346000000000001e-04  -3.3891109916890629e+00  -7.2591719663327203e-01   1.0447939464637343e-01   2.8720684636124955e-01
   2.6914700000000001e-03   1.4673868486386232e-01  -1.2491521127018221e+00   6.0299744925424335e-03   7.3067437759131965e-02
   1.0111700000000000e-03   2.2508806254477132e+00   6.1098044238932958e-01   1.5851234090621349e-02   1.1812980398889962e-01
   7.0673999999999997e-04  -2.3817300588100578e+00  -1.1805172321694131e+00   2.4591815695212422e-02   1.4695426517568330e-01
   7.0240999999999999e-04   1.2590321709487857e+00   2.3616806049593499e+00   2.6173928623223111e-02   1.5154310993878051e-01
   3.2737800000000000e-03   8.4033444127335111e-01   3.2836299410599273e-01   4.9836649118840783e-03   6.6448020001172808e-02
   1.9570400000000002e-03  -1.3373907373275531e+00  -9.2794728503361745e-01   7.6747891490024575e-03   8.2181288087531917e-02
   3.5001699999999999e-03  -8.4028152298718994e-01   1.1065823677911114e-01   5.0541303813380102e-03   6.6945108190330699e-02
   3.2751600000000001e-03   4.8731216264924271e-01  -7.8017576613928685e-01   5.0504603930798149e-03   6.6885475593222138e-02
   3.9591399999999999e-03   3.4624591943656646e-01  -1.4013497666302047e-01   4.2963371511136762e-03   6.1722931271925782e-02
   6.2005000000000003e-04   8.6541194263588272e-01   2.5902227232779551e+00   2.7036877733839833e-02   1.5394306696018931e-01
   3.7923999999999998e-04  -3.0597196029645519e+00  -9.3607925908296571e-02   4.4019535991500713e-02   1.9499289802126241e-01
   1.0413700000000000e-03  -1.9876519564659170e+00  -1.1843275499733523e+00   1.5792919408288846e-02   1.1784889428496138e-01
   1.1142500000000000e-03  -1.8138854674113132e+00   1.0875590479968551e+00   1.0611758044663086e-02   9.6831320184640440e-02
   3.3104400000000000e-03   3.0988002154151435e-02   7.7378653852018464e-01   4.5686302297875290e-03   6.3560468181637700e-02
   8.2916000000000001e-04  -2.3762961574049193e+00   1.0175859143735622e+00   2.4320456795048590e-02   1.4616596233468135e-01
   1.7123600000000000e-03  -4.0256808549660300e-01   1.8031643031248907e+00   9.6198831490292812e-03   9.2254058688699819e-02
   1.7167000000000000e-03   4.1320389153414801e-02  -1.8805303872162469e+00   1.0221306764505717e-02   9.5126362936694200e-02
   1.9133200000000000e-03  -1.5910291629289703e+00   6.4389668434825387e-01   8.5316210944197390e-03   8.6860751926137153e-02
   3.7785900000000001e-03  -5.2866525251021881e-02   3.0668931512409459e-01   4.0359292634680769e-03   5.9770100740811585e-02
   1.8528500000000001e-03  -1.9007866677711752e-01  -1.7579451669785779e+00   9.0036963469551957e-03   8.9251857604644408e-02
   3.6767100000000001e-03  -7.4203774023834868e-01   2.7227329061029232e-01   5.1178213635522723e-03   6.7330531704638125e-02
   4.0401500000000002e-03  -2.1346659953785807e-01  -1.0521289460960090e-01   4.2225924484623522e-03   6.1166613451233746e-02
   3.3100000000000000e-03  -4.4908754947434082e-01   7.4753757611566996e-01   4.8808953318875900e-03   6.5792723133540593e-02
   2.6708499999999998e-03  -4.7438895050656217e-02  -1.1910917251357904e+00   5.5408700616348906e-03   7.0023436759874352e-02
   3.5293799999999999e-03  -6.1151373451168090e-01  -3.4718146698731378e-01   4.6546366352782217e-03   6.4074299201075421e-02
   1.4474200000000000e-03   1.0620274015817746e+00  -1.7536408296526471e+00   1.2120681340616144e-02   1.0356507811480360e-01
   1.5063000000000001e-04  -1.8293804643446123e+00   3.1217659366840609e+00   1.2855203158558290e-01   3.1897311435803588e-01
   3.0025099999999999e-03  -1.1411515167095692e+00   2.6932778063888529e-01   6.0404136421408003e-03   7.3186815396829072e-02
   2.9265300000000001e-03  -8.2120387375830672e-01   8.0850510387458507e-01   5.7733631057606937e-03   7.1505012220184197e-02
   2.1457199999999998e-03   1.4881332495537534e+00  -5.8752434904936413e-01   7.8423840658545657e-03   8.3288431776873215e-02
   4.5744999999999998e-04   1.9136652391529694e+00  -2.2438386256846838e+00   3.8300119701345933e-02   1.8217380120886775e-01
   3.2851199999999999e-03   1.9069445921663880e-01  -9.0519905698301606e-01   5.0923871504776315e-03   6.7185319493901538e-02
   1.5893000000000000e-04   1.9070027134421386e-01  -3.5672686187038969e+00   1.3885531792439093e-01   3.2287914968555809e-01
   3.0936900000000001e-03   9.9811401622390217e-01  -3.0302963026543495e-01   5.4611200864523781e-03   6.9477808048404949e-02
   3.7537000000000000e-03   5.9391928940938421e-02  -7.1965062787380111e-03   3.9211780471917887e-03   5.8724859117736325e-02
   3.3461999999999999e-04   2.3905010116474608e+00  -2.0197732665442256e+00   4.8989602396481445e-02   2.0540533718365681e-01
   8.3310999999999997e-04  -6.0506358783406489e-01   2.3895331986399144e+00   1.8121465446028370e-02   1.2617681218181945e-01
   1.1540700000000001e-03   2.1936660068135252e+00  -5.1802068992151884e-01   1.5035626752293580e-02   1.1529077760891780e-01
   3.3934199999999999e-03  -7.4616047286535747e-01  -4.5308915200523314e-01   5.0867427254050000e-03   6.7062850930441467e-02
   2.3821799999999998e-03   3.3581147332311329e-01   1.4203814484108064e+00   7.0180996149265627e-03   7.8829032266440363e-02
   2.6157900000000002e-03  -1.2721063979086620e+00  -4.9757222079960889e-01   6.7775534159436766e-03   7.7354550463031316e-02
   2.5889500000000000e-03   1.3474127490304244e+00  -1.5816418760424450e-01   6.6314634584083007e-03   7.6609551315859073e-02
   1.3881600000000000e-03   5.8289222822342657e-01  -2.0015010749470572e+00   1.2452853814333878e-02   1.0481487353078431e-01
   3.3387899999999999e-03   7.9207752390055364e-01  -3.1913226531637268e-01   4.8848016944163831e-03   6.5783809274369331e-02
   1.7253000000000000e-04   1.3570787977379009e-01   3.5302607590961248e+00   1.1823277279619721e-01   3.0269201237816895e-01
   2.8433099999999999e-03  -1.2357144681292893e+00   8.5577805331402246e-02   6.1736837462284125e-03   7.3960582491469209e-02
   2.4164299999999998e-03   6.9380777829704632e-01   1.1911571988240190e+00   6.3280676056605327e-03   7.4860606505589483e-02
   9.7747000000000003e-04   9.0594893364475626e-01   2.1961670445223636e+00   1.7023190878756426e-02   1.2231542653870918e-01
   3.2295100000000001e-03   6.3506450593540631e-01   6.6362337424558671e-01   4.9817266616673924e-03   6.6458261744487462e-02
   1.4991000000000001e-04  -3.4400220631154510e+00   1.0476907018014803e+00   1.2214636773566924e-01   3.0998878526454032e-01
   1.9168400000000000e-03   1.6979163502773504e+00   4.8504969882022508e-01   9.2213865445121296e-03   9.0312562189116555e-02
   3.6550999999999999e-04  -2.7636501274875194e+00   1.3462283792230068e+00   4.3286093605159302e-02   1.9349108158494926e-01
   2.2396899999999999e-03  -1.4729854722624816e+00   4.4772868737858007e-01   7.4182623844538135e-03   8.1047871599302074e-02
   3.6483599999999998e-03  -3.7274111445464986e-01   3.8670335638514464e-01   4.3514761395928130e-03   6.1943170411268733e-02
   2.6743399999999999e-03  -1.0141777574775828e+00   8.2955521902052765e-01   6.4005004393959423e-03   7.5286121562338326e-02
   1.8184700000000000e-03  -1.7240550328925843e+00   4.4620207545437618e-01   9.0329976152084112e-03   8.9415991464792760e-02
   9.7544999999999999e-04  -2.8028846320265061e-01   2.3213314612130209e+00   1.5432508956628068e-02   1.1667126540914412e-01
   2.6627100000000000e-03   7.8183570987420203e-01  -9.7742573681026479e-01   6.0237527424666379e-03   7.2875540097902522e-02
   3.1623000000000003e-04  -4.2587522533141653e-01   3.1326421222143948e+00   5.0905242939676312e-02   2.0944292191457423e-01
   3.8688199999999998e-03  -6.4765345252719730e-01   1.1464663683566274e-01   4.8483396554397842e-03   6.5554831094088883e-02
   1.4054899999999999e-03  -2.1816968322845745e-01   2.0160171997213960e+00   1.1157355825054617e-02   9.9391646349370283e-02
   1.3663799999999999e-03  -1.5147511916087415e+00  -1.3922603575570571e+00   1.1448186307890762e-02   1.0056937461012187e-01
   3.3353300000000001e-03   7.9809067237832165e-01   9.5672286824987993e-03   4.7232841064475993e-03   6.4588258554266614e-02
   6.9351999999999999e-04  -2.5458569113026068e+00   6.1810509598907604e-01   2.2675670000467500e-02   1.4086509238026904e-01
   8.4095000000000003e-04   1.5869295805420149e+00  -1.9362190895980012e+00   1.9706133571023330e-02   1.3175608664260252e-01
   1.2938800000000001e-03   5.1801013607226505e-02  -2.1554764135888655e+00   1.3541284638908265e-02   1.0929500003726619e-01
   3.7956000000000001e-03   5.2382670785254426e-01  -1.4742095671490493e-01   4.4402072794948065e-03   6.2754302575430965e-02
   1.6466499999999999e-03  -8.4502108457146796e-01  -1.6502688902316842e+00   9.5279756358301326e-03   9.1576714068878157e-02
   3.3738700000000002e-03  -2.3356555237919741e-01  -6.6738732644366106e-01   4.3858888980578044e-03   6.2341741240927478e-02
   2.2625499999999999e-03  -5.6181248304557341e-01  -1.4034217178777235e+00   7.2625484063411384e-03   8.0139739629993420e-02
   8.6047999999999995e-04  -5.9868209611011147e-01  -2.4313424963011414e+00   2.0454932917132459e-02   1.3406132205298121e-01
   3.1095099999999998e-03  -5.3772663801277665e-01  -7.0529775890601676e-01   4.6895459652805975e-03   6.4453076531462192e-02
   3.8369000000000001e-04   6.1814274176184025e-01   2.9963409107442449e+00   4.4965933974194530e-02   1.9720758862328736e-01
   1.1603600000000000e-03  -1.5549378268257250e+00   1.5914840025832193e+00   1.4279181839339537e-02   1.1224117894044584e-01
   1.9821700000000001e-03   1.6562461266226753e+00  -4.1104420297530359e-01   8.6323583824055687e-03   8.7424658120812349e-02
   1.5310400000000000e-03   3.0187415517694388e-01  -1.9616067949870937e+00   1.1193671062951648e-02   9.9513720372963133e-02
   2.3318499999999999e-03  -1.3534128283965010e+00   6.5104557604136248e-01   7.3200831845211872e-03   8.0538182725287219e-02
   2.2889600000000000e-03  -9.3447578779898344e-01   1.2246185311229398e+00   7.6381501950593704e-03   8.2173189502624686e-02
   1.0738700000000000e-03   1.1750084677342516e+00   2.0014606192832010e+00   1.6301492304107573e-02   1.1997837887609310e-01
   1.9260700000000000e-03  -1.3174215896860006e+00   1.0655636966819448e+00   8.2142458786023578e-03   8.5290897760440937e-02
   3.8668600000000002e-03  -1.2310020331098949e-01  -2.4920082169773958e-01   4.1292993039733928e-03   6.0408834126939585e-02
   2.4450100000000001e-03   5.0109100128303818e-01   1.1308450899101574e+00   5.3517178856939520e-03   6.8802190099119781e-02
   1.7408800000000000e-03  -1.7963852347635136e+00  -2.0854844919695473e-01   9.1142952173804137e-03   8.9717484009300352e-02
   3.5407699999999999e-03  -6.2465947268412411e-02  -7.0891249412836355e-01   4.6246662490848139e-03   6.4030692439311920e-02
   2.6860999999999999e-03  -1.2482970794440071e+00   4.5575578401633760e-01   6.5661514495506997e-03   7.6268449739728753e-02
   2.1099199999999999e-03   1.3700958440104023e+00   8.3259364043725881e-01   7.7106953334721935e-03   8.2614009854309320e-02
   3.9072999999999999e-04  -1.9800451000556667e+00  -2.3403307431967613e+00   4.6626695877275769e-02   2.0016634617818121e-01
   1.0496699999999999e-03  -2.4003964209670414e-01  -2.3297566399209746e+00   1.6595569431465475e-02   1.2112205248795044e-01
   3.9887700000000000e-03  -3.1293063302088087e-01  -2.4398541146290459e-01   4.3968336430070592e-03   6.2397526056746408e-02
   1.2194000000000000e-04   1.8651763911407553e+00   3.1715059450935104e+00   1.3421237511876002e-01   3.2263222465008307e-01
   2.9344499999999999e-03   8.1841784098446502e-01   6.7202813817235862e-01   5.2539214803228127e-03   6.8110518926863012e-02
   3.1665600000000001e-03   1.9718240205566800e-01   8.9795031693449046e-01   4.9496743808961656e-03   6.6162273487225143e-02
   1.9617500000000000e-03  -1.6947212073804985e+00   2.8164498907766219e-02   8.3631171961796816e-03   8.6096322144484122e-02
   3.0278599999999998e-03   1.8636846724607417e-01   7.2861917585084746e-01   4.1128773956433237e-03   6.0295689614199934e-02
   1.0446600000000000e-03  -7.9343476813374669e-01   2.1375421453370733e+00   1.4603890720043505e-02   1.1345517092549073e-01
   3.2067100000000002e-03  -7.5608974670093132e-01   6.1771875126230036e-01   5.2314813293905570e-03   6.8065672801585930e-02
   7.7609000000000000e-04  -1.7027508660320696e+00   1.9151018802311388e+00   2.1221643099453884e-02   1.3683548831804018e-01
   1.0168400000000000e-03   1.2380205945358391e+00  -2.0066727706674814e+00   1.6779534384525025e-02   1.2175726184871928e-01
   3.6807099999999998e-03   2.2500772191282242e-01  -5.8627622565704574e-01   4.5223424743848148e-03   6.3345476533655992e-02
   2.0393500000000001e-03   1.2201955117099712e+00  -1.2011277999767089e+00   9.0589491963057617e-03   8.9494240996835658e-02
   2.6928600000000000e-03  -4.5431890505389211e-01  -1.1935677330117673e+00   6.2782449225031118e-03   7.4444599426686325e-02
   3.4828699999999999e-03   3.8857039803282750e-01   4.7254078813445571e-01   4.2242325458187067e-03   6.1191695167113244e-02
   3.6557899999999999e-03   3.1054190198053483e-01   3.2219545938621097e-01   4.1438663203034560e-03   6.0526116604818783e-02
   3.8882800000000000e-03   1.4574378854832443e-01  -4.2478469386568113e-01   4.3525331446851445e-03   6.2126047027246015e-02
   3.3363400000000001e-03   3.7998293382846410e-01   9.8275546223347154e-01   5.9055523525337770e-03   7.2313338104565431e-02
   1.0138600000000001e-03  -2.1405375216601472e+00  -9.0190407104713077e-01   1.5429145374110909e-02   1.1672641944893451e-01
   3.6071100000000002e-03  -2.4282664313535290e-01   5.2176062828725545e-01   4.3479184768522982e-03   6.2046217881211709e-02
   1.4815700000000000e-03  -1.8746622666187849e+00   6.6935516070478374e-01   1.1061336363640970e-02   9.8812028857991563e-02
   1.5373600000000000e-03   1.2327813104462422e+00   1.5071674593730799e+00   1.0527230906118861e-02   9.6385115579756778e-02
   2.1727900000000000e-03   7.7034617797844884e-01  -1.3471052904435814e+00   7.3769378399836391e-03   8.0791211275674013e-02
   1.1247099999999999e-03   1.6453826334395223e+00  -1.5739987627116458e+00   1.5339370070738144e-02   1.1643930847643336e-01
   3.5321900000000002e-03   1.2145732545205258e-01  -7.3255586781130599e-01   4.6979464871566316e-03   6.4543387555183324e-02
   2.7036299999999998e-03  -4.8316548235606888e-01  -8.8294152276650539e-01   4.6050652542167086e-03   6.3794903518909971e-02
   2.8123599999999999e-03   8.9076726897950664e-01  -8.3088702444804929e-01   6.1102873210053255e-03   7.3427293932886523e-02
   8.5344000000000001e-04   7.0931427187390747e-02  -2.4925118690427763e+00   1.9510386454725939e-02   1.3123738080502365e-01
   3.0260700000000001e-03  -1.1171097438947331e+00  -7.9723092975354820e-02   5.7519352190179233e-03   7.1428890398537809e-02
   2.7064200000000002e-03  -1.1368214120613296e+00   6.4304157778693116e-01   6.3938770747886042e-03   7.5233008745372906e-02
   2.4533100000000002e-03   1.0935937194138463e+00  -8.3443289171888557e-01   6.4233314292385050e-03   7.5385577924275485e-02
   2.2740400000000002e-03   1.4661389423830211e+00   4.3962536578607592e-01   7.4554681723180694e-03   8.1268266947763415e-02
   1.6070000000000000e-04   3.4973233166504039e+00   7.7745505411352278e-01   1.3858433089946373e-01   3.2446329658640050e-01
   2.0376900000000000e-03  -3.8836822571415658e-01  -1.5939577594443335e+00   7.9484557592880058e-03   8.3808553227805352e-02
   1.1680600000000001e-03   2.0664260186085714e+00   8.5576277250367305e-01   1.4543137376177176e-02   1.1322937229365182e-01
   8.6817999999999997e-04  -1.1874156485249998e+00  -2.1753779693927275e+00   1.9318192892083565e-02   1.3036529921239132e-01
   2.8530299999999999e-03   9.4896459116988863e-01   8.6114227447631220e-01   6.6167228358317131e-03   7.6468175811901407e-02
   2.0241199999999999e-03  -5.8132531301288648e-01   1.5916306172073562e+00   8.6747515818850537e-03   8.7589437489841618e-02
   2.9681600000000001e-03   7.2985778931171830e-01   8.3434312622337115e-01   5.5869722786189152e-03   7.0311704578664772e-02
   3.8074200000000002e-03   3.2404587026357318e-01  -4.4153390786930041e-01   4.4759640951024995e-03   6.3000604873101884e-02
   2.0916600000000000e-03  -1.7448458389937516e-01  -1.5318816803568671e+00   6.9880836717313649e-03   7.8603859244193913e-02
   3.1631099999999998e-03  -3.5671981591469498e-01  -7.7869093495248842e-01   4.6927228200612297e-03   6.4362105204639031e-02
   6.4314999999999999e-04  -2.6910561407738792e-01  -2.6970541961412287e+00   2.6081589178435245e-02   1.5139179788454568e-01
   3.4949999999999998e-04   6.7890184108470153e-01  -3.0736464365841614e+00   5.4372033080304367e-02   2.1605594902242323e-01
   1.3053000000000001e-04   1.0148381261274404e+00   3.4971437304210879e+00   1.2831315738808796e-01   3.1509654671933518e-01
   1.9254599999999999e-03   1.4975982032313311e+00  -8.4477342139510292e-01   8.6224593119836115e-03   8.7257773765280822e-02
   8.3898999999999996e-04   2.3817067785107437e+00   3.2396828443908759e-01   1.5681452677272733e-02   1.1731657740280378e-01
   2.2160100000000000e-03  -9.9271283400972452e-02   1.5549366489304068e+00   7.6046065943840262e-03   8.1992999274954265e-02
   3.6239800000000002e-03  -1.2392521508402755e-01  -5.3551137020143280e-01   4.2745019711156462e-03   6.1549304818043639e-02
   4.1197000000000000e-04   1.7373428332563834e+00   2.4928048667204754e+00   4.4531809888142621e-02   1.9642588143114983e-01
   6.4322999999999995e-04  -3.0082154978420866e-01   2.6658766169755457e+00   2.4468081029016091e-02   1.4654302795405588e-01
   1.7621799999999999e-03   1.5924681656878905e+00   9.3400999792207196e-01   9.7878011673995305e-03   9.3060259839891010e-02
   3.6452600000000000e-03  -9.6779893518251600e-02   6.4596435272901542e-01   4.5808678708896310e-03   6.3696551734847548e-02
   1.9520799999999999e-03  -1.1724524438881943e+00   1.2632542638766782e+00   8.7435145722473562e-03   8.7956769405788088e-02
   1.5597700000000000e-03   1.9609812832849309e+00   2.5224915547469137e-02   1.0880105088918348e-02   9.8130671215472032e-02
   1.0854800000000000e-03  -1.2861409340329479e+00  -1.8616417946673109e+00   1.4447974548102397e-02   1.1295671481834743e-01
   5.1006999999999995e-04   2.8653502638255457e+00  -1.9756988646934259e-01   3.3575470621046148e-02   1.7093150554555742e-01
   2.0446399999999999e-03   3.3329431369082652e-01   1.6536323872877967e+00   8.5945911633571598e-03   8.7226761843469836e-02
   1.4013500000000000e-03   8.4136306686131379e-01   1.9019735364657540e+00   1.2508030162233001e-02   1.0507320524699895e-01
   3.0018000000000002e-03   7.2174545584959462e-02  -1.0512014946974353e+00   5.3159694850081736e-03   6.8608324319570715e-02
   6.5311999999999998e-04  -9.9555897935506110e-01  -2.5047610820563131e+00   2.5318887576891616e-02   1.4928481584867262e-01
   3.0998499999999999e-03   7.7746845732700265e-01  -6.4583718002380730e-01   5.2644968101918524e-03   6.8281423278063746e-02
   1.6765000000000000e-03  -4.3461682115563649e-01  -1.8406709283516129e+00   1.0156209187497295e-02   9.4838081427971690e-02
   2.2964700000000001e-03   2.0871345726328971e-01  -1.4733551474800082e+00   7.0781654674016078e-03   7.9177593697218343e-02
   3.0629199999999998e-03  -9.2062074788252934e-01  -4.1869111244033530e-01   5.2109042502296171e-03   6.7920137807747097e-02
   1.7775300000000000e-03   4.9919735880459448e-01  -1.7530815066767749e+00   9.4980156767286456e-03   9.1651487589846523e-02
   3.2789400000000002e-03  -6.5343159450095945e-01  -1.8793321479870290e-01   4.2193099224241996e-03   6.1092690351346401e-02
   7.4326999999999998e-04   2.5421520997394356e+00  -5.8107391083087734e-01   2.3271743215827586e-02   1.4271762419147802e-01
   1.3413200000000000e-03  -1.8262361177028039e+00  -9.3096098472479560e-01   1.1264939474271707e-02   9.9683633476968944e-02
   2.6150600000000002e-03  -8.7887479967408000e-01   1.0114981025303682e+00   6.5302041290958715e-03   7.5995905106293574e-02
   3.1323800000000001e-03  -6.3461676708704529e-01   7.8291757608361423e-01   5.2631652691808688e-03   6.8311495421427962e-02
   1.6881500000000000e-03   5.6973431631631344e-01   1.7798425935603015e+00   9.8764946681465567e-03   9.3467279068925699e-02
   1.5524600000000001e-03   1.7171184839593621e+00  -9.4726809063255091e-01   1.0877444033262931e-02   9.7975552819728765e-02
   3.0567200000000002e-03  -1.5605509217603938e-01   1.0077719654534065e+00   5.2335564827707777e-03   6.8092422055110319e-02
   1.0981200000000000e-03  -2.1565411681836899e+00  -5.7118577414645988e-01   1.3664512440365394e-02   1.0969209246568941e-01
   3.5076999999999998e-04   1.2562437156197548e+00   2.8518221691010259e+00   4.8358754959884009e-02   2.0487519763728543e-01
   2.9546300000000002e-03   2.6455468899613449e-01  -1.0910152681814198e+00   5.6297111185069559e-03   7.0627225721721379e-02
   7.6090999999999995e-04   2.4232195513221968e+00   9.4047325178200647e-01   2.3151140201226508e-02   1.4267017776010624e-01
   2.3575499999999999e-03  -1.4079371789991542e+00  -3.1568262034498479e-01   6.7733679787934107e-03   7.7423374659777805e-02
   3.4052200000000000e-03   6.9226279884730579e-01  -4.7170344175103801e-01   4.8673842536673352e-03   6.5696166591546659e-02
   9.4642999999999995e-04   1.9326051145281331e+00  -1.3983554607953861e+00   1.6887845756159939e-02   1.2201495557047379e-01
   1.9386799999999999e-03   2.5647607055053900e-01  -1.7085737136897072e+00   8.7568744716522984e-03   8.8040862898005889e-02
   2.6213500000000002e-03   1.2759810046542750e+00   2.5613997516642176e-02   6.0671563589043366e-03   7.3211745177480039e-02
   2.3735900000000001e-03  -3.7783433108393288e-01   1.2417258264251954e+00   5.6430642946319410e-03   7.0632957101487287e-02
   1.9310300000000000e-03   9.7018212082289487e-02   1.7190041175277997e+00   8.6644735249927721e-03   8.7517008764158216e-02
   3.1442100000000001e-03   1.1193666579604407e+00  -1.3590018117521863e-01   6.0492029857350605e-03   7.3158136887672059e-02
   8.4860999999999997e-04   6.1258905309372302e-01   2.3308839495696678e+00   1.6022868654569193e-02   1.1882457239325721e-01
   3.3476299999999999e-03   1.2570748155354570e-04  -8.7615157015045564e-01   4.9705699907087782e-03   6.6367548353338870e-02
   6.8634999999999996e-04   1.9159110181001815e+00  -1.8026041902304046e+00   2.2768396398686948e-02   1.4128667196242567e-01
   1.2861000000000000e-04   3.1239325869266530e+00  -1.9285442651373255e+00   1.3389111717528074e-01   3.2562885865740593e-01
   4.0989999999999999e-04   1.2208872087303917e+00  -2.7435752370598583e+00   4.0002738705267223e-02   1.8577741104406634e-01
   2.6682799999999999e-03  -1.2126693466991947e+00  -2.6241721799413065e-01   5.9342583340824002e-03   7.2362028814299553e-02
   1.5397600000000000e-03  -1.5525436785569295e+00   1.0851697663658650e+00   9.4753842815624538e-03   9.1496533048396680e-02
   3.0196200000000002e-03   1.9235354376885463e-01   1.0797487638314698e+00   5.5951365631739212e-03   7.0370228774162435e-02
   1.8729800000000000e-03   1.3692664304718760e+00   1.0709818783689034e+00   8.7220225416431707e-03   8.7764903425223625e-02
   3.0834199999999999e-03  -1.3130988789315981e-01  -1.0177253984743813e+00   5.3063796217607592e-03   6.8568906052175235e-02
   3.8871000000000001e-03   7.9543050397604675e-02   5.9117402369324235e-01   4.7050816798512437e-03   6.4545336982600510e-02
   2.7858000000000002e-03   6.0435941142613536e-01   9.8215266042804950e-01   5.5791650912604095e-03   7.0165283961293345e-02
   1.1655400000000001e-03  -2.0980470943911911e+00   1.7798707613061848e-01   1.1054218211516134e-02   9.8682447270052875e-02
   4.9790999999999995e-04  -1.4851030533629264e+00  -2.4836328363594715e+00   3.4942123529732388e-02   1.7405673529254470e-01
   3.4312499999999998e-03  -4.0198273056826100e-01   5.7090214841107823e-01   4.4295214192751481e-03   6.2667314349450609e-02
   9.9474999999999997e-04  -1.1162044452454480e+00   2.0568427746609212e+00   1.5866233645152373e-02   1.1820473076799870e-01
   3.4068300000000000e-03   2.8273973433182198e-01   6.0487037147030209e-01   4.3840014620533671e-03   6.2213206796157140e-02
   3.6898999999999998e-04   2.6146259223560069e+00  -1.4764385205404036e+00   3.6584779591932869e-02   1.7770602042564321e-01
   1.3563099999999999e-03   2.0903101976993210e+00  -2.3479364166517444e-01   1.2686778479409260e-02   1.0584644658232571e-01
   7.0518999999999996e-04  -2.6263167412890667e+00   2.1698331742136906e-01   2.3818518069379263e-02   1.4425574178154701e-01
   3.3286499999999998e-03  -4.1101867216973015e-01  -5.9868348132781180e-01   4.4838237666066528e-03   6.2894683023576856e-02
   2.8544000000000000e-03  -6.5719785002627407e-01  -8.4717031701749668e-01   5.1826844160766808e-03   6.7688057856901782e-02
   3.3152899999999998e-03  -5.7564522765759540e-01   6.0615260486179223e-01   4.7536834039670741e-03   6.4895041407531939e-02
   8.9844000000000002e-04  -2.0503580552075786e+00   1.2404425219079693e+00   1.6647140554227193e-02   1.2092377152028051e-01
   7.0854999999999996e-04  -1.4331921302763238e+00   2.1881683255882334e+00   2.2337714123746934e-02   1.4016888509635847e-01
   3.2953300000000000e-03   2.6196720260128975e-01   1.7615712241841386e-01   3.5818276846395669e-03   5.6201028994488471e-02
   2.7557400000000000e-03   9.6244935090435335e-01  -1.9488377052290510e-02   4.5534709899402726e-03   6.3329024783916540e-02
   1.5137400000000000e-03  -1.0811141570241984e+00  -1.6162943396130895e+00   1.0469934367690181e-02   9.5931917769877778e-02
   0.0000000000000000e+00   0.0000000000000000e+00   0.0000000000000000e+00   8.1267138524136300e-03   7.9953328803958598e-02
