   9.8429000000000008e-04  -2.2657809829136015e+00   4.1442814892562202e-01   1.4535641835453356e-02   1.1295979518114724e-01
   1.7413000000000001e-03  -8.1317304888752984e-01   1.6015534392329369e+00   8.8954319495466831e-03   8.8698771952594110e-02
   2.1689800000000000e-03  -1.5552986162065670e+00   2.4444541955381824e-01   7.6055045843864350e-03   8.2081286259241992e-02
   1.0875900000000000e-03  -8.5162587370025944e-01  -2.1463620524639491e+00   1.5981002704617976e-02   1.1875281105479409e-01
   2.7458299999999999e-03   9.7090898139980009e-01  -6.3625113575188641e-01   5.4989343779764848e-03   6.9737390168312013e-02
   1.0380000000000000e-04   2.7902377342087075e+00   2.5072110015268687e+00   1.5580305588096688e-01   3.4582656494251679e-01
   7.0910000000000005e-04   3.8056130857530279e-01   2.5870653391544094e+00   2.3016085481114768e-02   1.4179547119612629e-01
   1.8435000000000001e-04   3.5000418039636338e+00  -8.4494203648936735e-03   1.0114028879838612e-01   2.8397435238018215e-01
   2.1440000000000001e-03   4.3898531660464418e-01  -1.5151225084532109e+00   7.5584475282668446e-03   8.1805684534940609e-02
   1.1205099999999999e-03  -2.2081233001021574e+00  -1.0208531766448087e-01   1.3430978059051191e-02   1.0871771139704658e-01
   2.5615799999999999e-03   3.2508420547775263e-01   1.1895413569466622e+00   5.6676924097396652e-03   7.0688881733766265e-02
   1.6978200000000001e-03   1.8500475405520418e+00  -2.0501201571273289e-01   9.7463917919408810e-03   9.2906089432225045e-02
   3.9529000000000002e-04   3.0272203025173154e+00   3.8506031678437580e-01   4.5272300162204071e-02   1.9804491588294615e-01
   2.7469100000000000e-03   1.0786557105983741e+00  -4.5194936388206730e-01   5.5306007948802902e-03   6.9944010810681398e-02
   6.6124000000000000e-04   7.5761264892972535e-01  -2.5533787248540181e+00   2.4246068488863130e-02   1.4562594895314529e-01
   2.7810199999999999e-03   1.0986245871673952e+00   4.6518244957417798e-02   5.1537390407750024e-03   6.7574983031668881e-02
   2.1757999999999999e-03   1.2754237807063882e+00  -9.5484992711511729e-01   7.8702713444119450e-03   8.3477468093698964e-02
   1.2865999999999999e-03   1.8434154645715186e+00   1.0726168845735589e+00   1.2829122527536995e-02   1.0645181144101355e-01
   1.1000199999999999e-03  -1.3259459263544302e+00   1.8232509510845656e+00   1.4528233125264078e-02   1.1298945790835362e-01
   1.5994399999999999e-03  -1.8227069870694055e+00  -4.5850746745081988e-01   9.5431266572053430e-03   9.1774636280173613e-02
   3.7923700000000002e-03   8.9844195957321563e-04   1.4581986999207841e-01   3.9606123295950306e-03   5.9110547460282249e-02
   1.7020900000000001e-03  -1.2493864877574057e+00  -1.3400263469546476e+00   9.3365363947014151e-03   9.0876720889743426e-02
   2.0529699999999999e-03   4.3380351534818576e-02  -1.6533789737654430e+00   8.1725067066441941e-03   8.5037162994971299e-02
   2.1167999999999998e-03  -7.7614238423557491e-01   1.3747856783462946e+00   7.5873431544743897e-03   8.1798423538842938e-02
   1.6871000000000000e-04  -1.7461175962708542e+00  -3.0890528488558897e+00   1.2725403325742066e-01   3.1221656719433949e-01
   1.4811000000000000e-03  -1.2551887042397816e+00   1.5068199447378336e+00   1.0362252033670617e-02   9.5695546906538476e-02
   1.3876699999999999e-03   1.9779516922751248e+00   5.5108428031480639e-01   1.1753917711337417e-02   1.0184763327260206e-01
   2.6040099999999999e-03   1.5163097239630735e-01   1.2658335902097795e+00   5.9693274604282632e-03   7.2688989389462513e-02
   1.4187000000000000e-04  -3.6188045183747701e+00   2.1305380142701114e-01   1.3534219209687656e-01   3.2333106957120827e-01
   6.9105000000000002e-04  -2.2007307904673454e+00  -1.5040460176424113e+00   2.5170749102472294e-02   1.4858323160407505e-01
   1.2239400000000000e-03  -1.3577704403285267e+00  -1.5873096654123038e+00   1.1047913367711486e-02   9.8892033867635148e-02
   2.9750400000000000e-03  -9.2562661212581898e-01   6.1782684863120929e-01   5.5911220803526521e-03   7.0388283185670794e-02
   1.4868399999999999e-03  -7.0210091258238150e-01  -1.8561048010460803e+00   1.0926697745239208e-02   9.8228300257818021e-02
   3.8117099999999998e-03  -1.9370858381679623e-01   3.3787838555543809e-01   4.1615890085082863e-03   6.0718060979314571e-02
   1.9024700000000001e-03  -1.4230800702346964e+00  -7.5052982076576458e-01   7.1432788975662647e-03   7.9447307068462689e-02
   1.2035600000000000e-03   1.3419870711923374e+00   1.7561664353499744e+00   1.4156004282780851e-02   1.1176151644387565e-01
   2.0595000000000001e-03   1.2168867483805996e+00   7.1908512187479168e-01   5.6974599825189050e-03   7.0994288342436720e-02
   6.1368999999999996e-04   2.6391313521836217e+00   6.1743642180822511e-01   2.5275705115800257e-02   1.4877705241598133e-01
   2.5841900000000001e-03   1.0413474810574443e+00  -1.0186821411030760e+00   7.7004960229460307e-03   8.2440742079544813e-02
   3.9740000000000001e-03  -1.0741313170800712e-01   1.7783507974397636e-02   4.0376585679498186e-03   5.9836674827216732e-02
   7.2267999999999996e-04   2.2853584029007590e+00  -1.2061325515865071e+00   2.0893115064376685e-02   1.3572844569588105e-01
   2.1514899999999998e-03   1.3669704113275905e+00   5.8570079236591033e-01   6.6322161189735539e-03   7.6646894722449857e-02
   3.6429300000000000e-03   5.9504820054369700e-01  -3.1431034185415774e-01   4.6014453544666253e-03   6.3866928532824357e-02
   1.2028799999999999e-03   2.1233234447627112e+00   3.0175992261388535e-01   1.2360755374782236e-02   1.0443841863183388e-01
   3.0481800000000002e-03   6.9286086007902981e-01  -7.9650370845394380e-01   5.3791796149378875e-03   6.9026448988769251e-02
   2.3610300000000001e-03   5.6631950902325889e-01  -1.3268227521545375e+00   6.7535998775531108e-03   7.7380505595662744e-02
   3.4054599999999999e-03   5.8250600589471868e-01   4.8184157001157213e-01   4.5814024852186552e-03   6.3731006839482449e-02
   9.4578000000000001e-04  -1.8585601505807792e+00  -1.4310748179897967e+00   1.5531172048053833e-02   1.1672424592284109e-01
   4.3053999999999998e-04  -2.8378990892671472e+00  -9.5342062486331980e-01   4.0423824263678833e-02   1.8733985952510479e-01
   2.3044699999999999e-03   1.4488106927555562e+00  -3.5878754679944902e-01   7.1427888786243805e-03   7.9520508150299055e-02
   3.9562399999999998e-03  -2.7901061070509214e-01   4.8537800318288242e-02   4.1592617504925058e-03   6.0713852957091148e-02
   1.9081000000000000e-04   3.0944442250406934e+00   1.6420518664759836e+00   1.1105938364823410e-01   2.9605834735478870e-01
   1.5495600000000000e-03   1.4447076210823797e+00  -1.3649561588647641e+00   1.1365989093685068e-02   1.0026049865707991e-01
   1.7372900000000001e-03  -1.8017863881376901e+00   2.1639645703440824e-01   9.1297811337169021e-03   8.9921366576409908e-02
   2.3828199999999999e-03  -8.9492228603174528e-01  -1.1759382078297778e+00   7.2358423919012928e-03   7.9995940781913230e-02
   2.3190400000000001e-03  -1.1339896583366016e+00  -1.1288912195555993e+00   8.4538552292606484e-03   8.6537422638212569e-02
   5.3487999999999995e-04  -2.4211836926695565e+00   1.3252281806705641e+00   2.5342862231654113e-02   1.4896446899915855e-01
   2.7268000000000001e-03  -5.3925946140961711e-01   1.0951941795295512e+00   5.8067121558006080e-03   7.1769179872169506e-02
   3.6725000000000000e-03  -4.6884727901401968e-01  -2.2657903615828404e-01   4.2880688156167086e-03   6.1621759241479987e-02
   1.2652000000000000e-04  -2.4967878980333813e+00  -2.6531093605014586e+00   1.3009052682456659e-01   3.1487275924761632e-01
   1.2922000000000001e-04   2.4860765409771965e+00  -2.6697082795490479e+00   1.4361515109364431e-01   3.2730341604680530e-01
   3.6521300000000000e-03   2.3624170727978894e-01   4.3084837871668635e-01   4.2366378692054131e-03   6.1180116475687163e-02
   1.0530800000000001e-03  -1.7260309069622247e-02   2.1906545568993292e+00   1.1984180263805953e-02   1.0280582151969382e-01
   1.0017000000000000e-04  -6.6953957946773357e-01   3.6783526164906020e+00   1.5841689868697750e-01   3.4345662372118430e-01
   1.5266100000000001e-03   1.9269358153827330e+00  -4.6549117318631017e-01   1.1067750976956017e-02   9.8966210335939761e-02
   5.3384999999999999e-04  -7.5714036552531494e-01   2.7134751082797179e+00   2.9784168893901859e-02   1.6149924711371688e-01
   4.4903000000000000e-04  -6.9052453011699733e-01  -2.8281548913509287e+00   3.3336081926585048e-02   1.6982473676377885e-01
   2.8121000000000000e-04  -1.1437104063253041e+00  -2.9755865774445542e+00   4.9331737898793734e-02   2.0537153724980545e-01
   3.1987700000000001e-03  -3.0206611066824679e-01   8.5797427906291468e-01   4.8803400985149440e-03   6.5767338452248122e-02
   2.9316300000000002e-03   5.8715377962085780e-01  -9.6281528080154966e-01   5.5774882395364621e-03   7.0349848928912342e-02
   2.9137000000000000e-04  -3.0520136141723975e-01  -3.1550743560730723e+00   4.8018847130301127e-02   2.0330685568867349e-01
   3.8087000000000000e-04  -2.6748925189736981e+00  -1.4696700740835231e+00   4.2765848890718251e-02   1.9269310725720315e-01
   3.6964300000000001e-03  -7.8984773267322272e-01  -2.5287593705908085e-01   5.3632534531817900e-03   6.8801276038475759e-02
   2.3031200000000001e-03  -5.8802255782342283e-01   1.3019350976986661e+00   6.6116200274992766e-03   7.6308206591325381e-02
   1.2014800000000000e-03  -1.6934952732319990e+00   1.3436798836817165e+00   1.2830237050592115e-02   1.0626975878878056e-01
   3.7251000000000000e-04  -2.3596580888421359e+00  -1.9548864355878317e+00   4.2142661104774159e-02   1.9187837442001829e-01
   3.3199400000000000e-03  -1.2393895957446209e-01   8.1065190900320316e-01   4.6964992500225025e-03   6.4519188849812142e-02
   2.5317400000000002e-03   1.0237600789266792e+00   7.0844825268355793e-01   5.6167877106997393e-03   7.0498143778602140e-02
   3.9213299999999998e-03  -1.6969431349405451e-01   1.7494984637896818e-01   4.0900089572538326e-03   6.0194925614564319e-02
   3.8416399999999999e-03   1.4681131089322491e-01  -1.6091246590304439e-01   3.9814816974015716e-03   5.9405361851341057e-02
   8.4935000000000002e-04   3.7726554435976410e-02   2.4853819443161469e+00   1.9529136236712430e-02   1.3088068856165108e-01
   1.2998999999999999e-04   1.2627673164403015e+00  -3.4633080625716692e+00   1.5281294166444381e-01   3.4240518491689848e-01
   1.7317800000000000e-03  -1.5688447754843411e+00  -9.2937035849793026e-01   9.3727638174669579e-03   9.1034398072302306e-02
   3.3260199999999998e-03   5.9750908984778928e-01  -6.2932391641107677e-01   4.8883508274646225e-03   6.5847667346762381e-02
   2.3461200000000001e-03   1.2958895135444306e+00  -5.0037593793866941e-01   6.2793559591995422e-03   7.4526743984849597e-02
   2.3767999999999999e-04   1.7226249734869126e+00  -2.8671213246695566e+00   7.7937284510711802e-02   2.5144937434108755e-01
   2.6865000000000001e-03  -2.5585587351506150e-01  -1.1769017794032806e+00   5.6545171656575063e-03   7.0741141350562031e-02
   2.4667399999999998e-03  -7.3517345773658516e-01   1.1484465851016570e+00   6.3155056361015229e-03   7.4799994175157994e-02
   5.1270999999999999e-04  -2.0196309775901828e+00   2.0198742970328629e+00   3.2521419214696382e-02   1.6792242947104366e-01
   3.6002000000000001e-04   2.4441663681210155e+00   1.9025202742193523e+00   4.5917796139208565e-02   1.9946278184153923e-01
   2.3078199999999999e-03  -1.0790561838238837e+00   1.0226646171240337e+00   7.1117830628141775e-03   7.9387893027078577e-02
   3.3868399999999999e-03   8.4817392889349391e-02   4.0542446838298446e-01   3.7801150090843927e-03   5.7826643545303695e-02
   3.0255999999999998e-03  -4.8857459970500799e-01   9.0516878311526960e-01   5.2049482128731644e-03   6.7950012354914033e-02
   2.1944800000000000e-03   8.6474934578230145e-01   1.2440864782114134e+00   7.0227699159156835e-03   7.8864421408488650e-02
   2.9799100000000001e-03   9.8844970697221268e-01   2.0201378919716270e-01   5.0136623736175201e-03   6.6663798385390924e-02
   2.5134100000000002e-03  -3.5146344860142224e-02   1.3270416320608007e+00   6.1488407761047057e-03   7.3773832383856625e-02
   3.6366100000000002e-03   5.6508523701463498e-01  -1.1850071253300584e-04   4.3078045519759243e-03   6.1797982569696118e-02
   2.2599800000000000e-03  -3.4857837754623905e-01  -1.3778098714286875e+00   6.3747387020165651e-03   7.5066409870945885e-02
   6.5598999999999996e-04   2.6510461636759035e+00   1.2829315732830965e-01   2.3614181356347741e-02   1.4367404670344799e-01
   2.0007100000000002e-03  -4.2867060154375380e-01   1.4208187935719281e+00   6.1551566830491877e-03   7.3728463864375551e-02
   4.7846999999999999e-04   9.0345828765121775e-02   2.9207650240821255e+00   3.5632846243207512e-02   1.7645287116582895e-01
   4.0969999999999998e-04  -1.7639026067411652e+00   2.4492932672976173e+00   4.1252339083363863e-02   1.8940494072222588e-01
   3.1651499999999998e-03   8.8415797970878984e-01  -4.5925193429228245e-01   5.2735991660501054e-03   6.8364515769252163e-02
   1.5325600000000001e-03   1.8093795606150302e+00   7.5906007950829768e-01   1.0799996576973945e-02   9.7620565768739065e-02
   2.5725000000000001e-03   7.8669847488092692e-01   1.0258124914359397e+00   6.0060082549551995e-03   7.2903172342173445e-02
   3.7083099999999998e-03   2.3427005675509049e-01  -2.4312686875731612e-02   3.8616788029382353e-03   5.8501405466211347e-02
   2.0184000000000001e-03   1.6269225848090394e+00   2.3737647622605129e-01   7.9195128046147673e-03   8.3730600419066090e-02
   3.7794299999999999e-03  -3.4613160824301020e-02  -4.2080099899470091e-01   4.2127239999522172e-03   6.1055733777270950e-02
   2.7170699999999998e-03  -5.6015594151181192e-01  -1.0408493949274120e+00   5.6546290018858790e-03   7.0669203976872610e-02
   2.2699899999999999e-03   1.3175346473298472e-01   1.4835617648044996e+00   6.9969937342269006e-03   7.8697629572501537e-02
   3.8892000000000001e-04  -3.0100277097167369e+00   5.4918382820325473e-01   4.5622260646438831e-02   1.9818171504879184e-01
   2.5598200000000000e-03  -1.3288185924421190e+00   2.5825793915275830e-01   6.4777808548586628e-03   7.5760366203414461e-02
   2.4876000000000000e-03   1.2848512290727057e+00   3.8963801190590042e-01   6.2020764602337330e-03   7.4135465373588880e-02
   5.2632000000000004e-04   2.5157027108777785e+00   1.4065065115937820e+00   3.5055815594569828e-02   1.7494410492987014e-01
   7.1038000000000004e-04  -1.9141573675464714e+00  -1.8451145717507478e+00   2.5327835934533329e-02   1.4929102541864675e-01
   1.5106799999999999e-03  -6.3868457019713620e-01   1.8158496804312938e+00   9.8865740200542659e-03   9.3419262441046397e-02
   3.6170600000000001e-03  -2.1407430832123428e-01  -3.8969415881042879e-01   4.1513351880452217e-03   6.0459688221019527e-02
   2.2192300000000000e-03   1.1519955834281277e+00  -6.2573983274728617e-01   5.3744139160934196e-03   6.8932280157724304e-02
   1.2331499999999999e-03   2.7243823735420486e-01   2.1996563550654633e+00   1.4815476625877023e-02   1.1422478914886287e-01
   3.2270799999999998e-03  -3.3411638471578470e-01  -1.0046723842475547e+00   5.7571038535422564e-03   7.1357973284130058e-02
   2.7407299999999998e-03   4.6987935597090530e-01  -1.1299701724048836e+00   5.8582834252151449e-03   7.2050629814790837e-02
   3.1838100000000000e-03  -2.8548814606876988e-01  -5.1816028033073847e-01   3.9153677786701183e-03   5.8770595672150254e-02
   3.4885099999999998e-03  -2.5525915027285734e-01   6.8183090734835483e-01   4.5868667005869715e-03   6.3786290504977236e-02
   3.3344000000000001e-04   3.0402885842256149e+00  -6.3599631921370481e-01   4.5198726575719474e-02   1.9744856933069613e-01
   3.5939499999999998e-03   5.0730443395795866e-01  -4.6978444100236028e-01   4.6140746111880751e-03   6.3974891987623517e-02
   2.8743800000000002e-03   9.4944522739219572e-01   5.2733555855092107e-01   5.2515058856537284e-03   6.8249367490160237e-02
   3.1827200000000000e-03   5.2092381208201055e-01   8.1001160286609919e-01   5.1518398973864864e-03   6.7524503340408853e-02
   5.5110000000000001e-04  -2.7983088556159430e+00  -4.7227773682110380e-01   3.2284493311365868e-02   1.6781629592079997e-01
   2.1164100000000000e-03   8.7667386931601321e-01  -1.1420651325896354e+00   6.0890977482480546e-03   7.3367294974502700e-02
   1.4139300000000001e-03  -1.9619249890580952e+00   4.3256377408575575e-01   1.0760215261002262e-02   9.7578399647176919e-02
   2.5525200000000000e-03  -1.2221979861659031e+00  -6.8908616105107001e-01   6.9788904990346302e-03   7.8545242518670802e-02
   2.1614700000000000e-03  -1.1348620232970463e+00  -8.9424670205705237e-01   6.3639590317415857e-03   7.4857680813458338e-02
   9.7639999999999994e-05  -3.1535778026647354e+00   2.0213575125295229e+00   1.4995797259274571e-01   3.3846640946521839e-01
   3.6229700000000001e-03   5.1454887557916962e-01   3.1382179453505421e-01   4.3841977546057046e-03   6.2355092256559011e-02
   1.5718700000000000e-03  -1.4108903325766409e+00   1.3065352180289325e+00   1.0134199468585075e-02   9.4587654271844873e-02
   1.9886200000000000e-03   6.7655262502705538e-01  -1.5305342181045851e+00   8.2062415910110192e-03   8.5222890732241097e-02
   2.9243400000000001e-03  -5.9122287753779335e-05   1.1267807488018251e+00   5.5718999445941242e-03   7.0261731877568248e-02
   3.1448000000000001e-04  -2.4988916025709811e+00   1.8787331806966150e+00   4.4536322138605533e-02   1.9608693878004674e-01
   2.7079999999999999e-03   1.2148497628616344e+00  -3.1438490379315021e-01   6.1738664279107477e-03   7.3789977795282818e-02
   7.2698999999999995e-04   2.0833169017935114e+00   1.6206127295574126e+00   2.4405013921579601e-02   1.4641922825771148e-01
   1.2604000000000001e-03  -5.3491089783769075e-01  -2.0945959315711242e+00   1.3264167729822642e-02   1.0832363849080101e-01
   2.9168300000000000e-03  -3.4265258929428705e-01   1.0365126014866195e+00   5.3525503629504659e-03   6.8874780947298139e-02
   3.0762300000000001e-03  -9.7565012287355979e-01  -2.2614054320741733e-01   5.1593641081440203e-03   6.7592786489977325e-02
   2.1651499999999998e-03  -1.6067779498062607e-01  -1.3489987459428492e+00   5.5456082797293409e-03   7.0028133635951229e-02
   8.8220000000000006e-05   3.6936644653707114e+00  -8.5689558133118582e-01   1.5927731233447068e-01   3.4873932149484216e-01
   2.2508500000000000e-03   1.5134177709256613e+00   2.3756583096931645e-02   7.1555704278963121e-03   7.9619627903900786e-02
   3.2187600000000002e-03   2.4454821965716363e-02   9.3917108655716430e-01   5.0668125650921375e-03   6.7019209760823345e-02
   1.8585600000000000e-03  -1.0002201038411764e+00   1.4314066706336988e+00   8.6826214564154729e-03   8.7635622830270377e-02
   1.8638600000000000e-03   1.7455536166321741e+00   2.4375413001257791e-02   8.6532437517063670e-03   8.7497297107374208e-02
   3.1783300000000000e-03  -1.0078230655311538e+00   9.9741277812495199e-02   5.3779707244741605e-03   6.9048336970566032e-02
   1.7603899999999999e-03   1.4796949949011553e+00  -1.0848405901895606e+00   9.7016346907416173e-03   9.2658445998935371e-02
   7.3963000000000002e-04   1.1184733332538137e+00  -2.3243260009738074e+00   2.1102915952170453e-02   1.3629015663325902e-01
   2.3137700000000001e-03   5.0009221367827439e-01   1.3134557267572067e+00   6.3173464990085764e-03   7.4745399226964382e-02
   1.0419299999999999e-03   2.2907096234035276e+00   3.7965942867111455e-02   1.4547056409490885e-02   1.1327459486069073e-01
   1.3002700000000001e-03   1.5022005757382646e+00   1.4832067463618899e+00   1.2372620904504398e-02   1.0445822885324585e-01
   1.9122399999999999e-03   1.5742000099472870e+00   6.6582296454931578e-01   8.3650818763828811e-03   8.6002833781823912e-02
   1.2884999999999999e-04  -3.3935439576112953e+00  -1.3262954578095743e+00   1.2892676774792322e-01   3.1330416008764239e-01
   3.2555100000000001e-03   3.5279022333252835e-01   7.6484600583491247e-01   4.7314771713048761e-03   6.4703173747115456e-02
   4.9609999999999997e-04   1.3089735659252352e-01  -2.9064084650940241e+00   3.6143413562037964e-02   1.7744633488636835e-01
   1.1096900000000000e-03   1.8151352754369412e+00   1.3891436162758064e+00   1.5434018892419568e-02   1.1671170997524100e-01
   1.2595499999999999e-03  -4.9907067794063814e-01   2.0583021835284390e+00   1.2066406933927812e-02   1.0329727489286719e-01
   2.3839000000000000e-03   1.4041920542722661e+00   2.1163600023481854e-01   6.6137234023389505e-03   7.6563005834118791e-02
   2.1818000000000000e-04   3.0860038000956700e+00  -1.2128263353346436e+00   5.9254144523429947e-02   2.2376958046998660e-01
   2.1397899999999999e-03  -7.7778677962330489e-01  -1.3987070263731047e+00   7.8639463680960087e-03   8.3398332776686124e-02
   1.6050100000000000e-03   1.3370898192719862e+00   1.2838594917859976e+00   9.0713275904509821e-03   8.9590983333965840e-02
   2.3944999999999999e-04  -1.0363343049647222e+00   3.1184768815180353e+00   5.8655259852143378e-02   2.2287983859744684e-01
   1.8904499999999999e-03  -6.1853317029552157e-01  -1.6093155263650831e+00   8.5201034152470080e-03   8.6753303884862062e-02
   1.6806600000000001e-03   1.1967160052672212e+00  -1.4540247613039685e+00   1.0061267484445862e-02   9.4356155980635251e-02
   1.6137100000000000e-03   1.8632817864164266e+00   2.7378688073438934e-01   9.7271663558059773e-03   9.2688442479759797e-02
   1.3828200000000001e-03  -2.5740158214893694e-01  -2.0010919576241015e+00   1.1019277001829671e-02   9.8472186870291856e-02
   3.4814899999999998e-03  -5.5550858341688614e-01  -5.2301344881294176e-01   4.7159424473343760e-03   6.4638639965833272e-02
   1.5462200000000001e-03  -1.6854086296126778e+00   8.6417952857008684e-01   9.4756973077279524e-03   9.1567228444134882e-02
   8.7370999999999998e-04   2.4613952309508571e+00  -2.3059136045271339e-01   1.9006912629194503e-02   1.2934169336297449e-01
   2.5073299999999999e-03   1.1476558803595438e+00   5.3875722782897872e-01   5.6740609145198937e-03   7.0864065682208321e-02
   2.2323400000000002e-03  -1.5216419356068211e+00  -1.5611146847862503e-01   7.3091838794784548e-03   8.0460393879939335e-02
   2.1213800000000000e-03   7.1088164653975172e-01   1.4065901971001644e+00   7.4029155574684945e-03   8.1016126573090111e-02
   2.6594600000000002e-03  -1.0501952902623886e+00  -5.6296374883661271e-01   5.5273257757626594e-03   6.9890681010601627e-02
   1.2478200000000000e-03  -1.8912576945323489e+00  -6.9031336640263563e-01   9.7928496346847520e-03   9.2933634772831494e-02
   2.7941500000000000e-03   1.0703089315552567e+00   3.6819456390114458e-01   5.3915362151628352e-03   6.9088334219556721e-02
   9.2097999999999995e-04   2.2635941806957889e+00  -8.4180368498650826e-01   1.7620885349469491e-02   1.2450105493060137e-01
   3.6886000000000002e-03   4.6031794180114388e-01   1.4878599265395570e-01   4.2085119437800644e-03   6.1067139634872772e-02
   3.2057300000000000e-03  -8.3395358630020910e-01   4.3293606008512375e-01   5.0735698379216878e-03   6.7011446462768798e-02
   3.3974999999999999e-03   6.9146822271927799e-01   3.3757810363728968e-01   4.6077042943608298e-03   6.3918355171164620e-02
   1.3755799999999999e-03  -2.0185580518550998e+00  -2.9272784387359851e-01   1.1337374976495155e-02   9.9967915252932707e-02
   3.1667499999999999e-03  -6.9486700870943729e-01  -6.4946264715344781e-01   5.0851485634030597e-03   6.7110754872676454e-02
   3.2331700000000001e-03  -5.0076805593383322e-01   4.2324461580628314e-01   4.1115712758724408e-03   6.0249513836855749e-02
   2.0033099999999999e-03  -1.4334802911959756e+00   8.5002732172682993e-01   8.1476476292910108e-03   8.4926078300817998e-02
   3.3998700000000001e-03   4.6661973036435400e-01   6.2364183312592181e-01   4.6619109489050865e-03   6.4303454674972213e-02
   4.0209900000000003e-03   1.6020097925471147e-01   2.6427139532314048e-01   4.3498469769258467e-03   6.1979113522751719e-02
   2.0922699999999998e-03   1.6076860097936445e+00  -1.8386102909896779e-01   7.8568670469333132e-03   8.3433613775535487e-02
   1.9598300000000001e-03  -1.0127457840596437e+00  -1.3630628386336407e+00   8.5150070287174900e-03   8.6695295373911241e-02
   3.5144099999999999e-03   6.6697404107359826e-01  -1.5368085763308387e-01   4.4976886127448806e-03   6.3136098957669390e-02
   2.0274700000000000e-03   1.0292150958480843e+00  -1.2771438298402045e+00   8.0201477435669008e-03   8.4123514054542312e-02
   3.9296399999999999e-03  -3.3929332288225489e-01   2.1675781937276839e-01   4.3552731192561516e-03   6.2070052582308133e-02
   1.7595200000000001e-03   7.5630254144649012e-01   1.6379319054441919e+00   9.1539672372174825e-03   8.9944890347966794e-02
   7.2249000000000000e-04  -2.5936889529399889e+00  -1.1574240135770904e-01   2.1443199976304991e-02   1.3727220151032107e-01
   7.6599999999999997e-04  -9.9446516304121402e-01   2.3674275965157570e+00   2.1449791208006764e-02   1.3734803562969305e-01
   1.3619900000000000e-03  -1.6992439420658856e+00  -1.1692528244417952e+00   1.1676996080955165e-02   1.0155086866485404e-01
   1.1521999999999999e-03  -1.9776501604862438e+00   9.1874435455458936e-01   1.2855279114567823e-02   1.0637739265730965e-01
   5.6442000000000005e-04   1.4993696545539523e+00  -2.3649311886938462e+00   2.9191713574044011e-02   1.5989347509734941e-01
   1.1722900000000001e-03   9.6381035734067300e-01  -1.9729795942710644e+00   1.3516628558792414e-02   1.0911466734703776e-01
   1.8981000000000000e-04  -2.3958963315222559e+00   2.5602831897748248e+00   1.1167704566793846e-01   2.9509646959748764e-01
   3.8506399999999998e-03   5.6190991492107219e-02  -2.9124946312123434e-01   4.0835733973346826e-03   6.0127991725073653e-02
   7.9069000000000003e-04  -2.4485365146293963e+00  -7.3511873281713835e-01   2.1478008511558337e-02   1.3752028870172781e-01
   2.7449900000000001e-03  -1.8904783616416462e-01   1.1781274033396145e+00   5.6686184148503019e-03   7.0871798677885192e-02
   2.4826200000000001e-03  -1.0673260339079673e+00  -3.8445164594005765e-01   4.8248378206605736e-03   6.5315061150257828e-02
   2.3524399999999999e-03  -1.2102058587196538e+00   8.3236069122910283e-01   7.0111700284486650e-03   7.8775503985060918e-02
   2.0143499999999998e-03   5.2349062658321022e-01   1.5370817082581838e+00   7.6390385336055416e-03   8.2244956410758185e-02
   1.2650000000000001e-03   1.3864639087333843e+00  -1.6723881491396311e+00   1.3644797927352211e-02   1.0971959893133658e-01
   3.2732700000000000e-03  -9.1529887937177379e-01   2.7012570318922341e-01   5.2311115165523331e-03   6.8084420234015494e-02
   9.4485999999999995e-04  -2.3663940192875770e+00  -3.8483058333061115e-01   1.7407915317902659e-02   1.2363709231387966e-01
   1.2978499999999999e-03   5.5099718843330148e-01   2.0339778966611832e+00   1.2280167152970485e-02   1.0403565182567757e-01
   1.4657800000000001e-03   5.6109389520433609e-02   1.9512974081912853e+00   1.0208561639763357e-02   9.4879994749987262e-02
   2.8074200000000001e-03  -8.3003715749985907e-01  -8.0412781862607363e-01   5.5873526116886861e-03   7.0318661627215839e-02
   5.7344000000000004e-04  -1.5900079532089724e+00  -2.1668922953268090e+00   2.2428106717831488e-02   1.4003286345669533e-01
   1.6232200000000001e-03   8.1360729260353604e-01  -1.7351869341560380e+00   1.0332844627517107e-02   9.5569982593555911e-02
   1.7574100000000000e-03  -1.3910722936731032e-01   1.7620406088996112e+00   8.5512750014110541e-03   8.6977607479543473e-02
   8.6720000000000005e-04  -1.8226631011157766e+00   1.6213026203886973e+00   1.7912559181716813e-02   1.2525617973209166e-01
   5.6797000000000000e-04   1.8975671737309083e+00   2.0142977211008937e+00   2.7725961802292875e-02   1.5569703257392037e-01
   3.9148799999999999e-03  -4.4937254394855708e-01   8.9983797794458739e-02   4.4007828957659482e-03   6.2452673375385272e-02
   2.1903199999999999e-03   1.3183421674680533e+00  -7.3256933520813516e-01   6.9275223608801974e-03   7.8297286548795669e-02
   1.2667000000000001e-04  -7.8661033464959862e-01  -3.6011963356379115e+00   1.5203175635535532e-01   3.4166408475763399e-01
   8.8604999999999999e-04  -1.6489122496806272e+00  -1.6238206107274638e+00   1.3314156967353923e-02   1.0827192123624027e-01
   8.0692999999999997e-04   1.4890924176177684e+00   2.0688128429752179e+00   2.1010855992960507e-02   1.3614183041023531e-01
   9.5878999999999995e-04   1.6796947144568561e+00   1.7218409033356694e+00   1.8049262137511592e-02   1.2596471342820476e-01
   3.3066400000000000e-03  -1.8663747140489401e-01  -8.6831867943458241e-01   4.9820673697679582e-03   6.6429516073674810e-02
   3.7531800000000001e-03   3.9886356200362311e-01  -1.1627362222416195e-02   4.0953762952814126e-03   6.0242561980509424e-02
   1.7657700000000001e-03  -1.4045448055139644e+00  -1.1428021243359359e+00   9.3596723315471902e-03   9.0895996380342431e-02
   2.9712300000000001e-03  -8.6487838301834130e-01  -6.0024035572186307e-01   5.2536202408881277e-03   6.8208330323769023e-02
   3.5135000000000001e-03   4.1122218449953735e-01  -6.2366108588456870e-01   4.6859788999953963e-03   6.4470065537500898e-02
   2.6371500000000000e-03  -7.5759868148595400e-01  -1.0085015032864793e+00   5.9409230266837289e-03   7.2531383686757267e-02
   1.9349700000000000e-03  -1.6426741385870924e+00  -6.6453481311416263e-01   9.5138910945761386e-03   9.1688798766774535e-02
   3.7571400000000000e-03   4.1432717640907696e-01  -3.1591609219291977e-01   4.3489707005954286e-03   6.2091821541347618e-02
   4.5446000000000001e-04  -2.7403467058468376e+00   9.6909569685720554e-01   3.3912031912371479e-02   1.7105204721808323e-01
   9.1250000000000001e-04   2.1280763710893535e+00   1.2410041045411944e+00   1.9523451061948957e-02   1.3121867771086215e-01
   1.4905400000000001e-03   1.5859338636614473e+00   1.1986154575001891e+00   1.0862913706547170e-02   9.7999964990326385e-02
   3.3196100000000002e-03  -6.5807944732421664e-01   4.2289722143360431e-01   4.6577739918326746e-03   6.4080974525277140e-02
   2.4320900000000000e-03  -1.4312656897212848e+00   6.2571440660513955e-02   6.9019301142177010e-03   7.8156727198532949e-02
   3.6925899999999999e-03  -5.4393437566721592e-01  -5.0736511805007649e-02   4.3564920398053335e-03   6.2102714567958343e-02
   1.2687600000000001e-03  -9.6305044264481454e-01  -1.8659400466220915e+00   1.2019749952889900e-02   1.0266652098354667e-01
   1.3160699999999999e-03   1.9710712091748486e+00  -7.4531103640064078e-01   1.2460850370086334e-02   1.0493233458926700e-01
   3.9777999999999998e-04   2.9038937937693450e+00   9.9324895644071842e-01   4.7533822514623805e-02   2.0278688718398202e-01
   5.4009000000000001e-04   2.6271044640562105e+00  -9.7277463541488562e-01   2.8674983779698373e-02   1.5852405057779584e-01
   2.8342699999999998e-03  -6.8010475057237496e-01   9.4309217008447055e-01   5.6333419223671488e-03   7.0642856368741763e-02
   3.5536999999999999e-03   6.2615151056321472e-01   1.6873261575923570e-01   4.4443516216497907e-03   6.2772403057839710e-02
   1.7544200000000000e-03   1.1880921902076966e+00   1.1037269274183905e+00   6.6979271225153557e-03   7.6908371159733036e-02
   2.6919600000000002e-03   1.1922034334043612e+00   2.1085088217286810e-01   5.6806770669746267e-03   7.0934667006050056e-02
   3.3893899999999999e-03   3.0794724097582066e-01  -7.7184911102356557e-01   4.8264772188487352e-03   6.5403701331558872e-02
   1.8276400000000000e-03   9.4013631697859745e-01   1.4758183688091686e+00   8.5992354119782868e-03   8.7252073288744694e-02
   2.3806600000000002e-03   1.1464652416487597e+00   9.0014553941624609e-01   7.1300092893286787e-03   7.9262892650805217e-02
   4.3339000000000002e-04  -1.3093850956691846e+00   2.6538022540241246e+00   3.6502215190409214e-02   1.7845998650742964e-01
   3.1847500000000001e-03   7.6062821848134865e-01   5.0760603906961688e-01   4.8788031698326689e-03   6.5776181275087650e-02
   2.2980900000000000e-03   2.3255720663923288e-02  -1.4256394682332303e+00   6.4770226891650174e-03   7.5709912545645464e-02
   4.0809499999999999e-03  -5.2606262391654279e-01   2.5638128971767732e-01   4.9247072045538126e-03   6.6031129462801513e-02
   1.6187599999999999e-03   3.0386167311115281e-01   1.8976794260813339e+00   1.0496897959054310e-02   9.6330253314184655e-02
   1.1976800000000000e-03  -8.8094681271887698e-01   1.8425171847386741e+00   9.8491084011859530e-03   9.3211957338096216e-02
   3.3900699999999998e-03   1.4957801417713126e-01   1.1175099892841001e-01   3.5228906092137665e-03   5.5817479712328075e-02
   3.5144700000000000e-03  -7.2951248517195733e-01  -5.3672712340878788e-02   4.7050151967404103e-03   6.4500081544850513e-02
   1.8353099999999999e-03   9.4029932804128158e-01  -1.5127959040063663e+00   9.0613641405009378e-03   8.9613874686071904e-02
   1.7391200000000000e-03   1.7193012050958725e+00  -6.6187630201640246e-01   9.6686104143192553e-03   9.2496242167994180e-02
   1.4652199999999999e-03   1.0286039184418683e+00   1.7196017579889025e+00   1.1153239853376632e-02   9.9344381507723595e-02
   2.9810900000000000e-03  -1.0228108912379639e+00   4.4299353256304014e-01   5.6272867589778654e-03   7.0619991664930534e-02
   2.3159000000000001e-03  -2.3027420696840267e-01   1.3788240549872264e+00   6.2427045757189690e-03   7.4360221732321194e-02
   2.4759500000000002e-03  -9.5356691348886347e-01  -9.7061928342986870e-01   6.3789282500681822e-03   7.5082176865782432e-02
   2.4918599999999998e-03  -6.7457935695557580e-01  -1.2082334636345560e+00   6.5937451709795446e-03   7.6414735944194928e-02
   2.2414200000000000e-03   9.8903725689038535e-01   1.0677076040460924e+00   6.5876682350269307e-03   7.6313854016140686e-02
   2.1869500000000000e-03  -1.4262740045668598e+00  -5.4120047897701395e-01   7.1528152380656764e-03   7.9440948188174626e-02
   1.0945300000000000e-03  -2.1354070178597730e+00   6.7459498775388427e-01   1.3695257773403904e-02   1.0989979230175138e-01
   3.3221200000000000e-03  -8.9887191869811844e-01  -6.4118848642492440e-02   5.1067730630998068e-03   6.7180762232077321e-02
   1.3431599999999999e-03   1.7013793266728030e+00  -1.2273388343829141e+00   1.2438248749847393e-02   1.0482295356265674e-01
   8.7498999999999997e-04   7.9590574344519860e-01  -2.2211749716125277e+00   1.4551761031610249e-02   1.1325145067522077e-01
   2.0607799999999999e-03  -1.5911883320312079e+00  -3.9530537893609846e-01   8.0799557590129183e-03   8.4509279225194620e-02
   1.1392799999999999e-03   1.9792350685576627e+00  -1.0560669360128123e+00   1.4478756042385875e-02   1.1298570567066410e-01
   7.6705999999999996e-04   3.8022470289286492e-01  -2.5617855019233580e+00   2.3045950410016072e-02   1.4194566871058167e-01
   2.4692999999999998e-03   6.7136045879208606e-01  -1.1438816213282945e+00   6.0302683490043073e-03   7.3093489912246318e-02
   4.0137899999999997e-03  -4.1393747535912279e-01  -4.0173712851199767e-01   4.7893884858092543e-03   6.5153461694471684e-02
   3.8740500000000000e-03  -3.7820209583371478e-01  -8.4534527728013092e-02   4.2256581836751387e-03   6.1177101302097275e-02
   3.2004999999999998e-03   8.4076346127629586e-01  -1.4004872347910299e-01   4.7031826159652590e-03   6.4477812667159323e-02
   3.6337000000000001e-03   4.9050076131647039e-02  -5.8767568288534000e-01   4.3789641465510022e-03   6.2306599499406971e-02
   1.1187400000000000e-03   2.2036542395558512e-01  -2.2000731936770959e+00   1.3624240359207066e-02   1.0931667989816321e-01
   2.5694300000000002e-03  -1.0061314214325496e+00  -7.4874077503202829e-01   5.7691623706995748e-03   7.1402182603489892e-02
   2.5807800000000000e-03  -1.3066230709164148e+00  -9.9727824787490621e-02   6.1862849694085875e-03   7.4012967597906612e-02
   1.5812500000000000e-03  -1.9145439236414041e+00  -3.1995571800479509e-02   1.0087899175278010e-02   9.4445992494675751e-02
   5.1641000000000002e-04   2.2290089400756403e+00  -1.5911396915659581e+00   2.2992062189850108e-02   1.4176721399107817e-01
   1.3865900000000000e-03  -1.0749726026877613e+00   1.6927831173869630e+00   1.0659374247887836e-02   9.6996641897970387e-02
   3.6884700000000001e-03  -6.4008626598578172e-02   4.6396697302633327e-01   4.1898964408909351e-03   6.0911093590161398e-02
   2.5346300000000000e-03   3.5443604777410870e-01  -1.3048309204434443e+00   6.4007140232668026e-03   7.5305290496537433e-02
   3.2846600000000000e-03   8.0118327222534913e-01   1.8616222845008465e-01   4.6598888464231113e-03   6.4269145309735307e-02
   3.8729500000000000e-03  -3.1248495339722338e-02  -1.4011852378809994e-01   3.9810928214407395e-03   5.9349409400544353e-02
   3.1123600000000002e-03   3.8882317530555027e-01  -9.4478630721143464e-01   5.2989197346836802e-03   6.8530184256833451e-02
   3.8375800000000002e-03   2.3421858194630618e-01  -3.0841415383626575e-01   4.1883835123178621e-03   6.0932695878845672e-02
   2.0279000000000000e-04  -3.4036052076262231e+00  -5.9948528805665946e-01   9.8420817191025536e-02   2.7965262426061810e-01
   2.6170099999999999e-03   1.5472502690419110e-01  -1.2668206467690433e+00   5.9985975604532615e-03   7.2884568095402294e-02
   9.6778000000000001e-04   2.2617348688927117e+00   6.3379437561538809e-01   1.5765432762771169e-02   1.1776230524001333e-01
   7.0078000000000002e-04  -2.3887501591882159e+00  -1.1211817818831662e+00   2.3606823172361621e-02   1.4398261583451161e-01
   7.0837000000000005e-04   1.1935677647776750e+00   2.3494862011733919e+00   2.3251046829194030e-02   1.4313327022905850e-01
   3.1332899999999999e-03   8.7333390779911890e-01   3.5556306981342134e-01   4.9478285318231025e-03   6.6230895378097399e-02
   1.9483400000000000e-03  -1.3187375999847260e+00  -9.4094147237178349e-01   7.5749369909690386e-03   8.1586074066503936e-02
   3.4387100000000002e-03  -8.1766093983284904e-01   1.0658050819681397e-01   4.8762853488584432e-03   6.5757436790014043e-02
   3.2611500000000000e-03   4.9789959610117890e-01  -7.8804360104128235e-01   5.0583111663822381e-03   6.6963322938869030e-02
   3.7912499999999999e-03   3.2381044533216269e-01  -1.6731201743762056e-01   4.0965140448740592e-03   6.0274935707212582e-02
   6.3679000000000003e-04   8.2915010400021416e-01   2.5792129518194460e+00   2.5879791267337381e-02   1.5076631977440130e-01
   4.1128999999999997e-04  -3.0274583915456494e+00  -2.6773002176595583e-02   4.2368341153454177e-02   1.9179962211516891e-01
   1.0039400000000000e-03  -2.0255566073002726e+00  -1.1650334712246118e+00   1.5764786698648715e-02   1.1794435110843988e-01
   1.1145400000000000e-03  -1.7902622799966343e+00   1.0978464635215341e+00   1.0378731929522560e-02   9.5674353745515250e-02
   3.3294499999999999e-03   3.9943699951812933e-02   7.5459920682716120e-01   4.5379828853217988e-03   6.3335776021124085e-02
   8.3058000000000003e-04  -2.2923356520890188e+00   9.8165512943636324e-01   1.9183528668024249e-02   1.3002000644293946e-01
   1.9844600000000000e-03  -3.0517184203091480e-01   1.5896799364727678e+00   7.5602181566408258e-03   8.1697237871337508e-02
   1.7585599999999999e-03   7.0348055301178880e-02  -1.9090164367253002e+00   1.1165434727689792e-02   9.9298812545777854e-02
   1.9431699999999999e-03  -1.5662544804099763e+00   6.4762870845248344e-01   8.2828965599406716e-03   8.5628367245222978e-02
   3.8230299999999998e-03  -3.0554954108610859e-02   2.9184920358456928e-01   4.1049113542329686e-03   6.0222953047659289e-02
   1.8487700000000000e-03  -1.7501089850582452e-01  -1.7724347194705219e+00   9.3500373231545798e-03   9.0810909363804829e-02
   3.5893800000000001e-03  -7.2194373615989593e-01   2.6615418104937982e-01   4.9029750497712483e-03   6.5880638034595859e-02
   3.9961299999999996e-03  -2.0680761141747075e-01  -1.1365045571002895e-01   4.1484969563561841e-03   6.0655000478927398e-02
   3.2951899999999999e-03  -4.3440656500587899e-01   7.2743790611860548e-01   4.7684189851401604e-03   6.5014744627882329e-02
   2.6312599999999998e-03  -3.8160631326744326e-02  -1.2093585563738092e+00   5.6039641287107872e-03   7.0393940434097163e-02
   3.5141199999999999e-03  -5.9446515267331568e-01  -3.5070601077549818e-01   4.5947813996590646e-03   6.3639894811850298e-02
   1.4117699999999999e-03   1.1005952887804356e+00  -1.7202242516265480e+00   1.1575146467236761e-02   1.0111023078580024e-01
   1.5480999999999999e-04  -1.7663181669001531e+00   3.1273978996998548e+00   1.3490952284760990e-01   3.2056089017385664e-01
   2.9558399999999999e-03  -1.1168439599558677e+00   2.6832774847745888e-01   5.7847421356077835e-03   7.1618484889786019e-02
   2.9310000000000000e-03  -8.1144992139289818e-01   7.8507388580578019e-01   5.5929426153776543e-03   7.0397724159364503e-02
   2.0844800000000001e-03   1.4953153846045553e+00  -5.8797823777463964e-01   7.7486603616032865e-03   8.2850656956135429e-02
   4.2294000000000001e-04   1.9369025173760945e+00  -2.2667576166424674e+00   3.8354540855361247e-02   1.8246214002606811e-01
   3.1922600000000001e-03   1.9938451507439570e-01  -9.2481581084461084e-01   5.0338335237174753e-03   6.6812140574432258e-02
   1.5796000000000001e-04   2.4505078208595948e-01  -3.5854179882223560e+00   1.2976853237877040e-01   3.1847613141112563e-01
   3.2519300000000001e-03   9.9020941030475618e-01  -2.8567079873271389e-01   5.6981163645246453e-03   7.0943020468577381e-02
   3.7634200000000000e-03   6.1217911935758755e-02  -1.7022119871735235e-02   3.8303096112931269e-03   5.8237365443443621e-02
   3.0867999999999998e-04   2.4053837529936426e+00  -2.0417512664536623e+00   4.6161405574357356e-02   2.0073207717555366e-01
   8.5855000000000002e-04  -6.0336014302928065e-01   2.3702188263678496e+00   1.7645946684884780e-02   1.2468479114307190e-01
   1.1156199999999999e-03   2.2160005949516273e+00  -5.2341215168378541e-01   1.5286060077663675e-02   1.1606718743724068e-01
   3.3745500000000000e-03  -7.2828325455270648e-01  -4.5487001334706095e-01   5.0040678667507693e-03   6.6496805753493801e-02
   2.3115200000000001e-03   3.2284948336811609e-01   1.4069006130081088e+00   6.6827223092015857e-03   7.6914867223548317e-02
   2.5107100000000002e-03  -1.2366900813239381e+00  -4.7149624040310467e-01   6.1419606950865882e-03   7.3695063364537766e-02
   2.4688300000000000e-03   1.3801956485310185e+00  -1.5998519266892031e-01   6.5906743574404248e-03   7.6386815252087986e-02
   1.3678799999999999e-03   6.4457322337125866e-01  -1.9636557928459573e+00   1.1822348828861616e-02   1.0226786284051800e-01
   3.4145700000000000e-03   7.8610338993247497e-01  -3.0511086609674842e-01   4.9532000439163164e-03   6.6216054696963678e-02
   1.7061999999999999e-04   2.3295392925819955e-01   3.5284975792670092e+00   1.1372661963434283e-01   2.9814880309307540e-01
   2.8122600000000000e-03  -1.2121473761195558e+00   8.9550971014971892e-02   5.9756121257048900e-03   7.2780708692875437e-02
   2.4071800000000001e-03   6.6320534369726059e-01   1.1850406406007767e+00   6.1571030035260559e-03   7.3827478267200985e-02
   9.8847999999999991e-04   8.6332797132835348e-01   2.1888515512631495e+00   1.6179322408994640e-02   1.1938748153145820e-01
   3.2266999999999999e-03   6.4411388171884387e-01   6.6082485699736393e-01   4.9957819587299673e-03   6.6563983055536180e-02
   1.4489000000000000e-04  -3.4437276266102907e+00   1.1274306403598890e+00   1.2710059107793692e-01   3.1435584137443157e-01
   1.7618200000000001e-03   1.7298220032199707e+00   4.8120697521445832e-01   9.0166141881725930e-03   8.9280566126530042e-02
   2.5632999999999998e-04  -2.8474213479820007e+00   1.4379701217550842e+00   4.4879286399383975e-02   1.9720667806874842e-01
   2.2671499999999999e-03  -1.4472612348665224e+00   4.4212615356100349e-01   7.2342759990488741e-03   8.0045804475968457e-02
   3.5875700000000000e-03  -3.5282300682877105e-01   3.7532628974533194e-01   4.2308465828411442e-03   6.1056211471578234e-02
   2.6561599999999999e-03  -1.0060726771326487e+00   8.1154352225309034e-01   6.1998038935270018e-03   7.4117353600776273e-02
   1.8644800000000000e-03  -1.6918405514252219e+00   4.3920309629589960e-01   8.7232405192853441e-03   8.7925245191564486e-02
   9.9952000000000005e-04  -2.9502994302641111e-01   2.2962122732646879e+00   1.5073906470973923e-02   1.1528498070441741e-01
   2.6390699999999999e-03   7.9375401501305709e-01  -9.7016442806672321e-01   5.9750374374971278e-03   7.2555172936867945e-02
   3.3351000000000002e-04  -3.9602061581492304e-01   3.0862687766425978e+00   4.6574732289665265e-02   2.0035208458659926e-01
   3.7802900000000000e-03  -6.3236061516409969e-01   1.0738294148472174e-01   4.6984359024494866e-03   6.4549445845957162e-02
   1.4195300000000000e-03  -2.2687190076738745e-01   1.9919946495264900e+00   1.0780822456451457e-02   9.7634833137729457e-02
   1.3075500000000000e-03  -1.5264434740484605e+00  -1.3685210914330390e+00   1.0889571585576638e-02   9.8037835462275125e-02
   3.4216799999999999e-03   7.3233232081403299e-01   1.4369002816501868e-02   4.5242758006084453e-03   6.3312716690932039e-02
   7.3079000000000004e-04  -2.4995343501535281e+00   6.6991270083503440e-01   2.1721987014583923e-02   1.3794319342311087e-01
   8.2602000000000001e-04   1.6106373470718054e+00  -1.9413436060382538e+00   2.0681509288345595e-02   1.3476264504463703e-01
   1.1214700000000001e-03  -4.2312554948986732e-02  -2.1503321586731321e+00   1.1753119321214943e-02   1.0175519652630169e-01
   3.7152800000000001e-03   4.9490212666158012e-01  -1.6151045750536044e-01   4.2851139816332783e-03   6.1642525670786839e-02
   1.7027600000000000e-03  -8.5520840741528925e-01  -1.6171967049595977e+00   9.3613269153036676e-03   9.0846209960574811e-02
   3.3034800000000001e-03  -2.2690166791561064e-01  -6.8461848980280748e-01   4.3460178529961700e-03   6.2019765934999860e-02
   2.2459099999999998e-03  -5.5318741288851003e-01  -1.3949486724690618e+00   7.0627315169186919e-03   7.9024504947863658e-02
   8.3973000000000001e-04  -6.2275703384205472e-01  -2.4213913273435455e+00   1.9632244071071260e-02   1.3153583083720674e-01
   3.0755700000000001e-03  -5.2751755735446670e-01  -7.1303644473530348e-01   4.6224399222178471e-03   6.3976480642078268e-02
   3.8569000000000000e-04   6.1860268742583180e-01   3.0004402946027016e+00   4.4511171500834522e-02   1.9682294095722877e-01
   1.1580300000000000e-03  -1.5153916291490279e+00   1.5923754574601983e+00   1.3324082298343446e-02   1.0837935186326003e-01
   1.9340099999999999e-03   1.6761421409127959e+00  -4.1511518935270375e-01   8.7177386306806545e-03   8.7859911280359984e-02
   1.5307999999999999e-03   3.5215761138551188e-01  -1.9484449343973382e+00   1.1137110378847841e-02   9.9189335203771975e-02
   2.3334599999999999e-03  -1.3345547486458851e+00   6.3703162823658266e-01   7.0643553678539283e-03   7.9123949991579429e-02
   2.2363999999999999e-03  -9.3613294226939436e-01   1.2045520377019883e+00   7.2286345546434391e-03   7.9999528814664808e-02
   1.0899799999999999e-03   1.1264388479854095e+00   1.9915963722012064e+00   1.5367866793554785e-02   1.1639680217857348e-01
   1.9860400000000001e-03  -1.2968647909841255e+00   1.0537999862311436e+00   8.1567213725570135e-03   8.4919058216384416e-02
   3.7917599999999999e-03  -1.2296762144165610e-01  -2.6616789191417600e-01   4.0489281322882847e-03   5.9851389386796239e-02
   2.3748900000000002e-03   4.7947016486354760e-01   1.1139927466798178e+00   5.0928481422914691e-03   6.7067375768709359e-02
   1.8119399999999999e-03  -1.7457754710183548e+00  -2.1321646099575589e-01   8.7343974473116613e-03   8.7911361365298549e-02
   3.4596000000000002e-03  -5.8887120879126210e-02  -7.2917483876867473e-01   4.5735586014085741e-03   6.3659228987751490e-02
   2.6462500000000002e-03  -1.2277800043156639e+00   4.4687127740048022e-01   6.3036783892193278e-03   7.4775538122023047e-02
   1.9868099999999999e-03   1.3924435320822883e+00   8.1803233048573376e-01   7.5670658395068421e-03   8.1680161603977133e-02
   3.8099999999999999e-04  -1.9658430791133727e+00  -2.3284446703690556e+00   4.4031750187469243e-02   1.9423036261932677e-01
   1.0015600000000001e-03  -2.9840335571322230e-01  -2.3044257824795431e+00   1.5405871684686760e-02   1.1654434847398934e-01
   3.8798999999999999e-03  -3.0536815069208090e-01  -2.5140177815108994e-01   4.2698302969358323e-03   6.1491105320901573e-02
   1.5925999999999999e-04   1.8522360976458205e+00   3.0549776128132140e+00   1.2342236073969812e-01   3.0871024826004828e-01
   2.8969000000000000e-03   8.3393285100193415e-01   6.8330841498570283e-01   5.2094912527163202e-03   6.7959457067879536e-02
   3.1918200000000002e-03   1.9879565402425470e-01   8.7786012966797167e-01   4.8638773264511230e-03   6.5620439682784124e-02
   2.0173600000000002e-03  -1.6639186816723119e+00   2.1471886620134994e-02   8.1539561807235546e-03   8.4980382918182940e-02
   3.0301999999999998e-03   1.9312168207597513e-01   7.0621834108760861e-01   4.0346644373917195e-03   5.9736460126556833e-02
   1.0738200000000001e-03  -7.8060477305281262e-01   2.0974395334801152e+00   1.3577123927093664e-02   1.0940775931735221e-01
   3.2156200000000002e-03  -7.3697824439435178e-01   6.0045766417177238e-01   5.1182677908169529e-03   6.7334529652411004e-02
   8.0053000000000003e-04  -1.6434220655937868e+00   1.9438339011378960e+00   2.1208180465731238e-02   1.3635640207263430e-01
   1.0064500000000001e-03   1.2775321379064000e+00  -1.9952912579902722e+00   1.7099138500462231e-02   1.2264805348344043e-01
   3.6112399999999999e-03   2.2600342804465909e-01  -6.0633288154125486e-01   4.5012284458357619e-03   6.3170558470784413e-02
   2.0125000000000000e-03   1.2429225566106470e+00  -1.1857608932567869e+00   8.9624529889770262e-03   8.9029707098586583e-02
   2.6728199999999998e-03  -4.5101408886473376e-01  -1.1960979163769569e+00   6.1848155875178354e-03   7.3953302605564861e-02
   3.5287299999999999e-03   4.0881483128103524e-01   4.5226929287161521e-01   4.2864669772687833e-03   6.1644558214886812e-02
   3.8312200000000002e-03   3.4015869614813138e-01   2.9268899424937334e-01   4.3016925692189508e-03   6.1737098243170467e-02
   3.7939400000000000e-03   1.4396739812841283e-01  -4.4670489319351353e-01   4.2882666048110855e-03   6.1655520763130092e-02
   3.2979300000000001e-03   3.7294032276283257e-01   9.6057778239255698e-01   5.7012167870870850e-03   7.1028348105832709e-02
   1.0314300000000001e-03  -2.1230409274669833e+00  -8.6800686832583285e-01   1.4734251363839454e-02   1.1396363325373725e-01
   3.6245600000000002e-03  -2.2442631957863249e-01   5.0652990347358018e-01   4.2966482183430712e-03   6.1696855479370323e-02
   1.5196500000000000e-03  -1.8326104714552227e+00   6.5999454999678420e-01   1.0327874882511710e-02   9.5543180373006034e-02
   1.5495500000000000e-03   1.2086124557394331e+00   1.5142321553194222e+00   1.0292331708870825e-02   9.5442979278810749e-02
   2.1277000000000002e-03   7.8712639967155140e-01  -1.3327144635916370e+00   7.1837406045024118e-03   7.9713688688390544e-02
   1.1052099999999999e-03   1.6701940203285208e+00  -1.5635468559328300e+00   1.5560674041276784e-02   1.1715819105770996e-01
   3.4815599999999999e-03   1.2361173120588437e-01  -7.5378916437481891e-01   4.7005946965930773e-03   6.4573778788491173e-02
   2.6597999999999999e-03  -4.7753355691261995e-01  -8.8967268419650936e-01   4.5647448212175878e-03   6.3481918373005389e-02
   2.8124100000000000e-03   9.0124884874389877e-01  -8.1923851635213552e-01   6.0584752392331912e-03   7.3107013913640412e-02
   8.6963000000000003e-04   2.1932878306294899e-02  -2.4719415428111700e+00   1.8987124535241470e-02   1.2916567103504981e-01
   2.9854800000000000e-03  -1.0972576009917521e+00  -7.4556615014938751e-02   5.5256907423929412e-03   6.9996081459288373e-02
   2.6798400000000002e-03  -1.1221660989239255e+00   6.3030139487801962e-01   6.2096429038754203e-03   7.4186276389552080e-02
   2.4396600000000002e-03   1.1014995630448670e+00  -8.1748351083982962e-01   6.3837316335607734e-03   7.5151140248580064e-02
   2.1240299999999998e-03   1.5045564491785552e+00   4.2132149091642546e-01   7.2981175307682555e-03   8.0389934778360983e-02
   1.2638999999999999e-04   3.5945265290177124e+00   8.4010702654413794e-01   1.4687131490332367e-01   3.3667955347446166e-01
   2.0264699999999998e-03  -3.8592937098625008e-01  -1.5875471439980804e+00   7.9116670911171492e-03   8.3529902333566608e-02
   1.1476699999999999e-03   2.0779818571343665e+00   8.7942280771730585e-01   1.5017493148217612e-02   1.1503986590662844e-01
   8.9596000000000001e-04  -1.2053443280906875e+00  -2.1561378513005196e+00   1.9639214508972328e-02   1.3159550460505218e-01
   2.6374500000000000e-03   9.2147761466619993e-01   8.6796153218914329e-01   5.9961731811577152e-03   7.2866372379548128e-02
   2.1311799999999999e-03  -5.7654477830059958e-01   1.5670009197825565e+00   8.9093690757343288e-03   8.8644162742618035e-02
   2.8933200000000000e-03   7.1834692438116443e-01   8.3604143246244667e-01   5.3621017752230804e-03   6.8948048149060123e-02
   3.7341700000000002e-03   3.2366761882866679e-01  -4.6367947363401985e-01   4.4248042177499848e-03   6.2644597182918482e-02
   2.0839200000000000e-03  -1.6666018145190528e-01  -1.5483517205458595e+00   7.1456114212983656e-03   7.9487765440040714e-02
   3.0955499999999999e-03  -3.5111074394863179e-01  -7.9407269699699068e-01   4.6900816001509979e-03   6.4332098933690476e-02
   6.3692000000000002e-04  -2.8836319966799684e-01  -2.6730525688156175e+00   2.4537248793799118e-02   1.4688179417248384e-01
   3.8887999999999998e-04   6.6091421985930676e-01  -3.0238390791393153e+00   4.9823351492917049e-02   2.0759872575491356e-01
   1.3007000000000001e-04   1.0903708308453466e+00   3.4855671068124043e+00   1.3381268403747387e-01   3.2008932200337520e-01
   1.9062500000000000e-03   1.5101831246913517e+00  -8.3586442291236474e-01   8.6510886597427668e-03   8.7456466924137111e-02
   7.8501999999999999e-04   2.4049681010411481e+00   3.5108633971440917e-01   1.5611735336064175e-02   1.1717221545671257e-01
   2.1567499999999998e-03  -8.0319103146292606e-02   1.5424643426739568e+00   7.1843019010260243e-03   7.9791635590864440e-02
   3.5139600000000000e-03  -1.1945967535888802e-01  -5.5657261415784187e-01   4.1874159422155598e-03   6.0879452535805782e-02
   4.4098999999999999e-04   1.6155455950375508e+00   2.4528430750172157e+00   3.4897212928714345e-02   1.7421819479812611e-01
   6.6275999999999998e-04  -3.1740968298436328e-01   2.6530232263541613e+00   2.4307275287741251e-02   1.4610463431274820e-01
   1.6553399999999999e-03   1.6159185661963675e+00   9.2784233118009196e-01   9.5114579924615028e-03   9.1772071073635317e-02
   3.6287500000000000e-03  -8.2188424222252102e-02   6.3215211272628946e-01   4.5086515336893503e-03   6.3209911063139307e-02
   1.9327200000000000e-03  -1.1653325643619465e+00   1.2516382960772074e+00   8.4679777615765412e-03   8.6579336054069228e-02
   1.4689700000000000e-03   1.9930904222995651e+00   3.5053479293065085e-02   1.0940953679109187e-02   9.8315223918626529e-02
   1.0292100000000000e-03  -1.2182171684595779e+00  -1.8371996071724708e+00   1.2116994651680460e-02   1.0326795548496329e-01
   4.8800999999999998e-04   2.8897570714463892e+00  -2.0665256362592721e-01   3.5233326913614624e-02   1.7449945386160767e-01
   2.0015300000000001e-03   3.2162364074977118e-01   1.6382212620537384e+00   8.1731451201924564e-03   8.5003490356462985e-02
   1.3894500000000000e-03   8.1200958428298198e-01   1.9004716590268587e+00   1.1898024356815027e-02   1.0253953201741199e-01
   2.9342000000000001e-03   8.0720553817003382e-02  -1.0694818071686527e+00   5.2959784887518860e-03   6.8478405759261465e-02
   6.5328999999999995e-04  -1.0101391399416062e+00  -2.4915379967052798e+00   2.4750774066302540e-02   1.4754121432669839e-01
   3.1050800000000001e-03   7.8569580094906943e-01  -6.3510644862207954e-01   5.2683168931339994e-03   6.8297561785327573e-02
   1.6739700000000001e-03  -4.4135011927478490e-01  -1.8138948737931149e+00   9.7893562684193171e-03   9.2988792411069637e-02
   2.2581300000000001e-03   2.2282295015917192e-01  -1.4849019155505296e+00   7.1033321130612196e-03   7.9297013829418755e-02
   3.0265299999999999e-03  -8.9660277277369527e-01  -4.1064840202164893e-01   5.0329181048826017e-03   6.6688628307285822e-02
   1.7868100000000000e-03   5.2621207128388015e-01  -1.7321152962811659e+00   9.3807563993630952e-03   9.1079637860151150e-02
   3.2457300000000001e-03  -6.3428903919790458e-01  -1.9117610136475838e-01   4.1190343339321429e-03   6.0340241453214934e-02
   6.9895999999999999e-04   2.5749846844411213e+00  -5.6601039056634417e-01   2.3510163943043283e-02   1.4373200925248922e-01
   1.3413800000000001e-03  -1.8170483546023095e+00  -9.2239283975903930e-01   1.1120183065585537e-02   9.8904723835222211e-02
   2.5962099999999998e-03  -8.7484060884760029e-01   9.8564199817908860e-01   6.2813091702126692e-03   7.4594049058727199e-02
   3.1064600000000001e-03  -6.2095568274810020e-01   7.6262480896715235e-01   5.0766674739592373e-03   6.7088496713564871e-02
   1.6695900000000001e-03   5.4259841266818187e-01   1.7739763296258875e+00   9.5609142551686885e-03   9.1915046275212076e-02
   1.5313900000000001e-03   1.7325053876715224e+00  -9.3641953467284700e-01   1.0915728222751131e-02   9.8230741244521178e-02
   3.0885100000000000e-03  -1.5548801546697807e-01   9.9074285985422161e-01   5.1638155628906191e-03   6.7659989963192960e-02
   1.1462700000000000e-03  -2.1230930931475260e+00  -5.5519242419612014e-01   1.3173385818005883e-02   1.0763315308444811e-01
   3.7735999999999998e-04   1.2212941116034097e+00   2.8139457479818901e+00   4.4589094424959265e-02   1.9645957448386808e-01
   2.8831899999999999e-03   2.7395741811683799e-01  -1.1073012531305011e+00   5.5696277017497353e-03   7.0267448656525081e-02
   7.5323000000000002e-04   2.4278652087201800e+00   9.7315392042031823e-01   2.3545553783680742e-02   1.4386951008024967e-01
   2.4062799999999998e-03  -1.3794351717259605e+00  -3.1380863402074877e-01   6.6235781278817657e-03   7.6577123631403510e-02
   3.4146400000000000e-03   6.9404719846230867e-01  -4.6792674934329204e-01   4.8923092454127145e-03   6.5876375319163183e-02
   9.2029999999999998e-04   1.9470122116556123e+00  -1.3912615216192608e+00   1.6593383488027372e-02   1.2092434571882897e-01
   1.9209400000000001e-03   2.7287958264594153e-01  -1.7128508480070606e+00   8.8138321737368189e-03   8.8297410152579900e-02
   2.5712100000000000e-03   1.2975119165741629e+00   3.1438455739242276e-02   6.0271751403546195e-03   7.3115089614875617e-02
   2.5223799999999998e-03  -3.8379892049699066e-01   1.2248754771179247e+00   5.8291174594052022e-03   7.1863362696000826e-02
   1.8890300000000001e-03   9.9056899187466754e-02   1.7108820311261694e+00   8.3513959750989349e-03   8.5948391200031352e-02
   2.6718100000000002e-03   1.1761777763324868e+00  -1.3890847572365753e-01   5.5844991560826378e-03   7.0168681558122864e-02
   8.5753000000000001e-04   5.6721899948036525e-01   2.3231941805672092e+00   1.5421582706156036e-02   1.1656381748050092e-01
   3.2930199999999998e-03   6.7153576929932131e-03  -8.9816472652268842e-01   4.9771952263064200e-03   6.6434682123988897e-02
   6.5428999999999997e-04   1.9459910305707431e+00  -1.8038235274060797e+00   2.3059337764504927e-02   1.4206143133987029e-01
   1.2123000000000000e-04   3.1006535106690589e+00  -1.9719802371755939e+00   1.3659096669904305e-01   3.2367794724422694e-01
   4.2296000000000000e-04   1.1622946841429596e+00  -2.7607059936199581e+00   4.0029944957009900e-02   1.8642209180800001e-01
   2.6522899999999999e-03  -1.1869962925231434e+00  -2.4969845480529684e-01   5.6677776838764040e-03   7.0791988512328846e-02
   1.5878699999999999e-03  -1.5363174983675665e+00   1.0861958351209988e+00   9.5207670639549293e-03   9.1779546628635814e-02
   3.0339700000000000e-03   1.8965526898122864e-01   1.0575543966839507e+00   5.5087518519262657e-03   6.9820254390738232e-02
   1.8032499999999999e-03   1.3846039399136858e+00   1.0315682715977896e+00   8.2729423356570474e-03   8.5353140198949337e-02
   3.0359100000000002e-03  -1.2520262061816717e-01  -1.0366661965479473e+00   5.3064933440226652e-03   6.8537896308335802e-02
   3.8418699999999998e-03   9.3357191672236495e-02   5.7027986239118234e-01   4.6366679527724934e-03   6.4048619546932195e-02
   2.7472799999999999e-03   5.9019008635837833e-01   9.7841394124781966e-01   5.4287527612805917e-03   6.9255312685895992e-02
   1.2878399999999999e-03  -2.0650487078012159e+00   1.7984739695031085e-01   1.1275970248240506e-02   9.9818636315115075e-02
   4.5705000000000002e-04  -1.4434276703496083e+00  -2.5428231340077905e+00   3.5351250468735412e-02   1.7499581778174478e-01
   3.4487300000000001e-03  -3.8443032911960717e-01   5.5514847884798857e-01   4.3796535538745927e-03   6.2298089980002649e-02
   1.0150700000000001e-03  -1.0974406006502764e+00   2.0264178263238897e+00   1.4805358740586033e-02   1.1431599973381695e-01
   3.4431300000000000e-03   2.9230081177379513e-01   5.8387536346171931e-01   4.3706549632838111e-03   6.2117913071688818e-02
   3.7382000000000002e-04   2.6343969787746055e+00  -1.4808653043605462e+00   3.8549250365619223e-02   1.8303395050672511e-01
   1.3068600000000000e-03   2.1201550863380012e+00  -2.3090308607072044e-01   1.2997519693107348e-02   1.0717883351313182e-01
   6.5828999999999996e-04  -2.6530800630544449e+00   2.9587852216052574e-01   2.4367481410215094e-02   1.4612641238692117e-01
   3.2840600000000001e-03  -4.0197905938446932e-01  -6.0733647494716203e-01   4.4602762839154242e-03   6.2684140896854174e-02
   2.8484500000000002e-03  -6.5268481858914507e-01  -8.4637143331485976e-01   5.1445311761733727e-03   6.7461448101964597e-02
   3.3025799999999998e-03  -5.6070007100862540e-01   5.9024524632978881e-01   4.6450512002562359e-03   6.4168243288538859e-02
   9.7883999999999992e-04  -2.0323075176067067e+00   1.2677414136355822e+00   1.7787975835487881e-02   1.2515239074567411e-01
   7.2072000000000000e-04  -1.3778832071630387e+00   2.2208401398369411e+00   2.2696191056439424e-02   1.4137702422501150e-01
   3.6928500000000001e-03   2.9821640422225748e-01   1.3392138473504919e-01   3.9750840015148154e-03   5.9276179214282715e-02
   2.6851399999999999e-03   1.0064864011861965e+00  -1.0894059367802489e-01   4.5804462176190488e-03   6.3633336902301621e-02
   1.5132300000000000e-03  -1.0996032442740562e+00  -1.5857751447829445e+00   1.0000434812330573e-02   9.3991402250781009e-02
   2.7354000000000001e-04   2.1142100888874724e+00   2.3882468491533579e+00   4.9565195097574996e-02   2.0577011379205420e-01
   1.8561599999999999e-03   1.0843663615192018e+00   1.2930976560752889e+00   7.8516887033068059e-03   8.3325181559667713e-02
   1.0333499999999999e-03   5.0054852989586973e-01  -2.2285654278929883e+00   1.4620880162764228e-02   1.1325211627847845e-01
   8.1837999999999995e-04  -1.5021831911046153e+00  -1.8745825022999112e+00   1.5718901246478793e-02   1.1722378352591278e-01
   3.0509700000000001e-03   9.0512142001080775e-01   4.0212872699537099e-02   4.6671430479814768e-03   6.4320201567900220e-02
   1.3001000000000001e-04  -2.9790892072741810e+00  -2.0215308304448998e+00   1.1343485035021224e-01   2.9465850927886705e-01
   8.3889999999999995e-04  -2.3587415315141071e+00   1.3348117051881078e-01   1.4155276500591446e-02   1.1160942350916517e-01
   1.6888599999999999e-03  -4.0056675369981648e-01   1.7896155982641302e+00   9.3328332034733341e-03   9.0761296094371322e-02
   5.6910000000000001e-04  -2.1638603858204242e+00   1.5995985377115969e+00   2.2163779130788808e-02   1.3942505618299045e-01
   0.0000000000000000e+00   0.0000000000000000e+00   0.0000000000000000e+00   7.9837825763424304e-03   7.9262150554893579e-02
