9.5780943242650729176545458874745820e-04	-3.3350144776287637146927108013384858e+00
1.9625620633760636827532896323849330e-03	-2.9158483242700525861072337266127525e+00
3.4042740701615380921119526977117005e-03	-2.6176527378704624409696743953136644e+00
5.0525018940525151601006741163299303e-03	-2.3809458043315432889770400343986745e+00
6.8432445382273484460383074876921023e-03	-2.1816509388183699879467960825588603e+00
8.7279051546881330364479512355542030e-03	-2.0075757945388716040614611980340257e+00
1.0667750049653721625734356766269481e-02	-1.8516601796347915880541498619462185e+00
1.2630934791257027439973942916056360e-02	-1.7094310603465547950982599596567043e+00
1.4590716608204386432034240551258868e-02	-1.5778646034805751436465723677601627e+00
1.6524295509685343908526216633869366e-02	-1.4548134111357264863851614896418410e+00
1.8412020822525138641943777974550245e-02	-1.3386919127916490835508177860235910e+00
2.0236825006002339208262532187743659e-02	-1.2282915121742032864559084468461979e+00
2.1983806438124419245807935993776264e-02	-1.1226659779198098063830954173414068e+00
2.3639914048076928132509117035798699e-02	-1.0210571877460978073939398595783318e+00
2.5193704048140718139800037345678102e-02	-9.2284520849529024006033356030221115e-01
2.6635149243273458904879964780225360e-02	-8.2751365712636342870369380358236627e-01
2.7955487688301328314503919977207601e-02	-7.3462498819517199319372907513399799e-01
2.9147101483974627873652603726051025e-02	-6.4380241704569231349609617823323148e-01
3.0203419159155357805177157577552166e-02	-5.5471638697635112475343858117852149e-01
3.1118836892518397424253408783202774e-02	-4.6707421023924226949108317347621184e-01
3.1888655088447004935215923812816962e-02	-3.8061196027706952296227895159609400e-01
3.2509027725178929714053921196260422e-02	-2.9508797733486836963480923305274166e-01
3.2976922556813434955466997741012803e-02	-2.1027753448376635522988923254188405e-01
3.3290090751382642945215607425671914e-02	-1.2596833289989095075294474288887453e-01
3.3447044936352688643770707816577602e-02	-4.1956575902518608354703989537612131e-02
3.3447044936352688643770707816577602e-02	4.1956575902518608354703989537612131e-02
3.3290090751382642945215607425671914e-02	1.2596833289989095075294474288887453e-01
3.2976922556813434955466997741012803e-02	2.1027753448376635522988923254188405e-01
3.2509027725178929714053921196260422e-02	2.9508797733486836963480923305274166e-01
3.1888655088447004935215923812816962e-02	3.8061196027706952296227895159609400e-01
3.1118836892518397424253408783202774e-02	4.6707421023924226949108317347621184e-01
3.0203419159155357805177157577552166e-02	5.5471638697635112475343858117852149e-01
2.9147101483974627873652603726051025e-02	6.4380241704569231349609617823323148e-01
2.7955487688301328314503919977207601e-02	7.3462498819517199319372907513399799e-01
2.6635149243273458904879964780225360e-02	8.2751365712636342870369380358236627e-01
2.5193704048140718139800037345678102e-02	9.2284520849529024006033356030221115e-01
2.3639914048076928132509117035798699e-02	1.0210571877460978073939398595783318e+00
2.1983806438124419245807935993776264e-02	1.1226659779198098063830954173414068e+00
2.0236825006002339208262532187743659e-02	1.2282915121742032864559084468461979e+00
1.8412020822525138641943777974550245e-02	1.3386919127916490835508177860235910e+00
1.6524295509685343908526216633869366e-02	1.4548134111357264863851614896418410e+00
1.4590716608204386432034240551258868e-02	1.5778646034805751436465723677601627e+00
1.2630934791257027439973942916056360e-02	1.7094310603465547950982599596567043e+00
1.0667750049653721625734356766269481e-02	1.8516601796347915880541498619462185e+00
8.7279051546881330364479512355542030e-03	2.0075757945388716040614611980340257e+00
6.8432445382273484460383074876921023e-03	2.1816509388183699879467960825588603e+00
5.0525018940525151601006741163299303e-03	2.3809458043315432889770400343986745e+00
3.4042740701615380921119526977117005e-03	2.6176527378704624409696743953136644e+00
1.9625620633760636827532896323849330e-03	2.9158483242700525861072337266127525e+00
9.5780943242650729176545458874745820e-04	3.3350144776287637146927108013384858e+00
0.0000000000000000000000000000000000e+00	2.0315104587987415254437679332658585e-03