1.8384074718993424735219007220401896e-06	-4.7969441023559771743317193467671451e+00
4.0036223935413866353157087352747499e-06	-4.4953289003638340675604154139616237e+00
7.3610748006731371447921436982013351e-06	-4.2871924236855675773335705264098428e+00
1.1546502196805283104698912262411421e-05	-4.1266638934068781119728024098853667e+00
1.6485449925076199236996355993427116e-05	-3.9951312640645056680020008223038818e+00
2.2119703290542117570213928121825457e-05	-3.8831862673959451793842585281090467e+00
2.8401484074519427263789446156871707e-05	-3.7854000944387207316413047354317081e+00
3.5290308438351268557456331402375302e-05	-3.6983490583067265638386469555063290e+00
4.2751083479648422591285633277033082e-05	-3.6197314315634536964834269006316026e+00
5.0752864349345681415333886042840935e-05	-3.5479232350686443242797962151903232e+00
5.9267997144070636171525381729862044e-05	-3.4817345711842791336239956609450675e+00
6.8271502592567471496816340748804065e-05	-3.4202667141037759691551790529731585e+00
7.7740617948039264155145120605013832e-05	-3.3628237064002209496178366502788430e+00
8.7654447163231459817147296870514790e-05	-3.3088552422427054824422763118480458e+00
9.7993687700059353442577812059065848e-05	-3.2579184046334774966829449287326929e+00
1.0874041311083056404834334116342571e-04	-3.2096512364064335973498696807473605e+00
1.1987789717993321895241585654677681e-04	-3.1637539999270946763353164086863725e+00
1.3139046967222584969021387794655076e-04	-3.1199755831236977940764040964825660e+00
1.4326339654676638064546322773929995e-04	-3.0781034404001204302560649091445544e+00
1.5548277940387906967343210211863279e-04	-3.0379560173320977619477543064212035e+00
1.6803547026117743370197254303473498e-04	-2.9993769560262058383642201188176638e+00
1.8090899869693055616565257145662900e-04	-2.9622306001460133637767944497765923e+00
1.9409150908128699092127864126553406e-04	-2.9263984639124906155577937537137414e+00
2.0757170611774733353238473025436215e-04	-2.8917764265415221606224396843278059e+00
2.2133880729214262921819782367499925e-04	-2.8582724798392312563641454800321939e+00
2.3538250111022080446489403308680376e-04	-2.8258049026772106675223016036356811e+00
2.4969291022255231663520619344386008e-04	-2.7943007685313731644777884188314254e+00
2.6426055870419822370140658263974435e-04	-2.7636947155183664936419023089054988e+00
2.7907634288878524287607600547273610e-04	-2.7339279252449641415404629512435819e+00
2.9413150526120884726954603569699015e-04	-2.7049472691980885815298921165032439e+00
3.0941761099664475290768232454561340e-04	-2.6767045906359172430572145581150587e+00
3.2492652680070383825689084212372384e-04	-2.6491560968826012755819671694725757e+00
3.4065040176001418737509645190849141e-04	-2.6222618422013064685792332161910558e+00
3.5658164995697515849950659413095055e-04	-2.5959852854617529467885625245788013e+00
3.7271293463897570514116937092935403e-04	-2.5702929099435731259529498045844058e+00
3.8903715376259835507071593334605148e-04	-2.5451538950531691499073612886222694e+00
4.0554742675847961236698359783948079e-04	-2.5205398316457262110432067804338330e+00
4.2223708238353561501835165834488917e-04	-2.4964244741584873659049659128385446e+00
4.3909964754495175750125729986014962e-04	-2.4727835239678629532442122783075405e+00
4.5612883699528210237380392780810097e-04	-2.4495944393502296364015024476972833e+00
4.7331854381069223870071546183329257e-04	-2.4268362682064899426227867604941494e+00
4.9066283057519628611559646009746542e-04	-2.4044895003434004713758106236000576e+00
5.0815592120299897865151896106748694e-04	-2.3825359366209289351100904028494596e+00
5.2579219333901237389123164721913126e-04	-2.3609585726981518504516899590338409e+00
5.4356617128448220246627985953031977e-04	-2.3397414954589120192651898079784342e+00
5.6147251940060238127282830536736061e-04	-2.3188697904870883128110608605767339e+00
5.7950603594815898359492902029932952e-04	-2.2983294592013019283685284618289454e+00
5.9766164732574402638960743942275835e-04	-2.2781073444592440582239380874073168e+00
6.1593440267301221010084969767157966e-04	-2.2581910636097762196560232241717921e+00
6.3431946880890164096805619302225630e-04	-2.2385689481123095208268178291657655e+00
6.5281212547777088832436756766521645e-04	-2.2192299889623700813959274004997478e+00
6.7140776087907701062086214565765086e-04	-2.2001637872634726420431477341586937e+00
6.9010186745858105269621415065784508e-04	-2.1813605093715152117069996348630748e+00
7.0889003794116021994320176077315431e-04	-2.1628108461113735981846477508089979e+00
7.2776796158716457425610644253266696e-04	-2.1445059756282639630386238503837273e+00
7.4673142065591063958291565986621506e-04	-2.1264375294904392222824218452359348e+00
7.6577628706138041448033458630507219e-04	-2.1085975617062828443606586216707661e+00
7.8489851920651400674044009932852529e-04	-2.0909785203590149054756947724036440e+00
8.0409415898366641575840174766690346e-04	-2.0735732215969896496760962808300304e+00
8.2335932892986028867621601056927792e-04	-2.0563748257477420753287277457364154e+00
8.4269022952642096545390196038114560e-04	-2.0393768153502037718118985952631011e+00
8.6208313663344013290842950162807599e-04	-2.0225729749224185909663229868713611e+00
8.8153439905029065655261965947607071e-04	-2.0059573723021212863347510461163943e+00
9.0104043619411701052831719225095374e-04	-1.9895243414150979588031797038074852e+00
9.2059773588886136296073052835020092e-04	-1.9732684663416657819448669994111028e+00
9.4020285225796196729026993574470989e-04	-1.9571845665651797475661612286006028e+00
9.5985240371438435661003491269331904e-04	-1.9412676832984420321540753390702877e+00
9.7954307104212247911606022764681483e-04	-1.9255130667944651212635536637718978e+00
9.9927159556374123463213225984286088e-04	-1.9099161645574029261120686762448645e+00
1.0190347773889281916313365296835967e-03	-1.8944726103777691826958865547236137e+00
1.0388294737393844022721683083139552e-03	-1.8791782141234422699662912003657694e+00
1.0586525973457155780634988481469752e-03	-1.8640289522245247558444602516090923e+00
1.0785011149122884509005924338117825e-03	-1.8490209587959834552110005623574253e+00
1.0983720456462956019247670245866635e-03	-1.8341505173472272766829496235053509e+00
1.1182624598475277815202110252609608e-03	-1.8194140530324600271814932431804172e+00
1.1381694775555878994321973095748220e-03	-1.8048081253998383131858312745051479e+00
1.1580902672514973406619533607567064e-03	-1.7903294216012270752984443774853751e+00
1.1780220446108447676566844570244044e-03	-1.7759747500277263060652051842756977e+00
1.1979620713058116336246955692435987e-03	-1.7617410343391851450459430508362406e+00
1.2179076538535786310165622756293893e-03	-1.7476253078586615047626685114967437e+00
1.2378561425087744705751638929687241e-03	-1.7336247083052597292663409248335206e+00
1.2578049301977738443437353036227086e-03	-1.7197364728410145985605531787481394e+00
1.2777514514927861758618432344484532e-03	-1.7059579334095128696844800002207539e+00
1.2976931816238017103574017458429773e-03	-1.6922865123457760705342432691844837e+00
1.3176276355265774680695590785861888e-03	-1.6787197182385903840247524702748401e+00
1.3375523669249533182891769543118780e-03	-1.6652551420279788275507422847058636e+00
1.3574649674458886041821787869185074e-03	-1.6518904533218831849328488456801118e+00
1.3773630657657029706102637010648321e-03	-1.6386233969173721629596197167105684e+00
1.3972443267860918747641273886598636e-03	-1.6254517895128303548352543072718581e+00
1.4171064508385681980669030247378061e-03	-1.6123735165986207730054760685686199e+00
1.4369471729160568879304798895132852e-03	-1.5993865295146617435962851161820942e+00
1.4567642619304400593292309902085624e-03	-1.5864888426642255603883766239139758e+00
1.4765555199949158618980280045241386e-03	-1.5736785308740592744639258731685006e+00
1.4963187817300960183604328865871115e-03	-1.5609537268916543211969993904879737e+00
1.5160519135928245846205549842037861e-03	-1.5483126190111576064894808535563622e+00
1.5357528132267544638026489473071554e-03	-1.5357534488200277917100051073736240e+00
1.5554194088337687943620447451945677e-03	-1.5232745090591018620755691680763319e+00
1.5750496585653817723422109286387747e-03	-1.5108741415892531581023013081563290e+00
1.5946415499332979859464402751126818e-03	-1.4985507354582969636362395928623128e+00
1.6141930992383511445108387698722017e-03	-1.4863027250622371431276496919035716e+00
1.6337023510170823646994628541618253e-03	-1.4741285883953505119231068809061493e+00
1.6531673775052551100869005690753579e-03	-1.4620268453839775919833393607464491e+00
1.6725862781176386281919304850990403e-03	-1.4499960562992318500412651991403514e+00
1.6919571789434244407862319294678879e-03	-1.4380348202441568772420272573187012e+00
1.7112782322566712566950276867472115e-03	-1.4261417737111544599002777260775761e+00
1.7305476160412027185580186991678954e-03	-1.4143155892057781147098174213964815e+00
1.7497635335294097837094136690066974e-03	-1.4025549739332382375429789773944140e+00
1.7689242127544353832146790349413277e-03	-1.3908586685441981950716239786897832e+00
1.7880279061152434028261896546914251e-03	-1.3792254459366569749025250673758243e+00
1.8070728899540970784264163935337526e-03	-1.3676541101109147695896009014696146e+00
1.8260574641459936828402899074609044e-03	-1.3561434950748043476613622636751518e+00
1.8449799516996229808855881076572657e-03	-1.3446924637965443955105542497183731e+00
1.8638386983694364196071169535911123e-03	-1.3332999072027322330128209860179621e+00
1.8826320722784324699304486348548519e-03	-1.3219647432191433585158647043017501e+00
1.9013584635512810087247547048832846e-03	-1.3106859158521450294068468042259392e+00
1.9200162839574261862427664773375018e-03	-1.2994623943086613231064589354186311e+00
1.9386039665638229187300465149197409e-03	-1.2882931721527485734557853224385293e+00
1.9571199653969770314662467806494203e-03	-1.2771772664969534017594940957240513e+00
1.9755627551139732018908497914442108e-03	-1.2661137172267313677907429824222167e+00
1.9939308306821882607882158996389150e-03	-1.2551015862563031112862109699003061e+00
2.0122227070674001437604354583651748e-03	-1.2441399568144172506897244093259399e+00
2.0304369189300148846111339639835545e-03	-1.2332279327585757234312363967735666e+00
2.0485720203291455434260049665649853e-03	-1.2223646379163581232926865902378227e+00
2.0666265844342878993005711304915944e-03	-1.2115492154525573133270071188547672e+00
2.0845992032443481428481195913527727e-03	-1.2007808272609095337612123443174996e+00
2.1024884873137877067784253248198119e-03	-1.1900586533792687209422629068533750e+00
2.1202930654856598020177533646629572e-03	-1.1793818914271371169726748012919902e+00
2.1380115846313212083151323361926602e-03	-1.1687497560645227674546933645907732e+00
2.1556427093966114266721422773215307e-03	-1.1581614784711494419003709806044165e+00
2.1731851219542994593328281254328249e-03	-1.1476163058450961128614081790981949e+00
2.1906375217626062631390659978471820e-03	-1.1371135009199916221669350176932901e+00
2.2079986253296183441283100977481336e-03	-1.1266523414999357553264905055860690e+00
2.2252671659834150444209421732638742e-03	-1.1162321200113608320653358594677081e+00
2.2424418936477388346556109042276156e-03	-1.1058521430710882816932649968938494e+00
2.2595215746230443833493329324285247e-03	-1.0955117310698726729833558350301115e+00
2.2765049913727683444472639689938544e-03	-1.0852102177707614637597134483167874e+00
2.2933909423146677009103589255203513e-03	-1.0749469499216324686217820711200981e+00
2.3101782416170801395177494353349133e-03	-1.0647212868813028470587954638295680e+00
2.3268657189999653233667245515181213e-03	-1.0545326002586334120609514616342776e+00
2.3434522195405910863040606617860356e-03	-1.0443802735640803659181148681158399e+00
2.3599366034837335094700397913225011e-03	-1.0342637018731732918655082728094796e+00
2.3763177460562645653631823149972838e-03	-1.0241822915014234668091439454264131e+00
2.3925945372860055397949071128822332e-03	-1.0141354596901904038953323923623205e+00
2.4087658818247287766670955594601373e-03	-1.0041226343030570701852407073149262e+00
2.4248306987751944439894840418631297e-03	-9.9414325353228553429406277080413543e-01
2.4407879215221130007593953960138827e-03	-9.8419676561494495626006228721316807e-01
2.4566364975669278615707920067685903e-03	-9.7428262855832290679764268045054268e-01
2.4723753883663164169658101002543510e-03	-9.6440030987424906047798052606331551e-01
2.4880035691743110800259551794750065e-03	-9.5454928632197740796985094340404262e-01
2.5035200288879454005573471004285533e-03	-9.4472904365928933295690035967695190e-01
2.5189237698963335241135018871430749e-03	-9.3493907640149525270517962813550712e-01
2.5342138079330943803247325399552662e-03	-9.2517888758802707701654364785413850e-01
2.5493891719320349695369124683362713e-03	-9.1544798855632754479639311467607123e-01
2.5644489038860099842622830640220411e-03	-9.0574589872275559403820319226769197e-01
2.5793920587088777577744475206710376e-03	-8.9607214537023935026480622498898100e-01
2.5942177041004751814241628412640598e-03	-8.8642626344242011837564171398017720e-01
2.6089249204145367797358457496055947e-03	-8.7680779534404196904268222938574562e-01
2.6235128005294855826440777913340826e-03	-8.6721629074735215665755420862238016e-01
2.6379804497220257916895813381160513e-03	-8.5765130640428772266292644197481451e-01
2.6523269855434695057406333073706906e-03	-8.4811240596423325527078701808720625e-01
2.6665515376987319557573121827193398e-03	-8.3859915979714392164184817547921513e-01
2.6806532479279318009957147621629784e-03	-8.2911114482183658745329290134757455e-01
2.6946312698905350643963643242591993e-03	-8.1964794433926011572442269421366316e-01
2.7084847690519832360803775640791243e-03	-8.1020914787056381464258706134708880e-01
2.7222129225727479540889672333929853e-03	-8.0079435099979050440609857438454313e-01
2.7358149191997564837914420313770257e-03	-7.9140315522102781596750389072153880e-01
2.7492899591601339646519186091978686e-03	-7.8203516778985813901373508152616636e-01
2.7626372540572100780443247739247767e-03	-7.7269000157895412043432893869536333e-01
2.7758560267687394151662292044137012e-03	-7.6336727493767279473308842718245209e-01
2.7889455113472863923273470878003454e-03	-7.5406661155550732018034206280207817e-01
2.8019049529227270743631238946113577e-03	-7.4478764032926091391286382201684495e-01
2.8147336076068217279208282653268154e-03	-7.3552999523381293973761977624863216e-01
2.8274307423998133370525608550560640e-03	-7.2629331519635221734950947247850084e-01
2.8399956350990086759937510141878245e-03	-7.1707724397395750354289130624440381e-01
2.8524275742092998501792981833472271e-03	-7.0788143003440975658462611848849281e-01
2.8647258588555854883346584600438795e-03	-6.9870552644012524536111797042286978e-01
2.8768897986970519976725642512991175e-03	-6.8954919073510281572846766726735103e-01
2.8889187138432764825433044905305699e-03	-6.8041208483478268761320544933168823e-01
2.9008119347721140759662456119627569e-03	-6.7129387491871803721126699170877001e-01
2.9125688022493335448781519317779114e-03	-6.6219423132596432797859216317745927e-01
2.9241886672499661051661141819859366e-03	-6.5311282845309490037621062862723109e-01
2.9356708908813334230398739297674974e-03	-6.4404934465475472144777802872772066e-01
2.9470148443077217864077947730542055e-03	-6.3500346214666743876080668678807649e-01
2.9582199086766704049609387264342546e-03	-6.2597486691101398612295207958488168e-01
2.9692854750468427418923610855008745e-03	-6.1696324860410395750015667522190101e-01
2.9802109443174506947817640327420102e-03	-6.0796830046626380706475084678590862e-01
2.9909957271592023293058243523661173e-03	-5.9898971923386865330215419033166510e-01
3.0016392439467447281899500518387704e-03	-5.9002720505344706930033735957264261e-01
3.0121409246925743502497373490069996e-03	-5.8108046139779073513302090666873603e-01
3.0225002089823881014877349226525467e-03	-5.7214919498400321673974311523198025e-01
3.0327165459118491029790613165208458e-03	-5.6323311569342442375122299499133408e-01
3.0427893940247418996237959721672086e-03	-5.5433193649336949090348827058656092e-01
3.0527182212524925906526537092206591e-03	-5.4544537336062292838857524662088455e-01
3.0625025048550300778967845247516547e-03	-5.3657314520663089983896917219315664e-01
3.0721417313629653220896011555450308e-03	-5.2771497380433641656170283887363140e-01
3.0816353965210661716423913451951115e-03	-5.1887058371660408685084857446467244e-01
3.0909830052330059831788045366743894e-03	-5.1003970222618283325000304681532237e-01
3.1001840715073648893488786703978174e-03	-5.0122205926715669186686910665966661e-01
3.1092381184048631877653255561760473e-03	-4.9241738735783543944909209075282563e-01
3.1181446779868069259803442043499429e-03	-4.8362542153503835894345127960511026e-01
3.1269032912647263418913429493740113e-03	-4.7484589928972595555769397993621206e-01
3.1355135081511883874449183042817180e-03	-4.6607856050393587566116546503760974e-01
3.1439748874117651165929222906866177e-03	-4.5732314738898066279704528868552088e-01
3.1522869966181402567125554298021150e-03	-4.4857940442486631110738843312901334e-01
3.1604494121023368066827242444486146e-03	-4.3984707830089184894278615605870888e-01
3.1684617189120490150394206545415645e-03	-4.3112591785739140657670325443000416e-01
3.1763235107670625886220124580473569e-03	-4.2241567402858139389668524190913559e-01
3.1840343900167474663597368889159413e-03	-4.1371609978647653872343129862459378e-01
3.1915939675986079648051257965291359e-03	-4.0502695008583961593877384681071394e-01
3.1990018629978755621532333054151520e-03	-3.9634798181013073371627813393344464e-01
3.2062577042081300362307328961712433e-03	-3.8767895371842303758638413517232470e-01
3.2133611276929351097199560152092426e-03	-3.7901962639325264749063924248940893e-01
3.2203117783484751831076189472082828e-03	-3.7036976218937155896566228936371102e-01
3.2271093094671801529099601687879866e-03	-3.6172912518337311865021293823453498e-01
3.2337533827023257200053250278209843e-03	-3.5309748112416052785915346949706815e-01
3.2402436680335969907689408699804847e-03	-3.4447459738422963737860940702448314e-01
3.2465798437336035625073707251641856e-03	-3.3586024291173807320440523382725681e-01
3.2527615963353346647747137133886245e-03	-3.2725418818333347790587531752129297e-01
3.2587886206005432998505115244261545e-03	-3.1865620515771436682525836953743368e-01
3.2646606194890486892911859935912757e-03	-3.1006606722989778353853508760495774e-01
3.2703773041289466893430091979952102e-03	-3.0148354918616859597249635212810635e-01
3.2759383937877181864255688846790909e-03	-2.9290842715968590430954022435584849e-01
3.2813436158442258251514961487046515e-03	-2.8434047858672263528183053179792406e-01
3.2865927057615897557229372737945468e-03	-2.7577948216351497557901153032421725e-01
3.2916854070609334153113655132598549e-03	-2.6722521780369885074313402271361012e-01
3.2966214712959906794501418537213462e-03	-2.5867746659631118593273748151083914e-01
3.3014006580285660348062365011026381e-03	-2.5013601076433419209641430126313318e-01
3.3060227348048397341987565076558117e-03	-2.4160063362376140615702880538532012e-01
3.3104874771325101986403305481867817e-03	-2.3307111954316467748623025666863891e-01
3.3147946684587662297291541160627197e-03	-2.2454725390374173592450425672613179e-01
3.3189441001490818891443277120789117e-03	-2.1602882305982439952012374962024820e-01
3.3229355714668271905186226743178654e-03	-2.0751561429982788363362464370685927e-01
3.3267688895536880327987436441674488e-03	-1.9900741580762205766406650655180950e-01
3.3304438694108890835657342088734159e-03	-1.9050401662430586195041127939849309e-01
3.3339603338812135958843328651431977e-03	-1.8200520661036644590794778976053822e-01
3.3373181136318144132817668254399498e-03	-1.7351077640820491967002266963744551e-01
3.3405170471378106846208637737161739e-03	-1.6502051740501092588680026696231535e-01
3.3435569806666650741221649575691897e-03	-1.5653422169596853632691478913536997e-01
3.3464377682633365117933838056516039e-03	-1.4805168204777625995132861777251675e-01
3.3491592717362037862265024637753091e-03	-1.3957269186246421557405153376443678e-01
3.3517213606437555353036747823181103e-03	-1.3109704514149177346094786938260513e-01
3.3541239122820424409899804552314905e-03	-1.2262453645010920659252590580516636e-01
3.3563668116728876822576695080103483e-03	-1.1415496088196711415446308730568648e-01
3.3584499515528519454534224463737266e-03	-1.0568811402395758742466575164609183e-01
3.3603732323629495342549606873436659e-03	-9.7223791921271281881401906983965236e-02
3.3621365622391123619309624684805800e-03	-8.8761791042654739327077792501779180e-02
3.3637398570033988470810092865202670e-03	-8.0301908245852470350771661141975915e-02
3.3651830401559449705501840858051098e-03	-7.1843940743218460765020723402860178e-02
3.3664660428676549859437659600176864e-03	-6.3387686067481905955471240559254769e-02
3.3675888039736295092670234251318713e-03	-5.4932942037652104564714575117756586e-02
3.3685512699673289448373889463009991e-03	-4.6479506725047557765162230943759980e-02
3.3693533949954704349136489297861285e-03	-3.8027178419434422714070489767818540e-02
3.3699951408536567496100833942956527e-03	-2.9575755595259558763716212972825043e-02
3.3704764769827357617623150970132181e-03	-2.1125036877963482741422370304144269e-02
3.3707973804658893786344229164571172e-03	-1.2674821010358615221311104824833631e-02
3.3709578360264510288511149222107246e-03	-4.2249068190582532697075441040602328e-03
3.3709578360264510288511149222107246e-03	4.2249068190582532697075441040602328e-03
3.3707973804658893786344229164571172e-03	1.2674821010358615221311104824833631e-02
3.3704764769827357617623150970132181e-03	2.1125036877963482741422370304144269e-02
3.3699951408536567496100833942956527e-03	2.9575755595259558763716212972825043e-02
3.3693533949954704349136489297861285e-03	3.8027178419434422714070489767818540e-02
3.3685512699673289448373889463009991e-03	4.6479506725047557765162230943759980e-02
3.3675888039736295092670234251318713e-03	5.4932942037652104564714575117756586e-02
3.3664660428676549859437659600176864e-03	6.3387686067481905955471240559254769e-02
3.3651830401559449705501840858051098e-03	7.1843940743218460765020723402860178e-02
3.3637398570033988470810092865202670e-03	8.0301908245852470350771661141975915e-02
3.3621365622391123619309624684805800e-03	8.8761791042654739327077792501779180e-02
3.3603732323629495342549606873436659e-03	9.7223791921271281881401906983965236e-02
3.3584499515528519454534224463737266e-03	1.0568811402395758742466575164609183e-01
3.3563668116728876822576695080103483e-03	1.1415496088196711415446308730568648e-01
3.3541239122820424409899804552314905e-03	1.2262453645010920659252590580516636e-01
3.3517213606437555353036747823181103e-03	1.3109704514149177346094786938260513e-01
3.3491592717362037862265024637753091e-03	1.3957269186246421557405153376443678e-01
3.3464377682633365117933838056516039e-03	1.4805168204777625995132861777251675e-01
3.3435569806666650741221649575691897e-03	1.5653422169596853632691478913536997e-01
3.3405170471378106846208637737161739e-03	1.6502051740501092588680026696231535e-01
3.3373181136318144132817668254399498e-03	1.7351077640820491967002266963744551e-01
3.3339603338812135958843328651431977e-03	1.8200520661036644590794778976053822e-01
3.3304438694108890835657342088734159e-03	1.9050401662430586195041127939849309e-01
3.3267688895536880327987436441674488e-03	1.9900741580762205766406650655180950e-01
3.3229355714668271905186226743178654e-03	2.0751561429982788363362464370685927e-01
3.3189441001490818891443277120789117e-03	2.1602882305982439952012374962024820e-01
3.3147946684587662297291541160627197e-03	2.2454725390374173592450425672613179e-01
3.3104874771325101986403305481867817e-03	2.3307111954316467748623025666863891e-01
3.3060227348048397341987565076558117e-03	2.4160063362376140615702880538532012e-01
3.3014006580285660348062365011026381e-03	2.5013601076433419209641430126313318e-01
3.2966214712959906794501418537213462e-03	2.5867746659631118593273748151083914e-01
3.2916854070609334153113655132598549e-03	2.6722521780369885074313402271361012e-01
3.2865927057615897557229372737945468e-03	2.7577948216351497557901153032421725e-01
3.2813436158442258251514961487046515e-03	2.8434047858672263528183053179792406e-01
3.2759383937877181864255688846790909e-03	2.9290842715968590430954022435584849e-01
3.2703773041289466893430091979952102e-03	3.0148354918616859597249635212810635e-01
3.2646606194890486892911859935912757e-03	3.1006606722989778353853508760495774e-01
3.2587886206005432998505115244261545e-03	3.1865620515771436682525836953743368e-01
3.2527615963353346647747137133886245e-03	3.2725418818333347790587531752129297e-01
3.2465798437336035625073707251641856e-03	3.3586024291173807320440523382725681e-01
3.2402436680335969907689408699804847e-03	3.4447459738422963737860940702448314e-01
3.2337533827023257200053250278209843e-03	3.5309748112416052785915346949706815e-01
3.2271093094671801529099601687879866e-03	3.6172912518337311865021293823453498e-01
3.2203117783484751831076189472082828e-03	3.7036976218937155896566228936371102e-01
3.2133611276929351097199560152092426e-03	3.7901962639325264749063924248940893e-01
3.2062577042081300362307328961712433e-03	3.8767895371842303758638413517232470e-01
3.1990018629978755621532333054151520e-03	3.9634798181013073371627813393344464e-01
3.1915939675986079648051257965291359e-03	4.0502695008583961593877384681071394e-01
3.1840343900167474663597368889159413e-03	4.1371609978647653872343129862459378e-01
3.1763235107670625886220124580473569e-03	4.2241567402858139389668524190913559e-01
3.1684617189120490150394206545415645e-03	4.3112591785739140657670325443000416e-01
3.1604494121023368066827242444486146e-03	4.3984707830089184894278615605870888e-01
3.1522869966181402567125554298021150e-03	4.4857940442486631110738843312901334e-01
3.1439748874117651165929222906866177e-03	4.5732314738898066279704528868552088e-01
3.1355135081511883874449183042817180e-03	4.6607856050393587566116546503760974e-01
3.1269032912647263418913429493740113e-03	4.7484589928972595555769397993621206e-01
3.1181446779868069259803442043499429e-03	4.8362542153503835894345127960511026e-01
3.1092381184048631877653255561760473e-03	4.9241738735783543944909209075282563e-01
3.1001840715073648893488786703978174e-03	5.0122205926715669186686910665966661e-01
3.0909830052330059831788045366743894e-03	5.1003970222618283325000304681532237e-01
3.0816353965210661716423913451951115e-03	5.1887058371660408685084857446467244e-01
3.0721417313629653220896011555450308e-03	5.2771497380433641656170283887363140e-01
3.0625025048550300778967845247516547e-03	5.3657314520663089983896917219315664e-01
3.0527182212524925906526537092206591e-03	5.4544537336062292838857524662088455e-01
3.0427893940247418996237959721672086e-03	5.5433193649336949090348827058656092e-01
3.0327165459118491029790613165208458e-03	5.6323311569342442375122299499133408e-01
3.0225002089823881014877349226525467e-03	5.7214919498400321673974311523198025e-01
3.0121409246925743502497373490069996e-03	5.8108046139779073513302090666873603e-01
3.0016392439467447281899500518387704e-03	5.9002720505344706930033735957264261e-01
2.9909957271592023293058243523661173e-03	5.9898971923386865330215419033166510e-01
2.9802109443174506947817640327420102e-03	6.0796830046626380706475084678590862e-01
2.9692854750468427418923610855008745e-03	6.1696324860410395750015667522190101e-01
2.9582199086766704049609387264342546e-03	6.2597486691101398612295207958488168e-01
2.9470148443077217864077947730542055e-03	6.3500346214666743876080668678807649e-01
2.9356708908813334230398739297674974e-03	6.4404934465475472144777802872772066e-01
2.9241886672499661051661141819859366e-03	6.5311282845309490037621062862723109e-01
2.9125688022493335448781519317779114e-03	6.6219423132596432797859216317745927e-01
2.9008119347721140759662456119627569e-03	6.7129387491871803721126699170877001e-01
2.8889187138432764825433044905305699e-03	6.8041208483478268761320544933168823e-01
2.8768897986970519976725642512991175e-03	6.8954919073510281572846766726735103e-01
2.8647258588555854883346584600438795e-03	6.9870552644012524536111797042286978e-01
2.8524275742092998501792981833472271e-03	7.0788143003440975658462611848849281e-01
2.8399956350990086759937510141878245e-03	7.1707724397395750354289130624440381e-01
2.8274307423998133370525608550560640e-03	7.2629331519635221734950947247850084e-01
2.8147336076068217279208282653268154e-03	7.3552999523381293973761977624863216e-01
2.8019049529227270743631238946113577e-03	7.4478764032926091391286382201684495e-01
2.7889455113472863923273470878003454e-03	7.5406661155550732018034206280207817e-01
2.7758560267687394151662292044137012e-03	7.6336727493767279473308842718245209e-01
2.7626372540572100780443247739247767e-03	7.7269000157895412043432893869536333e-01
2.7492899591601339646519186091978686e-03	7.8203516778985813901373508152616636e-01
2.7358149191997564837914420313770257e-03	7.9140315522102781596750389072153880e-01
2.7222129225727479540889672333929853e-03	8.0079435099979050440609857438454313e-01
2.7084847690519832360803775640791243e-03	8.1020914787056381464258706134708880e-01
2.6946312698905350643963643242591993e-03	8.1964794433926011572442269421366316e-01
2.6806532479279318009957147621629784e-03	8.2911114482183658745329290134757455e-01
2.6665515376987319557573121827193398e-03	8.3859915979714392164184817547921513e-01
2.6523269855434695057406333073706906e-03	8.4811240596423325527078701808720625e-01
2.6379804497220257916895813381160513e-03	8.5765130640428772266292644197481451e-01
2.6235128005294855826440777913340826e-03	8.6721629074735215665755420862238016e-01
2.6089249204145367797358457496055947e-03	8.7680779534404196904268222938574562e-01
2.5942177041004751814241628412640598e-03	8.8642626344242011837564171398017720e-01
2.5793920587088777577744475206710376e-03	8.9607214537023935026480622498898100e-01
2.5644489038860099842622830640220411e-03	9.0574589872275559403820319226769197e-01
2.5493891719320349695369124683362713e-03	9.1544798855632754479639311467607123e-01
2.5342138079330943803247325399552662e-03	9.2517888758802707701654364785413850e-01
2.5189237698963335241135018871430749e-03	9.3493907640149525270517962813550712e-01
2.5035200288879454005573471004285533e-03	9.4472904365928933295690035967695190e-01
2.4880035691743110800259551794750065e-03	9.5454928632197740796985094340404262e-01
2.4723753883663164169658101002543510e-03	9.6440030987424906047798052606331551e-01
2.4566364975669278615707920067685903e-03	9.7428262855832290679764268045054268e-01
2.4407879215221130007593953960138827e-03	9.8419676561494495626006228721316807e-01
2.4248306987751944439894840418631297e-03	9.9414325353228553429406277080413543e-01
2.4087658818247287766670955594601373e-03	1.0041226343030570701852407073149262e+00
2.3925945372860055397949071128822332e-03	1.0141354596901904038953323923623205e+00
2.3763177460562645653631823149972838e-03	1.0241822915014234668091439454264131e+00
2.3599366034837335094700397913225011e-03	1.0342637018731732918655082728094796e+00
2.3434522195405910863040606617860356e-03	1.0443802735640803659181148681158399e+00
2.3268657189999653233667245515181213e-03	1.0545326002586334120609514616342776e+00
2.3101782416170801395177494353349133e-03	1.0647212868813028470587954638295680e+00
2.2933909423146677009103589255203513e-03	1.0749469499216324686217820711200981e+00
2.2765049913727683444472639689938544e-03	1.0852102177707614637597134483167874e+00
2.2595215746230443833493329324285247e-03	1.0955117310698726729833558350301115e+00
2.2424418936477388346556109042276156e-03	1.1058521430710882816932649968938494e+00
2.2252671659834150444209421732638742e-03	1.1162321200113608320653358594677081e+00
2.2079986253296183441283100977481336e-03	1.1266523414999357553264905055860690e+00
2.1906375217626062631390659978471820e-03	1.1371135009199916221669350176932901e+00
2.1731851219542994593328281254328249e-03	1.1476163058450961128614081790981949e+00
2.1556427093966114266721422773215307e-03	1.1581614784711494419003709806044165e+00
2.1380115846313212083151323361926602e-03	1.1687497560645227674546933645907732e+00
2.1202930654856598020177533646629572e-03	1.1793818914271371169726748012919902e+00
2.1024884873137877067784253248198119e-03	1.1900586533792687209422629068533750e+00
2.0845992032443481428481195913527727e-03	1.2007808272609095337612123443174996e+00
2.0666265844342878993005711304915944e-03	1.2115492154525573133270071188547672e+00
2.0485720203291455434260049665649853e-03	1.2223646379163581232926865902378227e+00
2.0304369189300148846111339639835545e-03	1.2332279327585757234312363967735666e+00
2.0122227070674001437604354583651748e-03	1.2441399568144172506897244093259399e+00
1.9939308306821882607882158996389150e-03	1.2551015862563031112862109699003061e+00
1.9755627551139732018908497914442108e-03	1.2661137172267313677907429824222167e+00
1.9571199653969770314662467806494203e-03	1.2771772664969534017594940957240513e+00
1.9386039665638229187300465149197409e-03	1.2882931721527485734557853224385293e+00
1.9200162839574261862427664773375018e-03	1.2994623943086613231064589354186311e+00
1.9013584635512810087247547048832846e-03	1.3106859158521450294068468042259392e+00
1.8826320722784324699304486348548519e-03	1.3219647432191433585158647043017501e+00
1.8638386983694364196071169535911123e-03	1.3332999072027322330128209860179621e+00
1.8449799516996229808855881076572657e-03	1.3446924637965443955105542497183731e+00
1.8260574641459936828402899074609044e-03	1.3561434950748043476613622636751518e+00
1.8070728899540970784264163935337526e-03	1.3676541101109147695896009014696146e+00
1.7880279061152434028261896546914251e-03	1.3792254459366569749025250673758243e+00
1.7689242127544353832146790349413277e-03	1.3908586685441981950716239786897832e+00
1.7497635335294097837094136690066974e-03	1.4025549739332382375429789773944140e+00
1.7305476160412027185580186991678954e-03	1.4143155892057781147098174213964815e+00
1.7112782322566712566950276867472115e-03	1.4261417737111544599002777260775761e+00
1.6919571789434244407862319294678879e-03	1.4380348202441568772420272573187012e+00
1.6725862781176386281919304850990403e-03	1.4499960562992318500412651991403514e+00
1.6531673775052551100869005690753579e-03	1.4620268453839775919833393607464491e+00
1.6337023510170823646994628541618253e-03	1.4741285883953505119231068809061493e+00
1.6141930992383511445108387698722017e-03	1.4863027250622371431276496919035716e+00
1.5946415499332979859464402751126818e-03	1.4985507354582969636362395928623128e+00
1.5750496585653817723422109286387747e-03	1.5108741415892531581023013081563290e+00
1.5554194088337687943620447451945677e-03	1.5232745090591018620755691680763319e+00
1.5357528132267544638026489473071554e-03	1.5357534488200277917100051073736240e+00
1.5160519135928245846205549842037861e-03	1.5483126190111576064894808535563622e+00
1.4963187817300960183604328865871115e-03	1.5609537268916543211969993904879737e+00
1.4765555199949158618980280045241386e-03	1.5736785308740592744639258731685006e+00
1.4567642619304400593292309902085624e-03	1.5864888426642255603883766239139758e+00
1.4369471729160568879304798895132852e-03	1.5993865295146617435962851161820942e+00
1.4171064508385681980669030247378061e-03	1.6123735165986207730054760685686199e+00
1.3972443267860918747641273886598636e-03	1.6254517895128303548352543072718581e+00
1.3773630657657029706102637010648321e-03	1.6386233969173721629596197167105684e+00
1.3574649674458886041821787869185074e-03	1.6518904533218831849328488456801118e+00
1.3375523669249533182891769543118780e-03	1.6652551420279788275507422847058636e+00
1.3176276355265774680695590785861888e-03	1.6787197182385903840247524702748401e+00
1.2976931816238017103574017458429773e-03	1.6922865123457760705342432691844837e+00
1.2777514514927861758618432344484532e-03	1.7059579334095128696844800002207539e+00
1.2578049301977738443437353036227086e-03	1.7197364728410145985605531787481394e+00
1.2378561425087744705751638929687241e-03	1.7336247083052597292663409248335206e+00
1.2179076538535786310165622756293893e-03	1.7476253078586615047626685114967437e+00
1.1979620713058116336246955692435987e-03	1.7617410343391851450459430508362406e+00
1.1780220446108447676566844570244044e-03	1.7759747500277263060652051842756977e+00
1.1580902672514973406619533607567064e-03	1.7903294216012270752984443774853751e+00
1.1381694775555878994321973095748220e-03	1.8048081253998383131858312745051479e+00
1.1182624598475277815202110252609608e-03	1.8194140530324600271814932431804172e+00
1.0983720456462956019247670245866635e-03	1.8341505173472272766829496235053509e+00
1.0785011149122884509005924338117825e-03	1.8490209587959834552110005623574253e+00
1.0586525973457155780634988481469752e-03	1.8640289522245247558444602516090923e+00
1.0388294737393844022721683083139552e-03	1.8791782141234422699662912003657694e+00
1.0190347773889281916313365296835967e-03	1.8944726103777691826958865547236137e+00
9.9927159556374123463213225984286088e-04	1.9099161645574029261120686762448645e+00
9.7954307104212247911606022764681483e-04	1.9255130667944651212635536637718978e+00
9.5985240371438435661003491269331904e-04	1.9412676832984420321540753390702877e+00
9.4020285225796196729026993574470989e-04	1.9571845665651797475661612286006028e+00
9.2059773588886136296073052835020092e-04	1.9732684663416657819448669994111028e+00
9.0104043619411701052831719225095374e-04	1.9895243414150979588031797038074852e+00
8.8153439905029065655261965947607071e-04	2.0059573723021212863347510461163943e+00
8.6208313663344013290842950162807599e-04	2.0225729749224185909663229868713611e+00
8.4269022952642096545390196038114560e-04	2.0393768153502037718118985952631011e+00
8.2335932892986028867621601056927792e-04	2.0563748257477420753287277457364154e+00
8.0409415898366641575840174766690346e-04	2.0735732215969896496760962808300304e+00
7.8489851920651400674044009932852529e-04	2.0909785203590149054756947724036440e+00
7.6577628706138041448033458630507219e-04	2.1085975617062828443606586216707661e+00
7.4673142065591063958291565986621506e-04	2.1264375294904392222824218452359348e+00
7.2776796158716457425610644253266696e-04	2.1445059756282639630386238503837273e+00
7.0889003794116021994320176077315431e-04	2.1628108461113735981846477508089979e+00
6.9010186745858105269621415065784508e-04	2.1813605093715152117069996348630748e+00
6.7140776087907701062086214565765086e-04	2.2001637872634726420431477341586937e+00
6.5281212547777088832436756766521645e-04	2.2192299889623700813959274004997478e+00
6.3431946880890164096805619302225630e-04	2.2385689481123095208268178291657655e+00
6.1593440267301221010084969767157966e-04	2.2581910636097762196560232241717921e+00
5.9766164732574402638960743942275835e-04	2.2781073444592440582239380874073168e+00
5.7950603594815898359492902029932952e-04	2.2983294592013019283685284618289454e+00
5.6147251940060238127282830536736061e-04	2.3188697904870883128110608605767339e+00
5.4356617128448220246627985953031977e-04	2.3397414954589120192651898079784342e+00
5.2579219333901237389123164721913126e-04	2.3609585726981518504516899590338409e+00
5.0815592120299897865151896106748694e-04	2.3825359366209289351100904028494596e+00
4.9066283057519628611559646009746542e-04	2.4044895003434004713758106236000576e+00
4.7331854381069223870071546183329257e-04	2.4268362682064899426227867604941494e+00
4.5612883699528210237380392780810097e-04	2.4495944393502296364015024476972833e+00
4.3909964754495175750125729986014962e-04	2.4727835239678629532442122783075405e+00
4.2223708238353561501835165834488917e-04	2.4964244741584873659049659128385446e+00
4.0554742675847961236698359783948079e-04	2.5205398316457262110432067804338330e+00
3.8903715376259835507071593334605148e-04	2.5451538950531691499073612886222694e+00
3.7271293463897570514116937092935403e-04	2.5702929099435731259529498045844058e+00
3.5658164995697515849950659413095055e-04	2.5959852854617529467885625245788013e+00
3.4065040176001418737509645190849141e-04	2.6222618422013064685792332161910558e+00
3.2492652680070383825689084212372384e-04	2.6491560968826012755819671694725757e+00
3.0941761099664475290768232454561340e-04	2.6767045906359172430572145581150587e+00
2.9413150526120884726954603569699015e-04	2.7049472691980885815298921165032439e+00
2.7907634288878524287607600547273610e-04	2.7339279252449641415404629512435819e+00
2.6426055870419822370140658263974435e-04	2.7636947155183664936419023089054988e+00
2.4969291022255231663520619344386008e-04	2.7943007685313731644777884188314254e+00
2.3538250111022080446489403308680376e-04	2.8258049026772106675223016036356811e+00
2.2133880729214262921819782367499925e-04	2.8582724798392312563641454800321939e+00
2.0757170611774733353238473025436215e-04	2.8917764265415221606224396843278059e+00
1.9409150908128699092127864126553406e-04	2.9263984639124906155577937537137414e+00
1.8090899869693055616565257145662900e-04	2.9622306001460133637767944497765923e+00
1.6803547026117743370197254303473498e-04	2.9993769560262058383642201188176638e+00
1.5548277940387906967343210211863279e-04	3.0379560173320977619477543064212035e+00
1.4326339654676638064546322773929995e-04	3.0781034404001204302560649091445544e+00
1.3139046967222584969021387794655076e-04	3.1199755831236977940764040964825660e+00
1.1987789717993321895241585654677681e-04	3.1637539999270946763353164086863725e+00
1.0874041311083056404834334116342571e-04	3.2096512364064335973498696807473605e+00
9.7993687700059353442577812059065848e-05	3.2579184046334774966829449287326929e+00
8.7654447163231459817147296870514790e-05	3.3088552422427054824422763118480458e+00
7.7740617948039264155145120605013832e-05	3.3628237064002209496178366502788430e+00
6.8271502592567471496816340748804065e-05	3.4202667141037759691551790529731585e+00
5.9267997144070636171525381729862044e-05	3.4817345711842791336239956609450675e+00
5.0752864349345681415333886042840935e-05	3.5479232350686443242797962151903232e+00
4.2751083479648422591285633277033082e-05	3.6197314315634536964834269006316026e+00
3.5290308438351268557456331402375302e-05	3.6983490583067265638386469555063290e+00
2.8401484074519427263789446156871707e-05	3.7854000944387207316413047354317081e+00
2.2119703290542117570213928121825457e-05	3.8831862673959451793842585281090467e+00
1.6485449925076199236996355993427116e-05	3.9951312640645056680020008223038818e+00
1.1546502196805283104698912262411421e-05	4.1266638934068781119728024098853667e+00
7.3610748006731371447921436982013351e-06	4.2871924236855675773335705264098428e+00
4.0036223935413866353157087352747499e-06	4.4953289003638340675604154139616237e+00
1.8384074718993424735219007220401896e-06	4.7969441023559771743317193467671451e+00
0.0000000000000000000000000000000000e+00	2.0610725232421468208859897514428425e-05