   1.0602299999999999e-03  -2.2678894868861814e+00   3.1477064889784934e-01   1.5074422938308239e-02   1.1520931395290711e-01
   1.5884700000000000e-03  -8.8905413049257243e-01   1.5604566891632801e+00   8.2203116655331157e-03   8.5192522673824961e-02
   2.1188700000000001e-03  -1.5436905761288062e+00   2.1523559393295472e-01   7.2189362326322446e-03   7.9948785412316731e-02
   1.0025800000000001e-03  -8.2367837065640548e-01  -2.1770170929105594e+00   1.5508200301431560e-02   1.1686646745836840e-01
   2.6564100000000001e-03   9.7227083942223369e-01  -6.3700981317578087e-01   5.2985215238849559e-03   6.8467056390673603e-02
   9.3590000000000003e-05   2.8110313334553605e+00   2.5128780424665287e+00   1.5425346179699984e-01   3.4453528566171626e-01
   6.8371000000000003e-04   4.0929986554938425e-01   2.5919816644887561e+00   2.1997482634197606e-02   1.3905006395517044e-01
   1.8040999999999999e-04   3.4750486286965363e+00  -1.4878231776984840e-01   9.6697282215511146e-02   2.7681639459812502e-01
   2.0720399999999998e-03   4.4066094081808188e-01  -1.5411192614701719e+00   7.6050729765770918e-03   8.2064533507853130e-02
   1.2740500000000001e-03  -2.1135185577978173e+00  -1.8099660310890833e-01   1.2305261929162819e-02   1.0419097632636810e-01
   2.5407500000000000e-03   3.1880238901274544e-01   1.1921435003824512e+00   5.5567610228807974e-03   7.0100376874113884e-02
   1.6210300000000001e-03   1.8484096791707938e+00  -2.3914704377788748e-01   9.3677822007773841e-03   9.0998383954077458e-02
   3.6918999999999998e-04   3.0547657330680451e+00   3.0396333668324438e-01   4.3156991701124615e-02   1.9420003456949489e-01
   2.6518100000000001e-03   1.0811063214919994e+00  -4.6684316031516637e-01   5.4628733556640191e-03   6.9441920967247439e-02
   5.9484000000000002e-04   7.6051116424312115e-01  -2.6052299734410886e+00   2.4591163707643880e-02   1.4690763636470869e-01
   2.7010100000000002e-03   1.1079081879861294e+00   2.1348703043711469e-02   5.0780982203981959e-03   6.7088521664870324e-02
   2.0646200000000001e-03   1.2465421064834259e+00  -9.6842901396618608e-01   7.2773746669180231e-03   8.0262747093467202e-02
   1.2110400000000000e-03   1.8895805348873831e+00   1.0929420423331133e+00   1.3514313453088539e-02   1.0921536469309150e-01
   1.0631799999999999e-03  -1.3601561390425387e+00   1.8231527839742636e+00   1.4500504176456899e-02   1.1308990189308171e-01
   1.8133600000000000e-03  -1.7383557035405790e+00  -4.9139300104090994e-01   9.4668372050416127e-03   9.1532585846200304e-02
   3.7333700000000002e-03   2.3596423097283017e-02   1.4956294064796424e-01   3.8605296571950381e-03   5.8392049238635162e-02
   1.8867500000000000e-03  -1.2676470338767314e+00  -1.2857680154853726e+00   9.7834542402780496e-03   9.3076462953397998e-02
   2.0105000000000001e-03   4.4247182629987829e-02  -1.6687686280317413e+00   8.2068981413594318e-03   8.5222252295041337e-02
   1.8585900000000000e-03  -6.5644818020731510e-01   1.4712730600356099e+00   6.9517481212723175e-03   7.8421214987195953e-02
   1.4519000000000001e-04  -1.8314692443188765e+00  -3.1208348862755555e+00   1.3033050445531719e-01   3.1822105274971901e-01
   1.4468700000000001e-03  -1.2994633957551027e+00   1.4966122088092990e+00   1.0564285892022808e-02   9.6576938933133641e-02
   1.4050899999999999e-03   1.9544706596663677e+00   5.6520984839325727e-01   1.1350687216894225e-02   1.0017400550085653e-01
   2.5575500000000000e-03   1.3516233322074769e-01   1.2522024169799522e+00   5.7333434844762865e-03   7.1256689133708917e-02
   1.2731000000000000e-04  -3.6468952484101025e+00   2.1163452285873044e-01   1.3300934884037346e-01   3.1912524911169998e-01
   6.2414999999999997e-04  -2.2196999027945039e+00  -1.5504492540015353e+00   2.4871100130627821e-02   1.4797977657984757e-01
   1.3395700000000000e-03  -1.3104925735789075e+00  -1.5533955685627536e+00   1.0926388240702597e-02   9.8138409868746945e-02
   2.8961600000000001e-03  -9.2754549459730273e-01   6.2678692396256741e-01   5.4733888578603366e-03   6.9643712858295265e-02
   1.4216100000000000e-03  -7.0510554938539927e-01  -1.8792988044954451e+00   1.0882428438457877e-02   9.8086071374328884e-02
   3.7803200000000002e-03  -1.7784527568708799e-01   3.4123179566020934e-01   4.1319775862024583e-03   6.0519367203958625e-02
   2.2015799999999999e-03  -1.3441336985222769e+00  -7.7851259080929558e-01   7.4533087789900735e-03   8.1212388352384327e-02
   1.1260300000000001e-03   1.3639549319078055e+00   1.7606665174243730e+00   1.3689838200032368e-02   1.1001085778446439e-01
   2.2206399999999999e-03   1.2829437232195571e+00   7.1052052277593936e-01   6.6153144350251814e-03   7.6514501961778780e-02
   6.2688999999999996e-04   2.6481069672066684e+00   5.4742967000537657e-01   2.4862191940761624e-02   1.4774889654613135e-01
   2.3263400000000001e-03   1.0173008278074707e+00  -9.9560652162053409e-01   6.4840740226439226e-03   7.5766363900535677e-02
   3.8824200000000001e-03  -8.1305580811857264e-02   2.0879020283819324e-02   3.9367238755725750e-03   5.9089044903883031e-02
   7.8536999999999997e-04   2.2125947978724563e+00  -1.2018192843102480e+00   1.9289003546890230e-02   1.3025049475457398e-01
   2.1475399999999999e-03   1.4214524270402373e+00   5.5031907815891479e-01   6.9295001022877702e-03   7.8319846744026284e-02
   3.5547399999999998e-03   5.9826357567312871e-01  -3.2319428348341128e-01   4.5331455878841014e-03   6.3394694290861198e-02
   1.3660899999999999e-03   2.0716113963889677e+00   2.9651865920643700e-01   1.2599577658231303e-02   1.0543663488619000e-01
   2.9324400000000001e-03   7.0220922028237331e-01  -8.1216539601029403e-01   5.2598338029516620e-03   6.8272002318283800e-02
   2.2751700000000000e-03   5.7537166544129892e-01  -1.3539382619092215e+00   6.7956885411993044e-03   7.7596081183313875e-02
   3.3857800000000001e-03   6.0277389071079146e-01   4.6504508189207694e-01   4.5717158391375195e-03   6.3677526849140312e-02
   9.1894000000000003e-04  -1.8448405126943048e+00  -1.5218900378693649e+00   1.6477010457519040e-02   1.2054385420007427e-01
   3.7756999999999998e-04  -2.8682493933963391e+00  -9.9878651286189379e-01   4.0666574754428537e-02   1.8776034137312925e-01
   2.1934900000000002e-03   1.4572917904652989e+00  -3.9864661660248357e-01   7.0556148087268216e-03   7.8964407420767962e-02
   3.8635499999999999e-03  -2.5021439539885038e-01   5.4826939201751704e-02   4.0260707574128734e-03   5.9765376888110101e-02
   1.5202999999999999e-04   3.2543265144747475e+00   1.5888301676025858e+00   1.2680353441486661e-01   3.1780321511462417e-01
   1.5374500000000001e-03   1.3075079742260305e+00  -1.3750378872273163e+00   9.6530368359180677e-03   9.2052031549004085e-02
   1.7372300000000000e-03  -1.7825472096703394e+00   1.8127808532182585e-01   8.7597092849103723e-03   8.8067530400870883e-02
   2.2240400000000000e-03  -8.6458356274711168e-01  -1.1737046771605653e+00   6.6691070799137575e-03   7.6696114259391976e-02
   2.0845400000000002e-03  -1.1024757033431776e+00  -1.0967657146935730e+00   7.1517771361453517e-03   7.9518394105758478e-02
   5.6289000000000003e-04  -2.4390923710170962e+00   1.2652656788260959e+00   2.5668988238367111e-02   1.4997019748385262e-01
   2.6763899999999998e-03  -5.4516341653660805e-01   1.0834516124228564e+00   5.6666853067851020e-03   7.0844635260927297e-02
   3.6700600000000002e-03  -4.4387159755929384e-01  -2.1478374045608326e-01   4.2128697758851488e-03   6.1096469148596767e-02
   1.2730000000000000e-04  -2.4775887180185485e+00  -2.6352735754596401e+00   1.1874849151761505e-01   3.0130720640540959e-01
   1.2234000000000000e-04   2.5469455982239850e+00  -2.6557676343687495e+00   1.3635280230714772e-01   3.2381524201691475e-01
   3.6201699999999998e-03   2.5285472874270376e-01   4.2035829259794644e-01   4.2101792284117041e-03   6.0932062115899882e-02
   9.6926000000000000e-04  -1.9382743183634255e-02   2.2325214090906549e+00   1.2044965750288126e-02   1.0302350533251912e-01
   8.7189999999999997e-05  -4.7735326987805704e-01   3.7281111698542242e+00   1.4587837034602225e-01   3.2998546736695600e-01
   1.3722100000000000e-03   1.9489048357498659e+00  -4.6673155989059056e-01   1.0492248475702199e-02   9.6325691038643302e-02
   4.8031000000000001e-04  -8.5680042339385587e-01   2.7887522557106728e+00   3.6226703433008829e-02   1.7731950904611210e-01
   4.1554000000000000e-04  -7.3065632452492657e-01  -2.8609482001404802e+00   3.4647002952567382e-02   1.7341667511991751e-01
   2.8821000000000001e-04  -1.2097679514920425e+00  -2.9282449929483994e+00   4.9232109461158191e-02   2.0445132544078309e-01
   3.1654100000000000e-03  -2.9986590922852829e-01   8.5377076873057767e-01   4.8270539672776638e-03   6.5424239601626383e-02
   2.8221600000000002e-03   6.0018096780878016e-01  -9.8314506641567945e-01   5.5522775555739961e-03   7.0164751075420223e-02
   2.8198999999999998e-04  -3.2302060748867056e-01  -3.1481895716217214e+00   4.6792457929518853e-02   1.9997762725661797e-01
   3.4569000000000001e-04  -2.6889558145890442e+00  -1.5082096660722610e+00   4.2382797076670309e-02   1.9185152204400263e-01
   3.1080900000000000e-03  -6.9339571045500359e-01  -3.3107117117807178e-01   4.2582636949268799e-03   6.1363293607263433e-02
   2.2861600000000002e-03  -6.0537569034518446e-01   1.2726422516648457e+00   6.2811691264357504e-03   7.4588521467405869e-02
   1.2014599999999999e-03  -1.7859771883276707e+00   1.3402994051092949e+00   1.4924340853856057e-02   1.1460487796458867e-01
   3.5934999999999998e-04  -2.3475319203716691e+00  -1.9795959787432051e+00   4.3078726508535017e-02   1.9358831993435935e-01
   3.3412500000000000e-03  -1.2179314850473014e-01   8.0358978053539432e-01   4.6929122578926400e-03   6.4509374783667014e-02
   2.6002600000000001e-03   1.0638520476352202e+00   6.9073026402738091e-01   5.8876706826112759e-03   7.2247910528616024e-02
   3.8153699999999998e-03  -1.3997417006829463e-01   1.8048757837369697e-01   3.9632481619114564e-03   5.9291322278880336e-02
   3.7823499999999999e-03   1.6066640962477871e-01  -1.6624161441527341e-01   3.9498519227592413e-03   5.9163972857235854e-02
   7.3119999999999999e-04   2.3789919655496223e-02   2.5438079675561545e+00   1.9134073786284442e-02   1.2982461902026216e-01
   1.0765000000000000e-04   1.1221931999481676e+00  -3.5621133086335872e+00   1.4466772374144005e-01   3.3695376620636358e-01
   1.7464200000000000e-03  -1.5356817394692230e+00  -9.0860427161056545e-01   8.8301101596715923e-03   8.8247182011177511e-02
   3.1549899999999999e-03   6.1398799223592504e-01  -6.4179553134285450e-01   4.7575199536945478e-03   6.4926154860915936e-02
   2.2450800000000000e-03   1.3169832265294839e+00  -5.3558378396219175e-01   6.3980306080563395e-03   7.5108117836727731e-02
   1.9160000000000000e-04   1.7835760412902055e+00  -2.9820198261003599e+00   9.8135643076564832e-02   2.8069022249216474e-01
   2.5850500000000002e-03  -2.4118165049164630e-01  -1.1995277044891590e+00   5.5798062950365010e-03   7.0268256701138648e-02
   2.4414500000000000e-03  -7.5950579971533061e-01   1.1290213045668931e+00   6.2517478724422194e-03   7.4450258155981608e-02
   4.8251000000000001e-04  -2.0737473348293491e+00   1.9997869097672567e+00   3.1938978669579107e-02   1.6698152875917427e-01
   3.2082999999999998e-04   2.5587066071536659e+00   1.8494270965834019e+00   5.0657647778227698e-02   2.0890702946651860e-01
   2.0883199999999998e-03  -1.0971276847388522e+00   1.0323968335169851e+00   6.8098080984345102e-03   7.7423564637152678e-02
   3.3554800000000001e-03   9.9649417393344472e-02   4.0657803225659300e-01   3.7342314794445784e-03   5.7458791832148533e-02
   2.9917899999999998e-03  -4.8673934138622882e-01   9.0204830824982185e-01   5.1069831545013846e-03   6.7292283257818761e-02
   2.2084700000000001e-03   8.7514709367068710e-01   1.2327418516560646e+00   7.0282267186132404e-03   7.8894914426434565e-02
   2.9158200000000000e-03   1.0092367441373959e+00   1.8539833360152663e-01   4.9990812240304511e-03   6.6566057926015512e-02
   2.4675200000000000e-03  -5.4143339850191562e-02   1.3141241813154110e+00   5.9501800758068784e-03   7.2630502407969491e-02
   3.5662300000000001e-03   5.7454449768355842e-01  -1.0842398322376977e-02   4.2600886736370901e-03   6.1456970065858263e-02
   2.2239000000000000e-03  -3.4943730022795394e-01  -1.3952750406302945e+00   6.4129253558618728e-03   7.5269866773530689e-02
   6.8121000000000002e-04   2.6267764993697744e+00   1.1377102046382295e-01   2.2416498359713131e-02   1.4034370880772290e-01
   2.1457600000000000e-03  -4.4366533703372291e-01   1.4303387289318341e+00   6.6933991233863810e-03   7.6994044717726723e-02
   4.5573000000000000e-04   9.1075558146515009e-02   2.9135804497612239e+00   3.4110001918656235e-02   1.7225850462346950e-01
   4.1246000000000002e-04  -1.8029917165315388e+00   2.4066344289424162e+00   4.0397967528300820e-02   1.8729014178173864e-01
   3.0698100000000001e-03   8.8624780182603413e-01  -4.6438142999892279e-01   5.1389029577574557e-03   6.7501002423596912e-02
   1.4844800000000000e-03   1.8063279813493969e+00   7.8600032962397415e-01   1.0559328041885573e-02   9.6556739401449987e-02
   2.5434500000000001e-03   8.0762610585348416e-01   1.0166961141833601e+00   5.9736139307425516e-03   7.2722906188075170e-02
   3.6493900000000002e-03   2.4914207041479008e-01  -3.2630502295395922e-02   3.8161017187889608e-03   5.8172769434177214e-02
   1.8839400000000000e-03   1.6194234236928977e+00   1.7339310654073400e-01   7.2050985794700042e-03   7.9842406371928507e-02
   3.6844600000000001e-03  -3.2984893158407462e-02  -4.2508106119781525e-01   4.0797833047864062e-03   6.0161153628145690e-02
   2.6353000000000001e-03  -5.4106888093536953e-01  -1.0631941136330647e+00   5.5462045237211098e-03   6.9925816678695171e-02
   2.2025800000000000e-03   1.1097263982626930e-01   1.4545573319213794e+00   6.4506851870784060e-03   7.5613014316264174e-02
   3.8653000000000000e-04  -2.9887950524887539e+00   5.0503248300448755e-01   4.1532033431888028e-02   1.8911714672470342e-01
   2.5042599999999999e-03  -1.3178554704404404e+00   2.4944340167180068e-01   6.2340973401137168e-03   7.4290373250936695e-02
   2.4401700000000002e-03   1.3104213092679016e+00   3.6403554702008645e-01   6.2109425901603465e-03   7.4174132368845028e-02
   4.5987000000000003e-04   2.6431941603901521e+00   1.2898808087634173e+00   3.6999180230231694e-02   1.7908642649750284e-01
   6.5868000000000003e-04  -1.9081807265824609e+00  -1.8819751921467671e+00   2.4926127839927245e-02   1.4783450285771962e-01
   1.3866200000000001e-03  -7.1374410858035886e-01   1.6874286018340510e+00   7.5984968816121988e-03   8.1929691332784604e-02
   3.6192700000000000e-03  -2.0286881439647633e-01  -3.9612859589426180e-01   4.0348728801545023e-03   5.9796189341578265e-02
   2.1591499999999999e-03   1.1592478277708411e+00  -6.3508172541233510e-01   5.2887576513144007e-03   6.8369765485824033e-02
   9.6387999999999997e-04   2.5307998520159258e-01   2.2839160981296054e+00   1.4084319548939309e-02   1.1132800951198014e-01
   3.0872199999999999e-03  -3.1544927440996978e-01  -1.0332604250979549e+00   5.7011016186739828e-03   7.0995218856853268e-02
   2.6573199999999999e-03   4.9208302723829900e-01  -1.1592048985547372e+00   5.9090195652837588e-03   7.2382328817879871e-02
   3.3528500000000001e-03  -2.9744033788697788e-01  -5.3093799698050848e-01   4.1548652754902675e-03   6.0569173543873076e-02
   3.4758800000000002e-03  -2.5054730176215656e-01   6.7817363644266160e-01   4.5536475112485869e-03   6.3539982382832164e-02
   3.4866999999999998e-04   2.9981924215479725e+00  -6.6745777818672336e-01   4.2934571675870593e-02   1.9261533396016675e-01
   3.5142699999999999e-03   5.1294830429756177e-01  -4.7819553060600234e-01   4.5479186004087589e-03   6.3476460838684384e-02
   2.8672300000000001e-03   9.8535813440345843e-01   5.1064262317458009e-01   5.3594841418701583e-03   6.8913211986128764e-02
   3.0426099999999998e-03   5.6132313492682495e-01   7.7382241008460706e-01   4.8653509757406125e-03   6.5677675468579277e-02
   4.9640999999999997e-04  -2.8339576437942315e+00  -5.1255934959293570e-01   3.2703064563470267e-02   1.6894948212868682e-01
   2.2239800000000000e-03   9.1415958488322013e-01  -1.1765299175563215e+00   6.8368811529534671e-03   7.7818449209777568e-02
   1.4429499999999999e-03  -1.9630861461716724e+00   3.6925138081983916e-01   1.0789362492901413e-02   9.7703641707376554e-02
   2.4771500000000000e-03  -1.1637745106486976e+00  -6.6590302542278623e-01   6.1501621978340051e-03   7.3822642284837259e-02
   2.2948700000000001e-03  -1.1386356767468300e+00  -8.8081765056517713e-01   6.5657147621273086e-03   7.6255568064663048e-02
   1.0710000000000000e-04  -3.1485104520800480e+00   1.9825598550085435e+00   1.4908491250139688e-01   3.3552735370420128e-01
   3.5528999999999999e-03   5.3523960467810305e-01   2.9910918617861304e-01   4.3447467986748659e-03   6.2076943682751323e-02
   1.4882400000000000e-03  -1.4927586700032243e+00   1.3043094376583348e+00   1.0868957836733643e-02   9.8036850990410568e-02
   1.8723100000000001e-03   6.7449358810052495e-01  -1.5644629398359913e+00   8.0563347100384708e-03   8.4467074664781899e-02
   2.8128200000000002e-03  -2.3011492687932733e-02   1.1172218663170173e+00   5.3152272726126482e-03   6.8636491518774961e-02
   3.6594999999999998e-04  -2.4882815041799913e+00   1.7813850164133376e+00   4.1959972819273134e-02   1.9040892568715939e-01
   2.5985100000000001e-03   1.2305517251500993e+00  -3.5265448511183251e-01   6.0565540216761882e-03   7.3090330192854422e-02
   5.5869999999999997e-04   2.0477257499295480e+00   1.8205683023543429e+00   2.5603876345010063e-02   1.4915641094743617e-01
   1.2068999999999999e-03  -5.2505688255185090e-01  -2.1026754373348813e+00   1.2909665684617416e-02   1.0677768219597550e-01
   2.8773700000000002e-03  -3.5070758167601779e-01   1.0348735097713406e+00   5.2949436511515883e-03   6.8528857394812015e-02
   2.6020599999999998e-03  -8.4882269451543901e-01  -2.9933231012912154e-01   3.9851761060381279e-03   5.9389246703350780e-02
   2.0940500000000001e-03  -1.5637621001017993e-01  -1.3690980226640639e+00   5.5290159144213459e-03   6.9944679845810251e-02
   9.8319999999999994e-05   3.6365563628802100e+00  -9.5471535462056478e-01   1.4679303204512575e-01   3.3587260252525569e-01
   2.1618499999999999e-03   1.5005009212643221e+00  -1.6601753885791656e-02   6.7095951697500149e-03   7.7109187497538506e-02
   3.2187100000000001e-03   2.4218357013613311e-02   9.2581790505067796e-01   5.0018678138914743e-03   6.6589257875773550e-02
   1.7256699999999999e-03  -1.0588843462317843e+00   1.4105946927145170e+00   8.3327674161022686e-03   8.5803147635604690e-02
   1.7433399999999999e-03   1.7258805441982585e+00  -3.3171093117012856e-02   7.9133953446154093e-03   8.3641834068904380e-02
   3.0855399999999999e-03  -9.8040569144549028e-01   1.2949020470492628e-01   5.1161947000769948e-03   6.7298163513615131e-02
   1.7184300000000000e-03   1.4017396855192494e+00  -1.1485104656323659e+00   9.0088770160710041e-03   8.9238928000505480e-02
   6.8665000000000002e-04   1.1086483067125865e+00  -2.3678110025599328e+00   2.1858740640659263e-02   1.3845042938511695e-01
   2.3759599999999999e-03   5.1266301383299251e-01   1.3001430673053256e+00   6.3860516988138282e-03   7.5204334184838351e-02
   1.0382600000000001e-03   2.2733772908232619e+00   2.7431710751095399e-02   1.4235506653897705e-02   1.1200358585234278e-01
   1.2106700000000001e-03   1.5278743244147965e+00   1.5037289501199744e+00   1.2431403148823177e-02   1.0459886490706005e-01
   1.8285000000000000e-03   1.5277103083897450e+00   7.4908141128349914e-01   7.9773658031784458e-03   8.3884265769465657e-02
   1.1823000000000000e-04  -3.4257861577124262e+00  -1.2840349463282568e+00   1.2557787537025514e-01   3.0991332502305591e-01
   3.2712700000000002e-03   3.6917982099358404e-01   7.4564524671329502e-01   4.7193911103519158e-03   6.4590395284669949e-02
   4.4640000000000001e-04   1.0487021985763151e-01  -2.9246270931231702e+00   3.4190292996120308e-02   1.7232719524814999e-01
   1.0396299999999999e-03   1.8880384517840199e+00   1.4366166299806533e+00   1.7858578240155916e-02   1.2535702548394334e-01
   1.1367300000000001e-03  -4.8751610640587623e-01   2.1226423818841513e+00   1.2650517999862228e-02   1.0556538853422144e-01
   2.2995699999999999e-03   1.4037534221498558e+00   1.8025121744358147e-01   6.3510229309062371e-03   7.4998056109901748e-02
   2.4822000000000001e-04   2.9875491764727991e+00  -1.2227482212438210e+00   4.9302880841352023e-02   2.0598333152217885e-01
   2.2488299999999998e-03  -8.0202354831579903e-01  -1.4155708523584960e+00   8.5340053959156552e-03   8.6932441149768558e-02
   1.5104000000000001e-03   1.3560769934683548e+00   1.2987518627746593e+00   9.0753125555637758e-03   8.9501744592733370e-02
   1.6351000000000001e-04  -1.1984958420889105e+00   3.3365480452417544e+00   1.0311330641174825e-01   2.8803368200003393e-01
   1.8454400000000001e-03  -6.2260328996124359e-01  -1.6299566145947753e+00   8.6814047469258738e-03   8.7600670520532858e-02
   1.3204099999999999e-03   1.1662704586840029e+00  -1.5634090434464212e+00   9.1018616702652020e-03   8.9558294783121911e-02
   1.6201099999999999e-03   1.7808807891711047e+00   3.7336455065669200e-01   8.7914113050066214e-03   8.8045881632656475e-02
   1.3187699999999999e-03  -2.5058782479601827e-01  -2.0141802963383895e+00   1.0788768498226759e-02   9.7387776932735523e-02
   3.6545300000000000e-03  -4.8570349850712602e-01  -5.4579607712583500e-01   4.8527291547379864e-03   6.5557767070913639e-02
   1.5603900000000000e-03  -1.7011244680137085e+00   8.2916163026361445e-01   9.4597946725638489e-03   9.1502591581266501e-02
   8.5134000000000002e-04   2.4700361430202582e+00  -2.4616978632898068e-01   1.8997652213091767e-02   1.2934719298358546e-01
   2.5214299999999999e-03   1.1923134984837731e+00   5.2743628545127330e-01   6.0034576519813494e-03   7.2928777771766831e-02
   2.2548700000000000e-03  -1.4543695278658313e+00  -1.6217861130518757e-01   6.6882810462771556e-03   7.6924260093212335e-02
   2.2552300000000000e-03   7.1390755224091473e-01   1.4014429710526348e+00   7.9030451651895105e-03   8.3634496906145273e-02
   2.7348699999999999e-03  -9.9465949183302982e-01  -5.6162433448732718e-01   5.3230471536309344e-03   6.8698322194954017e-02
   1.3001300000000000e-03  -1.9224081179639068e+00  -7.0795776246291597e-01   1.0979441343962178e-02   9.8379371704792662e-02
   2.7711200000000002e-03   1.0994636972111616e+00   3.5287656249834543e-01   5.4515734616049413e-03   6.9509408003448986e-02
   8.5313000000000001e-04   2.2655081619700859e+00  -8.5336628540241510e-01   1.6528227905690949e-02   1.2061062256844055e-01
   3.6264700000000001e-03   4.7751972798292019e-01   1.3924304197962697e-01   4.1526883263320559e-03   6.0662492205522132e-02
   3.0671499999999998e-03  -8.2596192390593515e-01   4.5472767087220195e-01   4.9405166794120152e-03   6.6011908288168913e-02
   3.3557100000000000e-03   7.1112425336562235e-01   3.2290515977588441e-01   4.5876775723800028e-03   6.3771094546419230e-02
   1.2264299999999999e-03  -2.0353939973832418e+00  -4.5826277086813316e-01   1.1263359429608634e-02   9.9523214569214216e-02
   3.0602699999999999e-03  -6.4721323530638442e-01  -6.8027233032551981e-01   4.8922800316997693e-03   6.5714777285779763e-02
   3.4711299999999998e-03  -5.0842258382494643e-01   4.1865294123127472e-01   4.4286356101122032e-03   6.2543854651684633e-02
   2.0733900000000000e-03  -1.4486124284384874e+00   8.2852980286989741e-01   8.4536824635326364e-03   8.6538583455853177e-02
   3.4144200000000000e-03   4.8515392081114905e-01   6.0737111168251456e-01   4.6529448696928447e-03   6.4214897777678692e-02
   3.9852200000000003e-03   1.7654991397151193e-01   2.6060542874507509e-01   4.2903769284128078e-03   6.1605582187023118e-02
   1.9784799999999999e-03   1.5931081242453600e+00  -2.1956298593139523e-01   7.3557380571408586e-03   8.0709495386465963e-02
   1.7489500000000000e-03  -1.0201446742300941e+00  -1.2900784203560749e+00   7.1062579073305687e-03   7.9030658102640122e-02
   3.4613100000000000e-03   6.7168449843581146e-01  -1.6351848087239071e-01   4.4472974539058368e-03   6.2774326673656927e-02
   1.8030900000000000e-03   1.0373402026604037e+00  -1.3626123329026827e+00   7.9667531747734527e-03   8.3952540339729390e-02
   3.8320300000000002e-03  -3.0597915895657751e-01   2.1725096140867350e-01   4.1437007507810963e-03   6.0611211677051795e-02
   1.4813800000000000e-03   8.4717082621108508e-01   1.5969947735670114e+00   7.8847749099000553e-03   8.3281035498294145e-02
   6.1582000000000000e-04  -2.6420001395881760e+00  -1.5808145954278185e-01   2.1155044446114834e-02   1.3640957236374426e-01
   7.2970999999999995e-04  -1.0373466253062029e+00   2.3856414688393031e+00   2.2201921991587579e-02   1.3978926400269737e-01
   1.1144000000000000e-03  -1.7364894586050346e+00  -1.2404317652494357e+00   1.1199897915217910e-02   9.9380165975955989e-02
   1.1668300000000000e-03  -1.9935755734335234e+00   8.4188329502427883e-01   1.2415818466123885e-02   1.0469282375011246e-01
   5.1772000000000005e-04   1.5071336582464483e+00  -2.4179784360298049e+00   3.2054302129512151e-02   1.6696508564549353e-01
   1.0437500000000000e-03   9.5670975742015085e-01  -2.0349340347953890e+00   1.3415280984621695e-02   1.0875372823559312e-01
   1.8738000000000001e-04  -2.4503148653351987e+00   2.4728084277153752e+00   9.9224605332961902e-02   2.7991300518531470e-01
   3.7309800000000001e-03   6.5293374443573665e-02  -2.9040697715431402e-01   3.9518099095003792e-03   5.9164174662079363e-02
   6.9841000000000000e-04  -2.5030878394377756e+00  -7.6614218199892203e-01   2.2420322060421743e-02   1.4033018362812930e-01
   2.7083900000000002e-03  -2.0957966227469621e-01   1.1743663257404502e+00   5.5661791352987914e-03   7.0280495403993656e-02
   2.7328700000000001e-03  -1.0012330403418790e+00  -3.7028415030728840e-01   4.9201369640036133e-03   6.5976727053658632e-02
   1.8175999999999999e-03  -1.2324206703332565e+00   9.0610655295496922e-01   6.1450788112279121e-03   7.3511060262634403e-02
   2.0696700000000000e-03   5.0604694629415548e-01   1.5122452919993665e+00   7.4986657465890127e-03   8.1476352330552046e-02
   1.2832700000000000e-03   1.4084226650549663e+00  -1.6968542540465945e+00   1.4971365809174242e-02   1.1495007789491665e-01
   3.2826700000000001e-03  -8.8066214110849905e-01   2.8758174341186510e-01   5.1509939407361517e-03   6.7488520454660361e-02
   9.8277000000000000e-04  -2.3733588527014540e+00  -3.8459971557728850e-01   1.8530468318914778e-02   1.2744688047284919e-01
   1.3351299999999999e-03   6.1943105918758290e-01   1.9621233916626903e+00   1.1350923473796780e-02   1.0015874270234175e-01
   1.4785400000000000e-03   6.4289480728597095e-02   1.9784898793899437e+00   1.0840218288614372e-02   9.7706794083208162e-02
   2.6830500000000002e-03  -7.9852550507499098e-01  -8.2652440466340216e-01   5.2815756531391428e-03   6.8383989054718805e-02
   6.9873999999999999e-04  -1.5668881498722895e+00  -2.0934313154337318e+00   2.2011259445065011e-02   1.3920199983546475e-01
   1.4607500000000000e-03   7.9662596022320808e-01  -1.7931185021742964e+00   1.0226205745975662e-02   9.5090670627686058e-02
   1.7454199999999999e-03  -1.2461593560538403e-01   1.7851115020998038e+00   8.8331166550326620e-03   8.8300087636328878e-02
   7.4894999999999996e-04  -1.8382018149382588e+00   1.6794253871991696e+00   1.7205833296911714e-02   1.2303030219948315e-01
   5.0591000000000004e-04   1.7863635254692110e+00   2.1083606828189985e+00   2.3942921756649874e-02   1.4477863742111591e-01
   3.7704800000000001e-03  -4.1640729094994428e-01   9.0488242133533764e-02   4.1907769894364627e-03   6.0949089248249017e-02
   2.1389400000000002e-03   1.3189806807076285e+00  -7.5935649452862286e-01   6.9104545312574416e-03   7.8184533163435307e-02
   1.2779999999999999e-04  -8.3343071274347524e-01  -3.5825802841492793e+00   1.5006169077389023e-01   3.4040991495660566e-01
   1.0015499999999999e-03  -1.5795866247967305e+00  -1.7160980094964582e+00   1.5582456546328012e-02   1.1728873445341863e-01
   7.5624999999999998e-04   1.4408976073229882e+00   2.0800166051123825e+00   1.9392308629148178e-02   1.3043882008896765e-01
   8.8031999999999997e-04   1.6933168737729125e+00   1.7401628227890622e+00   1.7417996382343082e-02   1.2374499809004076e-01
   3.1560500000000001e-03  -1.5540752423036888e-01  -8.8938753844053930e-01   4.8599682910470841e-03   6.5514849754792215e-02
   3.6924900000000001e-03   4.1190929441221291e-01  -2.1200756723173775e-02   4.0653070453820260e-03   6.0037642830903092e-02
   1.5587999999999999e-03  -1.5020794517583616e+00  -1.1457518426151536e+00   9.6180584431049473e-03   9.1977426923197339e-02
   2.8648800000000002e-03  -8.1948187919746485e-01  -6.4014554030556270e-01   5.0069291771814191e-03   6.6554650732883275e-02
   3.2332099999999998e-03   4.4241278372896803e-01  -6.3601065124975986e-01   4.5248365420010378e-03   6.3175872514512635e-02
   2.5274000000000000e-03  -7.3664061059043306e-01  -1.0246459998980120e+00   5.7033561436285836e-03   7.1067647630560865e-02
   1.8984600000000000e-03  -1.5218200277277241e+00  -6.2937336175882441e-01   7.6259368696408947e-03   8.1985954734906677e-02
   3.6984200000000000e-03   4.1815084311482997e-01  -3.2996329629292193e-01   4.2971898654677355e-03   6.1718358182998666e-02
   4.5490000000000000e-04  -2.7583607444820175e+00   9.1333666417204884e-01   3.2714506880478722e-02   1.6870037912294539e-01
   8.4270000000000005e-04   2.1978208892218833e+00   1.1649278251528996e+00   1.9480772697759368e-02   1.3075297049150345e-01
   1.2901700000000000e-03   1.6520992922539963e+00   1.2582519440881494e+00   1.1323845458586562e-02   1.0000270695577933e-01
   2.9989000000000001e-03  -6.6324655648567910e-01   4.6498704638482685e-01   4.2465927474852642e-03   6.1279302737221944e-02
   2.4026400000000002e-03  -1.3962610537987916e+00   5.4473057363434302e-02   6.4422998441626056e-03   7.5557642276826001e-02
   3.6521800000000001e-03  -5.1455531505481100e-01  -4.2555250413634262e-02   4.2414239931400756e-03   6.1296220060256298e-02
   1.1486800000000000e-03  -9.7761958250308478e-01  -1.9275565872686466e+00   1.2308978661855386e-02   1.0411948807593277e-01
   1.2147600000000001e-03   1.9893419573870263e+00  -7.4395010083448598e-01   1.1836961781136095e-02   1.0226957467179264e-01
   3.6516000000000001e-04   2.9525641109946479e+00   8.9675810351136998e-01   4.6455571479272095e-02   1.9990628776268357e-01
   5.4420000000000000e-04   2.5762453333621353e+00  -1.0058499657465669e+00   2.6294022160851901e-02   1.5163820875353765e-01
   2.7920699999999998e-03  -6.8886831123641268e-01   9.4295476073358375e-01   5.6054794515365807e-03   7.0497857110107295e-02
   3.4846199999999999e-03   6.4518668510151378e-01   1.5587651872680927e-01   4.3792175262300738e-03   6.2327532748720063e-02
   1.8614599999999999e-03   1.2228513551234883e+00   1.0788712217147896e+00   7.1665568020208353e-03   7.9597967457603613e-02
   2.6024899999999998e-03   1.2045331359893483e+00   1.8557569091820120e-01   5.5331928306290735e-03   7.0039219041039033e-02
   3.0810000000000000e-03   3.3412975068190826e-01  -8.1331202695589566e-01   4.6765959077782497e-03   6.4273674235028097e-02
   1.7345399999999999e-03   9.7327037851126630e-01   1.4319813924221088e+00   8.0842658537655862e-03   8.4397558658745542e-02
   2.2651300000000002e-03   1.1416324968081095e+00   8.8002945470971172e-01   6.4884139217158869e-03   7.5822104554162426e-02
   4.0831999999999999e-04  -1.3624329260004095e+00   2.7019159719385346e+00   4.2163172492579150e-02   1.9145645767209946e-01
   3.1452400000000001e-03   7.8864133870953423e-01   4.8764982095772963e-01   4.9025483655403372e-03   6.5927498326670192e-02
   2.2348300000000001e-03   2.7073284638299326e-02  -1.4447425948365067e+00   6.4355670752503013e-03   7.5489508800099692e-02
   3.7738200000000002e-03  -4.8227400122966174e-01   2.5633803278940404e-01   4.4893442164924890e-03   6.3032057433812377e-02
   1.4266999999999999e-03   2.3698199593775363e-01   1.8169411761562753e+00   7.8470449533450115e-03   8.3223502553425921e-02
   1.2807700000000001e-03  -8.9935430158930629e-01   1.8467891017510092e+00   1.0783903999737207e-02   9.7573185786566360e-02
   3.3081700000000000e-03   1.6956764029887281e-01   1.0671010274041251e-01   3.4567447539228294e-03   5.5287143230468967e-02
   3.4367999999999998e-03  -6.8733860125719637e-01  -1.3721068752775872e-02   4.4081583233829434e-03   6.2476110052132432e-02
   1.6338500000000001e-03   9.1803729971766945e-01  -1.5791521995465390e+00   8.7637106354742020e-03   8.8106802844614349e-02
   1.4226200000000001e-03   1.7546940536662115e+00  -6.3494999257192808e-01   8.3180784344440758e-03   8.5719597723557930e-02
   1.3480199999999999e-03   1.0761143015142651e+00   1.6954796971579362e+00   1.0352866257923348e-02   9.5610845517329318e-02
   2.8928700000000001e-03  -1.0081803128521645e+00   4.3638082301886605e-01   5.3803423753789881e-03   6.9017231057849848e-02
   2.3295299999999998e-03  -2.4578818943524774e-01   1.3757170897912299e+00   6.2596059321170959e-03   7.4453347524613758e-02
   2.4645900000000000e-03  -9.3549531307598210e-01  -9.6648652061880724e-01   6.2034081677638294e-03   7.4136491138242139e-02
   2.4452200000000001e-03  -6.6308499610855054e-01  -1.2309684959429286e+00   6.5890388586210330e-03   7.6387508081404779e-02
   2.2439500000000002e-03   1.0062160888321976e+00   1.0549691110905852e+00   6.5741803629912219e-03   7.6290065950440550e-02
   2.2474100000000000e-03  -1.3390747447546705e+00  -5.4149215325976041e-01   6.5258210236376476e-03   7.5996340388002862e-02
   1.1176999999999999e-03  -2.1555978102307747e+00   5.9681347385470918e-01   1.3976659562570874e-02   1.1111281652718434e-01
   3.0902199999999999e-03  -7.7080841726092131e-01  -1.5765951680311124e-01   4.2852326901070669e-03   6.1587881342189697e-02
   1.4668400000000001e-03   1.6563170372930505e+00  -1.1217251848979350e+00   1.1030383214693401e-02   9.8796242389490793e-02
   7.8158000000000004e-04   7.8741987750558851e-01  -2.2678221419901163e+00   1.4400374233348744e-02   1.1260189713588839e-01
   2.1318499999999998e-03  -1.5133807196189117e+00  -3.9650012482305935e-01   7.3509638670688666e-03   8.0650321363525540e-02
   1.1657000000000000e-03   1.9493059197927087e+00  -1.0325752978472400e+00   1.3506599951245363e-02   1.0925330761628477e-01
   6.9965999999999995e-04   3.6616436714522049e-01  -2.5968119841309272e+00   2.2838480188099024e-02   1.4147237346285518e-01
   2.4794499999999998e-03   6.9478842684578968e-01  -1.1700881881889820e+00   6.3291066476194053e-03   7.4918114582525092e-02
   3.6350599999999999e-03  -3.7574446311045778e-01  -3.8296789939491349e-01   4.2655861650053905e-03   6.1417215817623848e-02
   3.8112200000000001e-03  -3.4890103696781427e-01  -7.6587481031504909e-02   4.0951114255068045e-03   6.0242047223893321e-02
   3.1443800000000000e-03   8.4464649340289133e-01  -1.5249817243506761e-01   4.6729245163759066e-03   6.4197428689462557e-02
   3.4186099999999999e-03   2.6486549001508795e-02  -5.9042378461684764e-01   4.2209132773454580e-03   6.0975864952773642e-02
   1.0554500000000001e-03   2.0994598944796403e-01  -2.2266873883643585e+00   1.3566642835338831e-02   1.0901028219547251e-01
   2.5865100000000002e-03  -9.7901250770380110e-01  -7.6078644565942088e-01   5.6472766006734369e-03   7.0732670991076094e-02
   2.6001499999999999e-03  -1.2604383020992775e+00  -1.0063567540262947e-01   5.8697287234324210e-03   7.2088203284345814e-02
   1.6128900000000001e-03  -1.8473390708390471e+00  -5.2818882649805173e-02   9.0940439296481462e-03   8.9614655786700095e-02
   6.8636999999999995e-04   2.1088700294190308e+00  -1.5635578435817079e+00   2.2221590370638603e-02   1.3961984864912186e-01
   1.3894199999999999e-03  -1.1089608794967714e+00   1.6842812822943971e+00   1.0860250168048060e-02   9.7840655887756492e-02
   3.6438999999999998e-03  -4.9870250518757868e-02   4.6508870182405310e-01   4.1212996649432005e-03   6.0406891382492306e-02
   2.4609300000000001e-03   3.6502517137616552e-01  -1.3285903822623781e+00   6.4527218415704546e-03   7.5632338800239271e-02
   3.2289500000000000e-03   8.1970528806755338e-01   1.7542275024892695e-01   4.6285766291125534e-03   6.4057036862542993e-02
   3.7798500000000000e-03  -1.4018391606622453e-02  -1.3932307731748733e-01   3.8725027992739399e-03   5.8564996483051530e-02
   2.9374700000000002e-03   4.1182163074661804e-01  -9.7701040437765507e-01   5.2096386004199221e-03   6.7953719516489985e-02
   3.7819199999999998e-03   2.4633513206105798e-01  -3.1875578474424948e-01   4.1531141444153619e-03   6.0661051756025632e-02
   1.8707000000000001e-04  -3.4213492946530857e+00  -5.4590997550847542e-01   9.3385321241244601e-02   2.7189516155339416e-01
   2.5720000000000001e-03   1.6501344814065835e-01  -1.2882412886885863e+00   6.0616301462049051e-03   7.3274932394439732e-02
   9.9079000000000007e-04   2.2476099973414212e+00   6.0053986516171964e-01   1.5401640913086139e-02   1.1636998068009520e-01
   6.7053999999999996e-04  -2.4012897753213398e+00  -1.1616270663511976e+00   2.4242237595692381e-02   1.4603954880423561e-01
   7.0817000000000005e-04   1.1847702034849814e+00   2.3557587256046366e+00   2.3811774406251054e-02   1.4452514511129638e-01
   3.0946900000000002e-03   9.0125746221458036e-01   3.3951636068134883e-01   4.9892651162701807e-03   6.6520736509692702e-02
   1.9597600000000001e-03  -1.3088290638667579e+00  -1.0211058556904746e+00   7.9277042802800273e-03   8.3669789639262776e-02
   3.4463599999999999e-03  -7.7733775678805717e-01   1.4405506278834548e-01   4.7617356272166020e-03   6.4951788044171094e-02
   3.1409500000000000e-03   5.1449228821911874e-01  -8.0857245271296452e-01   5.0193390748028248e-03   6.6704986487966161e-02
   3.7301700000000001e-03   3.3442625953314992e-01  -1.7762807857836443e-01   4.0447828753068273e-03   5.9876659456446428e-02
   6.7148999999999996e-04   8.0933935916275190e-01   2.5603747512153592e+00   2.5269277179703325e-02   1.4904451357557130e-01
   3.7128999999999998e-04  -3.0413426616887809e+00  -2.0537393206212964e-02   4.0909110841761923e-02   1.8851435286487225e-01
   9.1169999999999999e-04  -2.0320177911290012e+00  -1.2261327135943560e+00   1.5760057049487106e-02   1.1770941672376248e-01
   1.1253599999999999e-03  -1.8244607095571448e+00   1.0577843187792593e+00   1.0689978489018285e-02   9.7085880751292000e-02
   3.3721300000000001e-03   5.0444051165293088e-02   7.4934656699495883e-01   4.5579600339875148e-03   6.3495437188521783e-02
   8.3027000000000003e-04  -2.3189933703239429e+00   8.9941528299561158e-01   1.8720272942863606e-02   1.2845992123634198e-01
   1.9578199999999999e-03  -2.8465842651084272e-01   1.6026644310214548e+00   7.5138595646232721e-03   8.1508105515852039e-02
   1.6990499999999999e-03   7.2570795934163698e-02  -1.9226115995159716e+00   1.1060695689674901e-02   9.8847886731176587e-02
   1.9099700000000000e-03  -1.5842940748864989e+00   6.1631880702514130e-01   8.2326873174638337e-03   8.5370131352874856e-02
   3.7311200000000001e-03  -1.0471547275821261e-02   2.9650584178711276e-01   4.0038864509599446e-03   5.9506353431481356e-02
   1.7754900000000000e-03  -1.7350258460104098e-01  -1.7919955141409833e+00   9.2477817768981240e-03   9.0312651808491171e-02
   3.8031599999999999e-03  -6.7603669852094062e-01   2.9464151431589053e-01   5.1115476390845233e-03   6.7238257984525096e-02
   3.8668999999999999e-03  -1.8000046862459498e-01  -1.0692725750355456e-01   4.0040813056735017e-03   5.9579994803701054e-02
   3.2400300000000001e-03  -4.2629967221868231e-01   7.2741262361562753e-01   4.6884389903563712e-03   6.4488226029633972e-02
   2.5550600000000001e-03  -2.9099127609731497e-02  -1.2328280294169651e+00   5.5563261575384444e-03   7.0142246221298846e-02
   3.4652200000000002e-03  -5.3528784980887179e-01  -3.6734914888099862e-01   4.3790020589291609e-03   6.2232895336404533e-02
   1.2485100000000000e-03   1.0974987739491060e+00  -1.7932862280777260e+00   1.1815666259253050e-02   1.0197291199642287e-01
   1.2947999999999999e-04  -1.9541586271067488e+00   3.0803684763527053e+00   1.2935986613738695e-01   3.1532032968558055e-01
   2.9037099999999999e-03  -1.0960390676110678e+00   2.7220112761145715e-01   5.6196751185671502e-03   7.0501798211044409e-02
   2.8479400000000002e-03  -8.2046052756902876e-01   7.9289359985150343e-01   5.5407683444053104e-03   7.0057849392663948e-02
   2.1368799999999999e-03   1.5248662978794614e+00  -6.4617305614808229e-01   8.5773091374007245e-03   8.7118428109121238e-02
   3.5938000000000002e-04   1.9598118047886657e+00  -2.3467624017888000e+00   4.1616669187251688e-02   1.8963018648550028e-01
   3.1396100000000001e-03   2.1357917712794028e-01  -9.4487470386161465e-01   5.0717642784550883e-03   6.7036721188070122e-02
   1.4836999999999999e-04   2.1847936302449722e-01  -3.5872638756602049e+00   1.2384606842245954e-01   3.1000368697601577e-01
   3.1714700000000000e-03   9.9752993300877912e-01  -3.0288194085609266e-01   5.6231918741808315e-03   7.0478525062885447e-02
   3.6890000000000000e-03   8.0679262700122170e-02  -1.6768488725485836e-02   3.7596371276950686e-03   5.7690669580259299e-02
   3.4085000000000002e-04   2.4187200138568574e+00  -1.9609549435429652e+00   4.7261879415287811e-02   2.0200643474262589e-01
   7.9834999999999997e-04  -6.5840285962397704e-01   2.4305268539530580e+00   1.9540970374339706e-02   1.3127098626128911e-01
   1.0236799999999999e-03   2.2397503781370034e+00  -5.3863775352290666e-01   1.4753085935207629e-02   1.1421606164496688e-01
   3.2433100000000001e-03  -6.5874447258463886e-01  -5.0447033177882739e-01   4.6686843521015027e-03   6.4282688899248153e-02
   2.2820499999999999e-03   3.1312459713728952e-01   1.3861858663965096e+00   6.3546718863536191e-03   7.5019810621112126e-02
   2.5437599999999999e-03  -1.1649336277922233e+00  -4.5416511758917638e-01   5.6407537272931416e-03   7.0678369033670099e-02
   2.4079599999999998e-03   1.3720505733743311e+00  -1.9637994851080834e-01   6.3682768249276938e-03   7.5090480586855343e-02
   1.2472799999999999e-03   6.3543960325416571e-01  -2.0075517527089310e+00   1.1649928653759360e-02   1.0148707679959801e-01
   3.3684499999999998e-03   7.8838373962908825e-01  -3.1498663801142041e-01   4.9290762677501616e-03   6.6038738111577122e-02
   1.7490999999999999e-04   2.0782808333027150e-01   3.4708995543913344e+00   8.6163852914533309e-02   2.6464959885153350e-01
   2.7369299999999998e-03  -1.1909272658231662e+00   1.0076606742910248e-01   5.6569310213251296e-03   7.0774362023345541e-02
   2.4534100000000001e-03   6.7516520441899253e-01   1.1720648146600181e+00   6.2325375401915102e-03   7.4284156519664440e-02
   9.9920999999999994e-04   8.7091192992852307e-01   2.1668707498353958e+00   1.5846220610770085e-02   1.1803740923675404e-01
   3.1603099999999999e-03   6.7473138212426265e-01   6.3199433685105466e-01   4.8887275566877556e-03   6.5812748616537950e-02
   1.5402999999999999e-04  -3.4213798191339277e+00   1.0317324765484623e+00   1.1609985685410940e-01   3.0096530848040964e-01
   1.7384400000000000e-03   1.6652226960652776e+00   5.7130002243147571e-01   8.4520049524096901e-03   8.6391604474270717e-02
   2.5253000000000000e-04  -2.8840506375366486e+00   1.3951811710588429e+00   4.5460717621201754e-02   1.9849959769183276e-01
   2.1821200000000001e-03  -1.4557072628152350e+00   4.1108941476516397e-01   6.9939678088210885e-03   7.8688191552187828e-02
   3.6742699999999999e-03  -3.4326960157907532e-01   3.8099946706457616e-01   4.2453646228124203e-03   6.1344024339589902e-02
   2.7196799999999999e-03  -1.0312982583402337e+00   8.0497432086041820e-01   6.4747954426864094e-03   7.5790708825291042e-02
   1.8334200000000001e-03  -1.6945887573176734e+00   4.0520429288223025e-01   8.4666490727351770e-03   8.6605090685493366e-02
   9.0755000000000002e-04  -3.0068614110989278e-01   2.3571735666300722e+00   1.5598526646082368e-02   1.1725318298499883e-01
   2.6183999999999999e-03   8.0223444781726649e-01  -9.8976838053958371e-01   5.9795758568465911e-03   7.2806295169804816e-02
   3.1801000000000003e-04  -4.2625750381423283e-01   3.1071617080517231e+00   4.8362209059587442e-02   2.0413738811821955e-01
   3.6801300000000002e-03  -5.9227549349466890e-01   1.2836013061099497e-01   4.4903858666079958e-03   6.3077801821528917e-02
   1.2767600000000000e-03  -2.1207698465976102e-01   2.0429178495197107e+00   1.0811481607608324e-02   9.7657016087987936e-02
   1.2825800000000000e-03  -1.5267929085995233e+00  -1.4129092255934848e+00   1.1483834839012264e-02   1.0060861637207946e-01
   3.3756099999999998e-03   7.4302461316032975e-01   5.0687970022219690e-03   4.5111573324804069e-03   6.3232320710181797e-02
   7.3295999999999995e-04  -2.5125255981115897e+00   5.9160578200166103e-01   2.1022792798478313e-02   1.3602762346593864e-01
   7.2802000000000001e-04   1.6035326835330814e+00  -2.0048438342612083e+00   2.0498548010100148e-02   1.3409059672502643e-01
   1.0834099999999999e-03  -4.7057754722495800e-02  -2.1639731753663738e+00   1.1714578687147637e-02   1.0153354090380325e-01
   3.6335999999999999e-03   5.0216654297113583e-01  -1.7383000342945606e-01   4.2357291408586682e-03   6.1271668290052969e-02
   1.6179100000000000e-03  -8.5828191659178121e-01  -1.6557453861868745e+00   9.3917162168661843e-03   9.1144148677166401e-02
   3.1805499999999999e-03  -2.0108896906936632e-01  -7.0493234038847585e-01   4.2516462107272078e-03   6.1288987815021581e-02
   2.2480400000000002e-03  -5.5912041288847147e-01  -1.4176958294935789e+00   7.3105005290611310e-03   8.0383189042227868e-02
   7.9325000000000001e-04  -6.1174915124198959e-01  -2.4456584273943212e+00   1.9535727363305437e-02   1.3118052630193808e-01
   2.9325400000000000e-03  -4.9661932982222523e-01  -7.4097062519100432e-01   4.5160647915487122e-03   6.3126193696040514e-02
   3.8427999999999997e-04   6.1371697316495766e-01   2.9867984101976379e+00   4.2799603842781642e-02   1.9237376231060002e-01
   1.1022899999999999e-03  -1.5577844404772352e+00   1.5859559571510138e+00   1.3513249402419993e-02   1.0906670448305328e-01
   1.7872299999999999e-03   1.6776491351178286e+00  -4.2887924299641517e-01   8.2201510669785774e-03   8.5209482998856348e-02
   1.4462100000000001e-03   3.4764115977435250e-01  -1.9832072230028419e+00   1.1202479607878797e-02   9.9498169125179489e-02
   2.1594100000000001e-03  -1.3616964005612049e+00   5.9512734269849765e-01   6.7488624777061589e-03   7.7126309900377304e-02
   2.1017300000000000e-03  -9.7328859823867631e-01   1.1894946324788220e+00   6.9862250201621926e-03   7.8569141940437098e-02
   1.0303700000000001e-03   1.1308070455102068e+00   1.9828529964090940e+00   1.4276329656107589e-02   1.1223050377533784e-01
   1.7580899999999999e-03  -1.3520942049156723e+00   1.0720077551178404e+00   8.0798598993976102e-03   8.4370909931742497e-02
   3.7570300000000002e-03  -1.0629068820539050e-01  -2.6690672033427887e-01   3.9716003565812763e-03   5.9332796411390575e-02
   2.6090100000000001e-03   4.8989197073067975e-01   1.0986878295754399e+00   5.4440436041278926e-03   6.9468415785820567e-02
   1.8503000000000000e-03  -1.6572693030028542e+00  -2.2951360976228646e-01   7.7204484562241006e-03   8.2553570275735982e-02
   3.3821099999999998e-03  -3.8586696180870100e-02  -7.4285919128341316e-01   4.5660838965669625e-03   6.3569200250715399e-02
   2.6300300000000002e-03  -1.2248234283686603e+00   4.3208196680311350e-01   6.2051501665719121e-03   7.4147270128745238e-02
   1.8455900000000000e-03   1.3709277518077869e+00   9.0075531514658014e-01   7.2225859774151567e-03   7.9877631920514752e-02
   3.7080000000000001e-04  -1.9245989751672503e+00  -2.3886281096953237e+00   4.3207542440326388e-02   1.9383045584604525e-01
   9.6265000000000001e-04  -2.9913012314605908e-01  -2.3207819773773717e+00   1.5304920584712792e-02   1.1621461029534859e-01
   3.7883900000000000e-03  -2.7698699881570177e-01  -2.4058463742593386e-01   4.1090704836111479e-03   6.0365871048453423e-02
   1.4660000000000001e-04   1.9116498138217921e+00   3.0966250287661565e+00   1.3232829800942567e-01   3.2303591984246005e-01
   2.9057200000000001e-03   8.6515165290548535e-01   6.6183834186064416e-01   5.3004648641516942e-03   6.8542900306162086e-02
   3.3574199999999998e-03   2.1107054635112010e-01   8.6768497331866490e-01   5.1186329579165982e-03   6.7243035692311381e-02
   2.0245400000000000e-03  -1.6144760536297802e+00   1.4675111526687111e-03   7.5440503898530093e-03   8.1788644009429839e-02
   3.0628999999999999e-03   2.0685184401070617e-01   6.9678619115906504e-01   4.0702005874004759e-03   6.0016044436514780e-02
   1.0682500000000000e-03  -8.0054263867438991e-01   2.1272551989326560e+00   1.4378343607760101e-02   1.1262715406442594e-01
   3.0091300000000001e-03  -7.3916375984081306e-01   6.2558294795068081e-01   4.8598969164004588e-03   6.5634706601557624e-02
   7.1316999999999995e-04  -1.6529763932077701e+00   1.9645267239050077e+00   2.0155852782791354e-02   1.3290098335155803e-01
   9.1235999999999997e-04   1.2853672613460523e+00  -2.0439167649632548e+00   1.7326526836995978e-02   1.2349129287422035e-01
   2.8864899999999998e-03   2.9367115106408614e-01  -6.6183347498799450e-01   3.9320422634453022e-03   5.8838008234999087e-02
   1.9569600000000002e-03   1.1570522362079227e+00  -1.1737383190426598e+00   7.7059058128879192e-03   8.2619272652321385e-02
   2.5834800000000000e-03  -4.3996081742504989e-01  -1.2179832927212773e+00   6.1116604079318052e-03   7.3451927281010201e-02
   3.5502500000000000e-03   4.2773658798277053e-01   4.3866194831521083e-01   4.3163222657143707e-03   6.1864831657738324e-02
   3.8142200000000001e-03   3.5766289919050992e-01   2.8024644470353338e-01   4.2929460191652316e-03   6.1659455639448371e-02
   3.5548699999999999e-03   1.3743766583188019e-01  -4.3651898856772187e-01   4.0551436998970776e-03   5.9823012662211281e-02
   2.8528400000000002e-03   4.3690972628018604e-01   9.0199127123178291e-01   4.9012757217081837e-03   6.5701351041453623e-02
   9.9879000000000005e-04  -2.1148367536357511e+00  -9.4029368261611401e-01   1.5141542945030690e-02   1.1518118432467733e-01
   3.6388100000000001e-03  -2.1373207769183339e-01   5.0795372433300434e-01   4.2841698668276600e-03   6.1611285378631309e-02
   1.5193699999999999e-03  -1.8461332875255820e+00   6.0756662441367948e-01   1.0214933447256016e-02   9.5042906354121465e-02
   1.4834799999999999e-03   1.2263758157044882e+00   1.4993900912856786e+00   9.9749442791435775e-03   9.3791261099263071e-02
   2.0829700000000000e-03   7.9710979190940034e-01  -1.3662575763488616e+00   7.3740683121091954e-03   8.0824076014775037e-02
   9.3411000000000004e-04   1.7273113094466441e+00  -1.6446198333191953e+00   1.6498392537990004e-02   1.2056302980621582e-01
   3.5857400000000000e-03   1.4335839032752848e-01  -7.6189402767395931e-01   4.9155266031308455e-03   6.6000048305010606e-02
   2.6020200000000000e-03  -4.5525885146444672e-01  -9.1621460320216908e-01   4.4737589516261420e-03   6.2882018062333053e-02
   2.6580599999999998e-03   8.9594890316700670e-01  -8.1711211020906538e-01   5.6341484032211104e-03   7.0652110052174422e-02
   8.0477000000000001e-04   1.5091002211838508e-02  -2.4986277317051844e+00   1.8754389352403963e-02   1.2859904187667873e-01
   2.8652899999999999e-03  -1.0692708830346449e+00  -3.9389500196659211e-02   5.1990577978952872e-03   6.7831744240107572e-02
   2.4975599999999998e-03  -1.1167377918150767e+00   5.9638129043229826e-01   5.7479138090303101e-03   7.1192233921203343e-02
   2.3284800000000000e-03   1.0988635765652892e+00  -8.1236451435945001e-01   6.0085478885316245e-03   7.2907937522711075e-02
   2.0315799999999998e-03   1.5369447543436261e+00   3.6987343167089254e-01   7.2078324797802519e-03   7.9890816243541440e-02
   1.2645000000000001e-04   3.5986048924730225e+00   6.9093148106211211e-01   1.3762902668763582e-01   3.2603375279789326e-01
   1.9695300000000002e-03  -3.8638698454188919e-01  -1.6057756756340165e+00   7.9390514117573530e-03   8.3716829879374760e-02
   1.0905200000000000e-03   2.0860319499972753e+00   8.4795030949491967e-01   1.4256082383032848e-02   1.1209291730250340e-01
   8.2426000000000005e-04  -1.1949770549179606e+00  -2.1819516219450508e+00   1.8594347347465904e-02   1.2806411076225796e-01
   2.5910099999999999e-03   9.3573210480842983e-01   8.5250899588600937e-01   5.8460686097137338e-03   7.1980100552205745e-02
   1.7102599999999999e-03  -4.9658657494878994e-01   1.6524204349466325e+00   7.7261398662465666e-03   8.2604820994565606e-02
   2.8446299999999999e-03   7.4700758410504731e-01   8.1440359891107050e-01   5.3103185019221467e-03   6.8585391379248600e-02
   3.8815700000000000e-03   3.2611316397801859e-01  -4.8004860140839128e-01   4.6316168820103674e-03   6.4106477359066480e-02
   2.0256300000000001e-03  -1.6821046501978612e-01  -1.5680691736122108e+00   7.1778756044674494e-03   7.9645459109278879e-02
   2.9367899999999999e-03  -3.1455923688380594e-01  -8.3588448843710228e-01   4.4922811918743080e-03   6.2971828035655819e-02
   5.9575999999999997e-04  -2.9898170247175654e-01  -2.6919886588053106e+00   2.4115395567832321e-02   1.4568564128751776e-01
   3.4492000000000002e-04   6.2166799523430227e-01  -3.0556987267358062e+00   4.6314272191402127e-02   2.0095518048039521e-01
   1.1663999999999999e-04   1.0194648585693862e+00   3.5762421904336352e+00   1.4062088470991577e-01   3.3329543627498676e-01
   1.8634500000000000e-03   1.4848230186542974e+00  -9.0739242886285898e-01   8.6655466578771465e-03   8.7498225085319348e-02
   8.4612000000000001e-04   2.3581786315074500e+00   3.1855665314574289e-01   1.4915151068461707e-02   1.1459295176435506e-01
   2.0753400000000002e-03  -8.6931003820665820e-02   1.5288539844200171e+00   6.8444607471273679e-03   7.7810396049724243e-02
   3.4157100000000002e-03  -1.3029792188091063e-01  -5.6052699629706393e-01   4.1358151626731746e-03   6.0454899477597787e-02
   4.2059999999999998e-04   1.6022421333110963e+00   2.5191468759311735e+00   3.8795164594232184e-02   1.8335563607692545e-01
   5.9798000000000002e-04  -3.5601155651632305e-01   2.6920035414673840e+00   2.5236625252904980e-02   1.4853041550934459e-01
   1.5003200000000001e-03   1.6379203540129985e+00   9.6932075843566423e-01   9.4397411211584129e-03   9.1199739270468913e-02
   3.6354600000000001e-03  -7.1814872143341077e-02   6.2762110540076288e-01   4.5062264705321995e-03   6.3179277667025788e-02
   1.8256399999999999e-03  -1.2182632784474223e+00   1.2471929480625128e+00   8.5362738511126236e-03   8.6792291517778328e-02
   1.3848899999999999e-03   2.0010856931967784e+00  -1.4484329333882004e-02   1.0595783978233998e-02   9.6663899040275766e-02
   1.1452999999999999e-03  -1.1024199534565386e+00  -1.7072761341257090e+00   9.2249130465847963e-03   9.0248842538828034e-02
   4.7707000000000001e-04   2.8873733403325672e+00  -2.0257370415797479e-01   3.2960029899918544e-02   1.6977044429072738e-01
   1.9020700000000001e-03   2.8571488375659942e-01   1.5896922272940328e+00   7.1679247539478555e-03   7.9663960861898392e-02
   1.2926200000000000e-03   8.6235102704007227e-01   1.8627336367534137e+00   1.0810838409495576e-02   9.7766001663439586e-02
   2.8864600000000000e-03   9.5727238286157632e-02  -1.0899698385833940e+00   5.3227723126963947e-03   6.8654159837575737e-02
   6.1302000000000004e-04  -1.0028003061724817e+00  -2.5062591362878406e+00   2.3910219130178687e-02   1.4520138312717651e-01
   2.9642200000000000e-03   7.9145594244081729e-01  -6.4105652549636782e-01   5.0531202564912609e-03   6.6877282495458393e-02
   1.6241199999999999e-03  -4.4150885755199276e-01  -1.8281881207102944e+00   9.7399491036119761e-03   9.2830491750250196e-02
   2.2018200000000002e-03   2.2517260832282901e-01  -1.5072186814243558e+00   7.1586400976836042e-03   7.9615527839505984e-02
   2.8926400000000001e-03  -8.3058197251710486e-01  -4.6515653163072096e-01   4.6428129688325251e-03   6.4110295152653179e-02
   1.6605900000000000e-03   5.3281023798512372e-01  -1.7658612348452178e+00   9.2918642699297959e-03   9.0679349701989223e-02
   3.4464500000000002e-03  -6.0391082063193269e-01  -1.8318946768597544e-01   4.2845828672558699e-03   6.1568695874159342e-02
   6.6710000000000001e-04   2.5785498523003008e+00  -5.9501756043746523e-01   2.2927654241129792e-02   1.4182482668044732e-01
   1.3971800000000000e-03  -1.8003440460629263e+00  -9.8786000298742715e-01   1.1875785038296449e-02   1.0230233739677812e-01
   2.5371199999999999e-03  -8.9825854219441437e-01   9.7687764472884830e-01   6.1964527567245267e-03   7.4111348987216275e-02
   3.0641700000000002e-03  -6.1795354607410991e-01   7.6883875036572491e-01   5.0418059668859106e-03   6.6843836442878501e-02
   1.5812900000000000e-03   6.6179013301000345e-01   1.6804685317791628e+00   8.5321459079298057e-03   8.6566174069193175e-02
   1.5154599999999999e-03   1.7173561301927798e+00  -8.5935580701420822e-01   9.9265140397856565e-03   9.3552501488013334e-02
   3.0851699999999999e-03  -1.5933661014504941e-01   9.8377870347142904e-01   5.1241338414515303e-03   6.7398832651595797e-02
   8.9373999999999996e-04  -2.2093432182160728e+00  -6.6041341402380294e-01   1.3227636752665686e-02   1.0789304455058391e-01
   3.7805000000000000e-04   1.1949297763934645e+00   2.8561832075559033e+00   4.9704121255735263e-02   2.0683747405403644e-01
   2.8427399999999999e-03   2.8891050539028545e-01  -1.1280568137426148e+00   5.6615470457815264e-03   7.0832054156403965e-02
   7.0991999999999995e-04   2.4671947607997002e+00   8.8728098359070318e-01   2.2714977273636524e-02   1.4141971435510764e-01
   2.4201800000000001e-03  -1.3163919708254024e+00  -3.1804745499506515e-01   6.1773153704445588e-03   7.3949212956331584e-02
   3.3393400000000001e-03   6.9531226177452676e-01  -4.7817451132533001e-01   4.8086120491988397e-03   6.5288737789700693e-02
   1.0571900000000000e-03   1.8595489017953308e+00  -1.3338146584332082e+00   1.4882961806375168e-02   1.1467769311851646e-01
   1.8701099999999999e-03   2.8211319681302222e-01  -1.7386885343963565e+00   8.9531356829802861e-03   8.9029451789094938e-02
   2.5199799999999998e-03   1.2926729611954717e+00  -2.2554423655435324e-03   5.8962756750228634e-03   7.2268013721361268e-02
   2.5258699999999999e-03  -3.9957455711962453e-01   1.2259771283259089e+00   5.8473051986280790e-03   7.1971690787911879e-02
   1.7795700000000001e-03   7.0724599977861985e-02   1.6798511543648964e+00   7.5940584094695450e-03   8.1780084886217533e-02
   2.6706299999999998e-03   1.1717450281146740e+00  -1.7541724790286325e-01   5.5511739555602849e-03   7.0008740408906228e-02
   9.8204999999999994e-04   5.7451346800344416e-01   2.2684525874211499e+00   1.5469094109627112e-02   1.1687284223399041e-01
   3.2277999999999999e-03   2.8769777042356615e-02  -9.1307159160792795e-01   4.9442724228083894e-03   6.6210655593883422e-02
   5.2397999999999995e-04   1.9553485998353171e+00  -1.9206841428365964e+00   2.3299135510373523e-02   1.4294215656656253e-01
   1.3200000000000001e-04   3.1282893376790102e+00  -1.8791009026715744e+00   1.2988767068902263e-01   3.1869062433506262e-01
   3.8605999999999997e-04   1.1503253098654196e+00  -2.8363965665070974e+00   4.4538873115853583e-02   1.9636107574392669e-01
   2.7165700000000002e-03  -1.1378192798088249e+00  -2.4205788088520930e-01   5.4230192658523491e-03   6.9296164733659585e-02
   1.5159800000000001e-03  -1.5816662529357395e+00   1.0609858584771428e+00   9.7304071759799268e-03   9.2489488629415195e-02
   2.5811100000000002e-03   3.1647752854197775e-01   1.0102049190934708e+00   4.6442959635992313e-03   6.4058729361546246e-02
   1.4396700000000001e-03   1.4559156150769970e+00   1.0961481978958763e+00   7.7721986454468983e-03   8.2787860572837282e-02
   2.9734800000000001e-03  -1.0497014271085607e-01  -1.0576795252387667e+00   5.3258536484652036e-03   6.8669468992978253e-02
   3.8043100000000000e-03   1.0783558281008879e-01   5.6648576447134946e-01   4.6169804508770056e-03   6.3859480112639616e-02
   2.7737899999999999e-03   6.2147738706237288e-01   9.6014097205698301e-01   5.4016477091697818e-03   6.9160786226497517e-02
   1.3586099999999999e-03  -2.0524356397312387e+00   1.1129593208628642e-01   1.1399443747295693e-02   1.0043557109312042e-01
   4.6792999999999997e-04  -1.4554231891555225e+00  -2.5004139846265612e+00   3.3134654311318811e-02   1.6903005373760560e-01
   3.5040700000000002e-03  -3.8129574384188719e-01   5.5053701064410032e-01   4.4319276611512297e-03   6.2689620227387916e-02
   1.0165800000000000e-03  -1.1226274024473628e+00   2.0176674843112177e+00   1.5102030365138092e-02   1.1536998852160495e-01
   3.4746299999999998e-03   3.0723438974973988e-01   5.6904596648197581e-01   4.3961287993777914e-03   6.2334183614447369e-02
   4.5064999999999998e-04   2.5317804252282241e+00  -1.4699843688918719e+00   3.4612266718008558e-02   1.7304915573792731e-01
   1.2003400000000000e-03   2.1382713171423715e+00  -2.5289151502889079e-01   1.2515161399461789e-02   1.0516983273014047e-01
   6.6777999999999998e-04  -2.6393444137717013e+00   2.3556428569491017e-01   2.3045854305430127e-02   1.4255436716546344e-01
   2.8684100000000001e-03  -3.6003259609043131e-01  -6.6783976506583775e-01   3.9385397089486433e-03   5.8975674835997360e-02
   2.7219599999999998e-03  -6.2679536408590408e-01  -8.7257966913973706e-01   4.9412373556019275e-03   6.6151995154946464e-02
   3.2374999999999999e-03  -5.5093313146574696e-01   6.0004872310404156e-01   4.5674732285213579e-03   6.3616752177290653e-02
   9.0182999999999995e-04  -2.0890562745793790e+00   1.1606220926599662e+00   1.6136287474571794e-02   1.1932262086146207e-01
   7.0147000000000004e-04  -1.3960117949785535e+00   2.2129128596410346e+00   2.2539573640742251e-02   1.4042866198970883e-01
   3.6264499999999998e-03   3.1568191420849451e-01   1.2569670557379439e-01   3.9343474522185217e-03   5.8947947153316742e-02
   2.6013600000000000e-03   1.0054724117007761e+00  -1.2685990953252535e-01   4.4470752750885431e-03   6.2709397509867454e-02
   1.5833600000000000e-03  -1.0579595053964268e+00  -1.4815515800495698e+00   8.7547341035584952e-03   8.7724121728482943e-02
   2.8800000000000001e-04   2.1793572013134352e+00   2.3486479452647586e+00   5.3371277484618583e-02   2.1447127404012478e-01
   1.8362700000000001e-03   1.1109090421840608e+00   1.2607356687944291e+00   7.6808035525437008e-03   8.2391025100701815e-02
   9.4607000000000003e-04   4.8898340566591408e-01  -2.2729731802184259e+00   1.4847960061239954e-02   1.1408566165594525e-01
   1.0072499999999999e-03  -1.3028801968752972e+00  -1.8732745121224199e+00   1.4020391736987539e-02   1.1111422790056516e-01
   3.0032200000000000e-03   9.1711864339088545e-01   2.6702304563877042e-02   4.6484175635030005e-03   6.4187754316348350e-02
   1.2563000000000000e-04  -3.0185497845602978e+00  -1.9897546076653958e+00   1.1572738070350888e-01   2.9794423293602440e-01
   9.7409999999999999e-04  -2.3435812931651414e+00  -8.6717688906389823e-04   1.5671568877223471e-02   1.1747709577326142e-01
   1.5253199999999999e-03  -3.6366832350544820e-01   1.8521115721383818e+00   9.1876109270686967e-03   9.0122758787410218e-02
   6.8789999999999997e-04  -2.1338279917896528e+00   1.5138668385891410e+00   2.2071431593432923e-02   1.3917527714058534e-01
   2.8040000000000001e-03   1.5180817778060651e-01   1.0588009914078673e+00   5.0746231368977417e-03   6.6989730658152960e-02
   1.3362700000000001e-03   1.5552091146047391e+00  -1.3974663430610748e+00   1.2259366769552606e-02   1.0400603664437906e-01
   3.1775900000000001e-03  -8.7402601602330632e-01  -1.0819429455824760e-02   4.7104660434445309e-03   6.4607222247768395e-02
   2.0068000000000000e-03  -8.2200699664789822e-01   1.3375566145199773e+00   6.9971380516228631e-03   7.8714569615678104e-02
   5.5674999999999995e-04   2.2550563758658844e+00   1.5128524916046049e+00   2.3123277759229229e-02   1.4251536912491417e-01
   1.9644100000000002e-03  -1.2343229683084229e+00   7.3120736395314323e-01   5.7638211660699153e-03   7.1156679153864630e-02
   2.8981499999999999e-03  -9.5929918016862636e-01  -1.7309705052747057e-01   4.7383213229646188e-03   6.4756758176952714e-02
   1.4201600000000000e-03   1.8493683474427935e+00   1.6509823260639792e-01   8.1739992750521785e-03   8.4915828960694009e-02
   1.3742100000000001e-03  -1.8689657260556873e+00  -2.8877635551945341e-01   8.4727396967116692e-03   8.6453710367002640e-02
   1.3225999999999999e-03  -6.1855314663790306e-01   1.8989996574344714e+00   9.9533969704403823e-03   9.3762750746727436e-02
   1.5904900000000000e-03   4.5302009103941882e-01   1.7583698817261100e+00   8.5253729026292871e-03   8.6724425452813975e-02
   1.4303000000000000e-03  -1.6959411374228737e+00  -7.4972914385903222e-01   8.3064086263658823e-03   8.5602057358872330e-02
   3.0623099999999999e-03   1.7574379232537329e-01  -5.8155539397124811e-01   3.8479343898640750e-03   5.8180129339269478e-02
   1.3016799999999999e-03   3.5341469294337363e-01   2.0319462244654614e+00   1.1272009752714574e-02   9.9681723918586110e-02
   0.0000000000000000e+00   0.0000000000000000e+00   0.0000000000000000e+00   7.7700474911090384e-03   7.8222722586046456e-02
