   1.9319380000000001e-02  -5.6117931415725431e-01  -9.6228726490747996e-01   2.4156120885063470e-01  -8.1129971421587266e-01   1.3998112904108846e+00  -4.9907296538626422e-01  -4.4106885930173832e-02  -2.5087579548212735e-01   3.5968917184178939e-01   4.2351830893609416e-01   5.4535413299825048e+00   2.2727030507477353e+00
   1.9294039999999998e-02  -1.3918538216317129e+00   1.9965940061131654e-01   7.5243424635542022e-01  -7.1816834346881886e-01   1.5965855508597404e-01   5.2393279954532357e-01  -1.0009694338157369e+00  -1.7259407034605642e-01   1.2484838547869425e-02  -3.8396933213539225e-01   5.4598942668755015e+00   2.2738991339416619e+00
   1.8740920000000001e-02  -5.5631234917159200e-01  -1.1056795945718534e+00   3.0660170669275078e-01  -2.2414344134553954e-01  -1.0085421492880320e+00  -4.9427731970155692e-01   9.0172460691282819e-02  -9.1996259685130422e-01   8.7196087679175338e-01  -1.3018110182640971e-01   5.4320170669085046e+00   2.2681829501158868e+00
   1.9410460000000001e-02   1.4132591613530968e-01   7.9197838655722907e-01  -4.9544635255724800e-01  -1.0498022173058388e+00   6.6631879708188124e-01   1.0914784873324388e+00   6.3692904811018847e-01   2.9928699606755976e-01   5.8851269576013199e-01  -2.5061144145776382e-01   5.4665081830199576e+00   2.2753467673450967e+00
   1.8829880000000000e-02  -2.4711924182531794e-01   9.7905226119377325e-02   2.2938671062825616e-01  -3.0384178580195265e-01   5.9896267385916813e-01   9.4555903091166094e-01   2.8804990667394842e-01   4.8697341636821984e-01  -5.5793268274908669e-01   1.5764893649056182e+00   5.4408401755869820e+00   2.2701527848209113e+00
   1.9872620000000001e-02  -4.5686746054794891e-01   2.1761818611743330e-01  -7.6727849989632679e-01   9.9165202630114824e-01  -2.4844062818574156e-01   7.9639113189858968e-01   7.7384617451303117e-01   1.0129585009692375e+00  -5.6679698275943979e-01  -2.3160673067412721e-01   5.4761631306439851e+00   2.2775666355427164e+00
   1.8607530000000001e-02   1.3283401452337713e+00   6.2293243833122380e-01  -4.0643652744855086e-01  -6.1449048530163253e-01  -6.6968991564866032e-01   1.4582364631394359e-01   3.0605377920331928e-01   8.0562821051826894e-01  -7.3845522912702111e-01   3.9673997128239624e-01   5.4482563834357514e+00   2.2715652631013574e+00
   1.9518620000000000e-02  -5.0610155369962551e-01   1.8572161507078344e+00  -1.6959690269065606e-02  -4.9624715617210595e-02  -1.4422498986389365e-01  -9.5428346862587665e-02  -3.9016160955697471e-01   2.3045817656848325e-02  -7.2777654668135705e-01   2.7288057000275934e-01   5.4495553810588762e+00   2.2717866607082557e+00
   1.8773950000000001e-02  -4.3716443138005595e-01  -6.6854631615321480e-01  -6.3096735846391527e-01  -8.7348574271948831e-01  -1.8327079628207790e-01  -3.6784487538209315e-01   5.9909062122749912e-01   1.4144141606859788e+00   4.2609657222353176e-01   3.1855698182382380e-01   5.4471662857328118e+00   2.2714991388690873e+00
   1.9179930000000001e-02   5.1339854476672253e-01  -6.3402383020599329e-01  -5.0583419435262589e-01  -1.4311035190164365e-01   5.9921936256196595e-01   2.8437381358458452e-01  -1.0725946319311064e+00  -1.1523592717176356e+00   6.0828011854379549e-01  -5.7873460251101849e-01   5.4510974184028615e+00   2.2721454276932258e+00
   1.9167469999999999e-02  -1.3931435660503014e-01   3.8471355061710011e-01  -1.7163686253140953e+00   2.2641230779353844e-01   7.5456561285101043e-01  -3.2054959597689184e-02  -5.2106080328336968e-01   3.7585106971319315e-01   2.8046709009527371e-01   5.7397388690461648e-01   5.4548086797625412e+00   2.2730868959568866e+00
   1.9764230000000001e-02  -3.7068161654458448e-01  -6.8263180821109770e-01   7.7899778275164810e-01   8.9477391095004577e-02   2.1858103576269708e-01   5.0689823346866925e-01   1.6267722738927504e+00   1.2569699525558575e-01   5.1467299183844240e-01  -2.2470005849649088e-01   5.4673001413420792e+00   2.2755260941413136e+00
   1.9482869999999999e-02  -7.7113406522395389e-01  -1.1862857850501003e-01  -5.6427809947780561e-01   9.4326949805326587e-03  -3.6103804520741672e-01  -1.4164484278465896e+00  -8.9231287765905032e-01   4.9972997157687132e-01  -3.6620861862201798e-01  -5.2229531225883441e-01   5.4517530922991053e+00   2.2723459193593141e+00
   1.9631429999999998e-02   7.3549489089265974e-01   7.8682677797075606e-01  -1.8901124534461916e-01   8.3584532660737274e-02   5.7451172693500407e-01  -2.5192862507985131e-01   3.7087301040763970e-01  -1.3654809163474988e+00   4.8850203708967499e-01   8.1881461430500146e-01   5.4555642534264308e+00   2.2731392733536571e+00
   1.9374519999999999e-02   4.6490371524231001e-02   6.2272977145782560e-01  -7.4871530014594900e-01   2.3489648744317365e-01  -1.2579823955502138e+00  -7.6165457425510652e-01   1.1123600224923900e+00  -2.7159761098084489e-01   2.2646678604588955e-01   8.1654846063933320e-02   5.4542495692916804e+00   2.2728011723522323e+00
   1.9529790000000002e-02  -6.9362681363394796e-01  -7.4860911305477729e-01   3.3480041466727295e-01  -4.5270480271972080e-01  -8.3121179255381794e-01  -3.6932962008799214e-01   6.4008558879197264e-01   3.4563321965622756e-02  -1.3721822240748609e+00   1.7096307461806548e-01   5.4606274371812429e+00   2.2740804690192329e+00
   2.0247709999999999e-02   6.7523281542139091e-01  -5.3695413119185131e-01  -3.0736028335122778e-01   2.0847907457739812e-01  -2.5754716312939108e-01  -1.1166761462502885e+00  -5.1803975449290918e-01   6.0294735875657576e-02  -2.2643696497039029e-01   1.3986467216289356e+00   5.4828061833887896e+00   2.2788821021059640e+00
   1.8893500000000001e-02   3.1711315180843325e-01   3.0162585291753152e-01   1.2814782686058463e+00  -1.0215422663585352e+00  -3.9457272273814781e-01  -5.4982882431237357e-01   6.2320539295128419e-01   3.4338525886428592e-02   3.5544717314778934e-01   8.4487407874331677e-01   5.4415642499244310e+00   2.2700102138729195e+00
   1.8736450000000002e-02  -3.1638458962861146e-02   6.4039355110063256e-02  -1.1896638786750575e+00  -4.0562760839212980e-01  -1.1684559878663412e+00   6.1216720581312101e-01  -4.6307363846974658e-01   1.7707925163956403e-01   2.3259611575214456e-01  -9.8393146843544743e-01   5.4411449065084705e+00   2.2699786054266049e+00
   1.9362170000000001e-02  -5.2517140356412140e-01   6.5482364363781698e-01   3.1312371317139109e-01   8.8571427453775875e-01   1.4425430082155275e+00   8.5197980841573562e-01  -7.7670851940068678e-03  -2.0740373127558898e-01   2.1536353666536695e-01  -2.2652873511379273e-01   5.4556651613032230e+00   2.2731145725098156e+00
   1.8974709999999999e-02  -4.4714797104460696e-01  -1.4433863225749596e-01  -3.1741348778430573e-01   5.9415256031395869e-01   5.6020379482251648e-01  -3.5258830220304471e-01  -5.4765564086748408e-01  -1.1282186906491307e+00  -1.2951787465153599e+00   4.4541688420200126e-01   5.4481915833032977e+00   2.2715708287837004e+00
   1.8937559999999999e-02   1.3886042520904105e+00  -7.3211857864819097e-01   2.0301123260256648e-01   3.1778231768170273e-01   1.2206592353969548e+00   3.0917300178595358e-01   3.3317898445794075e-01   4.9104624953174159e-01  -1.1301409879057420e-01   5.8595441332842467e-02   5.4448250040262236e+00   2.2707695565551562e+00
   1.9079809999999999e-02   7.7256512495630469e-01   3.4383089020369662e-01  -1.5581939956637131e-01   6.0514687205022721e-01  -1.1032516499810754e-01   1.3300315610205360e+00  -1.1261647271901447e+00   1.1940781107091074e-01  -5.8808203730409070e-01   2.4897503919919867e-01   5.4590815602060934e+00   2.2740581085278877e+00
   1.9287430000000001e-02  -6.7104895274090159e-01   4.6125386518976114e-01   1.2399357679902720e-01  -3.8228703289989881e-03  -8.0379029653448486e-01   1.3422064550419572e+00   4.4776918299336627e-01  -1.0557218808218596e+00  -1.5813540944274434e-02   3.1743568266436384e-01   5.4589549804838224e+00   2.2738052508997093e+00
   1.9361489999999999e-02  -5.0314072196545412e-01   3.3405412696869208e-01   5.9701172107841960e-01   9.6077438666107295e-02  -1.3799187107862425e+00   3.8253337134591248e-01  -5.8829423320898777e-01   9.9323262738093432e-01   3.1669008588992703e-01   5.4922446918432755e-01   5.4501549398915135e+00   2.2720263649046566e+00
   1.9317600000000001e-02  -1.7962589300958998e-01   2.6397717108075752e-01   1.2043770480496498e+00   4.3333972660288700e-01   4.3359215685750985e-01  -1.3571257605413469e+00  -5.7926205263084110e-03  -5.7213465068295832e-01   1.8016818356793610e-01  -6.4601980228315048e-01   5.4576044012183038e+00   2.2735439113971139e+00
   1.9671109999999999e-02  -1.1135478627803170e+00   1.9631495071068469e-01  -8.0775959490260962e-01  -2.9044352831260661e-01   3.3479942497851728e-01  -9.2584211833925026e-02   6.7843186884407103e-01  -9.2518116869910472e-01   8.2267285543218202e-03  -1.0291088003174038e+00   5.4620918579265156e+00   2.2744646882525066e+00
   2.0357569999999998e-02   7.3273981244659236e-01   5.1477921692208584e-01   3.8843668207384424e-01  -7.1788687468485790e-01   6.4295771038441396e-01  -3.4328585990643357e-01  -1.4173028797577509e+00   5.8252512423142977e-01   2.9034937252274406e-01   1.6275269360469150e-01   5.4820625719603724e+00   2.2786335070951509e+00
   1.8788849999999999e-02  -2.5931469513336036e-01  -7.3572120736397451e-01   5.1505621729757844e-01   8.2951981392742169e-01  -2.3605712777107732e-01   4.9452375797680270e-01  -4.5620339138596040e-02  -4.4209732449797301e-01  -7.1195123710158992e-01  -1.4239139643816365e+00   5.4489831706425136e+00   2.2717309466989364e+00
   1.9501319999999999e-02   9.5313770826243893e-01  -5.6864082663630966e-01  -2.4222554820113457e-01  -1.0525945839781148e+00   1.0252637389575052e-01  -1.0371889558220906e+00   4.5403500592352841e-01  -1.6321993910193178e-01   2.6459863130087258e-01  -8.7499791683692862e-01   5.4691957005410670e+00   2.2760189143987937e+00
   1.9527639999999999e-02   9.7441320799582487e-01   6.5526549767757425e-01   7.1850383843028209e-01   2.8637712406107502e-01  -4.6011853767744082e-01   6.7985664222978304e-01   2.7527684161032578e-01  -3.8156894748186881e-01   9.4299281881988017e-01  -8.7281694537815935e-01   5.4568954486050840e+00   2.2734280957977684e+00
   2.0083449999999999e-02   7.5253869543579521e-01  -8.8371232467268401e-01  -9.7262856660861408e-01  -4.7417198721019800e-02  -2.1453543971545080e-01   5.8457019219993089e-01   8.5746698513160324e-01  -8.2042869689938613e-01  -5.8433212427570203e-01   1.7126458391772481e-01   5.4709260343345036e+00   2.2762518842458839e+00
   1.9295600000000000e-02  -3.4545669683754038e-01   6.7144416788912531e-02  -7.6257358372782991e-01  -1.4683600227221059e+00  -3.9131862641071891e-01  -1.0874970437377314e-02  -5.0456747581794448e-01  -6.7369861298926093e-01  -1.8680929662992174e-01   8.9848425718876179e-01   5.4608369121768412e+00   2.2743631058690283e+00
   1.9441259999999998e-02  -2.4693650566713835e-01  -3.1647856879364611e-01   1.0349708923336527e+00   5.3461041975932477e-01   5.3152534076261859e-01  -3.7287165082407731e-01  -5.2138050777855982e-01   1.1767463575354367e+00  -9.5727593048992510e-01   1.0362091233307032e-01   5.4643870006328426e+00   2.2749212947627959e+00
   1.9093570000000001e-02   4.7012084953500877e-01   3.3466801183564310e-01   9.3641309123561023e-01  -8.0408957775780721e-01   7.0030717929163067e-01   4.3031057753505342e-01   3.1934818920520125e-01  -9.0617570030741368e-01  -9.6949428491193235e-01  -3.8710297843257241e-01   5.4406965119763342e+00   2.2699471858464886e+00
   1.8886190000000001e-02  -8.4583264768749034e-01  -1.4286062324129993e+00  -5.7668565860009369e-01   4.7801146981405884e-01  -1.2794798620663972e-01   7.1284848686060964e-01  -6.5185233415390953e-01   1.9244719445008285e-01  -1.1928684093018181e-01   5.0397255799901808e-01   5.4450347174412865e+00   2.2708788151077464e+00
   1.9223150000000001e-02  -1.6410269164137961e+00   2.4634988963924379e-01   1.5243286147833612e-01   4.9052841588864016e-01   3.1707605078768172e-02  -4.7852212738051608e-01   4.3344914882077268e-01   2.2026579606034092e-02   4.0285408951000284e-01   9.6305318715120192e-01   5.4479558355847004e+00   2.2714310272879352e+00
   1.8969170000000000e-02  -3.5747880110705754e-01   4.8859195209391149e-01  -3.1611153234803713e-01   1.5048971821790145e+00  -6.1049684728520748e-01  -1.3323238377699712e-01  -9.3312766276468884e-01  -5.0555896063843841e-01   5.9135887420342581e-01  -4.7166158307883239e-02   5.4624844042223684e+00   2.2745879417409776e+00
   1.8904879999999999e-02   1.4743267443705052e-01  -6.0586050831653526e-01   1.4023784547795775e+00   5.7180726042996377e-01   1.8968426170399699e-01   3.1620363941469409e-01  -6.9439955243097062e-01  -6.0777679414555474e-01   4.8937984902244946e-01   8.1767488605461025e-01   5.4475608449978772e+00   2.2714955237601488e+00
   1.8640650000000002e-02  -9.3788035042235068e-02   5.4979660543081876e-01  -3.0548805829183406e-01  -2.9792195686640255e-01   9.9286872530025827e-01  -9.9138828832481873e-01   1.1509599732425799e+00   3.0424848725763565e-01  -8.0469383315891485e-01   2.5573507413939711e-01   5.4400547002510766e+00   2.2698597029917345e+00
   1.9314930000000001e-02   6.3650892743322396e-01   2.6211366475591419e-01   4.4909813970218398e-01  -3.1719789648133762e-01  -1.1699064137140571e+00  -4.7074726160103170e-01  -9.1322884089291767e-01  -9.0615078392634740e-01  -6.6030055905907725e-01  -2.9941772809440370e-01   5.4568055005499465e+00   2.2733699972918484e+00
   1.9556390000000000e-02   5.5829277973747560e-01  -3.8666163023266953e-01  -5.1886140171472506e-01   1.8261317063861621e-01  -3.5740400221230184e-01   7.3126877273875512e-01   2.0448776521062703e-01   6.7563624555691190e-02   1.4710626816785151e+00   9.4400225375464863e-01   5.4622154249995685e+00   2.2746386015520010e+00
   1.8887319999999999e-02   4.8983960171860352e-01  -1.0536455298850207e+00   7.2228730611838232e-01  -1.1100156463169841e+00  -4.1067913686777341e-01   1.0275049408222083e+00  -2.7373845717109113e-01   3.7889445594326926e-01   2.8307184663080440e-02  -1.8528500442680410e-01   5.4472148092342509e+00   2.2713567511601540e+00
   1.8685000000000000e-02   4.5571635943527583e-01   8.9454152051052604e-01   3.2239104400821705e-01   7.7440086119171492e-01   3.6658903212118871e-01  -5.0718525337305898e-01   3.4788180659472800e-01   1.1925536387699360e+00   8.7291852105611634e-01   4.6691965132715574e-01   5.4553512029306779e+00   2.2732311237950249e+00
   1.9105450000000000e-02   9.8770111297373209e-01  -9.5982546990889472e-01   1.8861787636611316e-01   6.9498799945332435e-01  -9.7767762705894834e-01  -4.8718482292351484e-01  -1.6623234545215165e-01   8.2188543279512027e-01   1.5419004615506590e-01  -4.5620132221196047e-01   5.4530100231146115e+00   2.2724662589764271e+00
   1.8798499999999999e-02  -8.8396959117087878e-02  -3.9704082423814341e-01  -7.0721429769986488e-01  -7.3377826242933419e-01   7.5531499445619688e-01   3.4783673258419606e-01  -4.5319522200649731e-01   6.0027488571229370e-01  -1.2480512365584093e+00  -7.3228685733632037e-01   5.4375832429951538e+00   2.2692363086406289e+00
   1.9483720000000000e-02  -3.6265676744153102e-01   7.6941075305388584e-01   7.3857702357076116e-01  -4.7931065623141716e-01  -4.2671970871994341e-01  -1.1062044010154419e-01   5.8480849546913782e-01   9.0911425742495411e-01  -2.6882875778215043e-01  -1.2666884964977363e+00   5.4646845532339325e+00   2.2749938274989341e+00
   1.9505860000000000e-02  -3.9567567604228465e-01  -4.5702696152716787e-01   6.8718478957712520e-02   3.1050995340875481e-01   5.3933789607032212e-01   2.0589601626337253e-01  -4.6242356455087269e-01   9.9752545355291955e-01   1.1548488371430929e+00  -1.0852331952048644e+00   5.4531055864131304e+00   2.2726332078681151e+00
   1.9401900000000000e-02   9.7812119065129755e-01   8.4039485561443483e-01  -7.0065730475524479e-01   6.9433206964327043e-01   4.1330182482019595e-01  -4.7493223653073979e-01  -1.5293467158644850e-01  -5.6290405135094763e-02  -4.6145158225607924e-01  -1.1253886860177487e+00   5.4525042384789417e+00   2.2724157978514787e+00
   1.9053299999999999e-02   5.2295834116967588e-01   2.8619339843428632e-01   7.8602584043330592e-01   1.2876902537355939e+00  -5.0648009655457560e-01   1.4374551123804809e-02   8.3353171534301451e-01  -2.4425966225037996e-01  -7.9608751425841628e-01   5.4609317850472450e-01   5.4558887363899258e+00   2.2731521998049491e+00
   1.8818769999999999e-02  -3.0017130412092110e-02  -9.2368120000906628e-01  -6.5194522924493936e-01   1.2423499303186676e+00   5.5794971280230143e-01  -8.1183704115846600e-01   7.0935231654200370e-01  -2.2452192711922864e-01   4.3397953932078076e-01  -1.5680886310301709e-01   5.4414417078010109e+00   2.2700170551053498e+00
   1.8308379999999999e-02  -3.6261038378860577e-01   8.8929881320796555e-01  -1.8944376446294339e-01  -6.8117948567355147e-01  -9.0491480255197668e-02  -6.8335352346758438e-01  -3.1228633031097502e-01  -2.0874618205636206e-01   1.5833306699590541e+00  -2.0677711871511303e-01   5.4327885545579617e+00   2.2680949773353651e+00
   0.0000000000000000e+00   0.0000000000000000e+00   0.0000000000000000e+00   0.0000000000000000e+00   0.0000000000000000e+00   0.0000000000000000e+00   0.0000000000000000e+00   0.0000000000000000e+00   0.0000000000000000e+00   0.0000000000000000e+00   0.0000000000000000e+00   5.4544537641311441e+00   2.2728734722787758e+00
