   1.5212170000000001e-02   4.4756689027735030e-01  -6.7663061589105933e-01  -1.4509112310502552e+00   1.3784723438366300e+00   1.0433995444194462e+00   9.6124851666508282e-01
   1.5961690000000001e-02   1.8874042058934957e+00  -2.7041137131817816e-01  -1.0007165605844737e-01  -7.6434355140962473e-01   9.4216642201951428e-01   9.1301306531884774e-01
   1.5162310000000000e-02  -1.3673379340938989e+00   1.4325639364138327e+00   2.7772210613514209e-01  -6.9126866871949855e-01   9.8195642893347079e-01   9.3221900875247710e-01
   1.5369509999999999e-02   7.0562435031629467e-01   1.4176714473498737e+00  -7.2566980754845012e-01   1.2816519143779179e+00   1.0497459555793125e+00   9.6384657065613055e-01
   1.6224220000000001e-02   1.3007613220192247e+00   1.4039654785581481e+00  -5.9307009698161994e-01  -4.6114972873120313e-01   9.4166839034077632e-01   9.1349926328720921e-01
   1.9675610000000000e-02  -2.7946525793074428e-01   1.6214723100687700e+00  -8.5925287622034474e-01  -1.5634667990145729e-01   8.4397141566980660e-01   8.6613360099255188e-01
   1.7961899999999999e-02   1.0369397624716874e+00  -4.4410050931875132e-02   8.2427269566050551e-02   1.6283369746358256e+00   8.6609576916917896e-01   8.7660644229120066e-01
   1.6967770000000000e-02   5.1522400845683269e-01   6.4715916920861971e-01  -1.8348174152881584e+00   5.5962206570041015e-02   9.1855087412183767e-01   9.0218544307339188e-01
   1.3533079999999999e-02  -6.4969943567399246e-01  -4.0041041673770172e-01   1.3921771455752749e+00   1.5274237044922530e+00   1.0401420880507524e+00   9.5838310367628710e-01
   1.8642300000000001e-02  -1.0472925202385348e+00   9.0048162206417495e-02  -9.1222657740227503e-02  -1.6138532092935149e+00   8.7867319042342906e-01   8.8302325546206151e-01
   1.6816370000000001e-02  -6.8649334995028410e-01   5.8752196185864169e-01  -1.4524742748363022e+00  -1.0649509903135821e+00   9.2502438492460082e-01   9.0459677705572028e-01
   3.0280649999999999e-02  -1.7793260298384850e-01  -4.4641835982758082e-01   5.2949282287445565e-01  -6.4523735322263398e-01   4.7696787800006668e-01   6.7130889969278584e-01
   1.3667090000000000e-02   9.5981758488678914e-01   1.9808427644475601e-01  -1.2569035445986037e+00  -1.5033645775965201e+00   1.0343916058468270e+00   9.5551800424999134e-01
   3.3638590000000003e-02  -2.9951129868610143e-01  -8.8755853993889591e-02   5.6847373894766484e-01   6.1133512173465576e-01   4.8252317024050262e-01   6.7573582679024191e-01
   1.6361299999999999e-02   5.5490497904645192e-02   1.3019988798799700e+00  -1.7528201340761401e-01  -1.5670778904357392e+00   9.3631013823363696e-01   9.1064462688169423e-01
   1.6796690000000000e-02   5.0196140310968462e-01  -2.7973245894728177e-01   2.6252032740524450e-01  -1.9109303752282383e+00   9.1273325939176508e-01   8.9960714840503919e-01
   1.5189420000000000e-02   3.1974066056443717e-01   2.0043635784410028e+00   7.7945960160128758e-01  -1.2200146765162703e-01   1.0599450781005182e+00   9.6869474665937749e-01
   1.6184450000000000e-02  -8.0656570684456919e-01   7.3107001360459833e-01  -1.4434802805212992e+00   9.8399734206932687e-01   9.5026915083052577e-01   9.1699878319451578e-01
   1.3157439999999999e-02  -1.9498236237184898e+00   5.3554366978756507e-01  -8.9088767018984516e-01  -1.2541663576005327e-01   1.0350009533650346e+00   9.5609277698205397e-01
   1.8246729999999999e-02   9.3215234023358984e-01  -9.1691617212095289e-01  -1.4020699044220886e+00  -2.4176383387640010e-01   8.6979816453706571e-01   8.7901137905671867e-01
   2.9978930000000001e-02  -1.0137354788663432e-01  -8.8870358853587350e-01  -3.3302812657357850e-01   6.7955453070344285e-02   4.7110673076538034e-01   6.6732431130844605e-01
   3.0005460000000001e-02   1.4798340171325780e-01   4.8083909660925357e-02  -6.5669128850180836e-01   6.7248403960186875e-01   4.7264189969149872e-01   6.6819456390793175e-01
   1.9038730000000000e-02   1.1046206319629277e+00   7.6811642567521499e-01   7.5304212652485114e-01  -1.0480983591482957e+00   8.2788559547513640e-01   8.5817892990732381e-01
   1.7575710000000001e-02   8.4738618491366580e-01  -1.4687990008801026e+00  -9.2812614200874985e-02  -9.4541183707395082e-01   8.6603203249907346e-01   8.7670543924367772e-01
   3.3618910000000002e-02   3.5970162301163272e-01   1.4566583462443397e-01  -5.1217608386495250e-01  -6.1240604370799145e-01   4.8197762522371640e-01   6.7532846707776328e-01
   1.8260519999999999e-02  -1.2145603343961766e+00  -1.3172217008432066e+00   5.9482343332641130e-01   4.3925407181287618e-01   8.8238012781538455e-01   8.8446155953732775e-01
   1.8162399999999999e-02  -5.8445048986324544e-01  -5.6880036349536389e-01  -1.7684139364331841e+00  -3.8756765017893484e-02   8.8728967001565240e-01   8.8705623088847096e-01
   1.9792569999999999e-02  -8.2623303612930254e-01   1.4218227657304712e+00   6.2609987045573107e-02   8.8264117308670531e-01   8.5027067534157652e-01   8.6946889966129215e-01
   1.3709980000000000e-02  -2.2949502141672443e-01  -2.0749818466424692e+00  -7.9131902031884183e-01   1.6092976606543985e-01   1.0856515731817988e+00   9.8103357692139181e-01
   1.6746080000000000e-02   1.4597429150862191e+00  -1.3181708802531433e+00  -1.2425920132886953e-01   6.2396495352182801e-01   9.8326099670806566e-01   9.3257417895839967e-01
   3.1224760000000001e-02   8.1663090301403696e-01  -2.9491667080686723e-01   3.4385216280140185e-01   7.2364934632368746e-02   4.7656862458746291e-01   6.7113885921490857e-01
   1.6407830000000002e-02   3.1886060055753163e-01   1.0217364358089664e+00   1.0543685182282858e+00   1.3902281018591598e+00   9.4011033449053782e-01   9.1280488180244301e-01
   1.6297059999999999e-02  -9.5374283556562778e-01   9.1932737110410079e-01   1.5275639789691255e+00   3.2540237159790392e-01   9.3920196949083345e-01   9.1182480387719667e-01
   1.8148560000000001e-02  -2.7227947666203145e-01  -9.6227635424421321e-01  -9.7264115189389588e-01  -1.3515468576446710e+00   8.8366691315811963e-01   8.8491661507134900e-01
   1.5657150000000002e-02   1.8266429679820706e+00   6.8601936431579458e-01   7.1904713184049551e-01   4.6508454137548738e-01   1.0275884218716163e+00   9.5276528975843133e-01
   1.6937640000000000e-02  -1.7354909424604124e+00   1.9462357050322882e-01   3.3214621748252754e-01   9.2762387186286799e-01   9.2106561665877407e-01   9.0263621225680379e-01
   1.5549550000000001e-02  -3.6940967550104720e-01   4.8673458022734928e-01   1.4960604674849447e+00  -1.4251387721766151e+00   1.0431899917783645e+00   9.6110444241196769e-01
   1.7954359999999999e-02   1.6264143230459842e+00   1.6753429083620036e-01  -8.9092401373484820e-01   5.1211145676199576e-01   8.6364920896410802e-01   8.7563610849709494e-01
   1.8691260000000001e-02  -1.6279132197713566e+00  -1.3413687840996083e-01   8.6438643457340503e-01  -5.2075862726495015e-01   8.7513291248764546e-01   8.8117750756012292e-01
   3.2773629999999998e-02  -7.8531531761335904e-01   1.9118077036402653e-01  -3.7446605265055316e-01  -6.0763140455687752e-02   4.7886475008680257e-01   6.7296533241009626e-01
   1.8365369999999999e-02   3.2815516336273755e-02  -1.2508181899612281e+00   9.4585491387037715e-02   1.4636890185732976e+00   8.6918113064636338e-01   8.7873259627682143e-01
   1.6362499999999999e-02   1.0939642644071486e+00  -7.3686830374524903e-01   1.4052622203867977e+00  -8.1523911657767834e-01   1.0001663489202295e+00   9.4027583486627131e-01
   1.7594090000000000e-02   2.5921369587694204e-01  -1.6949909592318251e+00   9.0527342708298253e-01   1.8060212778390761e-01   8.7003122955312029e-01   8.7866476598276022e-01
   1.6114920000000001e-02   9.6558727681891265e-01  -6.1787007832437957e-01   1.4150262513682290e+00   9.5336157831045187e-01   9.4583536221760445e-01   9.1478134979251580e-01
   1.4783470000000000e-02  -6.6271403489960612e-01  -1.4866386912571923e+00   7.1658137589315429e-01  -1.2728230890019718e+00   1.0582483504650382e+00   9.6843674359439491e-01
   1.7327059999999998e-02  -1.5401151815296648e+00  -9.8503366345610610e-01  -5.4706111621589781e-01  -5.3871967245594410e-01   9.0415324829760302e-01   8.9489067155847668e-01
   1.6806910000000001e-02  -4.7926385005586608e-01  -6.3415127776100289e-01   1.8524638964162659e+00  -1.0876407814031444e-01   9.1795287065527764e-01   9.0223073096668760e-01
   1.9205290000000000e-02   5.3409762827324903e-01   5.5099434874517772e-01   1.6886619206475482e+00   2.0838018062090274e-02   8.2591833421939942e-01   8.5698131837269576e-01
   2.8265260000000000e-02   4.9689985827566080e-01   8.2149964446278756e-01   8.2846578750513739e-02   3.4667396036418829e-01   4.7610422009180858e-01   6.7035834340083522e-01
   2.8458689999999998e-02  -2.4753765967541491e-01   6.9705103974235116e-01   5.0161143554271159e-01  -4.3974729121977002e-01   4.7050935173136671e-01   6.6653766367374401e-01
   1.8069160000000001e-02  -1.1991628739558913e+00  -7.9175185246860025e-01  -7.9341485970303949e-01   1.0775629203589279e+00   8.9638213606912998e-01   8.9165135474419366e-01
   1.7066899999999999e-02  -4.6968797521892847e-01   2.6714449736608875e-01  -1.9148795871053356e-01   1.9241299628901722e+00   9.1918062376130583e-01   9.0234092707462354e-01
   0.0000000000000000e+00   0.0000000000000000e+00   0.0000000000000000e+00   0.0000000000000000e+00   0.0000000000000000e+00   8.0462910833993484e-01   8.4189834143673192e-01
