   1.8714370000000001e-02  -8.3173399322880170e-01   1.1562815758407960e+00  -7.8353102806442410e-01  -7.7899665719385580e-01   5.3814414027479407e-01   6.7454583953974012e-01   4.5493955892740817e-01  -2.9810103666518095e-01   3.6438416858293596e+00   1.8461190310227813e+00
   1.7823090000000000e-02  -1.0526598834148904e+00   7.9990651191706219e-01  -5.6937205052758499e-01   1.0014636006576363e+00  -6.3800128013249413e-01  -3.7209066719005901e-01  -3.0121029588901772e-02  -8.6763677255730975e-01   3.6355778974785555e+00   1.8439242493348025e+00
   1.8187439999999999e-02   7.8802846308053703e-02  -1.4852730498762778e-01   6.6625968302386995e-01   1.3368914265950678e+00   5.4935815518531095e-01  -9.0658011749438849e-01  -6.4699002104612535e-01  -7.3902249634678252e-01   3.6463658355465074e+00   1.8467742451935087e+00
   1.7731930000000000e-02   3.7781654364539857e-01   1.3456962806702166e+00  -9.3200257808167164e-01  -2.7259607205075764e-01   1.6677272725081216e-01  -9.5165539363129747e-01  -6.9160528995056314e-01   1.8905017031054727e-01   3.6154181005457255e+00   1.8385874405821416e+00
   1.7860339999999999e-02  -1.0176994589763742e-01   3.7947239796295129e-01   2.3211541131148861e-01  -5.6511925387038020e-01  -1.0757879666060004e+00  -1.4905394105237484e+00   6.3025010397881920e-01  -2.7721283036975480e-01   3.6351329325813206e+00   1.8438972888175924e+00
   1.7922449999999999e-02  -2.2538837300862855e-01  -1.5815927041265334e+00   4.9292894406097970e-01  -6.6645874323777632e-01  -5.2344963777085929e-01  -6.8505797248716116e-01  -5.7637394237692208e-01   2.7681335544874847e-01   3.6416298324372933e+00   1.8456617106396667e+00
   1.8143200000000002e-02   5.3163080167376375e-01   5.9353520192113018e-01   5.8377868663709132e-01  -3.5927586520207372e-01  -6.3194478899512596e-01   1.6630499392607527e+00   2.2747661407915232e-01  -7.5116943365355057e-02   3.6382810563500319e+00   1.8444601413510051e+00
   1.8773590000000000e-02  -1.2411353416719195e+00   6.4393939896689942e-02   9.4428848303350266e-01  -8.9235510301839724e-02   1.5666182797105985e-01   7.1478171785466293e-01  -9.0073883421048984e-01  -6.9477677175878461e-01   3.6462332405391114e+00   1.8465692082703280e+00
   1.6823860000000000e-02  -5.6713829678914007e-01   4.9297918562595633e-01   7.9574626083540523e-01   5.0649663002448518e-02  -7.7740978312726827e-01  -9.3920858325619583e-01  -1.3143902408724129e+00   2.3481314851492308e-01   3.6164620982355724e+00   1.8389511614280485e+00
   1.7912850000000001e-02   2.9856811632872732e-01  -1.3368716155089144e+00  -7.9914120564002955e-01   8.8664724231437431e-01   8.2989000312423911e-01  -1.1638939721416675e-01   3.0200105085199107e-03   6.1797283221399857e-01   3.6446576216768425e+00   1.8461810724901839e+00
   1.8355819999999998e-02  -7.1182840101084177e-01   3.3004567433056831e-01   6.9649131946012655e-01   1.9512095074781138e-01  -6.0932227573631266e-02   1.3808821018349865e-01   1.4463406266119700e+00  -1.0388962164540332e+00   3.6420096812947826e+00   1.8455890281314724e+00
   1.9027079999999998e-02   4.9655381726174913e-01  -6.3809536147977197e-01  -1.1575543921729585e+00  -1.3024643711565882e+00   1.7670438174693279e-01  -5.9968459904308280e-01   2.8185804817265853e-01   3.9593499192621207e-01   3.6603583067209575e+00   1.8505644467789326e+00
   1.8353379999999999e-02  -3.9422556667799769e-01  -9.3244977364884263e-01  -6.5994601125958030e-01  -4.6241677556356560e-02  -1.3846312200066642e+00   3.2060139378238189e-01   9.0405239099662349e-01  -1.8726904356982238e-01   3.6450194289098845e+00   1.8464399293046312e+00
   1.8430030000000000e-02   6.6840619330412432e-01   9.0873555349122492e-01  -2.0230578013734951e-01   8.1869831878024113e-01  -1.7683601110684963e-01   6.9197103583982456e-01  -1.3490579811302510e+00  -1.5800917789424099e-01   3.6567335206116431e+00   1.8493689621298131e+00
   1.8386050000000001e-02   2.9376178620992155e-01  -2.9943997302449882e-01   1.0226589086345979e+00   5.5433852962439079e-01  -1.4750637040717174e+00   1.1360580179184733e-01  -1.3723125710347675e-01  -7.6887186907643668e-01   3.6456632682179011e+00   1.8465620566951777e+00
   1.8708300000000001e-02   5.1450441182519779e-01  -7.0060523200636393e-01   4.8350537587942133e-01  -8.2274787018848369e-02  -6.4776011955464707e-01   2.3810039627965035e-01   9.5967354449990228e-01   1.3817756101518488e+00   3.6502282548647633e+00   1.8478317457700624e+00
   1.7983260000000001e-02   1.4869912377712515e+00  -2.7642289030999684e-01   7.6087589254931765e-01  -5.5671839656512312e-01   4.5487413476739008e-01  -5.8516394238650915e-01  -7.6334617746335864e-01  -2.2614648626458786e-01   3.6508998890551903e+00   1.8476657530149205e+00
   1.7688949999999998e-02  -7.7555830087526878e-01   1.4243970348308146e+00   7.7855284908853106e-01   4.8384757082290003e-01   6.1592058103988456e-01  -4.3693441566880969e-01   2.9485447734414155e-01   5.2251786235084330e-01   3.6410114221395542e+00   1.8453468119664367e+00
   1.7198060000000001e-02   3.7276400634915130e-01   1.3759919040626907e+00   6.0988686612879950e-01  -2.8877105190310243e-01  -1.4887593718637898e-01  -1.1809107239474026e-01  -3.3937136479386909e-01  -1.3224037032049505e+00   3.6118522060339240e+00   1.8374666513436593e+00
   1.8483289999999999e-02   4.6131781989519427e-01  -6.7014413599546907e-01  -7.5602037801864885e-01   1.3785811087681996e-01  -4.9247031925541002e-01  -8.4662510505192290e-01  -6.1055136511228458e-01  -1.3077697169076574e+00   3.6395376038270419e+00   1.8448285546819574e+00
   1.7253450000000000e-02   6.9806425791228588e-01   8.7344269230776128e-01   3.6530830919766055e-01  -1.2629530316082560e+00   3.3876830414144066e-01  -2.2263305813635365e-01   1.0831028439232837e+00   3.4300264163573385e-01   3.6303679800587685e+00   1.8424658583332700e+00
   1.8063880000000001e-02  -8.5432875196924141e-01   4.4565891844039351e-01  -5.6884557558947124e-01   9.6004984307571262e-01   1.2777178751224130e+00   2.7768395998377898e-01  -6.3351967784868868e-01   1.9913546841733359e-01   3.6385025140211602e+00   1.8444878486959975e+00
   1.7806679999999998e-02   9.3150180680185568e-01   7.6295067471106714e-01  -9.4050676120415644e-01  -1.4981259737533290e-01  -8.2742858918292517e-01   6.8414386026270271e-02   9.0015365869327535e-01  -6.9745200672642160e-01   3.6307663498844969e+00   1.8424849003083907e+00
   1.8763439999999999e-02   4.6987973998164534e-01   3.9984234790613304e-01  -8.5087307910673615e-01   5.9188104188436330e-01   1.1211906127196964e+00  -7.8391417842622346e-01   6.6447357265625029e-01  -7.1234125035685381e-01   3.6492209492621157e+00   1.8473800289176625e+00
   1.8215670000000000e-02   6.4181461417882235e-01  -1.0243501372315869e+00   3.9512991479925069e-01   2.2506363638925386e-01   1.6008132789153215e-01  -9.9071013750529491e-01   1.2264330623627355e+00  -4.5502617702591241e-01   3.6572864349166339e+00   1.8496332664645232e+00
   1.7561009999999998e-02  -8.8051705343707976e-01   1.4991037200643919e-02  -5.4924651579319039e-01  -3.0016741443466777e-01  -1.3444597634038205e-01   7.0217170727880723e-02  -5.5310556949066803e-01   1.7014015567237686e+00   3.6320859681952973e+00   1.8429417502351071e+00
   1.7510830000000002e-02   2.1207307117524908e-02   6.6565349998780832e-02  -1.8713871123011883e+00   2.4533418207751753e-01  -2.8902648833460537e-01   8.0449079800501888e-01  -1.3777528227665661e-01   3.1195324652174539e-01   3.6334516796728185e+00   1.8434067768093905e+00
   1.7955420000000000e-02  -1.1930741487112271e+00  -1.0902987775062309e+00  -7.8125932570918211e-01  -1.4222271405730572e-01   5.4452465124393856e-01   1.7129627383324383e-01   2.9697100399482240e-01  -8.2469261102926872e-01   3.6356915929922375e+00   1.8437987094230934e+00
   1.8569309999999999e-02  -4.4354061534885475e-01   1.2602474976487332e+00   5.0838134850879658e-02   2.5356779740499652e-01  -1.2930349846150584e+00   3.9931157547815915e-01   2.2350638856797489e-01   7.5947289720300792e-01   3.6505731006633675e+00   1.8478113927040309e+00
   1.7758119999999999e-02   1.7385540082421109e+00  -7.8586735868380020e-01  -3.1178982061820587e-01   3.9401038135438499e-01  -3.2086511583717292e-01   5.5035035895551598e-01  -8.6535543919719515e-02  -1.4464650123295622e-01   3.6207071849537935e+00   1.8397848285967064e+00
   1.7821779999999999e-02   3.8081644434994816e-01  -5.9376110337404142e-01   4.3579493556688431e-01  -1.4118213991845863e+00  -2.6169119619880443e-01   3.4440372103989314e-01   3.3118872927975945e-01  -1.1793900392799217e+00   3.6335515259728557e+00   1.8433736054320398e+00
   1.8188019999999999e-02   3.4503295516888083e-01  -2.2405921411362192e-01   1.0560749309892625e+00   8.2752460129369754e-01   1.7563704020753465e-01   4.3723115667345575e-01  -8.6803728990300255e-01   1.1804147301450709e+00   3.6348635293971348e+00   1.8437222610594890e+00
   1.7498300000000001e-02  -9.7875791734759438e-02   8.7072008692603275e-01   6.1214341633433600e-01  -1.2036599114946087e+00   5.6944776565762922e-01   3.6077629360794661e-01  -9.7482825812966045e-01   6.2144200762632484e-01   3.6270192951582718e+00   1.8413640800178086e+00
   1.6837709999999999e-02   1.1312551164342338e-01  -1.4924426916283027e+00   9.3257699714960973e-01   4.3289497408262639e-01   5.1316266948506972e-01   6.7994855936211562e-01  -8.7556912767655079e-02  -6.4005702979788814e-01   3.6272747179263574e+00   1.8413113366215594e+00
   1.8571660000000000e-02  -6.3361328981402154e-01   7.4454283242874619e-02   4.6203629611020092e-01  -8.1221381443307894e-01   9.3385376142358834e-01  -1.0958933303444907e+00  -1.4489076333798370e-01  -9.7528622431506462e-01   3.6528976802813244e+00   1.8484095400636831e+00
   1.7957290000000001e-02   2.3025576246378554e-01   9.6838142658718609e-02  -3.9664073225215930e-02   1.8167998580291593e+00  -1.5282883389432927e-01   5.7237772732521408e-01   8.1950920067911981e-01   8.8138276609416630e-02   3.6479229813231848e+00   1.8472331596985467e+00
   1.8061359999999999e-02  -5.9670353390420294e-01   2.8118607835282045e-01  -7.1035463639807528e-01  -1.0239265829088846e+00  -9.5706682082040084e-01   3.0623539311662784e-01  -9.3192377886699196e-01  -7.0460024566280288e-01   3.6458387410036681e+00   1.8463622643151261e+00
   1.7306019999999998e-02  -9.8660797248934964e-02  -6.0294330943698804e-01  -4.3157139245064441e-01  -1.1257536170642383e-01   7.0179352199455824e-01  -3.4429630158404834e-01  -1.7800286924398836e+00   8.0248745020151363e-02   3.6159927052109082e+00   1.8385873599074909e+00
   1.8558359999999999e-02   5.1174301036803649e-01  -1.6303468146203973e-01  -7.3166437338606349e-01   1.0604863324022999e+00  -9.0236216206876374e-01  -1.0010231386903259e+00  -2.6626306473137978e-01   7.1650198604196080e-01   3.6514810357887395e+00   1.8483032891233757e+00
   1.8461729999999999e-02  -1.2617238092661252e+00  -7.2470244359041247e-01   6.9307450463485809e-01   9.6515048296366257e-01  -1.8767622079123483e-01  -6.6046485144294997e-01   4.0561814200257545e-01   4.3912326345437985e-01   3.6459431201102350e+00   1.8468835303049165e+00
   1.7935949999999999e-02   1.2836207265939065e-01  -9.4519498722767381e-01  -1.3850115855104322e-01  -8.9959554497334138e-01   1.8342832306056142e-01   1.3804915506612170e+00  -6.1717392331332921e-01   5.1337331441411616e-01   3.6314303005605773e+00   1.8424641589478397e+00
   1.7256779999999999e-02  -6.2825543145232909e-01  -8.4620645051655363e-01  -2.6568036049355437e-01   8.3874188739422373e-01  -9.9306657780459640e-01   7.2261098090930997e-01  -9.9033613602698889e-01   1.9566261632168266e-01   3.6292894281483514e+00   1.8421021492718961e+00
   1.6970150000000000e-02   1.2604991410267059e+00   9.4741361812148928e-01   7.3146093725222761e-01   7.8357971100855306e-01  -3.5014094509503940e-01  -5.9625088454218811e-01   5.0773001937615381e-01   2.2789191999989891e-01   3.6156528674064430e+00   1.8385395779798324e+00
   1.6874110000000001e-02   8.8044809196336435e-03  -4.8082260023944640e-02   2.0190851920103805e+00  -4.1784907610324445e-01  -1.1731413010969778e-01  -5.4747283766567449e-02   3.2479051077994142e-01   2.5799674161113328e-01   3.6181808595742302e+00   1.8393046422615067e+00
   1.8366370000000000e-02   9.7359898981821591e-01   1.4311173958782120e-01  -8.4409422277531135e-02  -9.0433418328177151e-01  -1.2556021439018721e+00  -7.9606840950898570e-03  -6.6112715567277047e-01   7.2056818141532664e-01   3.6467248188104766e+00   1.8467628847231570e+00
   1.7606480000000001e-02  -5.0962986107829400e-01   3.3672970369817629e-01  -7.8752054431288654e-01   2.9894414406886921e-01   1.2461608060669550e-01  -5.1280771446636320e-01   1.5251103148963738e+00   8.5449422479869552e-01   3.6326803142923856e+00   1.8432274548211947e+00
   1.7215220000000000e-02  -1.0664720044403020e+00  -3.6151519216854153e-02   2.5488002285542244e-01   4.4701623177834848e-01   2.2541678849794911e-01   1.4950608372563812e+00   5.4122882245978365e-01   6.5442719606848798e-01   3.6282780981103726e+00   1.8417725843385560e+00
   1.7990470000000001e-02   6.3970121214388065e-01   4.7629864443993930e-01   9.3612952785908532e-01   4.2769892973545065e-01   1.3989859986287771e+00   6.8226381431742766e-01   2.9106469239840682e-01  -3.6810173930610635e-01   3.6394942977270053e+00   1.8446567431192460e+00
   1.8464280000000000e-02   1.0101381783571417e+00   7.0469144767732383e-01  -5.3702716461884425e-01   1.4803902638022853e-01   7.7244879642982478e-01   5.6239818614702530e-01   1.3280192646851674e-01   1.2587157430088685e+00   3.6489798856403244e+00   1.8474101770539069e+00
   1.8694730000000000e-02  -5.4656212569239160e-01  -6.3405849174159257e-01   4.4148427862425604e-01  -6.0907595690826644e-01   1.5726082058578845e+00  -3.6130995776515316e-02   4.1066345007158456e-01   6.3310860117754897e-01   3.6486599990735380e+00   1.8474121486341999e+00
   1.6827419999999999e-02   1.0506052828002465e-02  -7.2231576430911423e-02  -4.3930289876799733e-01   6.7379215635669187e-01   1.0798385650508441e-01   1.1406186783030132e+00  -6.8088090913146673e-02  -1.5625538010500024e+00   3.6084238707759617e+00   1.8365057960345030e+00
   1.7346500000000001e-02   3.4718682173542087e-01  -3.9431969777903718e-02   3.5484932943320185e-01  -4.0122032528766047e-02   6.8702381424181569e-01  -1.5019319634425445e+00  -6.9349047990146642e-02   1.1941163479899752e+00   3.6227850456157742e+00   1.8405517249828023e+00
   1.6243279999999999e-02   4.5399674950616892e-01  -5.4620893678194782e-01  -4.6787476362968089e-01  -3.2326358394282290e-01   6.4322791726072459e-01   1.0224881107875901e+00   1.4843878548180105e+00  -8.9918653569014462e-02   3.5999359286937342e+00   1.8344258888881699e+00
   1.6922099999999999e-02   7.3163236325845105e-01   1.0280960490198091e-01  -7.6245091224979888e-01  -7.3528707399899285e-01   1.2319516010626719e+00   5.2418903685847185e-01  -5.9125543571888628e-01  -8.0593314354318646e-01   3.6373212914635036e+00   1.8440207235134811e+00
   1.7994929999999999e-02  -1.2679349524709163e+00  -7.1473616964084469e-02   3.9750267706206566e-01  -1.3230457123255432e+00  -5.8783842992357926e-01   9.0412251457034853e-02   5.5298020989424002e-01   4.0472751734350965e-01   3.6403992882015177e+00   1.8450613794899251e+00
   1.6063850000000001e-02  -1.2729732188200078e+00  -1.4524947018149234e-01  -1.0420250988472233e+00  -2.1629878291227631e-01   1.0848477791171788e-02  -1.2948286869522290e+00  -1.8688965945895045e-01   1.2117407144830622e-01   3.6181751610002815e+00   1.8388334503731498e+00
   0.0000000000000000e+00   0.0000000000000000e+00   0.0000000000000000e+00   0.0000000000000000e+00   0.0000000000000000e+00   0.0000000000000000e+00   0.0000000000000000e+00   0.0000000000000000e+00   0.0000000000000000e+00   3.6367499331015645e+00   1.8441400969754187e+00
