9.9612524726074788119273383877290942e-07	-4.9184782790375945651348745732411348e+00
2.1759697382253495706609762400223609e-06	-4.6238058592911266368609307944385435e+00
4.0118404612165296752818273398215175e-06	-4.4207626674341865744983137926782174e+00
6.3087530167729489744187760833599105e-06	-4.2643720560580561221912237746366692e+00
9.0279324010000228699952810125145523e-06	-4.1363846051680429329603810798333305e+00
1.2139035378805962381768763475892000e-05	-4.0275770635182468591636169551469306e+00
1.5617139750786869117887127371441138e-05	-3.9326286786864032269104306387595355e+00
1.9441113612603206576853852523318640e-05	-3.8481847795109752443450234684299291e+00
2.3592627103513797205769232619219588e-05	-3.7719906213347621843804292755877491e+00
2.8055506914305844442246582313567498e-05	-3.7024557750459454853002505505248553e+00
3.2815291033561849986124858122095387e-05	-3.6384152089356114367217754911979163e+00
3.7858908511900622250867567322086085e-05	-3.5789891840871588267880858863997329e+00
4.3174441383546156493680832108019721e-05	-3.5234965989706245878595816251896657e+00
4.8750942830703793404972549101259419e-05	-3.4713990104481417159178112735498591e+00
5.4578295159280371227173889554850336e-05	-3.4222631388183985953620888570478078e+00
6.0647096752198727960296835882579703e-05	-3.3757349729750602273656509167775820e+00
6.6948570619575899452077141010896886e-05	-3.3315214115271806498731102182508197e+00
7.3474489375422846854123772982406389e-05	-3.2893769473946731452779336416495873e+00
8.0217112930908025579748120776437015e-05	-3.2490938162135337871830865757091898e+00
8.7169136185822764013115949317795137e-05	-3.2104945782925726505150518576497540e+00
9.4323644689446125538217222552456759e-05	-3.1734264450143799449879422905996682e+00
1.0167407673173143568622000071377311e-04	-3.1377568783203249856595127261101855e+00
1.0921419068010607557414936465422755e-04	-3.1033701343452316328942066897943944e+00
1.1693803663792967962144081456153723e-04	-3.0701645174908404073579926252525553e+00
1.2483993169543782178589148584646416e-04	-3.0380501761613532422228492824704826e+00
1.3291443819149799050002831548370433e-04	-3.0069473164626866796072762609818882e+00
1.4115634451759415152579538091895853e-04	-2.9767847419744760595865378447775790e+00
1.4956064808315158133022349448928230e-04	-2.9474986504835379370814023244552865e+00
1.5812254013002802252504757955210709e-04	-2.9190316351058618957533194164688771e+00
1.6683739213835686459484117708033864e-04	-2.8913318493831392605066462939728927e+00
1.7570074360931381402336924065121898e-04	-2.8643523049834448742930069293858339e+00
1.8470829104529074339216396750783071e-04	-2.8380502774349566610461834201641249e+00
1.9385587797626885403832580858306670e-04	-2.8123868004848966208138565825087669e+00
2.0313948590430058056417581369480769e-04	-2.7873262336335618427055182517301554e+00
2.1255522605701332575583424554089312e-04	-2.7628358904534282819250910051736495e+00
2.2209933185676741336615159947216948e-04	-2.7388857176887893782936677396395152e+00
2.3176815202517915437071243887068756e-04	-2.7154480170052503501348692861273543e+00
2.4155814425366101965147801314364295e-04	-2.6924972027409936987490094910211595e+00
2.5146586937983123328703305835946005e-04	-2.6700095901927345746311551353036937e+00
2.6148798601741934327069202454544134e-04	-2.6479632099160812098124553547714275e+00
2.7162124559389381383017292627773783e-04	-2.6263376442836527505801399264595804e+00
2.8186248775566436938616967941707102e-04	-2.6051138831637508911834551438118760e+00
2.9220863610552893724417239477468055e-04	-2.5842741960875926517421685501636256e+00
3.0265669424117525208797003874001653e-04	-2.5638020186872826794117756541596212e+00
3.1320374206711889392521239170679029e-04	-2.5436818515279062742931667048344421e+00
3.2384693235555173641679315852578477e-04	-2.5238991697395271501764828332416772e+00
3.3458348753426091528232947606931851e-04	-2.5044403420896499664705283698063312e+00
3.4541069668211934377227506780819579e-04	-2.4852925583327176686056307264895782e+00
3.5632591271469515849101015643608130e-04	-2.4664437638375221056050161236732052e+00
3.6732654974432161052226826146784460e-04	-2.4478826006316743187439614407635741e+00
3.7841008060054634770253121564555765e-04	-2.4295983541190669115849188600286197e+00
3.8957403449826968410594411327390752e-04	-2.4115809048252529875788375905438303e+00
4.0081599484211061377114818172981523e-04	-2.3938206846098612338350266836786391e+00
4.1213359715662845032585520683076628e-04	-2.3763086368570106958941303960011083e+00
4.2352452713299531992840529305481308e-04	-2.3590361802161859334484697638446453e+00
4.3498651878357588947099897405656112e-04	-2.3419951755188325225842145873449640e+00
4.4651735269663902430450779394851427e-04	-2.3251778955413960245698541179694191e+00
4.5811485438411300551284057030905517e-04	-2.3085769973247832467143324536174779e+00
4.6977689271591137197541108814141944e-04	-2.2921854967942116527585418396867377e+00
4.8150137843490891710305072869112203e-04	-2.2759967454529146088236719656280833e+00
4.9328626274714425108858731669959328e-04	-2.2600044089488427661622423379018256e+00
5.0512953598227304999371159184528728e-04	-2.2442024473358962639716618647902618e+00
5.1702922631970023456284786326889764e-04	-2.2285850968708027692967251171115811e+00
5.2898339857618472358941520955307859e-04	-2.2131468532039148656107873299648959e+00
5.4099015305104134657999281182852437e-04	-2.1978824558372692895123186324362043e+00
5.5304762442536470941087309094724977e-04	-2.1827868737365123644538968831605112e+00
5.6515398071197256124948487425290416e-04	-2.1678552919949912433369416735092237e+00
5.7730742225301439469782659645053969e-04	-2.1530830994586447017841748170745340e+00
5.8950618076241716652577537933858296e-04	-2.1384658772294761333859442161841663e+00
6.0174851841054639991780861999472534e-04	-2.1239993879735060686065986761788212e+00
6.1403272694864950932685467574515507e-04	-2.1096795659663118564103462867900725e+00
6.2635712687082073917521217030445224e-04	-2.0955025078156801031393275299360207e+00
6.3872006661138519427939443356241084e-04	-2.0814644638066198304375472236350025e+00
6.5111992177574445704502287889477801e-04	-2.0675618298190948953622326933733475e+00
6.6355509440285947681489133886751119e-04	-2.0537911397734057310972421099686826e+00
6.7602401225766888973363634853940085e-04	-2.0401490585622461458142895535874381e+00
6.8852512815185367526786081467414848e-04	-2.0266323754321358461848556246203323e+00
7.0105691929146296669023814607854333e-04	-2.0132379977802316130252722022156615e+00
7.1361788665001170444527997608566987e-04	-1.9999629453354916960961832130720738e+00
7.2620655436574936932820148379192577e-04	-1.9868043446958458478838446160480917e+00
7.3882146916188090087120769611252632e-04	-1.9737594241954398077195863603399879e+00
7.5146119978859667539183772248629863e-04	-1.9608255090782063944765514462733091e+00
7.6412433648583861110972885672929923e-04	-1.9480000169559906903170720192915412e+00
7.7680949046579455721125690699271724e-04	-1.9352804535312461681318628100819952e+00
7.8951529341417353715241620354477526e-04	-1.9226644085659415259217677200854953e+00
8.0224039700937054084878840704783959e-04	-1.9101495520797916896207498526621798e+00
8.1498347245868174655638856647650375e-04	-1.8977336307622662136236290093064875e+00
8.2774321005077961964247970444443005e-04	-1.8854144645840477059221178688562302e+00
8.4051831872370257144757258582361620e-04	-1.8731899435947239822546986661914177e+00
8.5330752564765603029002306388217240e-04	-1.8610580248945111338411211480333309e+00
8.6610957582196111810193457378650526e-04	-1.8490167297687301309110990664001264e+00
8.7892323168552385877996173449647575e-04	-1.8370641409746055047404575705145296e+00
8.9174727274023216756813692399137855e-04	-1.8251984001707286710634931842491285e+00
9.0458049518671996690830593832509716e-04	-1.8134177054802373912181543759869420e+00
9.1742171157196780986539259115798803e-04	-1.8017203091794128170390849888658899e+00
9.3026975044823752003132706322919091e-04	-1.7901045155039920041500093790480438e+00
9.4312345604286471653521109317386421e-04	-1.7785686785660416195819126342060626e+00
9.5598168793845781266010250417128083e-04	-1.7671112003747422303357922256789118e+00
9.6884332076307527429809673431440098e-04	-1.7557305289548960142865031394779763e+00
9.8170724388997470822147316634665727e-04	-1.7444251565573975644896344992294360e+00
9.9457236114654781937490272506017700e-04	-1.7331936179563008919963550043914054e+00
1.0074375905320745226558324067983647e-03	-1.7220344888274786864621580393168714e+00
1.0203018639439476022892207211257537e-03	-1.7109463842042050034208607838111314e+00
1.0331641269120363586817387094273075e-03	-1.6999279570053021962856739567907797e+00
1.0460233383408737403147669631386238e-03	-1.6889778966317792591585657741081424e+00
1.0588784702593665930697797708843751e-03	-1.6780949276281537507816537265406523e+00
1.0717285075777429326161483955995467e-03	-1.6672778084048949066131036327909113e+00
1.0845724478514636137736134086427326e-03	-1.6565253300186530282859150235213171e+00
1.0974093010518384865194191624851578e-03	-1.6458363150071512342175836029645606e+00
1.1102380893430991401085440498414050e-03	-1.6352096162758114964059805788345175e+00
1.1230578468656916896326034388761060e-03	-1.6246441160333687918946373264893510e+00
1.1358676195255637950183997887384222e-03	-1.6141387247738962709411262408866758e+00
1.1486664647892302597246896779166762e-03	-1.6036923803028215983747508227328777e+00
1.1614534514844111712433682718553446e-03	-1.5933040468046609829543840360937576e+00
1.1742276596060456514190915744724694e-03	-1.5829727139503337152057755549648960e+00
1.1869881801274929127011961137894908e-03	-1.5726973960420470586789511966488973e+00
1.1997341148167404957092573352574108e-03	-1.5624771311938597889611807953484133e+00
1.2124645760574473209146629799015124e-03	-1.5523109805461431959787158669014423e+00
1.2251786866746565479637024898693513e-03	-1.5421980275122615511516559830703886e+00
1.2378755797650202236435410034867864e-03	-1.5321373770558904359161647910456440e+00
1.2505543985313843356016531635341783e-03	-1.5221281549974814315486421970848089e+00
1.2632142961215891940996036195868432e-03	-1.5121695073484659411169055026020816e+00
1.2758544354713460573959972739286962e-03	-1.5022605996718697747869076473385303e+00
1.2884739891510566156470635248409037e-03	-1.4924006164680839679668151547046984e+00
1.3010721392164473701671380884730761e-03	-1.4825887605846064754447280637014306e+00
1.3136480770628961051136107052007635e-03	-1.4728242526486342232406593937903670e+00
1.3262010032833325617648287461111640e-03	-1.4631063305214458071268113599054680e+00
1.3387301275296001052336578953922854e-03	-1.4534342487735721829510399870679579e+00
1.3512346683771696325333816323234834e-03	-1.4438072781798062577907988881095224e+00
1.3637138531931012214168299507607692e-03	-1.4342247052331526016233215063071488e+00
1.3761669180071530726310291911776549e-03	-1.4246858316768657776079027309314331e+00
1.3885931073859411647630030768073273e-03	-1.4151899740537702396471127167119317e+00
1.4009916743100567306475296503763264e-03	-1.4057364632720965578175380493340226e+00
1.4133618800540521867135267226818214e-03	-1.3963246441871080807500574372369849e+00
1.4257029940692095104506356995612699e-03	-1.3869538751978291914575694222822117e+00
1.4380142938690082746468253172815963e-03	-1.3776235278582212099975446476128242e+00
1.4502950649172136179584994195003547e-03	-1.3683329865021848823816996612108619e+00
1.4625446005185073670476522755610378e-03	-1.3590816478817993999498119092237846e+00
1.4747622017115883328508428798955824e-03	-1.3498689208182371374198572641418373e+00
1.4869471771646704890284153881455785e-03	-1.3406942258648208929082817387351547e+00
1.4990988430733103104029389231967651e-03	-1.3315569949817164634221001510856337e+00
1.5112165230604970090078283415866439e-03	-1.3224566712217779914453504061814886e+00
1.5232995480789417606783775488257538e-03	-1.3133927084270867623628048595583772e+00
1.5353472563155042710697559067134383e-03	-1.3043645709357461024774542630186056e+00
1.5473589930976971914347837215383355e-03	-1.2953717332985158014515622903956022e+00
1.5593341108022109660244159584547478e-03	-1.2864136800048891340008282352033298e+00
1.5712719687654036789193741900889484e-03	-1.2774899052182341515575514898460122e+00
1.5831719331957023725589830516804298e-03	-1.2685999125196385188065936924220336e+00
1.5950333770878641370773119961262925e-03	-1.2597432146601138416896115028677284e+00
1.6068556801390470224526177998935812e-03	-1.2509193333208312279641526999308959e+00
1.6186382286666425078929308549613636e-03	-1.2421277988810747903658860920647799e+00
1.6303804155278228781029583114831812e-03	-1.2333681501936139941609593705522546e+00
1.6420816400407584072162163011142145e-03	-1.2246399343672092105728125730582690e+00
1.6537413079074607411790266202163103e-03	-1.2159427065559776075015362469234772e+00
1.6653588311382103010335264699588113e-03	-1.2072760297553586287023182316876628e+00
1.6769336279775269055141431744773319e-03	-1.1986394746044298192199989141106663e+00
1.6884651228316441341586594543772945e-03	-1.1900326191943346831199577708525451e+00
1.6999527461974492241250495019691502e-03	-1.1814550488825946419667534476562028e+00
1.7113959345928515173614946531166561e-03	-1.1729063561130870296100886522814118e+00
1.7227941304885436518478527196310611e-03	-1.1643861402414804392834346228388294e+00
1.7341467822411208233529456948089343e-03	-1.1558940073659276596842294181641032e+00
1.7454533440275245344721145500465027e-03	-1.1474295701628249228241325007901425e+00
1.7567132757807782974661930586753677e-03	-1.1389924477274542617193064046282649e+00
1.7679260431269837683681877526917855e-03	-1.1305822654193334627096153445467620e+00
1.7790911173235467636235208230706882e-03	-1.1221986547121054162915472649663800e+00
1.7902079751986035487685881719242511e-03	-1.1138412530478056415139069929338728e+00
1.8012760990916186928388003582206410e-03	-1.1055097036953534007424351899514811e+00
1.8122949767951266537668570427754681e-03	-1.0972036556131181513829209442217972e+00
1.8232641014975901003517573166214009e-03	-1.0889227633154191153747896163624641e+00
1.8341829717273487867509949541435753e-03	-1.0806666867428215013859412509357994e+00
1.8450510912976335771130328939700654e-03	-1.0724350911360984032177299461670454e+00
1.8558679692526209721067273492757553e-03	-1.0642276469137326346915803202374697e+00
1.8666331198145042168459007367346403e-03	-1.0560440295528377591759988436870971e+00
1.8773460623315577721254391330211147e-03	-1.0478839194733823431289759845088593e+00
1.8880063212271726090051997453444107e-03	-1.0397470019256060190902828804767066e+00
1.8986134259498404415776944212335456e-03	-1.0316329668805202953279284327007987e+00
1.9091669109240656451683714690372745e-03	-1.0235415089233912070825835098236128e+00
1.9196663155021842181344009440261934e-03	-1.0154723271501048777523459119496862e+00
1.9301111839170697357000250911511564e-03	-1.0074251250663208565714960398824320e+00
1.9405010652357068147064385083366167e-03	-9.9939961048932173101141538831371974e-01
1.9508355133136131595382266062595839e-03	-9.9139549545247098544728467977688927e-01
1.9611140867500917925585832282556932e-03	-9.8341249611219440032366922066949566e-01
1.9713363488442955878510787481858812e-03	-9.7545033265740346543067272164720591e-01
1.9815018675520867256047678738593645e-03	-9.6750872922128232389170253420674229e-01
1.9916102154436741667404289265971100e-03	-9.5958741379536267661557548586513065e-01
2.0016609696620127139790842050745661e-03	-9.5168611814581386648275341588288009e-01
2.0116537118819476770932559363133998e-03	-9.4380457773187803329279493859224260e-01
2.0215880282700895971247713738857623e-03	-9.3594253162638279006334053477740538e-01
2.0314635094454039074441914430408634e-03	-9.2809972243826632391445934723004352e-01
2.0412797504405008191868482244931565e-03	-9.2027589623705217549568176177795529e-01
2.0510363506636111153277853085304521e-03	-9.1247080247921320445724568263696675e-01
2.0607329138612339219303901152330190e-03	-9.0468419393636640932843324087983056e-01
2.0703690480814428973790045743269007e-03	-8.9691582662524234261030608870785250e-01
2.0799443656378376411230788917715233e-03	-8.8916545973937484996604173684446506e-01
2.0894584830741274730401212796721184e-03	-8.8143285558245876994240607659755651e-01
2.0989110211293350733701146971001502e-03	-8.7371777950332506132965381057131359e-01
2.1083016047036078016720298529289491e-03	-8.6601999983248458253005007524295784e-01
2.1176298628246248317746194990031937e-03	-8.5833928782019343444979082744240139e-01
2.1268954286145885485948567995146927e-03	-8.5067541757599439858419947551508858e-01
2.1360979392577889523198546474675986e-03	-8.4302816600969055810573546749354379e-01
2.1452370359687301061198463145224237e-03	-8.3539731277370868471620668012174983e-01
2.1543123639608079455957090618756362e-03	-8.2778264020681141047776106986249494e-01
2.1633235724155290418669606225748289e-03	-8.2018393327911858434979433082282792e-01
2.1722703144522601758656010068173371e-03	-8.1260097953839954016481731028676329e-01
2.1811522470984988392966435022497341e-03	-8.0503356905759927859205682225333834e-01
2.1899690312606550281258046627132709e-03	-7.9748149438356279246831314529469465e-01
2.1987203316953349376162992029583581e-03	-7.8994455048692294482113716391070935e-01
2.2074058169811174041077336944378771e-03	-7.8242253471311844396958238265328928e-01
2.2160251594908141681488942789374459e-03	-7.7491524673450955216779155005430039e-01
2.2245780353642052564918326854438549e-03	-7.6742248850356021517186101503238146e-01
2.2330641244812409970473923156782326e-03	-7.5994406420705631159099494960583734e-01
2.2414831104357023914041436382679676e-03	-7.5247978022133069457933618666384912e-01
2.2498346805093117741275750412890080e-03	-7.4502944506846663590780272688010998e-01
2.2581185256462858869806090747046397e-03	-7.3759286937345218522577250860192196e-01
2.2663343404283236896290443060779313e-03	-7.3016986582225882681147239576744194e-01
2.2744818230500214164982907437440495e-03	-7.2276024912081865368277485368765713e-01
2.2825606752947075724059689181009180e-03	-7.1536383595487508589981740108939571e-01
2.2905706025106907375773233922436396e-03	-7.0798044495068293748127154785501177e-01
2.2985113135879132258195202184023895e-03	-7.0060989663653438576478275623836646e-01
2.3063825209350038081433855077855627e-03	-6.9325201340508811940319379702452989e-01
2.3141839404567228781279452830134407e-03	-6.8590661947647963758492559841529565e-01
2.3219152915317935949697403913620541e-03	-6.7857354086219134453425068438549321e-01
2.3295762969911126955855812296461036e-03	-6.7125260532966173087409491097816391e-01
2.3371666830963348184794263082694800e-03	-6.6394364236761355796562891521663125e-01
2.3446861795188243294718545647841036e-03	-6.5664648315208156377880718878823938e-01
2.3521345193189687829499736255361598e-03	-6.4936096051312079006008959090485581e-01
2.3595114389258482921479517406958092e-03	-6.4208690890217719137400960577928317e-01
2.3668166781172552182308111056372440e-03	-6.3482416436010272779427002872909115e-01
2.3740499800000587207397199135769870e-03	-6.2757256448579766536365245716787593e-01
2.3812110909909088413748910675786621e-03	-6.2033194840546331265361024407341378e-01
2.3882997607972749192476895554366488e-03	-6.1310215674244890852628392323115061e-01
2.3953157423988132587284002287009794e-03	-6.0588303158767684619651784659686393e-01
2.4022587920290590909485669267606774e-03	-5.9867441647063087254370826217903729e-01
2.4091286691574379869817938861447143e-03	-5.9147615633089233994048570815908529e-01
2.4159251364715919948161001549447528e-03	-5.8428809749021001122915035626448192e-01
2.4226479598600158835329484913700496e-03	-5.7711008762508932744475402207230191e-01
2.4292969083949989867085746843023469e-03	-5.6994197573988744298968978206389872e-01
2.4358717543158682430350099128573979e-03	-5.6278361214040071472022504780051079e-01
2.4423722730125281356012614693896748e-03	-5.5563484840793170030090783556213047e-01
2.4487982430092933322568999196250447e-03	-5.4849553737382307768815856059045780e-01
2.4551494459490099280756583433124735e-03	-5.4136553309444624217017422706016334e-01
2.4614256665774612872180036342071442e-03	-5.3424469082663267044850515709255094e-01
2.4676266927280545755290624850360054e-03	-5.2713286700353646321157403094861392e-01
2.4737523153067841670695854346585426e-03	-5.2002991921091678891930834739806443e-01
2.4798023282774681975284442844238805e-03	-5.1293570616382925247207209689483563e-01
2.4857765286472546251690192341475926e-03	-5.0585008768371550344185064766420547e-01
2.4916747164523932456802633290147411e-03	-4.9877292467588067995000112213825529e-01
2.4974966947442701910958126187685378e-03	-4.9170407910734855642050699847569222e-01
2.5032422695757015248689506027440320e-03	-4.8464341398508452664370422819072431e-01
2.5089112499874826253034445444033228e-03	-4.7759079333457680816305142994818499e-01
2.5145034479951901278944247629292114e-03	-4.7054608217876650024447103975735813e-01
2.5200186785762332737820818181322175e-03	-4.6350914651731736588999232620092234e-01
2.5254567596571515865149078528722652e-03	-4.5647985330621643878941539179787866e-01
2.5308175121011558727078549745127387e-03	-4.4945807043769677902913764706507263e-01
2.5361007596959096140119803506751261e-03	-4.4244366672047391704936527206575865e-01
2.5413063291415478881323112593629537e-03	-4.3543651186028773400290847654085288e-01
2.5464340500389310254848243670905488e-03	-4.2843647644074172855429676908090546e-01
2.5514837548781302755152872234522911e-03	-4.2144343190443181549154174052433545e-01
2.5564552790271428227546645785172221e-03	-4.1445725053435699052021908748967374e-01
2.5613484607208335573990155425892894e-03	-4.0747780543560437847790576005674094e-01
2.5661631410501010686162722842668640e-03	-4.0050497051730135914557226875089540e-01
2.5708991639512653909368171728853587e-03	-3.9353862047482763603271662838364385e-01
2.5755563761956750950170727076427506e-03	-3.8657863077228027915881379445950349e-01
2.5801346273795313738120264330372998e-03	-3.7962487762518493312187749132258972e-01
2.5846337699139268337893386248322165e-03	-3.7267723798344653680556691967012427e-01
2.5890536590150967582990364584257132e-03	-3.6573558951453305109271104052881682e-01
2.5933941526948806666124384165903466e-03	-3.5879981058688583608243588344348474e-01
2.5976551117513920474946063453870045e-03	-3.5186978025355045970125822018404629e-01
2.6018363997598942005081283489243632e-03	-3.4494537823602185540070684934125769e-01
2.6059378830638801715933733165880141e-03	-3.3802648490829787798479464484505657e-01
2.6099594307663548218616791582070224e-03	-3.3111298128113543364414018706815783e-01
2.6139009147213171200025957199131088e-03	-3.2420474898650348311868962137295987e-01
2.6177622095254407992728847524921791e-03	-3.1730167026222733569179001515681883e-01
2.6215431925099515697313269148651098e-03	-3.1040362793681876655398650440742347e-01
2.6252437437326991252366290707302466e-03	-3.0351050541448660107990773424523955e-01
2.6288637459704222327623052762145741e-03	-2.9662218666032251684606968097896657e-01
2.6324030847112052388280999359107046e-03	-2.8973855618565691788718490203168087e-01
2.6358616481471243743274708639826608e-03	-2.8285949903357983584530351442927018e-01
2.6392393271670822847693773167181510e-03	-2.7598490076462190940754762707231008e-01
2.6425360153498292579740547204269601e-03	-2.6911464744259058684821268761653060e-01
2.6457516089571696655899644075821439e-03	-2.6224862562055678667978053531195159e-01
2.6488860069273521784554944182383280e-03	-2.5538672232698733846153702650777254e-01
2.6519391108686423588365387650070382e-03	-2.4852882505201860979718777155428519e-01
2.6549108250530762749515711101111242e-03	-2.4167482173386680655397254578410930e-01
2.6578010564103938249705386767611451e-03	-2.3482460074537051143193777895637524e-01
2.6606097145221504988636467717345985e-03	-2.2797805088066110127678300392692708e-01
2.6633367116160063471012443056476719e-03	-2.2113506134195675603360111447846135e-01
2.6659819625601909652864819842376866e-03	-2.1429552172647584204953658821778376e-01
2.6685453848581433433577053916617973e-03	-2.0745932201346551961574069706118786e-01
2.6710268986433254670467717580093434e-03	-2.0062635255134148925514578648739712e-01
2.6734264266742085978413634835733609e-03	-1.9379650404493485337202283104101330e-01
2.6757438943294311957922657821346276e-03	-1.8696966754284212953899359886381339e-01
2.6779792296031274871484782788244105e-03	-1.8014573442487450896163981327616268e-01
2.6801323631004257160115999504470628e-03	-1.7332459638960250858219284056688889e-01
2.6822032280331151559934974977288521e-03	-1.6650614544199221791178268930391297e-01
2.6841917602154809942548624136162766e-03	-1.5969027388112939206290358486366620e-01
2.6860978980603062363136079581326325e-03	-1.5287687428802769063545315710847403e-01
2.6879215825750398156575966230391287e-03	-1.4606583951351740813413108084642565e-01
2.6896627573581301274920935366975237e-03	-1.3925706266621108550327583581734517e-01
2.6913213685955232409145258524703680e-03	-1.3245043710054243419649200177306855e-01
2.6928973650573250784532613352392967e-03	-1.2564585640487504398982572648015071e-01
2.6943906980946268862486367646816654e-03	-1.1884321438967738353401588468850340e-01
2.6958013216364933522085827858294189e-03	-1.1204240507576063845684508928763936e-01
2.6971291921871127632529112230122085e-03	-1.0524332268257596570237283014450127e-01
2.6983742688231086262844602253284238e-03	-9.8445861616567774759601069912703183e-02
2.6995365131910122108064515651048317e-03	-9.1649916459579676516901554573995572e-02
2.7006158895048955041580466495941400e-03	-8.4855381957309768706613627184723659e-02
2.7016123645441641031784718762978259e-03	-7.8062153007811953301213996684755095e-02
2.7025259076515095987483439010531188e-03	-7.1270124650040005811332799314728564e-02
2.7033564907310210421089411833152784e-03	-6.4479192052431139237994606122409373e-02
2.7041040882464551141399860642359583e-03	-5.7689250501525826466561517177151973e-02
2.7047686772196646508977442647974430e-03	-5.0900195390620664176147734560347341e-02
2.7053502372291852106915251317039824e-03	-4.4111922208451078892420735786942132e-02
2.7058487504089793998214815940854845e-03	-3.7324326527900691648844470844686979e-02
2.7062642014473387058273751092257835e-03	-3.0537303994734171855196640855103741e-02
2.7065965775859426187200151326699678e-03	-2.3750750316350423414764863249340935e-02
2.7068458686190748521976574734914523e-03	-1.6964561250552956893688626381421991e-02
2.7070120668929965083019387852824289e-03	-1.0178632594334310636705647956970537e-02
2.7070951673054760603550671983266716e-03	-3.3928601726713911508815689016937312e-03
2.7070951673054760603550671983266716e-03	3.3928601726713911508815689016937312e-03
2.7070120668929965083019387852824289e-03	1.0178632594334310636705647956970537e-02
2.7068458686190748521976574734914523e-03	1.6964561250552956893688626381421991e-02
2.7065965775859426187200151326699678e-03	2.3750750316350423414764863249340935e-02
2.7062642014473387058273751092257835e-03	3.0537303994734171855196640855103741e-02
2.7058487504089793998214815940854845e-03	3.7324326527900691648844470844686979e-02
2.7053502372291852106915251317039824e-03	4.4111922208451078892420735786942132e-02
2.7047686772196646508977442647974430e-03	5.0900195390620664176147734560347341e-02
2.7041040882464551141399860642359583e-03	5.7689250501525826466561517177151973e-02
2.7033564907310210421089411833152784e-03	6.4479192052431139237994606122409373e-02
2.7025259076515095987483439010531188e-03	7.1270124650040005811332799314728564e-02
2.7016123645441641031784718762978259e-03	7.8062153007811953301213996684755095e-02
2.7006158895048955041580466495941400e-03	8.4855381957309768706613627184723659e-02
2.6995365131910122108064515651048317e-03	9.1649916459579676516901554573995572e-02
2.6983742688231086262844602253284238e-03	9.8445861616567774759601069912703183e-02
2.6971291921871127632529112230122085e-03	1.0524332268257596570237283014450127e-01
2.6958013216364933522085827858294189e-03	1.1204240507576063845684508928763936e-01
2.6943906980946268862486367646816654e-03	1.1884321438967738353401588468850340e-01
2.6928973650573250784532613352392967e-03	1.2564585640487504398982572648015071e-01
2.6913213685955232409145258524703680e-03	1.3245043710054243419649200177306855e-01
2.6896627573581301274920935366975237e-03	1.3925706266621108550327583581734517e-01
2.6879215825750398156575966230391287e-03	1.4606583951351740813413108084642565e-01
2.6860978980603062363136079581326325e-03	1.5287687428802769063545315710847403e-01
2.6841917602154809942548624136162766e-03	1.5969027388112939206290358486366620e-01
2.6822032280331151559934974977288521e-03	1.6650614544199221791178268930391297e-01
2.6801323631004257160115999504470628e-03	1.7332459638960250858219284056688889e-01
2.6779792296031274871484782788244105e-03	1.8014573442487450896163981327616268e-01
2.6757438943294311957922657821346276e-03	1.8696966754284212953899359886381339e-01
2.6734264266742085978413634835733609e-03	1.9379650404493485337202283104101330e-01
2.6710268986433254670467717580093434e-03	2.0062635255134148925514578648739712e-01
2.6685453848581433433577053916617973e-03	2.0745932201346551961574069706118786e-01
2.6659819625601909652864819842376866e-03	2.1429552172647584204953658821778376e-01
2.6633367116160063471012443056476719e-03	2.2113506134195675603360111447846135e-01
2.6606097145221504988636467717345985e-03	2.2797805088066110127678300392692708e-01
2.6578010564103938249705386767611451e-03	2.3482460074537051143193777895637524e-01
2.6549108250530762749515711101111242e-03	2.4167482173386680655397254578410930e-01
2.6519391108686423588365387650070382e-03	2.4852882505201860979718777155428519e-01
2.6488860069273521784554944182383280e-03	2.5538672232698733846153702650777254e-01
2.6457516089571696655899644075821439e-03	2.6224862562055678667978053531195159e-01
2.6425360153498292579740547204269601e-03	2.6911464744259058684821268761653060e-01
2.6392393271670822847693773167181510e-03	2.7598490076462190940754762707231008e-01
2.6358616481471243743274708639826608e-03	2.8285949903357983584530351442927018e-01
2.6324030847112052388280999359107046e-03	2.8973855618565691788718490203168087e-01
2.6288637459704222327623052762145741e-03	2.9662218666032251684606968097896657e-01
2.6252437437326991252366290707302466e-03	3.0351050541448660107990773424523955e-01
2.6215431925099515697313269148651098e-03	3.1040362793681876655398650440742347e-01
2.6177622095254407992728847524921791e-03	3.1730167026222733569179001515681883e-01
2.6139009147213171200025957199131088e-03	3.2420474898650348311868962137295987e-01
2.6099594307663548218616791582070224e-03	3.3111298128113543364414018706815783e-01
2.6059378830638801715933733165880141e-03	3.3802648490829787798479464484505657e-01
2.6018363997598942005081283489243632e-03	3.4494537823602185540070684934125769e-01
2.5976551117513920474946063453870045e-03	3.5186978025355045970125822018404629e-01
2.5933941526948806666124384165903466e-03	3.5879981058688583608243588344348474e-01
2.5890536590150967582990364584257132e-03	3.6573558951453305109271104052881682e-01
2.5846337699139268337893386248322165e-03	3.7267723798344653680556691967012427e-01
2.5801346273795313738120264330372998e-03	3.7962487762518493312187749132258972e-01
2.5755563761956750950170727076427506e-03	3.8657863077228027915881379445950349e-01
2.5708991639512653909368171728853587e-03	3.9353862047482763603271662838364385e-01
2.5661631410501010686162722842668640e-03	4.0050497051730135914557226875089540e-01
2.5613484607208335573990155425892894e-03	4.0747780543560437847790576005674094e-01
2.5564552790271428227546645785172221e-03	4.1445725053435699052021908748967374e-01
2.5514837548781302755152872234522911e-03	4.2144343190443181549154174052433545e-01
2.5464340500389310254848243670905488e-03	4.2843647644074172855429676908090546e-01
2.5413063291415478881323112593629537e-03	4.3543651186028773400290847654085288e-01
2.5361007596959096140119803506751261e-03	4.4244366672047391704936527206575865e-01
2.5308175121011558727078549745127387e-03	4.4945807043769677902913764706507263e-01
2.5254567596571515865149078528722652e-03	4.5647985330621643878941539179787866e-01
2.5200186785762332737820818181322175e-03	4.6350914651731736588999232620092234e-01
2.5145034479951901278944247629292114e-03	4.7054608217876650024447103975735813e-01
2.5089112499874826253034445444033228e-03	4.7759079333457680816305142994818499e-01
2.5032422695757015248689506027440320e-03	4.8464341398508452664370422819072431e-01
2.4974966947442701910958126187685378e-03	4.9170407910734855642050699847569222e-01
2.4916747164523932456802633290147411e-03	4.9877292467588067995000112213825529e-01
2.4857765286472546251690192341475926e-03	5.0585008768371550344185064766420547e-01
2.4798023282774681975284442844238805e-03	5.1293570616382925247207209689483563e-01
2.4737523153067841670695854346585426e-03	5.2002991921091678891930834739806443e-01
2.4676266927280545755290624850360054e-03	5.2713286700353646321157403094861392e-01
2.4614256665774612872180036342071442e-03	5.3424469082663267044850515709255094e-01
2.4551494459490099280756583433124735e-03	5.4136553309444624217017422706016334e-01
2.4487982430092933322568999196250447e-03	5.4849553737382307768815856059045780e-01
2.4423722730125281356012614693896748e-03	5.5563484840793170030090783556213047e-01
2.4358717543158682430350099128573979e-03	5.6278361214040071472022504780051079e-01
2.4292969083949989867085746843023469e-03	5.6994197573988744298968978206389872e-01
2.4226479598600158835329484913700496e-03	5.7711008762508932744475402207230191e-01
2.4159251364715919948161001549447528e-03	5.8428809749021001122915035626448192e-01
2.4091286691574379869817938861447143e-03	5.9147615633089233994048570815908529e-01
2.4022587920290590909485669267606774e-03	5.9867441647063087254370826217903729e-01
2.3953157423988132587284002287009794e-03	6.0588303158767684619651784659686393e-01
2.3882997607972749192476895554366488e-03	6.1310215674244890852628392323115061e-01
2.3812110909909088413748910675786621e-03	6.2033194840546331265361024407341378e-01
2.3740499800000587207397199135769870e-03	6.2757256448579766536365245716787593e-01
2.3668166781172552182308111056372440e-03	6.3482416436010272779427002872909115e-01
2.3595114389258482921479517406958092e-03	6.4208690890217719137400960577928317e-01
2.3521345193189687829499736255361598e-03	6.4936096051312079006008959090485581e-01
2.3446861795188243294718545647841036e-03	6.5664648315208156377880718878823938e-01
2.3371666830963348184794263082694800e-03	6.6394364236761355796562891521663125e-01
2.3295762969911126955855812296461036e-03	6.7125260532966173087409491097816391e-01
2.3219152915317935949697403913620541e-03	6.7857354086219134453425068438549321e-01
2.3141839404567228781279452830134407e-03	6.8590661947647963758492559841529565e-01
2.3063825209350038081433855077855627e-03	6.9325201340508811940319379702452989e-01
2.2985113135879132258195202184023895e-03	7.0060989663653438576478275623836646e-01
2.2905706025106907375773233922436396e-03	7.0798044495068293748127154785501177e-01
2.2825606752947075724059689181009180e-03	7.1536383595487508589981740108939571e-01
2.2744818230500214164982907437440495e-03	7.2276024912081865368277485368765713e-01
2.2663343404283236896290443060779313e-03	7.3016986582225882681147239576744194e-01
2.2581185256462858869806090747046397e-03	7.3759286937345218522577250860192196e-01
2.2498346805093117741275750412890080e-03	7.4502944506846663590780272688010998e-01
2.2414831104357023914041436382679676e-03	7.5247978022133069457933618666384912e-01
2.2330641244812409970473923156782326e-03	7.5994406420705631159099494960583734e-01
2.2245780353642052564918326854438549e-03	7.6742248850356021517186101503238146e-01
2.2160251594908141681488942789374459e-03	7.7491524673450955216779155005430039e-01
2.2074058169811174041077336944378771e-03	7.8242253471311844396958238265328928e-01
2.1987203316953349376162992029583581e-03	7.8994455048692294482113716391070935e-01
2.1899690312606550281258046627132709e-03	7.9748149438356279246831314529469465e-01
2.1811522470984988392966435022497341e-03	8.0503356905759927859205682225333834e-01
2.1722703144522601758656010068173371e-03	8.1260097953839954016481731028676329e-01
2.1633235724155290418669606225748289e-03	8.2018393327911858434979433082282792e-01
2.1543123639608079455957090618756362e-03	8.2778264020681141047776106986249494e-01
2.1452370359687301061198463145224237e-03	8.3539731277370868471620668012174983e-01
2.1360979392577889523198546474675986e-03	8.4302816600969055810573546749354379e-01
2.1268954286145885485948567995146927e-03	8.5067541757599439858419947551508858e-01
2.1176298628246248317746194990031937e-03	8.5833928782019343444979082744240139e-01
2.1083016047036078016720298529289491e-03	8.6601999983248458253005007524295784e-01
2.0989110211293350733701146971001502e-03	8.7371777950332506132965381057131359e-01
2.0894584830741274730401212796721184e-03	8.8143285558245876994240607659755651e-01
2.0799443656378376411230788917715233e-03	8.8916545973937484996604173684446506e-01
2.0703690480814428973790045743269007e-03	8.9691582662524234261030608870785250e-01
2.0607329138612339219303901152330190e-03	9.0468419393636640932843324087983056e-01
2.0510363506636111153277853085304521e-03	9.1247080247921320445724568263696675e-01
2.0412797504405008191868482244931565e-03	9.2027589623705217549568176177795529e-01
2.0314635094454039074441914430408634e-03	9.2809972243826632391445934723004352e-01
2.0215880282700895971247713738857623e-03	9.3594253162638279006334053477740538e-01
2.0116537118819476770932559363133998e-03	9.4380457773187803329279493859224260e-01
2.0016609696620127139790842050745661e-03	9.5168611814581386648275341588288009e-01
1.9916102154436741667404289265971100e-03	9.5958741379536267661557548586513065e-01
1.9815018675520867256047678738593645e-03	9.6750872922128232389170253420674229e-01
1.9713363488442955878510787481858812e-03	9.7545033265740346543067272164720591e-01
1.9611140867500917925585832282556932e-03	9.8341249611219440032366922066949566e-01
1.9508355133136131595382266062595839e-03	9.9139549545247098544728467977688927e-01
1.9405010652357068147064385083366167e-03	9.9939961048932173101141538831371974e-01
1.9301111839170697357000250911511564e-03	1.0074251250663208565714960398824320e+00
1.9196663155021842181344009440261934e-03	1.0154723271501048777523459119496862e+00
1.9091669109240656451683714690372745e-03	1.0235415089233912070825835098236128e+00
1.8986134259498404415776944212335456e-03	1.0316329668805202953279284327007987e+00
1.8880063212271726090051997453444107e-03	1.0397470019256060190902828804767066e+00
1.8773460623315577721254391330211147e-03	1.0478839194733823431289759845088593e+00
1.8666331198145042168459007367346403e-03	1.0560440295528377591759988436870971e+00
1.8558679692526209721067273492757553e-03	1.0642276469137326346915803202374697e+00
1.8450510912976335771130328939700654e-03	1.0724350911360984032177299461670454e+00
1.8341829717273487867509949541435753e-03	1.0806666867428215013859412509357994e+00
1.8232641014975901003517573166214009e-03	1.0889227633154191153747896163624641e+00
1.8122949767951266537668570427754681e-03	1.0972036556131181513829209442217972e+00
1.8012760990916186928388003582206410e-03	1.1055097036953534007424351899514811e+00
1.7902079751986035487685881719242511e-03	1.1138412530478056415139069929338728e+00
1.7790911173235467636235208230706882e-03	1.1221986547121054162915472649663800e+00
1.7679260431269837683681877526917855e-03	1.1305822654193334627096153445467620e+00
1.7567132757807782974661930586753677e-03	1.1389924477274542617193064046282649e+00
1.7454533440275245344721145500465027e-03	1.1474295701628249228241325007901425e+00
1.7341467822411208233529456948089343e-03	1.1558940073659276596842294181641032e+00
1.7227941304885436518478527196310611e-03	1.1643861402414804392834346228388294e+00
1.7113959345928515173614946531166561e-03	1.1729063561130870296100886522814118e+00
1.6999527461974492241250495019691502e-03	1.1814550488825946419667534476562028e+00
1.6884651228316441341586594543772945e-03	1.1900326191943346831199577708525451e+00
1.6769336279775269055141431744773319e-03	1.1986394746044298192199989141106663e+00
1.6653588311382103010335264699588113e-03	1.2072760297553586287023182316876628e+00
1.6537413079074607411790266202163103e-03	1.2159427065559776075015362469234772e+00
1.6420816400407584072162163011142145e-03	1.2246399343672092105728125730582690e+00
1.6303804155278228781029583114831812e-03	1.2333681501936139941609593705522546e+00
1.6186382286666425078929308549613636e-03	1.2421277988810747903658860920647799e+00
1.6068556801390470224526177998935812e-03	1.2509193333208312279641526999308959e+00
1.5950333770878641370773119961262925e-03	1.2597432146601138416896115028677284e+00
1.5831719331957023725589830516804298e-03	1.2685999125196385188065936924220336e+00
1.5712719687654036789193741900889484e-03	1.2774899052182341515575514898460122e+00
1.5593341108022109660244159584547478e-03	1.2864136800048891340008282352033298e+00
1.5473589930976971914347837215383355e-03	1.2953717332985158014515622903956022e+00
1.5353472563155042710697559067134383e-03	1.3043645709357461024774542630186056e+00
1.5232995480789417606783775488257538e-03	1.3133927084270867623628048595583772e+00
1.5112165230604970090078283415866439e-03	1.3224566712217779914453504061814886e+00
1.4990988430733103104029389231967651e-03	1.3315569949817164634221001510856337e+00
1.4869471771646704890284153881455785e-03	1.3406942258648208929082817387351547e+00
1.4747622017115883328508428798955824e-03	1.3498689208182371374198572641418373e+00
1.4625446005185073670476522755610378e-03	1.3590816478817993999498119092237846e+00
1.4502950649172136179584994195003547e-03	1.3683329865021848823816996612108619e+00
1.4380142938690082746468253172815963e-03	1.3776235278582212099975446476128242e+00
1.4257029940692095104506356995612699e-03	1.3869538751978291914575694222822117e+00
1.4133618800540521867135267226818214e-03	1.3963246441871080807500574372369849e+00
1.4009916743100567306475296503763264e-03	1.4057364632720965578175380493340226e+00
1.3885931073859411647630030768073273e-03	1.4151899740537702396471127167119317e+00
1.3761669180071530726310291911776549e-03	1.4246858316768657776079027309314331e+00
1.3637138531931012214168299507607692e-03	1.4342247052331526016233215063071488e+00
1.3512346683771696325333816323234834e-03	1.4438072781798062577907988881095224e+00
1.3387301275296001052336578953922854e-03	1.4534342487735721829510399870679579e+00
1.3262010032833325617648287461111640e-03	1.4631063305214458071268113599054680e+00
1.3136480770628961051136107052007635e-03	1.4728242526486342232406593937903670e+00
1.3010721392164473701671380884730761e-03	1.4825887605846064754447280637014306e+00
1.2884739891510566156470635248409037e-03	1.4924006164680839679668151547046984e+00
1.2758544354713460573959972739286962e-03	1.5022605996718697747869076473385303e+00
1.2632142961215891940996036195868432e-03	1.5121695073484659411169055026020816e+00
1.2505543985313843356016531635341783e-03	1.5221281549974814315486421970848089e+00
1.2378755797650202236435410034867864e-03	1.5321373770558904359161647910456440e+00
1.2251786866746565479637024898693513e-03	1.5421980275122615511516559830703886e+00
1.2124645760574473209146629799015124e-03	1.5523109805461431959787158669014423e+00
1.1997341148167404957092573352574108e-03	1.5624771311938597889611807953484133e+00
1.1869881801274929127011961137894908e-03	1.5726973960420470586789511966488973e+00
1.1742276596060456514190915744724694e-03	1.5829727139503337152057755549648960e+00
1.1614534514844111712433682718553446e-03	1.5933040468046609829543840360937576e+00
1.1486664647892302597246896779166762e-03	1.6036923803028215983747508227328777e+00
1.1358676195255637950183997887384222e-03	1.6141387247738962709411262408866758e+00
1.1230578468656916896326034388761060e-03	1.6246441160333687918946373264893510e+00
1.1102380893430991401085440498414050e-03	1.6352096162758114964059805788345175e+00
1.0974093010518384865194191624851578e-03	1.6458363150071512342175836029645606e+00
1.0845724478514636137736134086427326e-03	1.6565253300186530282859150235213171e+00
1.0717285075777429326161483955995467e-03	1.6672778084048949066131036327909113e+00
1.0588784702593665930697797708843751e-03	1.6780949276281537507816537265406523e+00
1.0460233383408737403147669631386238e-03	1.6889778966317792591585657741081424e+00
1.0331641269120363586817387094273075e-03	1.6999279570053021962856739567907797e+00
1.0203018639439476022892207211257537e-03	1.7109463842042050034208607838111314e+00
1.0074375905320745226558324067983647e-03	1.7220344888274786864621580393168714e+00
9.9457236114654781937490272506017700e-04	1.7331936179563008919963550043914054e+00
9.8170724388997470822147316634665727e-04	1.7444251565573975644896344992294360e+00
9.6884332076307527429809673431440098e-04	1.7557305289548960142865031394779763e+00
9.5598168793845781266010250417128083e-04	1.7671112003747422303357922256789118e+00
9.4312345604286471653521109317386421e-04	1.7785686785660416195819126342060626e+00
9.3026975044823752003132706322919091e-04	1.7901045155039920041500093790480438e+00
9.1742171157196780986539259115798803e-04	1.8017203091794128170390849888658899e+00
9.0458049518671996690830593832509716e-04	1.8134177054802373912181543759869420e+00
8.9174727274023216756813692399137855e-04	1.8251984001707286710634931842491285e+00
8.7892323168552385877996173449647575e-04	1.8370641409746055047404575705145296e+00
8.6610957582196111810193457378650526e-04	1.8490167297687301309110990664001264e+00
8.5330752564765603029002306388217240e-04	1.8610580248945111338411211480333309e+00
8.4051831872370257144757258582361620e-04	1.8731899435947239822546986661914177e+00
8.2774321005077961964247970444443005e-04	1.8854144645840477059221178688562302e+00
8.1498347245868174655638856647650375e-04	1.8977336307622662136236290093064875e+00
8.0224039700937054084878840704783959e-04	1.9101495520797916896207498526621798e+00
7.8951529341417353715241620354477526e-04	1.9226644085659415259217677200854953e+00
7.7680949046579455721125690699271724e-04	1.9352804535312461681318628100819952e+00
7.6412433648583861110972885672929923e-04	1.9480000169559906903170720192915412e+00
7.5146119978859667539183772248629863e-04	1.9608255090782063944765514462733091e+00
7.3882146916188090087120769611252632e-04	1.9737594241954398077195863603399879e+00
7.2620655436574936932820148379192577e-04	1.9868043446958458478838446160480917e+00
7.1361788665001170444527997608566987e-04	1.9999629453354916960961832130720738e+00
7.0105691929146296669023814607854333e-04	2.0132379977802316130252722022156615e+00
6.8852512815185367526786081467414848e-04	2.0266323754321358461848556246203323e+00
6.7602401225766888973363634853940085e-04	2.0401490585622461458142895535874381e+00
6.6355509440285947681489133886751119e-04	2.0537911397734057310972421099686826e+00
6.5111992177574445704502287889477801e-04	2.0675618298190948953622326933733475e+00
6.3872006661138519427939443356241084e-04	2.0814644638066198304375472236350025e+00
6.2635712687082073917521217030445224e-04	2.0955025078156801031393275299360207e+00
6.1403272694864950932685467574515507e-04	2.1096795659663118564103462867900725e+00
6.0174851841054639991780861999472534e-04	2.1239993879735060686065986761788212e+00
5.8950618076241716652577537933858296e-04	2.1384658772294761333859442161841663e+00
5.7730742225301439469782659645053969e-04	2.1530830994586447017841748170745340e+00
5.6515398071197256124948487425290416e-04	2.1678552919949912433369416735092237e+00
5.5304762442536470941087309094724977e-04	2.1827868737365123644538968831605112e+00
5.4099015305104134657999281182852437e-04	2.1978824558372692895123186324362043e+00
5.2898339857618472358941520955307859e-04	2.2131468532039148656107873299648959e+00
5.1702922631970023456284786326889764e-04	2.2285850968708027692967251171115811e+00
5.0512953598227304999371159184528728e-04	2.2442024473358962639716618647902618e+00
4.9328626274714425108858731669959328e-04	2.2600044089488427661622423379018256e+00
4.8150137843490891710305072869112203e-04	2.2759967454529146088236719656280833e+00
4.6977689271591137197541108814141944e-04	2.2921854967942116527585418396867377e+00
4.5811485438411300551284057030905517e-04	2.3085769973247832467143324536174779e+00
4.4651735269663902430450779394851427e-04	2.3251778955413960245698541179694191e+00
4.3498651878357588947099897405656112e-04	2.3419951755188325225842145873449640e+00
4.2352452713299531992840529305481308e-04	2.3590361802161859334484697638446453e+00
4.1213359715662845032585520683076628e-04	2.3763086368570106958941303960011083e+00
4.0081599484211061377114818172981523e-04	2.3938206846098612338350266836786391e+00
3.8957403449826968410594411327390752e-04	2.4115809048252529875788375905438303e+00
3.7841008060054634770253121564555765e-04	2.4295983541190669115849188600286197e+00
3.6732654974432161052226826146784460e-04	2.4478826006316743187439614407635741e+00
3.5632591271469515849101015643608130e-04	2.4664437638375221056050161236732052e+00
3.4541069668211934377227506780819579e-04	2.4852925583327176686056307264895782e+00
3.3458348753426091528232947606931851e-04	2.5044403420896499664705283698063312e+00
3.2384693235555173641679315852578477e-04	2.5238991697395271501764828332416772e+00
3.1320374206711889392521239170679029e-04	2.5436818515279062742931667048344421e+00
3.0265669424117525208797003874001653e-04	2.5638020186872826794117756541596212e+00
2.9220863610552893724417239477468055e-04	2.5842741960875926517421685501636256e+00
2.8186248775566436938616967941707102e-04	2.6051138831637508911834551438118760e+00
2.7162124559389381383017292627773783e-04	2.6263376442836527505801399264595804e+00
2.6148798601741934327069202454544134e-04	2.6479632099160812098124553547714275e+00
2.5146586937983123328703305835946005e-04	2.6700095901927345746311551353036937e+00
2.4155814425366101965147801314364295e-04	2.6924972027409936987490094910211595e+00
2.3176815202517915437071243887068756e-04	2.7154480170052503501348692861273543e+00
2.2209933185676741336615159947216948e-04	2.7388857176887893782936677396395152e+00
2.1255522605701332575583424554089312e-04	2.7628358904534282819250910051736495e+00
2.0313948590430058056417581369480769e-04	2.7873262336335618427055182517301554e+00
1.9385587797626885403832580858306670e-04	2.8123868004848966208138565825087669e+00
1.8470829104529074339216396750783071e-04	2.8380502774349566610461834201641249e+00
1.7570074360931381402336924065121898e-04	2.8643523049834448742930069293858339e+00
1.6683739213835686459484117708033864e-04	2.8913318493831392605066462939728927e+00
1.5812254013002802252504757955210709e-04	2.9190316351058618957533194164688771e+00
1.4956064808315158133022349448928230e-04	2.9474986504835379370814023244552865e+00
1.4115634451759415152579538091895853e-04	2.9767847419744760595865378447775790e+00
1.3291443819149799050002831548370433e-04	3.0069473164626866796072762609818882e+00
1.2483993169543782178589148584646416e-04	3.0380501761613532422228492824704826e+00
1.1693803663792967962144081456153723e-04	3.0701645174908404073579926252525553e+00
1.0921419068010607557414936465422755e-04	3.1033701343452316328942066897943944e+00
1.0167407673173143568622000071377311e-04	3.1377568783203249856595127261101855e+00
9.4323644689446125538217222552456759e-05	3.1734264450143799449879422905996682e+00
8.7169136185822764013115949317795137e-05	3.2104945782925726505150518576497540e+00
8.0217112930908025579748120776437015e-05	3.2490938162135337871830865757091898e+00
7.3474489375422846854123772982406389e-05	3.2893769473946731452779336416495873e+00
6.6948570619575899452077141010896886e-05	3.3315214115271806498731102182508197e+00
6.0647096752198727960296835882579703e-05	3.3757349729750602273656509167775820e+00
5.4578295159280371227173889554850336e-05	3.4222631388183985953620888570478078e+00
4.8750942830703793404972549101259419e-05	3.4713990104481417159178112735498591e+00
4.3174441383546156493680832108019721e-05	3.5234965989706245878595816251896657e+00
3.7858908511900622250867567322086085e-05	3.5789891840871588267880858863997329e+00
3.2815291033561849986124858122095387e-05	3.6384152089356114367217754911979163e+00
2.8055506914305844442246582313567498e-05	3.7024557750459454853002505505248553e+00
2.3592627103513797205769232619219588e-05	3.7719906213347621843804292755877491e+00
1.9441113612603206576853852523318640e-05	3.8481847795109752443450234684299291e+00
1.5617139750786869117887127371441138e-05	3.9326286786864032269104306387595355e+00
1.2139035378805962381768763475892000e-05	4.0275770635182468591636169551469306e+00
9.0279324010000228699952810125145523e-06	4.1363846051680429329603810798333305e+00
6.3087530167729489744187760833599105e-06	4.2643720560580561221912237746366692e+00
4.0118404612165296752818273398215175e-06	4.4207626674341865744983137926782174e+00
2.1759697382253495706609762400223609e-06	4.6238058592911266368609307944385435e+00
9.9612524726074788119273383877290942e-07	4.9184782790375945651348745732411348e+00
0.0000000000000000000000000000000000e+00	1.3292097007699590014438098817035594e-05