9.7466079814447709526957961163395544e-07	-4.9227470133778532410212286093260181e+00
2.1293030003314726946452461800428903e-06	-4.6283127994002609372864629429493863e+00
3.9261689710963672907040241752103116e-06	-4.4254439729709838463948146802318519e+00
6.1745555524159826268490701690642361e-06	-4.2691947428228525037140520070488281e+00
8.8365756994013772667674755057785700e-06	-4.1413282084294861635874487502987630e+00
1.1882580212603237622946483617158070e-05	-4.0326275064782812140090798762022016e+00
1.5288216330277640721832012299878269e-05	-3.9377756149893932985582793409571023e+00
1.9032834514740831572227310507979058e-05	-3.8534202450834407844229375928423661e+00
2.3098522930494750692188103792040709e-05	-3.7773082735751932061820209570904903e+00
2.7469476791747778939467509161491762e-05	-3.7078504290244080786163289977316109e+00
3.2131563341069178809824140092103721e-05	-3.6438825375852791114330744887097606e+00
3.7072008970623712626689305329995584e-05	-3.5845255152613638468682315007650171e+00
4.2279166611739783425286632411133846e-05	-3.5290987728594734462769517564138232e+00
4.7742338074490993607235689617509872e-05	-3.4770642762791694845409185619316301e+00
5.3451635283748084936238544740595505e-05	-3.4279890780644884893739035964699348e+00
5.9397869827062509810761863995622723e-05	-3.3815194410015139022296485037450860e+00
6.5572463603324926657760297940216049e-05	-3.3373624924040657172139094350225342e+00
7.1967375520692010722852859038682170e-05	-3.2952729183232605689410750947127508e+00
7.8575040619077945726478465388448030e-05	-3.2550431191132069013127709644952329e+00
8.5388318961305205506956461616688809e-05	-3.2164957968142027402283292453344406e+00
9.2400452310718271532955106316356595e-05	-3.1794782857300065100961958323015566e+00
9.9605027091533117452837076760527583e-05	-3.1438581551716419127941415799548333e+00
1.0699594247442146546704011100005736e-04	-3.1095197556667037338016656401234974e+00
1.1456738268459119808239028238145690e-04	-3.0763614750898782323227745539708511e+00
1.2231379281993147122029763775721321e-04	-3.0442935360588753530455855002574716e+00
1.3022985761090265785110577533470013e-04	-3.0132362109864316914294383511467555e+00
1.3831048266434334281799243102047408e-04	-2.9831183629638752629358253709784941e+00
1.4655077781904803747651268598593969e-04	-2.9538762434151637327164722733255182e+00
1.5494604230810578790952441431943050e-04	-2.9254524939868284539806388204062687e+00
1.6349175147610138977168763273560847e-04	-2.8977953122894497996832214420043071e+00
1.7218354484167063385993598894206865e-04	-2.8708577501433684480848561805231368e+00
1.8101721533001179421054318671797875e-04	-2.8445971197756771812538181320296723e+00
1.8998869952761423283348720496743573e-04	-2.8189744885750792619633555088863086e+00
1.9909406883405170958008714458327163e-04	-2.7939542469659932718788405355027142e+00
2.0832952140425551887057349302866886e-04	-2.7695037370211546052530608228219072e+00
2.1769137479004115203480554922886410e-04	-2.7455929318156875210216775453820913e+00
2.2717605920244059485391639341274433e-04	-2.7221941573980963330912166213473585e+00
2.3678011132708243449436571879761735e-04	-2.6992818507351200508228390673341012e+00
2.4650016863385119519464505504256628e-04	-2.6768323481675194338387021304030461e+00
2.5633296412965321951197696859330814e-04	-2.6548236998599553176897694410101469e+00
2.6627532150956451470024013450317600e-04	-2.6332355064911823292753378659798554e+00
2.7632415066713360924836118819665903e-04	-2.6120487750497607649109451573277872e+00
2.8647644352931909823358994820762991e-04	-2.5912457911053195350224694337774725e+00
2.9672927018558682031431705787647292e-04	-2.5708100053392609356562266435763078e+00
3.0707977528418140961496003250488419e-04	-2.5507259324597420209624009628119554e+00
3.1752517467160826373901306587818181e-04	-2.5309790609079552955675178589670727e+00
3.2806275225398651021193830136678706e-04	-2.5115557719973283068275900781929663e+00
3.3868985706122079826447890341804761e-04	-2.4924432673231216936553020391269292e+00
3.4940390049693918308751777796778860e-04	-2.4736295034440875539768621805831153e+00
3.6020235375889737044601111809006219e-04	-2.4551031329760114775327643762239914e+00
3.7108274541609085960029392012350026e-04	-2.4368534513536574506047388927363086e+00
3.8204265913017529547482306829355401e-04	-2.4188703486165502836441102759835472e+00
3.9307973150999632812268861471913004e-04	-2.4011442656581599507176003839519736e+00
4.0419165008909443951962324659060380e-04	-2.3836661544498402791849786269480957e+00
4.1537615141699537324273294038305222e-04	-2.3664274418123235830680240895489375e+00
4.2663101925593822171482309975712133e-04	-2.3494199963603307995374445784466344e+00
4.3795408287544393126260302935154273e-04	-2.3326360982912841813977824845662288e+00
4.4934321543779817993184109032870093e-04	-2.3160684117283344343987735421762412e+00
4.6079633246812391630915451818700822e-04	-2.2997099593618744273356189818895416e+00
4.7231139040325865388710093999158923e-04	-2.2835540991631901175232058823305275e+00
4.8388638521413711224862062776806051e-04	-2.2675945029695516126235049246788743e+00
4.9551935109681724968891483176526557e-04	-2.2518251367624238896923530823720825e+00
5.0720835922768259541365573833949476e-04	-2.2362402424800414419783819989351448e+00
5.1895151657871082077914256545932879e-04	-2.2208343212227359304536790021127480e+00
5.3074696478902184817221813446004185e-04	-2.2056021177244628562719271229291229e+00
5.4259287908921212856593850869243511e-04	-2.1905386059772244922745196956711988e+00
5.5448746727524822601097563267299846e-04	-2.1756389759067721816344399853122726e+00
5.6642896872893534670557376114156050e-04	-2.1608986210082969237694709032769148e+00
5.7841565348219742616021448360193944e-04	-2.1463131268599586972757279695721694e+00
5.9044582132260703526048606716138499e-04	-2.1318782604402130804556229390884357e+00
6.0251780093778762762219215038825660e-04	-2.1175899601820982065919147810268698e+00
6.1462994909647924946933347542906165e-04	-2.1034443267040578368522124961800623e+00
6.2678064986421329995772394631502599e-04	-2.0894376141625940463347891210085637e+00
6.3896831385168362650559837082711855e-04	-2.0755662221771494346872810689865328e+00
6.5119137749403138043360620625218222e-04	-2.0618266882821865544869675983912382e+00
6.6344830235938072710908864797816033e-04	-2.0482156808655245781826809539211788e+00
6.7573757448507267124841718846336576e-04	-2.0347299925556651402626852347521970e+00
6.8805770374014579029261074949584059e-04	-2.0213665340241388395251235795100725e+00
7.0040722321270634561641108367658528e-04	-2.0081223281718730800435023299231487e+00
7.1278468862091676231893219019709332e-04	-1.9949945046712575740503496666611803e+00
7.2518867774641146276233716466266157e-04	-1.9819802948379982252050039959958048e+00
7.3761778988902307372947234082612840e-04	-1.9690770268090316505138181765626989e+00
7.5007064534177061336655312088902848e-04	-1.9562821210047462855205690706247549e+00
7.6254588488512486376455543742239589e-04	-1.9435930858555439011844114102026575e+00
7.7504216929962516573734096824730413e-04	-1.9310075137743969209759986747525316e+00
7.8755817889597671221950450718762345e-04	-1.9185230773585293964811227026374154e+00
8.0009261306180840854405528122706721e-04	-1.9061375258046881487777680609637284e+00
8.1264418982431882281853866974837364e-04	-1.8938486815236889604668978678630058e+00
8.2521164542808195043614785749645869e-04	-1.8816544369410328497399915383701344e+00
8.3779373392732572064728015470378905e-04	-1.8695527514714000873803047994352308e+00
8.5038922679203461432467996478844082e-04	-1.8575416486557542771845621495237324e+00
8.6299691252726365414609949240917883e-04	-1.8456192134506340284261380010068142e+00
8.7561559630508456630455217090872704e-04	-1.8337835896599831162519877821100945e+00
8.8824409960861627461011597554871893e-04	-1.8220329775005783604437691243626831e+00
9.0088125988762123632008369844713505e-04	-1.8103656312927638526377961806942239e+00
9.1352593022517661330380425491771069e-04	-1.7987798572687960952239492227224691e+00
9.2617697901495502881543709816694482e-04	-1.7872740114916519913694746902688615e+00
9.3883328964867381449776612541711598e-04	-1.7758464978776548580981981222046861e+00
9.5149376021329431928719171772814058e-04	-1.7644957663167366945041706819158695e+00
9.6415730319757413731377020768290673e-04	-1.7532203108845814028493941237340284e+00
9.7682284520759511287951997962547752e-04	-1.7420186681412867583187712064186525e+00
9.8948932669090878661063541730385209e-04	-1.7308894155115455669378293152513526e+00
1.0021557016689586403256976772692933e-03	-1.7198311697416812736902225661234134e+00
1.0148209374774551550249830491721776e-03	-1.7088425854291826664313382395722899e+00
1.0274840145143953867981279290181998e-03	-1.6979223536206684232171097758372062e+00
1.0401439259954335541164252747707908e-03	-1.6870692004744770269340524744345557e+00
1.0527996777163230767620070130338458e-03	-1.6762818859843227963154824270814400e+00
1.0654502878221636668959919395871972e-03	-1.6655592027606860684489801766676761e+00
1.0780947865831994977108832485332248e-03	-1.6548999748668163801064419096317014e+00
1.0907322161769262122025417845943554e-03	-1.6443030567064231670714923474112926e+00
1.1033616304762756278214600734051036e-03	-1.6337673319603102465072721342404990e+00
1.1159820948436574829254993532006761e-03	-1.6232917125693792742962366661906389e+00
1.1285926859306474959333942700794862e-03	-1.6128751377615844871454930373502519e+00
1.1411924914831204030538476910756089e-03	-1.6025165731205672702824773041974726e+00
1.1537806101516355381430221765048907e-03	-1.5922150096938352785299532048134908e+00
1.1663561513068909490429920557962152e-03	-1.5819694631384777522467536744493715e+00
1.1789182348600700369877180784073758e-03	-1.5717789729025270155976471685674203e+00
1.1914659910879122856996554224995582e-03	-1.5616426014401865691962403584231108e+00
1.2039985604623468392122066064955128e-03	-1.5515594334592492848789583703952466e+00
1.2165150934845345151548723881386699e-03	-1.5415285751991255208413450931190799e+00
1.2290147505231703246090118974919838e-03	-1.5315491537379909997293221720262655e+00
1.2414967016569047306429023866711026e-03	-1.5216203163276484891383063868486842e+00
1.2539601265207477339111424349044743e-03	-1.5117412297547761150171804507605583e+00
1.2664042141563254426833172448647824e-03	-1.5019110797273089117090201633466098e+00
1.2788281628658640826490135528288228e-03	-1.4921290702847693250534952908426767e+00
1.2912311800697814440819422221425896e-03	-1.4823944232314271663151991073060776e+00
1.3036124821677705647138511461505203e-03	-1.4727063775912302682080986311192931e+00
1.3159712944032650193445622859419782e-03	-1.4630641890835040999980000664246464e+00
1.3283068507311795443337900781754633e-03	-1.4534671296184721151254171234485352e+00
1.3406183936888238784386062397580285e-03	-1.4439144868116988708505550133416097e+00
1.3529051742698916620062425494274556e-03	-1.4344055635166051958765971636740386e+00
1.3651664518014300146577248904447510e-03	-1.4249396773742490929910903531441248e+00
1.3774014938236990170258784871197813e-03	-1.4155161603796078385074970471171750e+00
1.3896095759728337639765180162146526e-03	-1.4061343584636360537522193596866834e+00
1.4017899818662249436314257489167338e-03	-1.3967936310904115382497704001972001e+00
1.4139420029905370365022723896946213e-03	-1.3874933508687155200236711622780320e+00
1.4260649385922862297350999040711093e-03	-1.3782329031774268350965950454937326e+00
1.4381580955709030100088799739961405e-03	-1.3690116858041405253726987764169852e+00
1.4502207883742071417660411508224944e-03	-1.3598291085964505619245682985288130e+00
1.4622523388962253615253837095043852e-03	-1.3506845931253639710860136328210162e+00
1.4742520763772846300218684568362012e-03	-1.3415775723603396676197626437876808e+00
1.4862193373063161874758417222094687e-03	-1.3325074903554698792887388362877184e+00
1.4981534653253079587395734802380615e-03	-1.3234738019463452704194758557030936e+00
1.5100538111358450594256997205687899e-03	-1.3144759724571668223271549529440003e+00
1.5219197324076802661341279283065491e-03	-1.3055134774176882838722131313203883e+00
1.5337505936892783380421978225563306e-03	-1.2965858022895926387418260393535709e+00
1.5455457663202800176418222203880134e-03	-1.2876924422019246151967699095915936e+00
1.5573046283458333992999748663918811e-03	-1.2788329016952188523548356586892547e+00
1.5690265644327421393709556099709245e-03	-1.2700066944739799937466523170313216e+00
1.5807109657873816943819385114522034e-03	-1.2612133431671867591258256664350062e+00
1.5923572300753364177371571169377969e-03	-1.2524523790965070009686321864256302e+00
1.6039647613427119236501137935239785e-03	-1.2437233420519249310233241786888155e+00
1.6155329699390786426571953131651772e-03	-1.2350257800744951498073703958872854e+00
1.6270612724420039489701979875950197e-03	-1.2263592492459508703434130298550751e+00
1.6385490915831316388194240635609346e-03	-1.2177233134849058362148856349729615e+00
1.6499958561757688834116241860339175e-03	-1.2091175443494009302448639214036359e+00
1.6614010010439420726332461833416505e-03	-1.2005415208455573884569732253042021e+00
1.6727639669528842084986967706558510e-03	-1.1919948292421089069916655720884317e+00
1.6840842005409177027866729550865678e-03	-1.1834770628905947878269626527969560e+00
1.6953611542526975834244014905098136e-03	-1.1749878220510056411052498993253537e+00
1.7065942862737812209637579181838247e-03	-1.1665267137226820744533817465807140e+00
1.7177830604664917518391494875724849e-03	-1.1580933514802752781181019180753002e+00
1.7289269463070434008052228634969475e-03	-1.1496873553145864827075732901830545e+00
1.7400254188238978927346456842585416e-03	-1.1413083514781099460884561050182537e+00
1.7510779585373220954403103418060494e-03	-1.1329559723351114384575015016256706e+00
1.7620840514001179519209615411526073e-03	-1.1246298562160811594609223357346176e+00
1.7730431887394966438881558334228457e-03	-1.1163296472764066569819842085756194e+00
1.7839548672000697800184323464143766e-03	-1.1080549953591176412753012232410370e+00
1.7948185886879312234233440439866005e-03	-1.0998055558615606168933480174958425e+00
1.8056338603158039646138124895071892e-03	-1.0915809896058670037703609295386669e+00
1.8164001943492272099662548746043969e-03	-1.0833809627130839024510943079141778e+00
1.8271171081537595925312791320448734e-03	-1.0752051464808418904897858755256836e+00
1.8377841241431751230626920152410729e-03	-1.0670532172644392304268182822458970e+00
1.8484007697286291854352260403237421e-03	-1.0589248563612266366703976548196037e+00
1.8589665772687725431653984301632347e-03	-1.0508197498981813005721409025566189e+00
1.8694810840207919635069301856638961e-03	-1.0427375887225632208460725594842968e+00
1.8799438320923566834722250903163063e-03	-1.0346780682955510404905567597618445e+00
1.8903543683944505390051996359764820e-03	-1.0266408885887585612127367967802104e+00
1.9007122445950701552296431175724042e-03	-1.0186257539835369011706404188231474e+00
1.9110170170737701530153479805975750e-03	-1.0106323731729708902820504305215598e+00
1.9212682468770368658001299471921178e-03	-1.0026604590664817675719145409904393e+00
1.9314654996744725814045408577795242e-03	-9.9470972869695156476769541880046715e-01
1.9416083457157728271705605350342091e-03	-9.8677990313028773691314700113946315e-01
1.9516963597884797038084235807191535e-03	-9.7887070737734964107107080207555751e-01
1.9617291211764947444806629379544807e-03	-9.7098187030816137477034267527061355e-01
1.9717062136193352314956007088987097e-03	-9.6311312456833827291941687041353939e-01
1.9816272252721183441038871905186239e-03	-9.5526420649765703132722937165679949e-01
1.9914917486662579378463777536479964e-03	-9.4743485605070198230366445517320959e-01
2.0012993806708591692210348543846488e-03	-9.3962481671952249832515858959192428e-01
2.0110497224547965796294679733481854e-03	-9.3183383545823884844183867593947794e-01
2.0207423794494616401174982327448758e-03	-9.2406166260953608370732468515004885e-01
2.0303769613121661338055965467234801e-03	-9.1630805183298768692340087563388784e-01
2.0399530818901881165615173930165528e-03	-9.0857276003515279267131460828378453e-01
2.0494703591854475488276549572002282e-03	-9.0085554730139276999427639057382803e-01
2.0589284153197990329905689134941750e-03	-8.9315617682935486604136943687627150e-01
2.0683268765009294216638341936263008e-03	-8.8547441486407243812727799102751541e-01
2.0776653729888483831257999006763660e-03	-8.7781003063463305746765927578170821e-01
2.0869435390629603212735409916643914e-03	-8.7016279629236745360623690482591762e-01
2.0961610129897063491711060977320399e-03	-8.6253248685051388738285106601808351e-01
2.1053174369907653079179366046116274e-03	-8.5491888012531409517318119297717545e-01
2.1144124572118031064624976871708128e-03	-8.4732175667849844088580958151911235e-01
2.1234457236917599334443765922779658e-03	-8.3974089976111934751748602029157687e-01
2.1324168903326651594608081254899810e-03	-8.3217609525869345949869172606229391e-01
2.1413256148699700076045530016052284e-03	-8.2462713163761431304072575105454228e-01
2.1501715588433883219818997783820219e-03	-8.1709379989279856653700635456930584e-01
2.1589543875682360084542432114659446e-03	-8.0957589349653006897837428054107997e-01
2.1676737701072599593059762519607840e-03	-8.0207320834846722341285655872898656e-01
2.1763293792429475041673376887562921e-03	-7.9458554272678023671273592810243093e-01
2.1849208914503076535460776263650286e-03	-7.8711269724038593820939552007985858e-01
2.1934479868701156189701140825389537e-03	-7.7965447478224889993308558592089170e-01
2.2019103492826123052299963065467567e-03	-7.7221068048371860197922369714529083e-01
2.2103076660816506757420351683053548e-03	-7.6478112166987335956311651469799702e-01
2.2186396282492810918296590077366514e-03	-7.5736560781584266519251933575442384e-01
2.2269059303307679209336675069620779e-03	-7.4996395050408050158097945296121740e-01
2.2351062704100298975961780561253811e-03	-7.4257596338256304987418238119932176e-01
2.2432403500854969046959110835297933e-03	-7.3520146212388505483074659027942311e-01
2.2513078744463760210151840088192037e-03	-7.2784026438522991509005879872711374e-01
2.2593085520493198549564123715057130e-03	-7.2049218976918934381563794038458640e-01
2.2672420948954903532568412771499660e-03	-7.1315705978540919400979376886904937e-01
2.2751082184080114380276461148895141e-03	-7.0583469781303876478722011082820166e-01
2.2829066414098039855148882621611908e-03	-6.9852492906396160095405988588663176e-01
2.2906370861017968157872009885055821e-03	-6.9122758054678646939902779027035933e-01
2.2982992780415075142355144037207125e-03	-6.8394248103157784305256380165498472e-01
2.3058929461219870534557048831495868e-03	-6.7666946101530584745319269730558698e-01
2.3134178225511223279031686761114295e-03	-6.6940835268799622718016064752923354e-01
2.3208736428312908537818516746736020e-03	-6.6215898989956147043129349942877612e-01
2.3282601457393620230777647443313782e-03	-6.5492120812729479067045830256578706e-01
2.3355770733070394335828638615272711e-03	-6.4769484444400920532969555206099406e-01
2.3428241708015389462897696020714032e-03	-6.4047973748680447378251464868190285e-01
2.3500011867065972477776985073259685e-03	-6.3327572742644516092992022020440453e-01
2.3571078727038058182580524683831257e-03	-6.2608265593733357945132725470240294e-01
2.3641439836542653259036951435635252e-03	-6.1890036616806183373090197838139163e-01
2.3711092775805555850449695922275363e-03	-6.1172870271252764231009519861888295e-01
2.3780035156490163298706439606665925e-03	-6.0456751158159905404637610025919472e-01
2.3848264621523341665127366379669586e-03	-5.9741664017531359655793000493594721e-01
2.3915778844924311749070741919964318e-03	-5.9027593725559780456137907098354610e-01
2.3982575531636507376900774484162355e-03	-5.8314525291949347089809041543808983e-01
2.4048652417362362766974652304905916e-03	-5.7602443857287734490573152800173934e-01
2.4114007268400986784504395060234256e-03	-5.6891334690466137181551998881565950e-01
2.4178637881488682884250164640295446e-03	-5.6181183186146092351187930251683259e-01
2.4242542083642274499735585566129082e-03	-5.5471974862271881573033951374223988e-01
2.4305717732005196575749168426181101e-03	-5.4763695357627324002336247640087948e-01
2.4368162713696314856992862428945660e-03	-5.4056330429435806100647419699194363e-01
2.4429874945661435440520714466860579e-03	-5.3349865951002424090587861042254251e-01
2.4490852374527467973717918137242638e-03	-5.2644287909397145464466569338961563e-01
2.4551092976459206733623037117718247e-03	-5.1939582403177924999341019704876655e-01
2.4610594757018694657993991645208129e-03	-5.1235735640152738902320216541931833e-01
2.4669355751027136214242615076821704e-03	-5.0532733935179527957163678822451785e-01
2.4727374022429325789776036310943187e-03	-4.9830563708003066898817625847160571e-01
2.4784647664160559066931022281877292e-03	-4.9129211481127802737479927732089060e-01
2.4841174798015995608097953572181273e-03	-4.8428663877725729417881244764380423e-01
2.4896953574522441622316191550407507e-03	-4.7728907619578390061309885626454735e-01
2.4951982172812522614078368021013724e-03	-4.7029929525052121124956388426369912e-01
2.5006258800501216328788559130844351e-03	-4.6331716507105675151788385034184712e-01
2.5059781693564717107744748785581604e-03	-4.5634255571329380399724149447812084e-01
2.5112549116221603449111713174255179e-03	-4.4937533814015016555694790094920752e-01
2.5164559360816281240555164184887959e-03	-4.4241538420255605981655702322589527e-01
2.5215810747704675784447291249845832e-03	-4.3546256662074339528197742844340634e-01
2.5266301625142146378240745992199254e-03	-4.2851675896581874908710357506110423e-01
2.5316030369173597841143476344003304e-03	-4.2157783564161263973814143230212138e-01
2.5364995383525763993999775780666566e-03	-4.1464567186679782981953944084584085e-01
2.5413195099501638702671314486195840e-03	-4.0772014365726957146796722799099580e-01
2.5460627975877030686582720241526740e-03	-4.0080112780878087373839950839227339e-01
2.5507292498799218873805938017662771e-03	-3.9388850187982603195122634553816689e-01
2.5553187181687685652452458151042723e-03	-3.8698214417476581489175152193798990e-01
2.5598310565136905925559144652221985e-03	-3.8008193372718785649722249843535060e-01
2.5642661216821170423418989570474457e-03	-3.7318775028349594456911977083046173e-01
2.5686237731401422263740765785896299e-03	-3.6629947428672204024122798849395316e-01
2.5729038730434086276430600454082151e-03	-3.5941698686055499856260768309814966e-01
2.5771062862281871126474860736320912e-03	-3.5254016979358009275898779852636427e-01
2.5812308802026524775660215135254563e-03	-3.4566890552372357265093655552076514e-01
2.5852775251383524321978248118254820e-03	-3.3880307712289661146190812635083533e-01
2.5892460938618681744805941704836987e-03	-3.3194256828183311496840517665150517e-01
2.5931364618466647564599783946280852e-03	-3.2508726329511598274776517470129290e-01
2.5969485072051294898153280770893293e-03	-3.1823704704638652328159737590827909e-01
2.6006821106807966854701518715565559e-03	-3.1139180499373183298536939695754211e-01
2.6043371556407570674561904157608146e-03	-3.0455142315524505396351002926376340e-01
2.6079135280682502460820746602468413e-03	-2.9771578809475352653699965152100997e-01
2.6114111165554386796048348460431310e-03	-2.9088478690770995045515166134962323e-01
2.6148298122963615970382253395086885e-03	-2.8405830720724176327973117279156051e-01
2.6181695090800673974785197549928000e-03	-2.7723623711035403580862478804213887e-01
2.6214301032839230834081582798415790e-03	-2.7041846522428127267534345824286350e-01
2.6246114938670993268719200522712829e-03	-2.6360488063298359150367268709863770e-01
2.6277135823642298082301695330871703e-03	-2.5679537288378283629445140446905454e-01
2.6307362728792435073997239867394011e-03	-2.4998983197413426015125553873010953e-01
2.6336794720793686671150797336958036e-03	-2.4318814833852948908810887982166160e-01
2.6365430891893071868007389725953954e-03	-2.3639021283552655257670245672525444e-01
2.6393270359855782441583858814914072e-03	-2.2959591673490283775157036283581267e-01
2.6420312267910299795594440670966964e-03	-2.2280515170492689286507187838006879e-01
2.6446555784695181158124814369503846e-03	-2.1601780979974507173301609950942285e-01
2.6472000104207504228640035067002782e-03	-2.0923378344687907459689428159580151e-01
2.6496644445752959735080135105438469e-03	-2.0245296543483050210800674780269226e-01
2.6520488053897581722415848331704901e-03	-1.9567524890078859806790636624113184e-01
2.6543530198421105750275157668182874e-03	-1.8890052731843741319179634530568197e-01
2.6565770174271945529275200067498218e-03	-1.8212869448585867654780158339190991e-01
2.6587207301523778873666377811282838e-03	-1.7535964451352671351415168862555144e-01
2.6607840925333734191976219277337104e-03	-1.6859327181239179913489339569209026e-01
2.6627670415902169077686639657462274e-03	-1.6182947108204838368732751365551115e-01
2.6646695168434032898744066640578803e-03	-1.5506813729898467314345053783946877e-01
2.6664914603101805618039093674607943e-03	-1.4830916570491009105381227221135587e-01
2.6682328165010005407050080729673153e-03	-1.4155245179515719024399895852159164e-01
2.6698935324161257941770232940472000e-03	-1.3479789130715462262816987548864085e-01
2.6714735575423920593974674715525375e-03	-1.2804538020896781344564812756897404e-01
2.6729728438501255051975265500990694e-03	-1.2129481468790402234865334592200134e-01
2.6743913457902142223396687500657616e-03	-1.1454609113917850804329415564531343e-01
2.6757290202913333588326045088556113e-03	-1.0779910615463854564164988840273812e-01
2.6769858267573233484576379948962594e-03	-1.0105375651154207654825024081994482e-01
2.6781617270647207117896916450001945e-03	-9.4309939161387799605978252977847416e-02
2.6792566855604409398892661604953925e-03	-8.7567551218793539389263561645455879e-02
2.6802706690596130015314806634747833e-03	-8.0826489950419752979736150630293313e-02
2.6812036468435650453381382942321912e-03	-7.4086652763935060313091557723403896e-02
2.6820555906579608985013636553556702e-03	-6.7347937197020705266099156025803387e-02
2.6828264747110869939455169691503089e-03	-6.0610240906410875078320542078057686e-02
2.6835162756722893877804461935955731e-03	-5.3873461656965824491606255372805537e-02
2.6841249726705605587662261085735664e-03	-4.7137497310774768157795164766322850e-02
2.6846525472932757112497878856967328e-03	-4.0402245816285520425839251781005084e-02
2.6850989835850783326596099958604122e-03	-3.3667605197457875587021095047812526e-02
2.6854642680469147861681871346892997e-03	-2.6933473542937734042859086247179821e-02
2.6857483896352177485655120437889140e-03	-2.0199748995248990675191143218803564e-02
2.6859513397612383327424264236535042e-03	-1.3466329740000210950937273277131291e-02
2.6860731122905267634724977368494729e-03	-6.7331139951031279929830212117365238e-03
2.6861137035425615044170886641830567e-03	0.0000000000000000000000000000000000e+00
2.6860731122905267634724977368494729e-03	6.7331139951031279929830212117365238e-03
2.6859513397612383327424264236535042e-03	1.3466329740000210950937273277131291e-02
2.6857483896352177485655120437889140e-03	2.0199748995248990675191143218803564e-02
2.6854642680469147861681871346892997e-03	2.6933473542937734042859086247179821e-02
2.6850989835850783326596099958604122e-03	3.3667605197457875587021095047812526e-02
2.6846525472932757112497878856967328e-03	4.0402245816285520425839251781005084e-02
2.6841249726705605587662261085735664e-03	4.7137497310774768157795164766322850e-02
2.6835162756722893877804461935955731e-03	5.3873461656965824491606255372805537e-02
2.6828264747110869939455169691503089e-03	6.0610240906410875078320542078057686e-02
2.6820555906579608985013636553556702e-03	6.7347937197020705266099156025803387e-02
2.6812036468435650453381382942321912e-03	7.4086652763935060313091557723403896e-02
2.6802706690596130015314806634747833e-03	8.0826489950419752979736150630293313e-02
2.6792566855604409398892661604953925e-03	8.7567551218793539389263561645455879e-02
2.6781617270647207117896916450001945e-03	9.4309939161387799605978252977847416e-02
2.6769858267573233484576379948962594e-03	1.0105375651154207654825024081994482e-01
2.6757290202913333588326045088556113e-03	1.0779910615463854564164988840273812e-01
2.6743913457902142223396687500657616e-03	1.1454609113917850804329415564531343e-01
2.6729728438501255051975265500990694e-03	1.2129481468790402234865334592200134e-01
2.6714735575423920593974674715525375e-03	1.2804538020896781344564812756897404e-01
2.6698935324161257941770232940472000e-03	1.3479789130715462262816987548864085e-01
2.6682328165010005407050080729673153e-03	1.4155245179515719024399895852159164e-01
2.6664914603101805618039093674607943e-03	1.4830916570491009105381227221135587e-01
2.6646695168434032898744066640578803e-03	1.5506813729898467314345053783946877e-01
2.6627670415902169077686639657462274e-03	1.6182947108204838368732751365551115e-01
2.6607840925333734191976219277337104e-03	1.6859327181239179913489339569209026e-01
2.6587207301523778873666377811282838e-03	1.7535964451352671351415168862555144e-01
2.6565770174271945529275200067498218e-03	1.8212869448585867654780158339190991e-01
2.6543530198421105750275157668182874e-03	1.8890052731843741319179634530568197e-01
2.6520488053897581722415848331704901e-03	1.9567524890078859806790636624113184e-01
2.6496644445752959735080135105438469e-03	2.0245296543483050210800674780269226e-01
2.6472000104207504228640035067002782e-03	2.0923378344687907459689428159580151e-01
2.6446555784695181158124814369503846e-03	2.1601780979974507173301609950942285e-01
2.6420312267910299795594440670966964e-03	2.2280515170492689286507187838006879e-01
2.6393270359855782441583858814914072e-03	2.2959591673490283775157036283581267e-01
2.6365430891893071868007389725953954e-03	2.3639021283552655257670245672525444e-01
2.6336794720793686671150797336958036e-03	2.4318814833852948908810887982166160e-01
2.6307362728792435073997239867394011e-03	2.4998983197413426015125553873010953e-01
2.6277135823642298082301695330871703e-03	2.5679537288378283629445140446905454e-01
2.6246114938670993268719200522712829e-03	2.6360488063298359150367268709863770e-01
2.6214301032839230834081582798415790e-03	2.7041846522428127267534345824286350e-01
2.6181695090800673974785197549928000e-03	2.7723623711035403580862478804213887e-01
2.6148298122963615970382253395086885e-03	2.8405830720724176327973117279156051e-01
2.6114111165554386796048348460431310e-03	2.9088478690770995045515166134962323e-01
2.6079135280682502460820746602468413e-03	2.9771578809475352653699965152100997e-01
2.6043371556407570674561904157608146e-03	3.0455142315524505396351002926376340e-01
2.6006821106807966854701518715565559e-03	3.1139180499373183298536939695754211e-01
2.5969485072051294898153280770893293e-03	3.1823704704638652328159737590827909e-01
2.5931364618466647564599783946280852e-03	3.2508726329511598274776517470129290e-01
2.5892460938618681744805941704836987e-03	3.3194256828183311496840517665150517e-01
2.5852775251383524321978248118254820e-03	3.3880307712289661146190812635083533e-01
2.5812308802026524775660215135254563e-03	3.4566890552372357265093655552076514e-01
2.5771062862281871126474860736320912e-03	3.5254016979358009275898779852636427e-01
2.5729038730434086276430600454082151e-03	3.5941698686055499856260768309814966e-01
2.5686237731401422263740765785896299e-03	3.6629947428672204024122798849395316e-01
2.5642661216821170423418989570474457e-03	3.7318775028349594456911977083046173e-01
2.5598310565136905925559144652221985e-03	3.8008193372718785649722249843535060e-01
2.5553187181687685652452458151042723e-03	3.8698214417476581489175152193798990e-01
2.5507292498799218873805938017662771e-03	3.9388850187982603195122634553816689e-01
2.5460627975877030686582720241526740e-03	4.0080112780878087373839950839227339e-01
2.5413195099501638702671314486195840e-03	4.0772014365726957146796722799099580e-01
2.5364995383525763993999775780666566e-03	4.1464567186679782981953944084584085e-01
2.5316030369173597841143476344003304e-03	4.2157783564161263973814143230212138e-01
2.5266301625142146378240745992199254e-03	4.2851675896581874908710357506110423e-01
2.5215810747704675784447291249845832e-03	4.3546256662074339528197742844340634e-01
2.5164559360816281240555164184887959e-03	4.4241538420255605981655702322589527e-01
2.5112549116221603449111713174255179e-03	4.4937533814015016555694790094920752e-01
2.5059781693564717107744748785581604e-03	4.5634255571329380399724149447812084e-01
2.5006258800501216328788559130844351e-03	4.6331716507105675151788385034184712e-01
2.4951982172812522614078368021013724e-03	4.7029929525052121124956388426369912e-01
2.4896953574522441622316191550407507e-03	4.7728907619578390061309885626454735e-01
2.4841174798015995608097953572181273e-03	4.8428663877725729417881244764380423e-01
2.4784647664160559066931022281877292e-03	4.9129211481127802737479927732089060e-01
2.4727374022429325789776036310943187e-03	4.9830563708003066898817625847160571e-01
2.4669355751027136214242615076821704e-03	5.0532733935179527957163678822451785e-01
2.4610594757018694657993991645208129e-03	5.1235735640152738902320216541931833e-01
2.4551092976459206733623037117718247e-03	5.1939582403177924999341019704876655e-01
2.4490852374527467973717918137242638e-03	5.2644287909397145464466569338961563e-01
2.4429874945661435440520714466860579e-03	5.3349865951002424090587861042254251e-01
2.4368162713696314856992862428945660e-03	5.4056330429435806100647419699194363e-01
2.4305717732005196575749168426181101e-03	5.4763695357627324002336247640087948e-01
2.4242542083642274499735585566129082e-03	5.5471974862271881573033951374223988e-01
2.4178637881488682884250164640295446e-03	5.6181183186146092351187930251683259e-01
2.4114007268400986784504395060234256e-03	5.6891334690466137181551998881565950e-01
2.4048652417362362766974652304905916e-03	5.7602443857287734490573152800173934e-01
2.3982575531636507376900774484162355e-03	5.8314525291949347089809041543808983e-01
2.3915778844924311749070741919964318e-03	5.9027593725559780456137907098354610e-01
2.3848264621523341665127366379669586e-03	5.9741664017531359655793000493594721e-01
2.3780035156490163298706439606665925e-03	6.0456751158159905404637610025919472e-01
2.3711092775805555850449695922275363e-03	6.1172870271252764231009519861888295e-01
2.3641439836542653259036951435635252e-03	6.1890036616806183373090197838139163e-01
2.3571078727038058182580524683831257e-03	6.2608265593733357945132725470240294e-01
2.3500011867065972477776985073259685e-03	6.3327572742644516092992022020440453e-01
2.3428241708015389462897696020714032e-03	6.4047973748680447378251464868190285e-01
2.3355770733070394335828638615272711e-03	6.4769484444400920532969555206099406e-01
2.3282601457393620230777647443313782e-03	6.5492120812729479067045830256578706e-01
2.3208736428312908537818516746736020e-03	6.6215898989956147043129349942877612e-01
2.3134178225511223279031686761114295e-03	6.6940835268799622718016064752923354e-01
2.3058929461219870534557048831495868e-03	6.7666946101530584745319269730558698e-01
2.2982992780415075142355144037207125e-03	6.8394248103157784305256380165498472e-01
2.2906370861017968157872009885055821e-03	6.9122758054678646939902779027035933e-01
2.2829066414098039855148882621611908e-03	6.9852492906396160095405988588663176e-01
2.2751082184080114380276461148895141e-03	7.0583469781303876478722011082820166e-01
2.2672420948954903532568412771499660e-03	7.1315705978540919400979376886904937e-01
2.2593085520493198549564123715057130e-03	7.2049218976918934381563794038458640e-01
2.2513078744463760210151840088192037e-03	7.2784026438522991509005879872711374e-01
2.2432403500854969046959110835297933e-03	7.3520146212388505483074659027942311e-01
2.2351062704100298975961780561253811e-03	7.4257596338256304987418238119932176e-01
2.2269059303307679209336675069620779e-03	7.4996395050408050158097945296121740e-01
2.2186396282492810918296590077366514e-03	7.5736560781584266519251933575442384e-01
2.2103076660816506757420351683053548e-03	7.6478112166987335956311651469799702e-01
2.2019103492826123052299963065467567e-03	7.7221068048371860197922369714529083e-01
2.1934479868701156189701140825389537e-03	7.7965447478224889993308558592089170e-01
2.1849208914503076535460776263650286e-03	7.8711269724038593820939552007985858e-01
2.1763293792429475041673376887562921e-03	7.9458554272678023671273592810243093e-01
2.1676737701072599593059762519607840e-03	8.0207320834846722341285655872898656e-01
2.1589543875682360084542432114659446e-03	8.0957589349653006897837428054107997e-01
2.1501715588433883219818997783820219e-03	8.1709379989279856653700635456930584e-01
2.1413256148699700076045530016052284e-03	8.2462713163761431304072575105454228e-01
2.1324168903326651594608081254899810e-03	8.3217609525869345949869172606229391e-01
2.1234457236917599334443765922779658e-03	8.3974089976111934751748602029157687e-01
2.1144124572118031064624976871708128e-03	8.4732175667849844088580958151911235e-01
2.1053174369907653079179366046116274e-03	8.5491888012531409517318119297717545e-01
2.0961610129897063491711060977320399e-03	8.6253248685051388738285106601808351e-01
2.0869435390629603212735409916643914e-03	8.7016279629236745360623690482591762e-01
2.0776653729888483831257999006763660e-03	8.7781003063463305746765927578170821e-01
2.0683268765009294216638341936263008e-03	8.8547441486407243812727799102751541e-01
2.0589284153197990329905689134941750e-03	8.9315617682935486604136943687627150e-01
2.0494703591854475488276549572002282e-03	9.0085554730139276999427639057382803e-01
2.0399530818901881165615173930165528e-03	9.0857276003515279267131460828378453e-01
2.0303769613121661338055965467234801e-03	9.1630805183298768692340087563388784e-01
2.0207423794494616401174982327448758e-03	9.2406166260953608370732468515004885e-01
2.0110497224547965796294679733481854e-03	9.3183383545823884844183867593947794e-01
2.0012993806708591692210348543846488e-03	9.3962481671952249832515858959192428e-01
1.9914917486662579378463777536479964e-03	9.4743485605070198230366445517320959e-01
1.9816272252721183441038871905186239e-03	9.5526420649765703132722937165679949e-01
1.9717062136193352314956007088987097e-03	9.6311312456833827291941687041353939e-01
1.9617291211764947444806629379544807e-03	9.7098187030816137477034267527061355e-01
1.9516963597884797038084235807191535e-03	9.7887070737734964107107080207555751e-01
1.9416083457157728271705605350342091e-03	9.8677990313028773691314700113946315e-01
1.9314654996744725814045408577795242e-03	9.9470972869695156476769541880046715e-01
1.9212682468770368658001299471921178e-03	1.0026604590664817675719145409904393e+00
1.9110170170737701530153479805975750e-03	1.0106323731729708902820504305215598e+00
1.9007122445950701552296431175724042e-03	1.0186257539835369011706404188231474e+00
1.8903543683944505390051996359764820e-03	1.0266408885887585612127367967802104e+00
1.8799438320923566834722250903163063e-03	1.0346780682955510404905567597618445e+00
1.8694810840207919635069301856638961e-03	1.0427375887225632208460725594842968e+00
1.8589665772687725431653984301632347e-03	1.0508197498981813005721409025566189e+00
1.8484007697286291854352260403237421e-03	1.0589248563612266366703976548196037e+00
1.8377841241431751230626920152410729e-03	1.0670532172644392304268182822458970e+00
1.8271171081537595925312791320448734e-03	1.0752051464808418904897858755256836e+00
1.8164001943492272099662548746043969e-03	1.0833809627130839024510943079141778e+00
1.8056338603158039646138124895071892e-03	1.0915809896058670037703609295386669e+00
1.7948185886879312234233440439866005e-03	1.0998055558615606168933480174958425e+00
1.7839548672000697800184323464143766e-03	1.1080549953591176412753012232410370e+00
1.7730431887394966438881558334228457e-03	1.1163296472764066569819842085756194e+00
1.7620840514001179519209615411526073e-03	1.1246298562160811594609223357346176e+00
1.7510779585373220954403103418060494e-03	1.1329559723351114384575015016256706e+00
1.7400254188238978927346456842585416e-03	1.1413083514781099460884561050182537e+00
1.7289269463070434008052228634969475e-03	1.1496873553145864827075732901830545e+00
1.7177830604664917518391494875724849e-03	1.1580933514802752781181019180753002e+00
1.7065942862737812209637579181838247e-03	1.1665267137226820744533817465807140e+00
1.6953611542526975834244014905098136e-03	1.1749878220510056411052498993253537e+00
1.6840842005409177027866729550865678e-03	1.1834770628905947878269626527969560e+00
1.6727639669528842084986967706558510e-03	1.1919948292421089069916655720884317e+00
1.6614010010439420726332461833416505e-03	1.2005415208455573884569732253042021e+00
1.6499958561757688834116241860339175e-03	1.2091175443494009302448639214036359e+00
1.6385490915831316388194240635609346e-03	1.2177233134849058362148856349729615e+00
1.6270612724420039489701979875950197e-03	1.2263592492459508703434130298550751e+00
1.6155329699390786426571953131651772e-03	1.2350257800744951498073703958872854e+00
1.6039647613427119236501137935239785e-03	1.2437233420519249310233241786888155e+00
1.5923572300753364177371571169377969e-03	1.2524523790965070009686321864256302e+00
1.5807109657873816943819385114522034e-03	1.2612133431671867591258256664350062e+00
1.5690265644327421393709556099709245e-03	1.2700066944739799937466523170313216e+00
1.5573046283458333992999748663918811e-03	1.2788329016952188523548356586892547e+00
1.5455457663202800176418222203880134e-03	1.2876924422019246151967699095915936e+00
1.5337505936892783380421978225563306e-03	1.2965858022895926387418260393535709e+00
1.5219197324076802661341279283065491e-03	1.3055134774176882838722131313203883e+00
1.5100538111358450594256997205687899e-03	1.3144759724571668223271549529440003e+00
1.4981534653253079587395734802380615e-03	1.3234738019463452704194758557030936e+00
1.4862193373063161874758417222094687e-03	1.3325074903554698792887388362877184e+00
1.4742520763772846300218684568362012e-03	1.3415775723603396676197626437876808e+00
1.4622523388962253615253837095043852e-03	1.3506845931253639710860136328210162e+00
1.4502207883742071417660411508224944e-03	1.3598291085964505619245682985288130e+00
1.4381580955709030100088799739961405e-03	1.3690116858041405253726987764169852e+00
1.4260649385922862297350999040711093e-03	1.3782329031774268350965950454937326e+00
1.4139420029905370365022723896946213e-03	1.3874933508687155200236711622780320e+00
1.4017899818662249436314257489167338e-03	1.3967936310904115382497704001972001e+00
1.3896095759728337639765180162146526e-03	1.4061343584636360537522193596866834e+00
1.3774014938236990170258784871197813e-03	1.4155161603796078385074970471171750e+00
1.3651664518014300146577248904447510e-03	1.4249396773742490929910903531441248e+00
1.3529051742698916620062425494274556e-03	1.4344055635166051958765971636740386e+00
1.3406183936888238784386062397580285e-03	1.4439144868116988708505550133416097e+00
1.3283068507311795443337900781754633e-03	1.4534671296184721151254171234485352e+00
1.3159712944032650193445622859419782e-03	1.4630641890835040999980000664246464e+00
1.3036124821677705647138511461505203e-03	1.4727063775912302682080986311192931e+00
1.2912311800697814440819422221425896e-03	1.4823944232314271663151991073060776e+00
1.2788281628658640826490135528288228e-03	1.4921290702847693250534952908426767e+00
1.2664042141563254426833172448647824e-03	1.5019110797273089117090201633466098e+00
1.2539601265207477339111424349044743e-03	1.5117412297547761150171804507605583e+00
1.2414967016569047306429023866711026e-03	1.5216203163276484891383063868486842e+00
1.2290147505231703246090118974919838e-03	1.5315491537379909997293221720262655e+00
1.2165150934845345151548723881386699e-03	1.5415285751991255208413450931190799e+00
1.2039985604623468392122066064955128e-03	1.5515594334592492848789583703952466e+00
1.1914659910879122856996554224995582e-03	1.5616426014401865691962403584231108e+00
1.1789182348600700369877180784073758e-03	1.5717789729025270155976471685674203e+00
1.1663561513068909490429920557962152e-03	1.5819694631384777522467536744493715e+00
1.1537806101516355381430221765048907e-03	1.5922150096938352785299532048134908e+00
1.1411924914831204030538476910756089e-03	1.6025165731205672702824773041974726e+00
1.1285926859306474959333942700794862e-03	1.6128751377615844871454930373502519e+00
1.1159820948436574829254993532006761e-03	1.6232917125693792742962366661906389e+00
1.1033616304762756278214600734051036e-03	1.6337673319603102465072721342404990e+00
1.0907322161769262122025417845943554e-03	1.6443030567064231670714923474112926e+00
1.0780947865831994977108832485332248e-03	1.6548999748668163801064419096317014e+00
1.0654502878221636668959919395871972e-03	1.6655592027606860684489801766676761e+00
1.0527996777163230767620070130338458e-03	1.6762818859843227963154824270814400e+00
1.0401439259954335541164252747707908e-03	1.6870692004744770269340524744345557e+00
1.0274840145143953867981279290181998e-03	1.6979223536206684232171097758372062e+00
1.0148209374774551550249830491721776e-03	1.7088425854291826664313382395722899e+00
1.0021557016689586403256976772692933e-03	1.7198311697416812736902225661234134e+00
9.8948932669090878661063541730385209e-04	1.7308894155115455669378293152513526e+00
9.7682284520759511287951997962547752e-04	1.7420186681412867583187712064186525e+00
9.6415730319757413731377020768290673e-04	1.7532203108845814028493941237340284e+00
9.5149376021329431928719171772814058e-04	1.7644957663167366945041706819158695e+00
9.3883328964867381449776612541711598e-04	1.7758464978776548580981981222046861e+00
9.2617697901495502881543709816694482e-04	1.7872740114916519913694746902688615e+00
9.1352593022517661330380425491771069e-04	1.7987798572687960952239492227224691e+00
9.0088125988762123632008369844713505e-04	1.8103656312927638526377961806942239e+00
8.8824409960861627461011597554871893e-04	1.8220329775005783604437691243626831e+00
8.7561559630508456630455217090872704e-04	1.8337835896599831162519877821100945e+00
8.6299691252726365414609949240917883e-04	1.8456192134506340284261380010068142e+00
8.5038922679203461432467996478844082e-04	1.8575416486557542771845621495237324e+00
8.3779373392732572064728015470378905e-04	1.8695527514714000873803047994352308e+00
8.2521164542808195043614785749645869e-04	1.8816544369410328497399915383701344e+00
8.1264418982431882281853866974837364e-04	1.8938486815236889604668978678630058e+00
8.0009261306180840854405528122706721e-04	1.9061375258046881487777680609637284e+00
7.8755817889597671221950450718762345e-04	1.9185230773585293964811227026374154e+00
7.7504216929962516573734096824730413e-04	1.9310075137743969209759986747525316e+00
7.6254588488512486376455543742239589e-04	1.9435930858555439011844114102026575e+00
7.5007064534177061336655312088902848e-04	1.9562821210047462855205690706247549e+00
7.3761778988902307372947234082612840e-04	1.9690770268090316505138181765626989e+00
7.2518867774641146276233716466266157e-04	1.9819802948379982252050039959958048e+00
7.1278468862091676231893219019709332e-04	1.9949945046712575740503496666611803e+00
7.0040722321270634561641108367658528e-04	2.0081223281718730800435023299231487e+00
6.8805770374014579029261074949584059e-04	2.0213665340241388395251235795100725e+00
6.7573757448507267124841718846336576e-04	2.0347299925556651402626852347521970e+00
6.6344830235938072710908864797816033e-04	2.0482156808655245781826809539211788e+00
6.5119137749403138043360620625218222e-04	2.0618266882821865544869675983912382e+00
6.3896831385168362650559837082711855e-04	2.0755662221771494346872810689865328e+00
6.2678064986421329995772394631502599e-04	2.0894376141625940463347891210085637e+00
6.1462994909647924946933347542906165e-04	2.1034443267040578368522124961800623e+00
6.0251780093778762762219215038825660e-04	2.1175899601820982065919147810268698e+00
5.9044582132260703526048606716138499e-04	2.1318782604402130804556229390884357e+00
5.7841565348219742616021448360193944e-04	2.1463131268599586972757279695721694e+00
5.6642896872893534670557376114156050e-04	2.1608986210082969237694709032769148e+00
5.5448746727524822601097563267299846e-04	2.1756389759067721816344399853122726e+00
5.4259287908921212856593850869243511e-04	2.1905386059772244922745196956711988e+00
5.3074696478902184817221813446004185e-04	2.2056021177244628562719271229291229e+00
5.1895151657871082077914256545932879e-04	2.2208343212227359304536790021127480e+00
5.0720835922768259541365573833949476e-04	2.2362402424800414419783819989351448e+00
4.9551935109681724968891483176526557e-04	2.2518251367624238896923530823720825e+00
4.8388638521413711224862062776806051e-04	2.2675945029695516126235049246788743e+00
4.7231139040325865388710093999158923e-04	2.2835540991631901175232058823305275e+00
4.6079633246812391630915451818700822e-04	2.2997099593618744273356189818895416e+00
4.4934321543779817993184109032870093e-04	2.3160684117283344343987735421762412e+00
4.3795408287544393126260302935154273e-04	2.3326360982912841813977824845662288e+00
4.2663101925593822171482309975712133e-04	2.3494199963603307995374445784466344e+00
4.1537615141699537324273294038305222e-04	2.3664274418123235830680240895489375e+00
4.0419165008909443951962324659060380e-04	2.3836661544498402791849786269480957e+00
3.9307973150999632812268861471913004e-04	2.4011442656581599507176003839519736e+00
3.8204265913017529547482306829355401e-04	2.4188703486165502836441102759835472e+00
3.7108274541609085960029392012350026e-04	2.4368534513536574506047388927363086e+00
3.6020235375889737044601111809006219e-04	2.4551031329760114775327643762239914e+00
3.4940390049693918308751777796778860e-04	2.4736295034440875539768621805831153e+00
3.3868985706122079826447890341804761e-04	2.4924432673231216936553020391269292e+00
3.2806275225398651021193830136678706e-04	2.5115557719973283068275900781929663e+00
3.1752517467160826373901306587818181e-04	2.5309790609079552955675178589670727e+00
3.0707977528418140961496003250488419e-04	2.5507259324597420209624009628119554e+00
2.9672927018558682031431705787647292e-04	2.5708100053392609356562266435763078e+00
2.8647644352931909823358994820762991e-04	2.5912457911053195350224694337774725e+00
2.7632415066713360924836118819665903e-04	2.6120487750497607649109451573277872e+00
2.6627532150956451470024013450317600e-04	2.6332355064911823292753378659798554e+00
2.5633296412965321951197696859330814e-04	2.6548236998599553176897694410101469e+00
2.4650016863385119519464505504256628e-04	2.6768323481675194338387021304030461e+00
2.3678011132708243449436571879761735e-04	2.6992818507351200508228390673341012e+00
2.2717605920244059485391639341274433e-04	2.7221941573980963330912166213473585e+00
2.1769137479004115203480554922886410e-04	2.7455929318156875210216775453820913e+00
2.0832952140425551887057349302866886e-04	2.7695037370211546052530608228219072e+00
1.9909406883405170958008714458327163e-04	2.7939542469659932718788405355027142e+00
1.8998869952761423283348720496743573e-04	2.8189744885750792619633555088863086e+00
1.8101721533001179421054318671797875e-04	2.8445971197756771812538181320296723e+00
1.7218354484167063385993598894206865e-04	2.8708577501433684480848561805231368e+00
1.6349175147610138977168763273560847e-04	2.8977953122894497996832214420043071e+00
1.5494604230810578790952441431943050e-04	2.9254524939868284539806388204062687e+00
1.4655077781904803747651268598593969e-04	2.9538762434151637327164722733255182e+00
1.3831048266434334281799243102047408e-04	2.9831183629638752629358253709784941e+00
1.3022985761090265785110577533470013e-04	3.0132362109864316914294383511467555e+00
1.2231379281993147122029763775721321e-04	3.0442935360588753530455855002574716e+00
1.1456738268459119808239028238145690e-04	3.0763614750898782323227745539708511e+00
1.0699594247442146546704011100005736e-04	3.1095197556667037338016656401234974e+00
9.9605027091533117452837076760527583e-05	3.1438581551716419127941415799548333e+00
9.2400452310718271532955106316356595e-05	3.1794782857300065100961958323015566e+00
8.5388318961305205506956461616688809e-05	3.2164957968142027402283292453344406e+00
7.8575040619077945726478465388448030e-05	3.2550431191132069013127709644952329e+00
7.1967375520692010722852859038682170e-05	3.2952729183232605689410750947127508e+00
6.5572463603324926657760297940216049e-05	3.3373624924040657172139094350225342e+00
5.9397869827062509810761863995622723e-05	3.3815194410015139022296485037450860e+00
5.3451635283748084936238544740595505e-05	3.4279890780644884893739035964699348e+00
4.7742338074490993607235689617509872e-05	3.4770642762791694845409185619316301e+00
4.2279166611739783425286632411133846e-05	3.5290987728594734462769517564138232e+00
3.7072008970623712626689305329995584e-05	3.5845255152613638468682315007650171e+00
3.2131563341069178809824140092103721e-05	3.6438825375852791114330744887097606e+00
2.7469476791747778939467509161491762e-05	3.7078504290244080786163289977316109e+00
2.3098522930494750692188103792040709e-05	3.7773082735751932061820209570904903e+00
1.9032834514740831572227310507979058e-05	3.8534202450834407844229375928423661e+00
1.5288216330277640721832012299878269e-05	3.9377756149893932985582793409571023e+00
1.1882580212603237622946483617158070e-05	4.0326275064782812140090798762022016e+00
8.8365756994013772667674755057785700e-06	4.1413282084294861635874487502987630e+00
6.1745555524159826268490701690642361e-06	4.2691947428228525037140520070488281e+00
3.9261689710963672907040241752103116e-06	4.4254439729709838463948146802318519e+00
2.1293030003314726946452461800428903e-06	4.6283127994002609372864629429493863e+00
9.7466079814447709526957961163395544e-07	4.9227470133778532410212286093260181e+00
0.0000000000000000000000000000000000e+00	1.3086754625383708202068152820480630e-05