   1.2936820000000000e-02   1.1761384275826399e+00   1.6760098695259922e+00  -2.4906942530692275e-01   1.6465903392263209e-01   4.5501457901757214e-01   1.4306396722698926e+00   1.1371508170735933e+00
   1.4821710000000000e-02   6.4745742418668839e-01   5.0287508531005354e-01  -6.0465338445830508e-01  -1.7171513784189407e+00   5.2510484250886902e-01   1.4141630861451828e+00   1.1322415377635402e+00
   1.4707860000000000e-02   1.9006655516631061e+00   2.7300280361053558e-01  -3.2237951105636858e-01  -3.1174659220112699e-01   1.3218495628499530e-01   1.3129194708485423e+00   1.0902872590151080e+00
   1.4989400000000000e-02   1.0482329872564700e+00   1.2105420880204691e-01  -9.8646927624253522e-01   1.4481170835189077e+00   6.4661908115525843e-02   1.4016217872833538e+00   1.1269454266197585e+00
   1.4704500000000001e-02   1.2224600158091430e+00   2.5960741618749406e-01  -7.1628364111428044e-01   2.4561379793185226e-01  -1.3722724946320357e+00   1.3409137657573342e+00   1.1021317078631754e+00
   1.3966240000000000e-02  -5.5048670038516612e-01  -1.3601412460954470e+00  -4.3323465515187315e-01   3.3098286450096784e-02   1.3185229297987446e+00   1.3249339963557123e+00   1.0953125869931322e+00
   1.2771289999999999e-02   7.4508043529819057e-01   7.1444393068096024e-01   1.3425598006640871e-01   1.1034789480496341e+00   1.4195714391493799e+00   1.3612429595075282e+00   1.1093922600374484e+00
   1.3423500000000000e-02  -6.7564344162333334e-01   8.1134567516989864e-01  -1.5359687608703545e+00  -8.5520273795575896e-01   3.1185829968661000e-01   1.3686789115359934e+00   1.1131286195319847e+00
   1.3970130000000001e-02  -1.3414833612192494e+00   4.7959633076137076e-01   6.1218131425273226e-01   9.8923378590568845e-01  -8.8854628725570917e-01   1.3603764135855680e+00   1.1094602992963571e+00
   1.2958740000000000e-02   7.7025423757283207e-01   3.5175030276688191e-01  -6.9411460736519784e-02  -1.3837774733997463e+00  -1.2710329274254977e+00   1.3398077542224482e+00   1.1008569740914087e+00
   1.5221139999999999e-02  -4.1217720508534428e-01   6.5490599395937144e-01   4.5205443525405030e-02  -8.8261968076032066e-02  -1.8716335263877437e+00   1.3855906611658724e+00   1.1206574460354890e+00
   1.4249899999999999e-02   4.1255854841492479e-01   1.6009537836299603e+00  -7.6397112411711998e-01  -5.7774904248413017e-01  -7.5413687877595947e-01   1.3850875947208947e+00   1.1200970982280953e+00
   1.1483739999999999e-02   1.4295637395568219e+00  -6.9603127594430336e-01   9.2659804507240895e-01  -1.2289608272730617e+00  -1.3427329934801990e-01   1.5002966056406364e+00   1.1649615564657734e+00
   1.3813270000000001e-02   1.4626415350954569e+00  -1.1352813075338890e+00   3.9109364060642415e-01   5.8714317837420960e-01  -6.5336511611569703e-01   1.4093892976678171e+00   1.1298228215578341e+00
   1.5980669999999999e-02  -3.3949673519578943e-01   1.5178280668088191e+00   4.6445571158765908e-02  -6.5215217242879131e-01   1.0893663725605458e+00   1.3839237578370889e+00   1.1208235657658487e+00
   1.4622980000000001e-02  -1.0717718215319569e+00  -1.5381669269284708e+00  -5.2922252412482085e-01  -4.0612598621703599e-01  -2.8513081382933286e-01   1.3428015914700264e+00   1.1029167409612639e+00
   1.3744859999999999e-02  -1.3320400702570290e-01  -9.6805089356225317e-03   1.5086139474666032e+00  -1.0391517997527278e+00  -9.5746269574516252e-01   1.3848558394223951e+00   1.1197529150472312e+00
   1.3968899999999999e-02   5.2197884901789515e-01  -9.0332976991763514e-01   1.6363526809270248e-01  -1.1618864806714801e+00   1.2936433358151478e+00   1.3429671486852812e+00   1.1029189252415765e+00
   1.4856500000000000e-02  -4.1120085720325233e-01  -1.4060613587424096e+00   1.0731853691360371e+00   6.0626209485396421e-01  -6.3432876227180235e-01   1.3580829767178728e+00   1.1093114958612795e+00
   1.5836289999999999e-02   2.7533227120351822e-01  -1.0233615152963449e+00   2.5964110364231352e-01  -4.0199106479591307e-01  -1.6311764750874942e+00   1.3743749814218833e+00   1.1163336409263493e+00
   1.4665420000000000e-02  -5.3156864110071156e-01   2.7757253064943824e-02   8.3590981284729937e-01   3.4935827648887759e-02   1.8190847906018144e+00   1.4214856249758261e+00   1.1350371915621205e+00
   1.3817760000000000e-02  -7.4399891211658728e-02   1.2406541130019286e+00  -1.2500128139121072e+00   7.9593172731632877e-01   6.5446968173947306e-01   1.3408249370635066e+00   1.1021647018642191e+00
   1.2360309999999999e-02   3.5250006466489431e-01   1.5496556502675951e+00   1.6200863971163018e-01   1.4006684514002858e+00  -7.1242688080022953e-01   1.5829931274237061e+00   1.1985151458579899e+00
   1.4624820000000000e-02  -8.5167549527757225e-01   2.0615996048158591e-01  -6.4311913688812494e-01   1.6661352745219893e+00  -9.1937483228523326e-02   1.3172861441332555e+00   1.0923032279073643e+00
   1.3799830000000001e-02  -1.3484776399936034e+00   3.7049176226225389e-01  -7.3940318879031663e-01   2.5349415651144908e-01   1.2406175682577638e+00   1.3254634501641076e+00   1.0955912317294534e+00
   1.5127250000000000e-02   1.3121810540032186e+00  -9.7455568230371192e-01  -7.3561932202512315e-01   3.2614668510112987e-01   9.6268066035310318e-01   1.4204014104976079e+00   1.1348693025409267e+00
   1.1602919999999999e-02   7.9365394510203990e-01  -5.5945535647761924e-01   1.9740507059482868e+00  -1.0827889362944211e-02   1.6591227833118607e-01   1.4901280656134612e+00   1.1605926815029126e+00
   1.5105630000000000e-02  -1.1812525976873480e+00  -2.8550616159841929e-01  -3.0840247753874817e-01  -1.2763345502694232e+00   9.3212184827586131e-01   1.3716952249893257e+00   1.1145611902073793e+00
   1.5033879999999999e-02  -4.7248683794624391e-01   1.4898116377723194e+00   1.0661007212861418e+00  -2.4844179897415800e-01  -5.9541584277668858e-01   1.3468068155719581e+00   1.1046232325750585e+00
   1.4184330000000000e-02   1.5272981741958940e+00   1.4594583164051422e-01   6.8061978192400752e-01   1.1000640734457106e+00   1.3764264425072206e-01   1.3350356908951073e+00   1.0994152809109317e+00
   1.3638229999999999e-02   3.6701023450528975e-01  -2.7804522989894942e-01   1.6160417382146467e-02   1.5063674888334238e+00  -1.3309305982209958e+00   1.3708790891147065e+00   1.1136598258609254e+00
   2.4378910000000000e-02   2.1827486501699711e-01   6.3944539446430759e-01   4.1410155854503583e-02   4.7832802227293242e-01  -2.6917589662402902e-01   7.2319609974839816e-01   8.3258108581870349e-01
   1.1388610000000000e-02   5.5206547515672166e-01  -1.2929817183920758e+00  -1.4403487413718414e+00   4.3493997975068382e-01  -8.9161061407195530e-01   1.5301634139622124e+00   1.1770553549060760e+00
   1.3245750000000001e-02   1.3221139124348639e-02  -1.5084284180655005e+00  -3.0619564114208464e-01   1.4422081371846276e+00   8.5099330183297517e-02   1.4192972348383339e+00   1.1336265411441999e+00
   1.3776920000000000e-02   8.4327681389405040e-01   1.1831346909754610e+00   7.6749644593807498e-01  -1.1238714532560317e+00  -6.0398354065681250e-03   1.2866515578925484e+00   1.0791746605421917e+00
   1.4694580000000000e-02  -5.6498224695662647e-01  -5.6075615794901379e-01  -1.7422202968575111e+00   5.9465433659087874e-01   3.8956693507030637e-01   1.3904537572988129e+00   1.1224171185286855e+00
   1.3453140000000001e-02   4.5481198475252221e-01  -1.9772978845916402e+00   1.3381245607649045e-01  -3.9040005493457930e-01   1.7820132617836069e-02   1.3701202327895672e+00   1.1133220616619770e+00
   1.2057610000000000e-02  -9.5839191426213011e-01   9.3534882233211047e-01  -2.0859741048523538e-04  -1.6810203972360216e+00  -5.8247852719078619e-01   1.5282026857499076e+00   1.1768457954939717e+00
   1.2611410000000000e-02  -9.2627453393707448e-01   2.4635960999529683e-02   1.8606667539416559e+00   3.3840510549775360e-01   2.2750331298228277e-01   1.3977367554002884e+00   1.1246642766375641e+00
   1.4237120000000001e-02  -1.7807578830207567e+00   2.2187902923464196e-02  -9.1073306680117716e-01  -8.9320611339906902e-02  -4.1828309793982038e-01   1.3688257524780110e+00   1.1133972253450823e+00
   2.4280650000000001e-02   1.3874543751333485e-01  -5.5577772860762886e-01  -4.8537864934163255e-01   3.0463572890861579e-01  -2.5301198234522415e-01   7.2010655300893733e-01   8.3062537331416275e-01
   1.4427070000000000e-02  -2.9822321890239112e-01   5.9254752976223679e-01  -1.4442234100776066e+00   6.8964508164662541e-01  -1.0669375565715007e+00   1.3575759589736669e+00   1.1089263670488276e+00
   1.3527450000000000e-02   1.3221606489898117e+00   7.4478045085778599e-01   9.0540371696678967e-01  -9.6585402316258923e-03  -1.1226500609851131e+00   1.4184764460984280e+00   1.1325200788260341e+00
   1.3774969999999999e-02  -1.1436803428196798e+00   1.5701904364256183e+00  -4.6580451846880533e-01   1.8583382406567897e-01  -3.5770681738821081e-01   1.3386196692939965e+00   1.1009220840319422e+00
   1.4001500000000000e-02  -4.8235332785866010e-02  -9.1952685736915896e-01  -1.4158814234694548e+00  -9.8998838939306555e-01   4.9330150463198819e-01   1.3283271299976909e+00   1.0966064637258857e+00
   1.2016440000000000e-02   4.2680275133167700e-01   2.9927816285098480e-01  -1.0770612082485751e+00  -3.3446854751106364e-01   1.8719459321625032e+00   1.5737845593730961e+00   1.1947912995494641e+00
   1.3831909999999999e-02  -8.5867877834847040e-01   1.2055667058202113e+00   5.2385725985437825e-01   1.0685722364106678e+00   8.2046174713630549e-01   1.3804830465162752e+00   1.1178201730816184e+00
   1.5853559999999999e-02   5.0785333916833231e-01  -1.0722588107567956e+00   8.7153182726003664e-01   6.5763490062247398e-01   1.1098841843650469e+00   1.3247911305809177e+00   1.0961992220180949e+00
   1.2814799999999999e-02  -1.6935114846600443e+00  -8.9464955225144505e-01   3.4390932255055229e-01   8.9453559377402503e-01   5.2408869706075678e-01   1.5421891036257700e+00   1.1824032310046948e+00
   1.5277740000000000e-02  -4.5200042133802562e-02  -1.2836943260668002e-01   9.7260985455764148e-01   1.7446130993792170e+00   2.1862967616853912e-01   1.3717955080340178e+00   1.1147998676015887e+00
   1.4376949999999999e-02  -2.6158556648202991e-01  -8.6590888409798705e-01   1.1325579742566644e-01  -1.7893227580998707e+00  -3.6956020381784194e-01   1.3656840958891696e+00   1.1122964501113555e+00
   1.3050120000000000e-02   1.3116647109391946e+00   2.9573864172616038e-01   7.3377357897750506e-01  -4.2901828520474733e-01   1.4023269545242136e+00   1.4179752691944645e+00   1.1330067532487262e+00
   1.3119830000000001e-02  -1.7608073706959642e+00   6.2754964139431402e-01   6.8612815606160471e-01  -4.7672821560945489e-01   4.1321877258864315e-01   1.3813691219412594e+00   1.1179952289692003e+00
   1.5544670000000000e-02  -2.5418744293382323e-01   3.2453785567122573e-01   1.1697274323509468e+00  -1.3305553181721306e+00   7.4199895407676919e-01   1.3186416311963718e+00   1.0934744456532615e+00
   1.4866160000000000e-02   9.0758162971727940e-01   3.5803284904382732e-01  -1.7397845773373584e+00  -2.3342864342892819e-01   3.5007576877117821e-02   1.3445239352813541e+00   1.1039769059815467e+00
   2.4749259999999999e-02  -6.4944966696146833e-01  -1.7686823826219375e-01   3.4499436964908786e-01   2.6571834130378968e-01   2.4517453661637423e-01   7.2343694572886796e-01   8.3250899901498332e-01
   2.4903649999999999e-02  -3.4824555962390530e-01   2.2519102697807128e-01  -2.0748908793793133e-01  -6.1008833142387098e-01  -3.5171317702096011e-01   7.2756566580310922e-01   8.3478739683170955e-01
   1.3764419999999999e-02  -9.6777829852532360e-01  -8.1394533390095603e-01  -4.4415886024342105e-01   7.4801529208701034e-01  -1.3305132691503363e+00   1.3422487528286029e+00   1.1019678516305740e+00
   1.3876450000000000e-02   1.1805829928361746e+00  -8.5756365480196683e-01  -7.8145414112970268e-01  -9.9590593994506271e-01  -4.3340483104348659e-01   1.2756062980923955e+00   1.0748159707493510e+00
   2.4396169999999998e-02   2.3152783224185952e-01   1.7743153630683220e-01  -3.1901145333873232e-01  -1.5427136792802901e-01   7.4520870281223195e-01   7.2630503737716878e-01   8.3418556102744834e-01
   1.4180709999999999e-02  -3.9096096170134298e-01  -2.5328290365561251e-01  -1.3214241051856008e+00  -9.6283424173840304e-01  -1.2493116190410796e+00   1.4564604103028007e+00   1.1490585491387428e+00
   2.4651820000000001e-02   4.7985092707630600e-01  -2.9146509569470092e-01   5.8423317070695802e-01  -2.7050592301298920e-01  -7.6337451215855154e-02   7.2654310403388167e-01   8.3424405980691185e-01
   1.4170090000000000e-02  -7.5635406553042173e-01  -1.2420104194418642e+00   1.1387932736522091e+00  -7.3090112744791047e-01   5.2522185724391113e-01   1.3778905228947251e+00   1.1171860846065786e+00
   1.4631500000000000e-02  -1.4562358676156735e+00  -4.6645704815836947e-01   6.4080706472885385e-01  -5.9917180904375322e-01  -1.0269007426748991e+00   1.3805681765745561e+00   1.1183468769071887e+00
   1.4476320000000001e-02   9.0148914768177976e-02   7.6109180586247757e-02   1.3998577024792356e+00   6.9060960590007348e-01  -1.1986160062906301e+00   1.2958979157632120e+00   1.0832961016217646e+00
   1.5164600000000000e-02   4.1966168312799490e-01   1.0645903614261121e+00   1.4691042470399378e+00   3.7978950982787341e-01   5.4593516903210282e-01   1.3211521600217719e+00   1.0944860305480155e+00
   1.3438320000000000e-02  -1.6179649475575689e-01  -3.4521597503017104e-01  -4.7633689614423641e-01   1.3512886034533889e+00   1.3633475977048271e+00   1.3043115506838865e+00   1.0861876309732417e+00
   0.0000000000000000e+00   0.0000000000000000e+00   0.0000000000000000e+00   0.0000000000000000e+00   0.0000000000000000e+00   0.0000000000000000e+00   1.2833144559102081e+00   1.0757230263561446e+00
