   1.4216039999999999e-02  -4.6871972912661597e-01  -5.9670551805145533e-01   5.7091515615634070e-01  -1.2724694537025438e+00  -9.3236121654701254e-01  -9.3284903199290026e-01   4.2488499847494815e-01   2.6791055560053416e+00   1.5772308232703220e+00
   1.5120270000000000e-02  -1.8397935471889537e-01   5.3683122314531118e-01   1.5198373239689458e+00   3.6359620293837180e-01   6.6818002380073693e-01   6.8979156825435028e-01  -8.3130328471561088e-01   2.7010342967146337e+00   1.5841456533351042e+00
   1.4876250000000001e-02  -1.8835532003769460e+00  -4.6857298836126805e-02   8.5805909624330567e-01   9.6553081199242830e-02  -1.9189958283162056e-01  -1.1169395606997844e-01   2.8492859122233566e-01   2.7117385931118965e+00   1.5871453329095158e+00
   1.2820949999999999e-02   1.1174472638574684e+00  -1.3428629866537731e+00   4.6276044718161047e-01  -5.3050854877195364e-01   2.9901699626923229e-02  -3.1013962259100769e-01   9.8241975171765628e-01   2.6656822891159120e+00   1.5728815575295252e+00
   1.4294200000000000e-02  -1.3437864376311246e+00   7.3023510128880947e-02  -1.0711515345160265e+00  -1.1488066097783005e+00  -3.0396702319251101e-01  -2.0043605034026146e-01   1.9310869432245287e-01   2.6947516358707091e+00   1.5818389308779066e+00
   1.4331840000000000e-02   2.2509914174664296e-02   8.5947563032335084e-02   1.5864831507858466e+00  -6.0489236020604187e-01   3.7422215725344321e-01   2.5838662414738478e-01   1.1701590733148999e+00   2.6850335309756481e+00   1.5793087017162599e+00
   1.4952760000000001e-02  -9.1233227295798380e-01  -9.1195481009728532e-02   1.6883615640956532e-02   4.8060054711160621e-01   1.2713989737674676e+00  -8.0072921196552560e-01  -1.0256519853236263e+00   2.7052952761988780e+00   1.5851063912453864e+00
   1.5975570000000001e-02   6.7844905054962290e-01  -2.9667381005532589e-01  -6.4914230326193223e-01   1.2694985023621537e+00   6.9717377397392422e-01  -1.0759034632999362e+00   2.9915060903313606e-01   2.7223903709974095e+00   1.5906522682096893e+00
   1.2761770000000000e-02  -5.3576780680201452e-01   9.6495511112097954e-01  -6.1431346148573251e-01   1.6430985168377252e-01  -1.4219608598521405e+00   7.6403109347523068e-01   5.6169315778638984e-01   2.6608047759051283e+00   1.5709772049079993e+00
   1.4458210000000001e-02   4.2639953023307053e-01   8.1507745972224788e-01  -1.1347491976159516e-01  -7.9670711904793046e-01   7.8909922484868755e-01   8.4202751790315189e-01  -1.2770955714868140e+00   2.7032077660782479e+00   1.5844888730641693e+00
   1.4906480000000000e-02   8.6148157590041430e-01  -4.7696914977433658e-01   5.1707034793762274e-01  -4.7565221405982078e-01   4.6313509996948599e-01   1.6250451658910074e+00   2.0390820459235007e-01   2.6895829892718597e+00   1.5805638256686165e+00
   1.4430980000000000e-02  -1.1761668382918140e+00  -1.5597528995047143e+00  -2.7351679083407232e-01   2.2091070297469423e-01  -1.2788232614429443e-01  -6.5351214770274313e-01  -2.8249962584698202e-01   2.7018813479626687e+00   1.5842542522395999e+00
   1.4050500000000000e-02  -8.2751803702338578e-01   1.8246068407277132e+00   3.4917007892382813e-02  -3.0738528056425440e-01  -2.1493886945728152e-01  -2.3157532791701610e-01  -5.1571414525131054e-01   2.6930523380171634e+00   1.5812821870891107e+00
   1.3977530000000000e-02  -5.5514892467031474e-01   3.1987044416569282e-01  -3.6344602546123428e-01  -5.5131984962497466e-02  -2.0943790197591411e-01  -1.9574088913254697e+00  -1.5144172306469089e-01   2.6808002891157030e+00   1.5775237282413535e+00
   1.4519580000000001e-02  -6.3995615656171745e-01   1.0322176321736785e+00   3.5202685986097789e-03  -5.6944479645247925e-01  -3.2599960732942013e-01  -4.2640888861655540e-01   1.5368282330171927e+00   2.7008249628373338e+00   1.5838109993984970e+00
   1.3516179999999999e-02   7.2690915716831883e-01  -4.4987070817833397e-01  -1.2682349199919252e+00  -2.9344403204276631e-01   8.8330186508430508e-01   4.6217646177169630e-01   1.0420233746856455e+00   2.6808413666138695e+00   1.5774502435722331e+00
   1.3943830000000001e-02   6.0746470666267061e-01   1.6114654634396008e-01  -3.4375517871637618e-02   7.6701962706594495e-01   1.8675278847817650e-01   3.9294237534303655e-01   1.8149260149651658e+00   2.6811915031080984e+00   1.5776826427828450e+00
   1.3744630000000001e-02   3.9901679569791966e-02  -8.4521175027656603e-01   1.3296867170454498e+00   3.6849841474668987e-01   4.3519430773672191e-01  -1.2961186238428986e+00  -1.8850848243799861e-01   2.6796872083343697e+00   1.5775350047474499e+00
   1.3887360000000000e-02  -6.1290348897247504e-01  -1.1386719648336130e+00   9.9293532195997158e-01  -1.0396611411324708e+00   6.4574290102586429e-01   2.1332082412126166e-01  -5.4675776283043276e-01   2.6844944449196619e+00   1.5788431505335390e+00
   1.5378360000000001e-02  -7.7955748286817350e-01  -9.9337040242974572e-01  -9.9658731225415742e-02  -5.6556320360246037e-01  -3.0031318797498213e-01   9.1800576923886146e-01   1.2342494015999255e+00   2.7126994838329281e+00   1.5877219078510751e+00
   1.4759059999999999e-02  -2.9065540607470092e-01  -4.8147044216581975e-01   4.0963127173543790e-01   1.8611965945406166e+00  -2.4611327925342685e-01  -6.6261721920830768e-02  -6.4044662449908951e-01   2.7046582086087363e+00   1.5849951726958975e+00
   1.4408190000000000e-02   1.3935100695255191e+00  -1.2723407380848653e-01   1.2154735592411809e+00   9.8038526590233821e-01   1.0361725106294033e-01   4.5770183832420597e-02   2.1148325335959853e-01   2.6918447137394570e+00   1.5812797466961142e+00
   1.3924809999999999e-02  -4.8470395079545303e-01   8.6242295665179269e-01  -4.3574221286327747e-01  -2.1545217889831747e-01   5.0508847149732117e-01   1.5443239793433128e+00   7.7123742862919431e-01   2.6778007402743458e+00   1.5766478491878562e+00
   1.4392700000000000e-02   9.5033088983458414e-01   1.6265525946910353e+00   5.8966892024050643e-01  -3.5798893542736837e-01  -8.3305836893936697e-02   5.7938288354783085e-01   2.9539055128536607e-01   2.6947365406981900e+00   1.5820557325159732e+00
   1.4290670000000000e-02   2.8788711504228831e-01   2.4070854271824713e-01  -1.3992193121279870e+00  -6.1407884274048108e-01  -4.9159216786329990e-01   1.2515462306382699e+00  -3.6298846694565251e-01   2.6835912313076711e+00   1.5783326022933359e+00
   1.4144690000000000e-02  -3.4987844421007802e-02   7.6650699160707325e-01   1.3547930707382305e+00   8.8181005246717223e-02  -1.2580571696953688e+00  -6.3944247478620997e-01   1.3711227850125676e-01   2.6795422428291689e+00   1.5775011852763703e+00
   1.4385200000000001e-02   1.1465757583438922e+00   5.0933265198584643e-01   2.4671718434755113e-01  -4.1108926685952069e-01   6.9762417812953781e-02  -1.3429779617279636e+00   9.1854424357222464e-01   2.6876803444420907e+00   1.5801217267502246e+00
   1.3679030000000000e-02   9.1702758680926721e-01  -8.9878364751781681e-01  -6.1316529317050528e-01   8.6192017960900236e-01  -1.1140602457471278e+00   6.8330982062408152e-01   1.8498002069180297e-01   2.6882937597346124e+00   1.5798445395051188e+00
   1.5066470000000000e-02   8.8172738652671723e-01   9.8008484354184200e-01   3.8388766769525678e-01   4.8268677705528518e-01   4.2952496951720420e-01  -9.5644060844343926e-01  -1.0878865740256145e+00   2.7070328465182909e+00   1.5859607352460254e+00
   1.3191980000000001e-02   1.4011752547537643e-01   8.3000647338964725e-03  -9.5423886873114672e-01   8.3079419598743232e-01   1.4246657719223672e+00   6.1536423032112952e-01  -7.1784170509445244e-01   2.6748603852539437e+00   1.5755635482877963e+00
   1.4386870000000000e-02   6.3458992322799257e-01   5.2070428705320815e-01   4.5627705844238142e-01   2.5453297861747082e-01  -1.1830717568811351e+00   9.4672331453773695e-01  -1.1015854310663540e+00   2.6962696793932146e+00   1.5825233000196488e+00
   1.3245740000000001e-02  -4.3907453196164581e-01   1.3792760085702513e+00   5.6818926666654277e-03   1.4388223973939009e+00   3.6991453465121049e-01   4.2099380555335369e-01  -1.7338245857482190e-01   2.6727302952269074e+00   1.5746970508891467e+00
   1.3667990000000000e-02  -9.7754125064609149e-02  -7.2944699294932458e-01  -1.7663000099997588e+00   3.2787115317240967e-01  -1.2624435117056279e-01  -4.2892421836151096e-01  -7.1485393263826180e-01   2.6831182858092362e+00   1.5780445603013340e+00
   1.4125700000000000e-02   1.1506793291129445e+00  -4.2477577015218163e-02   1.1547330265731637e+00  -1.0656702128492421e+00  -3.2010351865376230e-01  -1.7100198779709450e-01  -7.5086599931260201e-01   2.6791206244779211e+00   1.5775554672470564e+00
   1.3496710000000000e-02  -7.7614185839076466e-01   6.2234293499463814e-02   9.3897535442653013e-01   1.9300229102237920e-01  -6.8199289467563762e-01  -5.5393502609798462e-01  -1.4888501637987979e+00   2.6826567542225721e+00   1.5781732605864669e+00
   1.3763460000000000e-02  -3.1495988677957082e-01   7.5733040261694795e-01   9.3180926033878686e-01  -1.1906912111663031e+00   6.3055971456950999e-01  -1.0205448962365562e+00  -3.1782134846320742e-01   2.6764263721220205e+00   1.5764661177399768e+00
   1.4741360000000000e-02  -3.6503848081982521e-01  -7.6513764027903408e-01   4.3387710217803432e-01   8.5333288347338265e-01  -7.5459714883313989e-01  -7.1774650997391520e-01   1.2987886136891842e+00   2.6946812873142139e+00   1.5820507364599357e+00
   1.3396600000000000e-02   9.0148541078377697e-01   8.4192838026879202e-01  -1.0440307790093740e-01   1.1563337124865085e+00  -1.1068347068531497e+00  -5.2395462190378295e-01   4.1599080189372117e-01   2.6759615340712060e+00   1.5759649273869119e+00
   1.4764750000000000e-02   8.3810451312852507e-01  -7.7863328501982887e-01   5.3161687383796064e-02   3.3901436298871135e-01  -1.1347756270971370e+00  -1.1609278821712803e+00  -5.9356781930643066e-01   2.6932136133664049e+00   1.5818621474171892e+00
   1.3792690000000000e-02  -4.6117072627863537e-01   8.6660273722914760e-01   9.8075883398945218e-01   9.5449722243755064e-01   5.4443350444739480e-01  -9.5540878934761853e-01   6.5508715855529143e-01   2.6763864255308190e+00   1.5763283979767142e+00
   1.5166040000000000e-02   4.4701617979796554e-01   2.7002233367842127e-01  -2.8208253784700443e-01  -1.8593207121539581e+00   3.8735377505138247e-01   2.0528993390131237e-01   6.0311380831576977e-01   2.7019505217006476e+00   1.5843081874338181e+00
   1.3956570000000000e-02   4.9098636642689636e-01  -1.3203282548443753e+00  -4.7325039743969244e-01  -1.1459627894097695e+00  -6.9750080248873747e-01   4.9162688342772520e-01  -4.7695237256180495e-01   2.6821334696454477e+00   1.5781437672805223e+00
   1.4838530000000001e-02   5.6548135348720230e-01   8.3607074766256861e-01  -5.8748197030755023e-01  -1.0187589059109465e+00  -1.1903067118477990e+00  -6.4295237330367738e-01  -4.4227207365265148e-01   2.7017201725688325e+00   1.5843284101794266e+00
   1.3799150000000000e-02   6.0342373430516272e-01  -8.8293471399513968e-01  -5.1658301775199045e-01  -9.0374411722824688e-01   5.9034230782739239e-01  -1.2627620902382797e+00  -5.5309371782432992e-01   2.6757280272329842e+00   1.5762224022666240e+00
   1.3695100000000000e-02  -1.2183954509712518e+00   2.8586187803576141e-01  -9.7841933762238642e-01   6.1664849105481612e-01   8.3308943863296414e-01  -4.0050833479918618e-01   8.5567864591180098e-01   2.6828178884007752e+00   1.5780811186383505e+00
   1.4374810000000000e-02   9.4931457814874143e-01   4.4650667722515094e-02   2.1732320070221153e-01  -6.3181767260354393e-01  -1.3275859167943367e+00   5.8517783527286549e-01   1.0003980198645992e+00   2.6917620300361391e+00   1.5810998530944060e+00
   2.6579149999999999e-02  -6.9558357068889047e-03  -4.7411510638159550e-03  -4.6244622186510228e-03   2.5972024464560790e-03   1.1101207770926730e-03   1.2800961279882317e-03  -4.0938062805885431e-04   1.3342103192524688e+00   1.1416412181124276e+00
   1.5190410000000000e-02  -6.6122399234377449e-01   4.3360057662095486e-01   7.1246418997117145e-01  -1.2734965307950887e+00  -7.3671086629744320e-01   1.0094965351663430e+00  -2.7483051039956907e-01   2.7042366299097753e+00   1.5851305242089930e+00
   1.3663610000000000e-02   4.8101637891704169e-01   1.3026806377379549e+00  -1.4647198959755663e+00   3.0950941190844583e-01  -4.6225057816375696e-02  -1.2773283691037024e-01   5.6915955531982088e-01   2.6846165125071493e+00   1.5787902219484453e+00
   1.4911150000000000e-02   2.2941935423842044e-01  -5.3099164478751482e-01  -1.2894264660564130e+00  -3.2387561486903943e-01  -8.0974354802491344e-01  -7.4639386572191935e-01   1.0399470214791564e+00   2.7041947942625608e+00   1.5848956140194612e+00
   1.4721150000000001e-02  -5.2952749429107893e-01  -6.7637372857073530e-01  -3.4875327204617841e-02  -5.2456577933155346e-01   1.0927417990667461e+00  -9.3433923857287637e-01   1.1431920444881705e+00   2.6909466605773833e+00   1.5808500125514133e+00
   1.4064920000000000e-02  -4.9186622642311784e-01   3.7052178695936799e-01   9.7360493997341013e-01   9.1066126684293947e-01  -7.0361328261626843e-01   1.1659694305896799e+00   6.8635550156093139e-01   2.6944534024270745e+00   1.5816956761805840e+00
   1.4991300000000001e-02   1.9379255100846240e+00   5.0391890825466586e-02  -7.3601828933474389e-01  -2.0482086628360877e-01   9.5281365471582266e-02   9.0352550090382448e-03  -3.1958125733402892e-01   2.7153418143839221e+00   1.5886864416528952e+00
   1.3798550000000000e-02   1.6147443350557098e-02  -1.2447127540877669e+00   1.3975992481335491e+00   1.8597213826822623e-01  -8.5596999522560546e-01   5.0288602099706392e-01  -9.1074958995763872e-02   2.6811222962740069e+00   1.5779630419632629e+00
   1.4113560000000001e-02  -6.5698485189042033e-01  -8.2394936372646421e-01   9.4025108761302323e-02   3.3352702613507762e-01  -8.8291646244302982e-02   1.5932133162446613e+00  -8.3794667834188263e-01   2.7038406404060660e+00   1.5844165883795647e+00
   1.3232620000000000e-02   5.4447928317266003e-01   1.1186180282879716e+00   6.6789299971353133e-02   1.5767376477564729e-01   1.5876975442763148e+00  -3.3328709678031684e-02   6.8527920683398924e-01   2.6828773082679249e+00   1.5780525886138026e+00
   1.5109080000000000e-02  -5.9188602134478840e-01  -6.5803397293369881e-01   6.8032215829643061e-01   9.4519635403981084e-01   1.2238326908059809e+00   6.1817015193751335e-01   6.2157418171334189e-01   2.7129017400348561e+00   1.5877164487481716e+00
   1.3256380000000000e-02   4.6852394494612287e-01  -1.8251977676904623e+00  -2.7416007856843722e-01   7.0401922497568392e-01   5.9662509058695989e-01   2.0858496844215546e-01   1.4069251858638981e-01   2.6756826862681358e+00   1.5759352915489757e+00
   1.3643340000000000e-02  -7.1425183987530072e-01  -5.2204571403525724e-01  -1.1145148888755545e+00   1.1794833103136679e+00  -2.3935469741302634e-01   8.1553850580215326e-01   5.9688696064440339e-01   2.6791317407492876e+00   1.5771202071732173e+00
   1.3874800000000000e-02   9.4933238423907240e-01  -3.8935454919175011e-01   5.4463949113760612e-01  -3.2428494981442579e-01   1.7206265970383421e+00  -1.1855438061740803e-01  -2.0650979874832018e-01   2.6799030096887275e+00   1.5773861553879815e+00
   1.3563350000000000e-02  -1.5009367307197086e+00   4.3270692801310534e-01  -6.3191049653685116e-01   3.0560175215515850e-01   3.8538529245717303e-02   7.2749370031276961e-01  -9.9656713935397090e-01   2.6671005499223397e+00   1.5733219392427418e+00
   1.3971960000000000e-02  -7.5126745232447589e-01  -5.6710743053570134e-01  -2.7331557047302607e-01  -1.5908518205077254e-02  -1.8111077374354139e+00   1.7372924682799179e-01  -4.2837478474399837e-01   2.6805953854544016e+00   1.5776767484056706e+00
   1.3885010000000000e-02   6.9096597835230219e-03   8.6266937703943380e-01  -1.2418745193607856e+00  -6.9575365220638563e-01   1.0206840484689639e+00  -7.3375397017255939e-01  -3.5372598266954586e-01   2.6871737011512087e+00   1.5794130210416431e+00
   1.3309270000000000e-02  -6.2046885663920071e-01  -9.4780438751791551e-01  -9.1532890029800673e-01  -7.8451677716718327e-01   1.1392697174849056e+00   6.4674179916318775e-01  -2.7724926607402195e-01   2.6733620375902394e+00   1.5751272786725588e+00
   1.4525010000000000e-02   7.4092640079626448e-01  -9.3610155960144148e-01   1.7474237209037430e-01   3.5443603181608918e-01   3.2286909008101644e-01   1.8588654454233369e-01  -1.6496496891963803e+00   2.6970708072957184e+00   1.5828123652789257e+00
   1.3010110000000000e-02  -1.1999647168809140e+00   5.6699723441418726e-01   3.7955828630812749e-01  -7.2896813909385838e-01   1.3602126211839878e+00   5.1104933384994722e-01   1.4250349727674436e-01   2.6765949675597360e+00   1.5760048878819595e+00
   1.3548569999999999e-02   2.5757412669398327e-01   6.6541519456036113e-01  -1.0072138751078008e+00   7.8721272521151564e-01  -5.5950504870694806e-01  -1.3107186743358881e-01  -1.4191390802420925e+00   2.6794219520468099e+00   1.5768848769590458e+00
   1.2769700000000000e-02  -1.0643702243113249e+00   4.4869136741095278e-01  -5.9086883839740956e-01   1.1094530318871025e+00  -9.6240456667628926e-01  -8.5344153218291974e-01   1.5791332486322040e-02   2.6699412137786482e+00   1.5737766408836824e+00
   1.3472659999999999e-02  -5.2301630655572351e-01  -1.3718210819816976e-01  -3.7389077530290932e-01  -1.1114735070866473e+00  -1.9730457869776991e-01  -3.1433885695937425e-01  -1.6422436814595087e+00   2.6749789492285587e+00   1.5758155203981348e+00
   1.3176179999999999e-02   1.0672346721054640e+00   4.0999456642001503e-01  -2.6964096960447370e-01   1.1610802593242773e+00   2.8623141964974680e-01   1.3100188934192938e+00  -1.1327101932427081e-01   2.6750552546300699e+00   1.5756143300001726e+00
   0.0000000000000000e+00   0.0000000000000000e+00   0.0000000000000000e+00   0.0000000000000000e+00   0.0000000000000000e+00   0.0000000000000000e+00   0.0000000000000000e+00   0.0000000000000000e+00   2.6526999663567818e+00   1.5684363630797189e+00
