   6.9572999999999998e-04  -2.2945993552397339e+00   4.0547721737718206e-01   1.0749414125931320e-02   9.7373681558049083e-02
   1.1485899999999999e-03  -8.1190891330492110e-01   1.6596921428472968e+00   6.4169989023337981e-03   7.5358514666666515e-02
   1.4695200000000000e-03  -1.5765331016682116e+00   1.0759270115300354e-01   5.2547674701750400e-03   6.8155452163489963e-02
   7.3870000000000001e-04  -9.8160567364932383e-01  -2.0629154952583910e+00   1.0217600050828090e-02   9.5071481480077838e-02
   2.1058100000000001e-03   8.2848439117373651e-01  -4.8688327656418406e-01   3.3928027841740194e-03   5.4841892025359384e-02
   8.3460000000000004e-05   3.3539661096656750e+00   1.5634290565368980e+00   1.1040212979415773e-01   2.8912841482628060e-01
   3.5662999999999998e-04   5.1509382309494123e-01   2.8448099514174250e+00   2.4080697034932545e-02   1.4553982861562081e-01
   6.4640000000000005e-05   3.8692567973474463e+00  -1.3335364569239191e-01   1.4435400675811005e-01   3.3593164667885500e-01
   1.3190299999999999e-03   4.8048632516443152e-01  -1.6670700700553418e+00   6.0142369836134711e-03   7.2964654659579950e-02
   8.1545000000000001e-04  -2.1867843551795989e+00  -1.4922701232815697e-01   9.3840550491599475e-03   9.0804314984785348e-02
   1.7929000000000000e-03   3.2421842253485950e-01   1.2496291680956246e+00   4.2764695011717818e-03   6.1357738242264322e-02
   9.6091999999999998e-04   1.9188346733144297e+00  -3.5721223462362123e-01   6.6471995227620293e-03   7.6608534422394056e-02
   1.9413000000000001e-04   3.2635418685933320e+00   2.9496400925501565e-01   4.5742080900088258e-02   1.9814821722027354e-01
   1.8724300000000000e-03   1.1104658071960634e+00  -4.3821611171267710e-01   3.8801237760696171e-03   5.8622188817094974e-02
   3.2471000000000003e-04   1.0963566088566150e+00  -2.6751875817443689e+00   2.2106110152687191e-02   1.3912729866900195e-01
   1.9853399999999999e-03   1.1414854710879379e+00  -1.3321673882630669e-02   3.8462218818851039e-03   5.8378305731813011e-02
   1.4909200000000000e-03   1.2815513183201968e+00  -8.7347685130708108e-01   5.0746663095933200e-03   6.6972235226017848e-02
   7.9005999999999998e-04   1.7369884207982806e+00   1.4061312617223152e+00   9.7828352500496096e-03   9.3013343101431972e-02
   7.0554999999999999e-04  -1.3489311907289485e+00   1.7454911688270713e+00   8.4123629492112838e-03   8.5991107550600798e-02
   1.3685800000000001e-03  -1.5993962325052986e+00  -4.7983801429594813e-01   5.5983398228128395e-03   7.0365225533191911e-02
   2.6369300000000000e-03   1.9082932526256619e-02   3.4575488663895582e-01   2.8228601097409606e-03   5.0024148916666990e-02
   1.1021600000000000e-03  -1.3026749960052428e+00  -1.3764216271951561e+00   6.7883343335867902e-03   7.7533561424258227e-02
   1.4029100000000001e-03  -4.8316900502917204e-02  -1.6296809332235327e+00   5.3511095961365036e-03   6.8884633187637614e-02
   1.3100200000000001e-03  -6.1463108321983151e-01   1.6070067267094787e+00   5.8251101734367629e-03   7.1824626507877090e-02
   1.7710000000000000e-04  -1.8367490253282379e+00  -2.7728034423169854e+00   4.7450131143032634e-02   2.0254089746187023e-01
   1.0378600000000000e-03  -1.4555647020186748e+00   1.2619044205385737e+00   6.8837876579948528e-03   7.7912256425455323e-02
   9.1509999999999996e-04   2.0567551481592807e+00   4.5374242966841855e-01   8.6312323557863457e-03   8.7279525635783520e-02
   1.7938600000000000e-03   1.7033349349859508e-01   1.2686181735601647e+00   4.1680274499837867e-03   6.0667754400880625e-02
   6.1870000000000002e-05  -3.7391321242663040e+00   8.8866452226325554e-01   1.2496980021874469e-01   3.1284780847829247e-01
   3.2197999999999998e-04  -2.5011321557624053e+00  -1.4124586079081183e+00   2.1980835258840280e-02   1.3784946065913808e-01
   7.9516999999999999e-04  -1.7105769299269322e+00  -1.4559950965799371e+00   1.0180117159351507e-02   9.4817573309767908e-02
   2.0189600000000002e-03  -9.0272208984966185e-01   6.6845447356142196e-01   3.8539283835194297e-03   5.8404534245376873e-02
   9.8317000000000001e-04  -8.7203406746884871e-01  -1.8430928524774948e+00   7.9621602242223605e-03   8.3978645447149447e-02
   2.5474800000000000e-03  -2.5881985881466457e-01   4.1338541831689396e-01   2.9026881988462542e-03   5.0756133796090307e-02
   1.5267799999999999e-03  -1.3736254690804270e+00  -7.4303328715141659e-01   5.2424327703333067e-03   6.8135869998361395e-02
   1.0497700000000000e-03   9.4320668311382361e-01   1.6285221138542705e+00   6.3188425589443785e-03   7.4753481461269242e-02
   1.5136800000000001e-03   1.3629876843599231e+00   7.2946968552517055e-01   5.1283581626621819e-03   6.7326367971872053e-02
   4.2991999999999998e-04   2.5813788650460343e+00   4.0447459242533895e-01   1.3342931711450033e-02   1.0845590029995993e-01
   1.7853400000000001e-03   1.0735425043172930e+00  -9.3645717710131349e-01   5.0345346354879620e-03   6.6731009748512399e-02
   2.6194100000000000e-03  -6.0915834375703380e-02   1.0317698045459373e-01   2.7277929905310588e-03   4.9057578484511456e-02
   5.4538000000000004e-04   2.2624409696457763e+00  -1.1541978489310414e+00   1.4350622891959057e-02   1.1225836963301319e-01
   1.5126899999999999e-03   1.3395424515030960e+00   5.6105329865303477e-01   4.4456590632724865e-03   6.2620199042043731e-02
   2.4914000000000000e-03   6.1899207104277232e-01  -1.4493974113884017e-01   3.0818163526444534e-03   5.2254367991232474e-02
   8.3372000000000003e-04   2.1830948401218251e+00   2.0620929723718695e-01   9.3806271562445667e-03   9.1015275492343714e-02
   2.2161699999999999e-03   6.4167437643021019e-01  -7.2061521191030731e-01   3.6070909895750698e-03   5.6457428871671253e-02
   1.4289200000000000e-03   6.0550536976422686e-01  -1.5065479848779741e+00   5.4137897197202188e-03   6.9264026263538253e-02
   2.2257800000000001e-03   7.3458507189043509e-01   3.7481543250078325e-01   3.2526083136908239e-03   5.3552943311045813e-02
   4.2890000000000002e-04  -2.1985610263055602e+00  -1.4871593864778931e+00   1.5060903945065551e-02   1.1499770113102627e-01
   2.1465000000000001e-04  -3.0283223291022607e+00  -8.7104116921547714e-01   3.2181065186434814e-02   1.6761574067798243e-01
   1.4232800000000001e-03   1.6081716163097930e+00  -4.6793363449343911e-01   5.8948308198463273e-03   7.2202060358937170e-02
   2.5368000000000001e-03  -2.9751482369037086e-01   1.5870686791705421e-01   2.7576718191589969e-03   4.9357861349070137e-02
   1.9286999999999999e-04   2.9026483015816944e+00   1.2713143854116753e+00   3.0379305956198220e-02   1.6297827747499993e-01
   1.1475200000000000e-03   1.4078687367621656e+00  -1.1702082704892824e+00   6.2386346255710688e-03   7.4293516477916918e-02
   1.2340599999999999e-03  -1.7362947219661709e+00   2.3140988473724253e-01   5.8323621700245489e-03   7.1893203883032691e-02
   1.5940399999999999e-03  -6.9295142847251467e-01  -1.1449642156461242e+00   4.0026440219151464e-03   5.9422735977014189e-02
   1.3129500000000000e-03  -1.1647563129000289e+00  -1.2358451958713863e+00   5.6396340768046279e-03   7.0692341204944470e-02
   4.6910000000000002e-04  -2.3596174137359727e+00   1.2080996001234838e+00   1.6231203856807309e-02   1.1964960731622284e-01
   1.9436799999999999e-03  -4.8413195377047324e-01   9.7520216446453400e-01   3.6432712503697848e-03   5.6656590301418661e-02
   2.5341299999999999e-03  -4.5685121769004661e-01  -6.8937082946979825e-02   2.8975007051232900e-03   5.0595444294274892e-02
   6.9640000000000004e-05  -2.5292867202210765e+00  -2.8270523833075236e+00   1.2375537291575925e-01   3.0921479440681149e-01
   6.2739999999999999e-05   2.8615836781561490e+00  -2.5885325795460252e+00   1.3095768252398207e-01   3.1987784855421814e-01
   2.4780399999999999e-03   3.5674673702145776e-01   4.9455012860335046e-01   3.0201595580028420e-03   5.1724570208929538e-02
   7.0874999999999996e-04   1.4711266757598324e-01   2.2821195227416267e+00   1.0003133259586150e-02   9.3800962323464881e-02
   6.2340000000000003e-05  -1.2186514192746094e+00   3.6417995476511811e+00   1.2885803369571208e-01   3.1440390132649060e-01
   8.6622999999999995e-04   2.0914831789738164e+00  -2.0782049114823933e-01   8.0153339384512797e-03   8.4197860933715271e-02
   3.6268999999999999e-04  -9.1290638118412126e-01   2.7275273285507420e+00   2.3456955086671089e-02   1.4359279054754256e-01
   1.9300000000000000e-04  -3.5728135211824064e-01  -3.2206282648774298e+00   3.8560666558674343e-02   1.8334639772863565e-01
   9.4770000000000002e-05  -9.3218212255585298e-01  -3.5141709267131613e+00   8.3474260906502937e-02   2.5865437593243557e-01
   2.3366900000000002e-03  -3.4903250015631887e-01   6.8776764263497625e-01   3.1872250275819655e-03   5.3168648623970159e-02
   1.7791100000000000e-03   6.7358263869900881e-01  -1.1791753796320203e+00   4.5148825268719172e-03   6.3245869420235731e-02
   3.1215000000000003e-04   2.5870695695420592e-02  -2.9335259365167752e+00   2.4471045743997749e-02   1.4632819090725610e-01
   1.7720999999999999e-04  -2.7077963904513975e+00  -1.7469081409345111e+00   3.3765467960601245e-02   1.7134196100214436e-01
   2.5723400000000002e-03  -5.2080367119237669e-01  -3.7383509613329502e-01   3.2065759098584942e-03   5.3330268887617188e-02
   1.7995400000000001e-03  -4.7573527639446606e-01   1.2383106465856484e+00   4.4069944259105265e-03   6.2487973598246378e-02
   9.7614000000000002e-04  -1.6369279123924769e+00   1.1686246237570488e+00   7.6160914480912370e-03   8.1981347014495526e-02
   1.2808000000000001e-04  -2.6061532011153501e+00  -2.2064910169841099e+00   4.8089273144652278e-02   2.0133033319769489e-01
   2.2202500000000000e-03  -1.5263928152366435e-01   9.2019285429798003e-01   3.4600208052387419e-03   5.5367438941407547e-02
   1.6340599999999999e-03   1.1782695365619973e+00   6.9498884812298189e-01   4.3108427440837534e-03   6.1658135699082559e-02
   2.5211600000000002e-03  -2.1496133916896434e-01   2.8099577393500164e-01   2.7060889463307552e-03   4.8964889960219318e-02
   2.7012999999999998e-03   7.8788643542721790e-02  -7.3298859423156976e-02   2.7904607910903428e-03   4.9650965829361016e-02
   3.7083999999999999e-04   1.0050481492612216e-01   2.8339995213966054e+00   2.1466088072735992e-02   1.3714390210336852e-01
   6.4460000000000003e-05   1.6285657257363595e+00  -3.5051067197729671e+00   1.3604831903467723e-01   3.2581178633105551e-01
   1.3657200000000000e-03  -1.3666680592022089e+00  -9.4508889741564261e-01   5.5253160442629672e-03   6.9931006389438249e-02
   2.5552700000000001e-03   5.7322614586543874e-01  -5.6446584250524146e-01   3.5874999370508376e-03   5.6301541544378150e-02
   1.6609100000000000e-03   1.4134596814457201e+00  -3.9911356210252152e-01   4.9632476372867577e-03   6.6321721899483044e-02
   1.1745000000000000e-04   2.1181535314372404e+00  -2.8482404119615841e+00   8.0652327567840493e-02   2.5427237579711537e-01
   2.0714000000000002e-03  -1.1498582703374899e-01  -1.1281025869113559e+00   4.0379701923115479e-03   5.9726620205902567e-02
   1.6976300000000001e-03  -6.5351555643838100e-01   1.2628332194705747e+00   4.7128229643461838e-03   6.4605439692557581e-02
   5.1037999999999995e-04  -1.7656132118051298e+00   1.8992376778270450e+00   1.5098332657550484e-02   1.1540894577807587e-01
   1.9898999999999999e-04   2.7345088979058598e+00   1.7040645674499171e+00   3.7071090279382851e-02   1.7989139385009886e-01
   1.4200899999999999e-03  -1.2310772782798984e+00   9.7948713221774009e-01   5.0243363578213567e-03   6.6607043183257789e-02
   2.5981500000000000e-03   1.1960405147730845e-01   4.4640302323957387e-01   2.9249154316865603e-03   5.0924478559704736e-02
   2.1005400000000001e-03  -3.1648057824234127e-01   9.4960313447754519e-01   3.5144538113359098e-03   5.5804519921600688e-02
   1.6795099999999999e-03   8.9887031637067949e-01   1.0545314476284282e+00   4.4893643779993784e-03   6.2986476173157724e-02
   2.0234500000000000e-03   1.0816806027147838e+00   1.4357898128566904e-01   3.7009708253664094e-03   5.7273450061093897e-02
   1.7370500000000000e-03  -3.1563577115542138e-03   1.2881335613996820e+00   4.0255331753839170e-03   5.9715546477182482e-02
   2.5002300000000000e-03   5.4526025302867620e-01   1.4510345674909453e-01   2.9633567489490524e-03   5.1262225212573648e-02
   1.6054900000000000e-03  -3.4026672371358174e-01  -1.3832305088605543e+00   4.5122527947026037e-03   6.3184388626659566e-02
   3.7494999999999998e-04   2.8125637718698577e+00   1.6630950101896774e-01   2.0391975044197402e-02   1.3379272616993479e-01
   1.6633200000000000e-03  -3.6202120257686998e-01   1.3725571822558056e+00   4.6312258964201561e-03   6.4057152098057041e-02
   2.3444000000000001e-04  -2.3173071245793900e-01   3.1446468595912549e+00   3.5224409616152509e-02   1.7514775935323526e-01
   4.0814999999999997e-04  -1.6141956602972125e+00   2.2405989309167120e+00   1.9349421954378970e-02   1.3033634747349948e-01
   2.2552700000000002e-03   7.9397729132036721e-01  -3.4012425089610104e-01   3.3013444849363887e-03   5.4100307913900553e-02
   9.9942000000000000e-04   1.9448403377790320e+00   6.7045881671611540e-01   8.4839499074114092e-03   8.6558419640280909e-02
   1.6883499999999999e-03   8.9782713298608952e-01   8.9965955924974339e-01   3.8974964823095324e-03   5.8629025704587542e-02
   2.7192000000000002e-03   1.7336536641544323e-01   1.4582655423301974e-01   2.8258319422821182e-03   5.0033312165573302e-02
   1.2896400000000001e-03   1.7320137423503414e+00   2.4508152133149780e-01   6.0279460536354678e-03   7.3106548830955950e-02
   2.7449000000000002e-03   8.7747265974516368e-03  -3.0537424449126715e-01   2.9555572467305277e-03   5.1119498785265394e-02
   1.8854000000000000e-03  -2.7634621603305998e-01  -1.1989504684076433e+00   4.1016727984972160e-03   6.0203715272349620e-02
   1.4839600000000001e-03   1.0626153773704461e-01   1.4184166909068296e+00   4.1984580286438863e-03   6.0930669762731093e-02
   1.7496999999999999e-04  -3.2786457216634228e+00   4.3570986848961374e-01   4.4987774734101781e-02   1.9732318683800520e-01
   1.7547400000000001e-03  -1.2998097593483817e+00   4.9788113343348772e-01   4.7262246077437436e-03   6.4651566205612909e-02
   1.5334400000000001e-03   1.4483216230324514e+00   4.1146516415237033e-01   4.7874389402687775e-03   6.5157172811248124e-02
   3.8063000000000002e-04   2.5020552929793207e+00   1.2639647552980529e+00   2.0128777227529236e-02   1.3270181264030581e-01
   3.3745999999999998e-04  -2.2707591302160757e+00  -1.8431447971333101e+00   2.4801809478347276e-02   1.4765443878540885e-01
   1.0484900000000000e-03  -6.7928209754817626e-01   1.8245327393329722e+00   7.1378643610624992e-03   7.9411211477095414e-02
   2.2770899999999998e-03  -2.7379473185417297e-01  -5.1373302355554518e-01   2.7853194160826393e-03   4.9560330034253156e-02
   1.5494300000000001e-03   1.1408509420530206e+00  -7.7927416153616391e-01   4.1025455717783122e-03   6.0205236228159854e-02
   6.8959000000000002e-04   4.1122257545108759e-01   2.2754703958828855e+00   1.0346289843448537e-02   9.5494770808434867e-02
   1.8300800000000000e-03  -2.4779277761732532e-01  -1.0429504051810321e+00   3.3250169907494856e-03   5.4195947131501977e-02
   1.8736099999999999e-03   5.0116687449833486e-01  -1.1486937922091613e+00   4.1476447877314198e-03   6.0656139393125398e-02
   2.5771200000000000e-03  -2.0239344842078930e-01  -6.4475595658368712e-01   3.2920568774851655e-03   5.3981289301318042e-02
   2.4278300000000002e-03  -2.0106370342766808e-01   6.6463852325651807e-01   3.1191958948815026e-03   5.2615691853002938e-02
   8.8739999999999994e-05   3.5229151932272935e+00  -1.1144053072637776e+00   1.1372459522852292e-01   2.9374288637816470e-01
   2.3999899999999998e-03   4.1599365616235012e-01  -4.6640071533820820e-01   3.0272496070124374e-03   5.1629455073684147e-02
   2.0999100000000000e-03   9.4222616993152841e-01   4.7496960541470284e-01   3.7578156596934195e-03   5.7635518451688121e-02
   2.0797400000000001e-03   5.8768466409905740e-01   6.6867381062554743e-01   3.1506473121991831e-03   5.2783893806530931e-02
   2.4237000000000000e-04  -3.0990891323304042e+00  -3.1813767856681066e-02   3.1401583005709090e-02   1.6528521843114163e-01
   1.4964399999999999e-03   9.3345987391665253e-01  -1.0419578864630727e+00   4.0676174387349589e-03   5.9965934109040844e-02
   8.6618999999999997e-04  -2.0640286140077739e+00   3.8832413569245566e-01   8.2317407734856449e-03   8.5119604362421289e-02
   1.7147800000000000e-03  -1.0503954979068375e+00  -6.0120205948593874e-01   3.6556160059311501e-03   5.6806164858783155e-02
   1.7405299999999999e-03  -1.0579847978155261e+00  -7.5079566576664603e-01   4.1592362851910992e-03   6.0578174754049530e-02
   6.5980000000000002e-05  -2.9082738075382704e+00   2.4748105891748819e+00   1.2833608739628308e-01   3.1360757375783122e-01
   2.3347300000000001e-03   6.4674563016430353e-01   2.4486513130752069e-01   2.9967042560079238e-03   5.1532011915799592e-02
   1.1267000000000000e-03  -1.3161015505365443e+00   1.1320137900213085e+00   5.2131884688501363e-03   6.7887496421676255e-02
   1.2481899999999999e-03   7.9464995317532461e-01  -1.5421652226657430e+00   5.7443196631601582e-03   7.1315367003806779e-02
   1.9729200000000000e-03   6.4799922382860489e-02   1.1380021459911687e+00   3.8403109761955922e-03   5.8292354150627210e-02
   4.2068999999999999e-04  -2.0828383191146229e+00   1.7971969770783702e+00   1.8951162628765724e-02   1.2912469048153352e-01
   1.7302500000000000e-03   1.3657201192485220e+00  -2.1633401346070277e-01   4.5489861053521060e-03   6.3501129789516067e-02
   2.3942000000000001e-04   2.3806996891911454e+00   1.9909046538897590e+00   3.0713960201756364e-02   1.6364379956736369e-01
   9.6867000000000003e-04  -4.8274483841687660e-01  -1.9926051671639191e+00   8.1128222914715574e-03   8.4711659626227398e-02
   2.0042100000000002e-03  -2.1993660281863753e-01   1.0647613874290915e+00   3.6839055968274203e-03   5.7102737858692680e-02
   2.2405200000000002e-03  -9.5393063446742954e-01  -3.5137221034101485e-01   3.8312163912258678e-03   5.8213790588949037e-02
   1.5152900000000001e-03  -2.0721983170358221e-01  -1.5092113514653662e+00   4.9011231338717412e-03   6.5869969067771983e-02
   6.3570000000000003e-05   3.3173209547727391e+00  -1.9159225608276973e+00   1.1765475670479988e-01   3.0649558783080560e-01
   1.4379900000000001e-03   1.6118759844895723e+00   6.9084023253009524e-02   5.3532384625110544e-03   6.8864359984068604e-02
   2.1303699999999999e-03   1.1377629970844798e-01   9.9421286577183954e-01   3.5676624602379559e-03   5.6245046486720733e-02
   1.2873800000000001e-03  -9.3030708451038624e-01   1.4881675155228578e+00   6.0920520277631569e-03   7.3403124556982585e-02
   1.2164800000000000e-03   1.8089638218275446e+00   5.7534437914306388e-02   6.3800054541754891e-03   7.5179801943144303e-02
   1.7007700000000001e-03  -1.2851867109916082e+00   2.8103704324498924e-02   3.9994322108092492e-03   5.9449257204033899e-02
   1.0080700000000000e-03   1.6241973585617655e+00  -1.1050217614429096e+00   7.2143932048857459e-03   7.9615699721010860e-02
   4.5609999999999997e-04   1.0706372929503918e+00  -2.3601628294320149e+00   1.3591183138276522e-02   1.0946845739278065e-01
   1.6413300000000001e-03   6.1275525683991006e-01   1.2623922615391228e+00   4.4695076143677660e-03   6.2864513201011621e-02
   5.4591999999999998e-04   2.6148303964194626e+00  -1.4160041765576298e-01   1.7450619818873438e-02   1.2360267480644893e-01
   8.2008999999999999e-04   1.3264759720769759e+00   1.6416223452473631e+00   7.8248637351762806e-03   8.3104271731203425e-02
   1.0409300000000000e-03   1.7765608278711373e+00   8.1781290163601084e-01   7.2853382782731950e-03   8.0082534091849164e-02
   7.6749999999999995e-05  -3.6269805316694961e+00  -1.0069704817024681e+00   1.3101723046931027e-01   3.1654367608221917e-01
   2.4945200000000001e-03   3.4878208420051421e-01   6.5054285828570069e-01   3.3205981949442761e-03   5.4232978796306119e-02
   3.9595000000000000e-04  -3.6423738073701745e-01  -2.7773965144569872e+00   2.0788656402522691e-02   1.3520558874517419e-01
   8.2169999999999997e-04   1.5225230795620213e+00   1.5441246624245477e+00   8.8693198077057812e-03   8.8468500860534677e-02
   6.5857000000000003e-04  -2.7638125496581106e-01   2.3895722829145627e+00   1.2103535031288378e-02   1.0346811511332878e-01
   1.4977899999999999e-03   1.5367887269812448e+00   2.4515180631505820e-01   5.0983837718842949e-03   6.7212303399237880e-02
   2.5458000000000002e-04   2.9595439274347792e+00  -9.0888456199402234e-01   3.2243119007479885e-02   1.6759686813069175e-01
   1.2871200000000001e-03  -8.8605913638252776e-01  -1.4630228110903809e+00   5.6250058595376127e-03   7.0602458608214569e-02
   1.2313900000000000e-03   1.2786052016473686e+00   1.2114399438943551e+00   5.9141287176335232e-03   7.2317878659879556e-02
   5.9849999999999998e-05  -2.0466522306953849e+00   3.3428816098572351e+00   1.4461005344371172e-01   3.3956183465747702e-01
   1.0741600000000000e-03  -9.9252509629461694e-01  -1.6337955534446047e+00   6.8138598937593107e-03   7.7616416982985159e-02
   1.0964900000000001e-03   1.1993852501697209e+00  -1.4703492573763677e+00   6.7997128744389694e-03   7.7544049077476807e-02
   1.1381700000000000e-03   1.8405027883775980e+00   4.3938365695628895e-01   6.9542398918832436e-03   7.8454397297388886e-02
   1.0905600000000000e-03  -2.6010178895568231e-01  -1.9208379604508679e+00   7.2315297283645722e-03   8.0003316239952021e-02
   2.4092100000000002e-03  -5.0826081821136893e-01  -5.2567443642861578e-01   3.1896519904201113e-03   5.3165870864247650e-02
   1.0401399999999999e-03  -1.7646590445399384e+00   7.9213847528664072e-01   6.9368181440639535e-03   7.8266277660561018e-02
   3.2814999999999998e-04   2.8512256612260805e+00  -4.8311049699615383e-01   2.2657605852573315e-02   1.4076987024410556e-01
   1.6623700000000000e-03   1.2713401265528439e+00   3.9827036047392289e-01   4.1006061004206827e-03   6.0266063528500433e-02
   1.4072700000000000e-03  -1.6235267379760636e+00  -8.4953750135148762e-02   5.3632373806280168e-03   6.8961186922128617e-02
   1.4921200000000000e-03   7.6335152887754387e-01   1.3377473886881746e+00   4.9783329044556400e-03   6.6379238534269594e-02
   2.1773399999999998e-03  -7.7361821291254784e-01  -5.6539342234602574e-01   3.4911043359084439e-03   5.5630750790383876e-02
   7.2650999999999998e-04  -2.1728925358086801e+00  -6.5808025536848480e-01   9.8926273297350008e-03   9.3461358748599968e-02
   1.8617200000000001e-03   1.1778866367937371e+00   2.6835224167536675e-01   3.9199601797597758e-03   5.8928137045848206e-02
   6.1302999999999998e-04   2.2903524955045289e+00  -8.6178420387442789e-01   1.2613795260806080e-02   1.0540038728788080e-01
   2.5886600000000000e-03   4.0440444806046172e-01   1.9078914400859953e-01   2.8911334420356916e-03   5.0605568004769029e-02
   2.2452599999999998e-03  -8.4186489610149495e-01   5.0488950792498399e-01   3.6960687672415713e-03   5.7215656038081777e-02
   2.1423800000000002e-03   8.7222969938912598e-01   3.4067299170133142e-01   3.4149950580323859e-03   5.4907419796952635e-02
   1.1200500000000000e-03  -1.7689788591810636e+00  -5.9372511380862825e-01   6.5148154609116745e-03   7.5824455033072363e-02
   2.0462700000000002e-03  -4.3525959239062106e-01  -8.0185798227666238e-01   3.2044556514404850e-03   5.3174329280010500e-02
   2.5364699999999999e-03  -5.5399663250257114e-01   4.5625466637195222e-01   3.3089744876670644e-03   5.4182604885811600e-02
   1.2508300000000001e-03  -1.5382809917318627e+00   8.0274793306062264e-01   5.7374253972655356e-03   7.1230201063247595e-02
   2.4709799999999998e-03   6.3284393663692440e-01   5.2329930900322652e-01   3.5114953572521501e-03   5.5753957792810435e-02
   2.5946799999999998e-03   2.4982432125362419e-01   3.9527272622406412e-01   2.9258034097206292e-03   5.0896235659298524e-02
   1.3785700000000000e-03   1.6738094726642203e+00  -1.1610387629022750e-01   5.7004854855848778e-03   7.1024381491989433e-02
   1.1837300000000000e-03  -1.0908480112040480e+00  -1.4348010184066344e+00   6.1386858103806641e-03   7.3691678431953733e-02
   2.4073499999999999e-03   7.2557318310753594e-01  -4.3365121647564134e-02   3.1609785490543901e-03   5.2955213150562938e-02
   1.2483500000000001e-03   1.2304024107980904e+00  -1.2571622304979460e+00   5.9257546916435680e-03   7.2450277654973763e-02
   2.5170800000000001e-03  -3.4684437850641675e-01   2.9637216289125839e-01   2.8347164374939327e-03   5.0121146030119003e-02
   1.0429199999999999e-03   7.9313101084978066e-01   1.7669881559035641e+00   6.9876763486966843e-03   7.8486969379314861e-02
   4.2658000000000003e-04  -2.7104304163626916e+00  -5.4202873496824615e-02   1.7129181222769876e-02   1.2290710366545674e-01
   4.3502999999999999e-04  -1.0709512230647569e+00   2.4056381672469613e+00   1.4454309671492437e-02   1.1256253320635200e-01
   1.1366799999999999e-03  -1.5414069460826321e+00  -1.0744967029950729e+00   6.7307564372306615e-03   7.7167727151860155e-02
   8.8880999999999997e-04  -1.9888067615474103e+00   8.3716993551935348e-01   9.3685020267896876e-03   9.0854029760440894e-02
   5.8823999999999997e-04   1.2216434677036019e+00  -2.1229655579192275e+00   1.2279845950869473e-02   1.0399050568202722e-01
   8.2797000000000003e-04   1.0506245255085522e+00  -1.9189076326112182e+00   9.2798532955700591e-03   9.0580159330404558e-02
   3.1132000000000002e-04  -1.9874070665862735e+00   2.1839693064302317e+00   2.5663001153361214e-02   1.4964812342968972e-01
   2.7169799999999999e-03  -3.6488316364503726e-02  -1.6247589519411756e-01   2.7978537096550351e-03   4.9803747490330189e-02
   3.5533000000000000e-04  -2.6839960305695785e+00  -7.1715646460579485e-01   1.7891564898082316e-02   1.2517217446134607e-01
   1.8942300000000000e-03  -1.1286076874610662e-01   1.1742596422788381e+00   3.8680485580480065e-03   5.8489886464509928e-02
   1.8818500000000000e-03  -1.0854718072073311e+00  -4.6223366243147146e-01   3.9275851919742038e-03   5.8781534973704648e-02
   1.6100999999999999e-03  -1.1480791369573990e+00   8.3027694287892451e-01   4.4850115885968550e-03   6.2995502590688202e-02
   1.4441899999999999e-03   6.0439455243201812e-01   1.4486549158863478e+00   5.0238489502793925e-03   6.6694129162571059e-02
   8.7695999999999998e-04   1.3856381451518860e+00  -1.6341928071849843e+00   8.8456802549687769e-03   8.8414440401792777e-02
   2.0178000000000001e-03  -8.3018681911631287e-01   3.4643063097796750e-01   3.1274283684954787e-03   5.2535022907422228e-02
   5.8578000000000005e-04  -2.4692150213814474e+00  -2.9369268649175784e-01   1.3391975456217661e-02   1.0860458080434374e-01
   1.1793100000000000e-03   4.4820837863752627e-01   1.7745453539468519e+00   6.3943869449794716e-03   7.5263532254482360e-02
   9.2982999999999998e-04  -1.2919128304610836e-01   1.9769033420841844e+00   6.8552724561445769e-03   7.7723513449690015e-02
   2.3051399999999998e-03  -5.9377199328418850e-01  -7.9700711496592991e-01   3.8181830521817556e-03   5.8185180606987678e-02
   5.4892999999999999e-04  -1.9391775972597178e+00  -1.6490419904165992e+00   1.4269343341147911e-02   1.1227212626201734e-01
   1.0635400000000000e-03   9.0797643277046147e-01  -1.7280324812853491e+00   7.2731730304022683e-03   8.0264941236863299e-02
   1.1168400000000000e-03  -1.2720255936350339e-01   1.7844118270821527e+00   5.7658216087057620e-03   7.1289167010174889e-02
   7.2705000000000003e-04  -1.5760583231750334e+00   1.6687309427631614e+00   1.0388607258254426e-02   9.5764637788432083e-02
   4.7971000000000000e-04   1.6939662740523107e+00   2.0208277586782324e+00   1.6469752429441511e-02   1.2024807944915901e-01
   2.5677100000000000e-03  -4.3126645231370425e-01   1.7786580084596104e-01   2.8889526929518133e-03   5.0602800102854291e-02
   1.5394600000000001e-03   1.4428967811569375e+00  -5.8151585842698394e-01   5.2444445686287162e-03   6.8146182124994570e-02
   5.2089999999999998e-05  -1.8195710943170651e+00  -3.4789055018210466e+00   1.4001657884501140e-01   3.3189153620160772e-01
   6.8157999999999999e-04  -1.9645387782233450e+00  -1.3298894563255388e+00   1.1688740917241685e-02   1.0156613734323770e-01
   5.3499000000000005e-04   1.3926266391960767e+00   2.1278086795577695e+00   1.4112799798206488e-02   1.1139281170472316e-01
   6.5729999999999998e-04   1.4961187621957075e+00   1.8224402918976621e+00   1.0823004074526280e-02   9.7738133291698268e-02
   2.1215600000000002e-03  -1.4037647860381494e-01  -9.5427437783926439e-01   3.4742526807328891e-03   5.5389901424630787e-02
   2.6446700000000000e-03   4.4024359251188311e-01   4.7880449135379942e-02   2.9332078784940104e-03   5.0995229708713841e-02
   1.2423600000000001e-03  -1.3528167061967864e+00  -1.1592964814865627e+00   6.1560067838742419e-03   7.3850067431494151e-02
   2.2703900000000002e-03  -6.2595995315274955e-01  -6.2662867188464344e-01   3.4220668449298571e-03   5.5052670624738988e-02
   2.4588200000000000e-03   2.9604673131242243e-01  -5.5106961272396382e-01   3.0066303051921373e-03   5.1614955831122966e-02
   1.8318799999999999e-03  -5.4083526808367022e-01  -1.1067163303084915e+00   3.9834589881747560e-03   5.9352735631711978e-02
   1.3113599999999999e-03  -1.5580037800292243e+00  -6.6653345335038461e-01   5.5878152583397961e-03   7.0349647265339182e-02
   2.5805500000000000e-03   5.1475003190125201e-01  -2.4277580167005205e-01   3.0871844545857395e-03   5.2293878095609564e-02
   2.8057000000000001e-04  -2.7090486798456141e+00   1.3099892627498246e+00   2.7622758689337883e-02   1.5431626303099549e-01
   5.7801000000000000e-04   2.1838439258670719e+00   1.2201595375751710e+00   1.3841728133936358e-02   1.1032479212595074e-01
   9.2686999999999999e-04   1.6607229067386362e+00   1.1840428112393366e+00   7.5604086235870373e-03   8.1786116449303559e-02
   1.9865899999999999e-03  -6.9164335444245928e-01   5.2161483968597000e-01   2.9684812378247233e-03   5.1192950607094501e-02
   1.8264300000000000e-03  -1.3844679844340502e+00   1.7113840404639996e-01   4.9295001985048244e-03   6.6087386154692701e-02
   2.5105300000000000e-03  -5.9265359473259160e-01  -6.2579934665631803e-02   3.0665780174659913e-03   5.2047194702311603e-02
   6.3069999999999999e-04  -1.2448076537437240e+00  -2.0246800754162342e+00   1.0998011158342057e-02   9.8482013703591609e-02
   8.8256000000000001e-04   2.0382668919785947e+00  -6.7933795687910670e-01   9.2792699004427218e-03   9.0413861726547959e-02
   3.5738000000000002e-04   2.6874551622321441e+00   9.2215609663812448e-01   2.0839854727170263e-02   1.3540250473127671e-01
   3.8688999999999998e-04   2.5726791847149935e+00  -1.1078479578230314e+00   2.0494454939766055e-02   1.3393890002915679e-01
   1.8224000000000001e-03  -7.5211437683785087e-01   1.1127030902891277e+00   4.5613845561451819e-03   6.3594998053873822e-02
   2.2541900000000001e-03   7.8595669302754267e-01   2.2035203310537457e-01   3.1924041032423828e-03   5.3168175036749532e-02
   1.4329600000000000e-03   1.2424238548983033e+00   1.0233110038848963e+00   5.3043289915859727e-03   6.8532585947108635e-02
   1.6870200000000000e-03   1.3557968484753473e+00   2.4763611513360445e-01   4.4023749575865575e-03   6.2498449553522177e-02
   2.2266199999999999e-03   3.9398118839935187e-01  -8.3707332451058758e-01   3.4454681882495923e-03   5.5262615881956460e-02
   1.5252800000000000e-03   9.1920144543032034e-01   1.2264910957444948e+00   4.9960087888328859e-03   6.6506387866171926e-02
   1.5846000000000000e-03   1.2027446677516003e+00   8.4906054491057981e-01   4.8231741608095995e-03   6.5226478316820352e-02
   3.2004000000000001e-04  -1.3549693899912816e+00   2.5507244994525347e+00   2.1551706924699640e-02   1.3753665757189804e-01
   2.2484200000000001e-03   7.9362056906116252e-01   5.0823648566862911e-01   3.5758097952579130e-03   5.6213004047083785e-02
   1.5499999999999999e-03  -4.6820278376242003e-02  -1.4410186462467507e+00   4.4422930600786868e-03   6.2721990907849537e-02
   2.4442399999999999e-03  -4.8083560301573808e-01   3.1541172011588997e-01   2.9332464514298848e-03   5.0942412098004625e-02
   9.7693999999999993e-04   7.2657436462876049e-02   2.0009178463305477e+00   7.4962039949100041e-03   8.1159409538628796e-02
   9.8392000000000011e-04  -1.0098971391926395e+00   1.6982698788128840e+00   7.2395586362874881e-03   7.9809322108224959e-02
   2.6717600000000000e-03   1.4906505114041832e-01   2.9732376741744332e-01   2.8616030573091963e-03   5.0368879727494570e-02
   1.9916600000000001e-03  -1.0208028851512654e+00  -7.3291256925206424e-02   3.4344953877674810e-03   5.5090731475137628e-02
   1.1353200000000000e-03   1.0042545866481472e+00  -1.5370425341254468e+00   6.2141258101969929e-03   7.4145769504835174e-02
   1.2394100000000000e-03   1.8217717585557387e+00  -5.4810382350430908e-01   7.7762480191509676e-03   8.2884868809233916e-02
   8.2308999999999995e-04   9.8977020736820054e-01   1.8790274856531284e+00   8.0498664181713041e-03   8.4331631284024336e-02
   2.0896700000000001e-03  -1.0643192118237728e+00   2.4979953501064978e-01   3.8727826309457071e-03   5.8551263261987348e-02
   1.7003000000000001e-03  -1.8207386057396696e-01   1.3296214665120401e+00   4.2580003894114749e-03   6.1407257661001309e-02
   1.8591199999999999e-03  -7.4400740107681651e-01  -8.6402055863009330e-01   3.6594165656478896e-03   5.6824258881344167e-02
   1.4779000000000001e-03  -7.8351382820911197e-01  -1.3014503431771702e+00   4.7431487022071509e-03   6.4801907249834353e-02
   1.6409000000000000e-03   1.0568273906131873e+00   9.4671181519096537e-01   4.5806914324899098e-03   6.3673738118431245e-02
   1.5876800000000000e-03  -1.4403908290287395e+00  -3.8337698799980297e-01   4.9004536804373462e-03   6.5841542901458189e-02
   8.3597000000000001e-04  -2.1037997477994925e+00   6.2106037012714244e-01   9.5635170164221975e-03   9.1772887105634846e-02
   2.4176499999999999e-03  -6.5595133082746337e-01  -3.2182366817384916e-01   3.2117126104112444e-03   5.3314474244589016e-02
   8.1985000000000001e-04   1.8067787088151308e+00  -1.3277911551315873e+00   1.0644173608658358e-02   9.6677957295087547e-02
   8.6841000000000002e-04   6.2190100629589562e-01  -2.1216027699361946e+00   1.0344332868751544e-02   9.5412256995953293e-02
   1.3764300000000001e-03  -1.6255918190845164e+00  -2.9094458498950221e-01   5.4807120860143185e-03   6.9672403748988948e-02
   7.7039000000000003e-04   2.0331710128971228e+00  -9.2195134855442473e-01   9.5832296488588351e-03   9.1935731000286805e-02
   3.9041999999999999e-04   7.2405527167946071e-01  -2.7139942989523904e+00   2.0703967233141930e-02   1.3474421007347301e-01
   1.7732399999999999e-03   7.7207859836585802e-01  -1.0387039450037530e+00   4.1692340942431636e-03   6.0731237526906894e-02
   2.3309600000000000e-03  -3.9538785050271352e-01  -1.7928533217176956e-01   2.6187913204696730e-03   4.8117033853065691e-02
   2.6952299999999998e-03  -3.6287819401312066e-01   4.3971750960635644e-02   2.9369475451680445e-03   5.0988327954126132e-02
   2.2769299999999999e-03   8.7176726736548982e-01  -8.4457137139119218e-02   3.3627494108219428e-03   5.4598521401425078e-02
   2.7065300000000000e-03   5.9803432157461457e-03  -4.6772511301420305e-01   3.0695590134350091e-03   5.2122105019596937e-02
   8.5404000000000003e-04   1.5246467449174936e-01  -2.1574685549478820e+00   9.0113345229168862e-03   8.9286842879366557e-02
   2.0637400000000001e-03  -7.4591196642515145e-01  -7.1828465325488922e-01   3.5895126184944930e-03   5.6369951334032629e-02
   1.5272899999999999e-03  -1.3321101441942713e+00  -1.2555415115894655e-01   3.7927551431837492e-03   5.7897609636100800e-02
   1.0451400000000000e-03  -1.9854339231903189e+00  -3.8610701140066782e-02   7.6913734751771923e-03   8.2422855619148278e-02
   3.8159000000000001e-04   2.1955179393757875e+00  -1.7829849687097916e+00   2.1591079152271223e-02   1.3774775008995435e-01
   1.0431300000000000e-03  -1.3768449583278071e+00   1.4862466473583877e+00   8.2354483359330134e-03   8.5362940389916861e-02
   2.5841400000000000e-03  -1.7553147119736177e-02   4.8730237525489362e-01   2.9347653190645979e-03   5.1017126145793484e-02
   1.7685800000000001e-03   3.8264197551657608e-01  -1.2769731083582800e+00   4.3542213547409945e-03   6.2133817375247605e-02
   2.1336800000000002e-03   9.2610705827145468e-01   1.8000913105583474e-01   3.3681350348338389e-03   5.4611183988645381e-02
   2.8250900000000002e-03  -6.2003993827120102e-02  -2.5956992307609811e-02   2.8868727690695840e-03   5.0546904693473803e-02
   2.0567699999999999e-03   4.4629396709080565e-01  -9.8887843447472545e-01   3.7340287177525136e-03   5.7551584056055573e-02
   2.3788400000000001e-03   1.7323850206418015e-01  -2.8459462299269606e-01   2.6542862260285453e-03   4.8250536957347698e-02
   8.5049999999999994e-05  -3.7360484666004439e+00  -4.7671638232649700e-02   1.2044481156811093e-01   3.0376234769841354e-01
   1.6243900000000001e-03   2.6024528371504452e-01  -1.4035871325111331e+00   4.5648932144168536e-03   6.3592836571759639e-02
   6.8287999999999997e-04   2.3002255553355115e+00   4.3338387027464387e-01   1.0953330543955919e-02   9.8252166123011173e-02
   3.5710000000000001e-04  -2.6221453292463375e+00  -1.0914532378667570e+00   2.1809763724519479e-02   1.3744277386937834e-01
   4.5669999999999999e-04   1.1805539198382686e+00   2.4204081271349982e+00   1.7591309570568897e-02   1.2437187576024797e-01
   1.9939500000000000e-03   1.0157965225354195e+00   3.0041553133533799e-01   3.5851225127585058e-03   5.6259072815468193e-02
   1.4514500000000000e-03  -1.2036011864564515e+00  -1.0261141615172267e+00   5.1543404242194299e-03   6.7507425269858631e-02
   2.3209699999999999e-03  -8.1653176033389330e-01   1.0479359047436236e-01   3.3273624994591684e-03   5.4235870616944119e-02
   2.1575000000000001e-03   4.3582439730500577e-01  -5.9458324982616828e-01   2.9033382446623929e-03   5.0652953171479789e-02
   2.5582000000000001e-03   3.7803513978158315e-01  -1.7918231190832823e-01   2.8718565322687797e-03   5.0376491566209769e-02
   3.8573999999999998e-04   9.0625893798800350e-01   2.6637413953719626e+00   2.0836440177242160e-02   1.3521645380534025e-01
   3.4603999999999999e-04  -2.8330323832186664e+00   2.8587634775590781e-01   2.0594766918036623e-02   1.3425267902030791e-01
   5.7817000000000003e-04  -2.2461391460577036e+00  -1.1626963550811185e+00   1.4533244300188640e-02   1.1321345087215533e-01
   8.7976999999999999e-04  -1.8465169823941017e+00   1.0331762055663893e+00   8.4419218706743102e-03   8.6315913095630609e-02
   2.4445999999999999e-03   5.2237238228888781e-02   7.3544006223213076e-01   3.2498548804157520e-03   5.3692235373533605e-02
   6.2817000000000005e-04  -2.2478970429074470e+00   9.1405812451960466e-01   1.2345537171879285e-02   1.0428603537083458e-01
   1.5138300000000001e-03  -2.3575208694370139e-01   1.5021351944393981e+00   4.8793474981256952e-03   6.5752944055830154e-02
   1.0933200000000001e-03   1.4401686707162373e-01  -1.9266703354848678e+00   7.1772612664884770e-03   7.9712954269462441e-02
   1.2692199999999999e-03  -1.6348318765898995e+00   6.2786251149288275e-01   6.0038283559034379e-03   7.2877040317193817e-02
   2.5880500000000002e-03  -1.1771050074613917e-01   3.8570049588924149e-01   2.8382942348455105e-03   5.0181580268309767e-02
   1.1908200000000000e-03  -5.5224421954096020e-02  -1.8270979969195815e+00   6.4664657871403826e-03   7.5711941133765573e-02
   2.1452699999999999e-03  -6.1347668355984475e-01   3.1883229419464693e-01   2.8168593113372222e-03   4.9836657705203388e-02
   2.9380299999999999e-03  -2.0725027372324584e-01   2.5958045816250330e-02   3.0616263648544891e-03   5.2054784384250263e-02
   2.0327700000000001e-03  -6.5576938422904352e-01   7.6236250017218776e-01   3.4704273768968400e-03   5.5315496947039182e-02
   1.6712000000000001e-03   9.9801882371782752e-02  -1.3445153360265296e+00   4.1924484682893575e-03   6.0953830535514550e-02
   2.4689400000000002e-03  -3.8837318134134391e-01  -4.4728932588415676e-01   2.9984964080282165e-03   5.1468193595474054e-02
   9.5845000000000001e-04   1.1510530494705633e+00  -1.7047994800093140e+00   8.0423844051201333e-03   8.4403252630129211e-02
   1.3297999999999999e-04  -2.2618538469922020e+00   2.6002189092639059e+00   5.5500825217541322e-02   2.1679549980082907e-01
   1.8584800000000000e-03  -1.1267464126380389e+00   4.0881879814141103e-01   3.9142735179332998e-03   5.8763830203232538e-02
   2.0393999999999998e-03  -7.9854670355458279e-01   8.1426526411629896e-01   3.9785928641244018e-03   5.9341514356523288e-02
   1.4257199999999999e-03   1.4496250342918100e+00  -7.7410750003662054e-01   5.5603957954630636e-03   7.0187891828224339e-02
   3.8089999999999999e-04   1.3955847444900946e+00  -2.4194848572666796e+00   1.9770236993648434e-02   1.3175881763068478e-01
   2.1431599999999999e-03   2.8529652802618882e-01  -9.5345190238170208e-01   3.5474903514593863e-03   5.6094743244959347e-02
   7.6320000000000001e-05   7.2023395143238211e-01  -3.7329332693398265e+00   1.2127007608072415e-01   3.0990393413527878e-01
   2.0099900000000001e-03   1.0730567774556248e+00  -2.8100051854074909e-01   3.7579734398900627e-03   5.7711910518626841e-02
   2.7038800000000001e-03   4.7658704061761467e-02   1.9996827633307185e-01   2.7920189013101141e-03   4.9746347065496570e-02
   2.2840999999999999e-04   2.2719318801270538e+00  -2.2358446156340470e+00   3.9077097217213558e-02   1.8412143061108083e-01
   5.0505999999999999e-04  -5.5577592158506706e-01   2.5376728111304212e+00   1.5152926031882006e-02   1.1543065577968985e-01
   6.4141000000000003e-04   2.3069997317970499e+00  -5.8874134184641935e-01   1.1233124123443588e-02   9.9629257697454066e-02
   2.3922200000000000e-03  -6.4660668659798715e-01  -4.6991075333280252e-01   3.3270731357423369e-03   5.4323274168488783e-02
   1.6131699999999999e-03   4.4899787950626319e-01   1.3672636898933226e+00   4.6281982371639144e-03   6.4048839950004571e-02
   1.7927600000000000e-03  -1.2574273446204298e+00  -4.6085597215746554e-01   4.4753815217452898e-03   6.2935239985466115e-02
   1.5780499999999999e-03   1.4884087092667273e+00  -8.0854187801813013e-02   4.8526599003780374e-03   6.5579372836730418e-02
   9.5516999999999998e-04   7.7872315698897188e-01  -1.9156773576150417e+00   8.2802391607333260e-03   8.5601557359386835e-02
   2.3588200000000002e-03   7.6010432853444110e-01  -1.9255874285071739e-01   3.2499297250395002e-03   5.3682863207967835e-02
   8.3200000000000003e-05  -2.2798736538035302e-01   3.7333299596721186e+00   1.1487508503785233e-01   3.0127247800528056e-01
   1.5527200000000001e-03  -1.4501966149135341e+00  -7.6287903541627910e-03   4.5399498944115628e-03   6.3351588622091670e-02
   2.1582900000000002e-03   7.3128351955442183e-01   9.6096335840003988e-01   4.5271588945238550e-03   6.3383025768337903e-02
   7.4812999999999995e-04   6.3185014785260230e-01   2.1738149640071120e+00   1.0013291393531550e-02   9.3966296107962990e-02
   2.1265899999999998e-03   7.3238680523686239e-01   6.4990782727686569e-01   3.4876350976145850e-03   5.5571321816511109e-02
   1.6317999999999999e-04  -2.8018082251555079e+00   1.7660882849151798e+00   4.2698993146755987e-02   1.9175221809521786e-01
   1.3869700000000000e-03   1.5188372943369868e+00   5.8808640695254910e-01   5.3058019256951488e-03   6.8532107291513752e-02
   3.4593999999999998e-04  -2.3930640611019021e+00   1.5889960006808466e+00   2.2222806526838421e-02   1.3968960070056879e-01
   1.4840299999999999e-03  -1.4242395381712845e+00   6.4816742937520322e-01   5.1308936263163487e-03   6.7365058276651041e-02
   2.4780800000000001e-03  -3.0267757117445288e-01   5.4920956154331080e-01   3.0423860544598899e-03   5.1932043684304284e-02
   1.8260600000000000e-03  -9.6656150400907304e-01   8.2760401198578792e-01   4.1553390908642945e-03   6.0707180223114193e-02
   1.2552600000000000e-03  -1.6816428974953048e+00   4.4030968667851988e-01   5.8523549304498783e-03   7.1891888484854477e-02
   5.5677999999999999e-04  -1.2695450676664447e-02   2.5065834305124448e+00   1.3066781557689601e-02   1.0745176544476040e-01
   1.8658200000000000e-03   8.8073331015992962e-01  -8.9090596257387411e-01   4.2001419683170343e-03   6.0917842295315008e-02
   2.7737999999999998e-04  -5.6219839920131576e-01   2.8694822682388730e+00   2.0913576766591901e-02   1.3560857158855261e-01
   2.4209700000000002e-03  -6.5952557679272117e-01   8.8703785377483024e-02   3.1034910001741557e-03   5.2366059791622802e-02
   7.9181000000000000e-04  -7.5898017275380231e-02   2.2041789041042552e+00   9.2714503904447396e-03   9.0358923662530885e-02
   1.0142000000000000e-03  -1.5134653433320102e+00  -1.3053072423878505e+00   7.5328834947649345e-03   8.1661235449102615e-02
   2.3877500000000001e-03   6.8720267416681458e-01   1.0463941673811993e-01   3.0699159912040796e-03   5.2174007438916759e-02
   5.5911000000000003e-04  -2.3605770116330871e+00   6.8029912194194897e-01   1.1967491752140966e-02   1.0255257640760695e-01
   6.6494999999999998e-04   1.6147280527764247e+00  -1.8025729928299288e+00   1.2659917500323900e-02   1.0563848587680330e-01
   9.7157999999999999e-04  -6.8298578018129066e-02  -2.0494706209800793e+00   8.0994418623202332e-03   8.4715073467464333e-02
   2.5152799999999999e-03   5.8335950092110245e-01   1.8256926655829499e-03   3.0164731479811308e-03   5.1713644280684520e-02
   8.6317000000000002e-04  -1.1092483187737914e+00  -1.8190711440552123e+00   8.5141707619715880e-03   8.6775875904028452e-02
   2.3635000000000001e-03  -1.7879104752128194e-01  -8.0633696647083353e-01   3.3899702169451593e-03   5.4820275035983766e-02
   1.4002600000000000e-03  -6.8906737626785264e-01  -1.4640291276366044e+00   5.2396035501305911e-03   6.8140952915051622e-02
   6.0952000000000001e-04  -8.2164339562989686e-01  -2.3092888919847008e+00   1.2679697122835230e-02   1.0563403695173267e-01
   2.0357800000000001e-03  -4.7237049098837014e-01  -9.3728953860416042e-01   3.6528343369710112e-03   5.6741749943580971e-02
   7.3300000000000006e-05   6.2086748822568905e-01   3.7465234748481846e+00   1.2968956395767461e-01   3.1509668037403765e-01
   8.5771999999999997e-04  -1.6209740648476691e+00   1.4166409661879695e+00   8.8329103018013489e-03   8.8392109217439910e-02
   1.2605299999999999e-03   1.7274332192825161e+00  -3.1962014850708026e-01   6.0455831959547153e-03   7.3017647570316008e-02
   9.5233999999999998e-04   3.6615843696407629e-01  -2.0099523290740677e+00   7.8695660223114181e-03   8.3346872204767539e-02
   1.5947699999999999e-03  -1.2468579889627973e+00   6.8396794138322847e-01   4.4681677306490772e-03   6.2858801024264485e-02
   1.3958099999999999e-03  -1.1221237228712255e+00   1.1417596397251630e+00   5.1525991765579019e-03   6.7586836730096009e-02
   6.4658000000000001e-04   1.0922419012930071e+00   2.1219845382595475e+00   1.1401116128404543e-02   1.0035603977293718e-01
   1.2836300000000000e-03  -1.4548428915191094e+00   1.0069542291210274e+00   6.3756120741628522e-03   7.4958408670895274e-02
   2.6203799999999998e-03  -2.6837678750279303e-01  -2.2277639248345846e-01   2.8303973594870162e-03   5.0071484280554045e-02
   1.9732800000000000e-03   5.9207840380322796e-01   1.0753064743037146e+00   4.2756533317964505e-03   6.1503076219948001e-02
   1.2165600000000000e-03  -1.8024506318881082e+00  -1.7030192058855859e-01   6.3445596379567617e-03   7.4969326101060885e-02
   2.4721800000000000e-03   5.7777880627106960e-02  -6.1640201430893138e-01   3.0437425370747192e-03   5.1915380539288077e-02
   1.5679200000000000e-03  -1.1516415849624388e+00   5.5652116404689744e-01   3.6267672770457812e-03   5.6638259476324317e-02
   1.3645700000000001e-03   1.4027145144898334e+00   9.0607503728617256e-01   5.5932223825556670e-03   7.0368669993048111e-02
   2.2426000000000000e-04  -2.1413805249312072e+00  -2.3024743251919757e+00   3.2886528449008925e-02   1.6879120011200713e-01
   8.5021999999999995e-04  -2.9576737193898517e-01  -2.1584316975957232e+00   9.2989789883802364e-03   9.0703050646292790e-02
   2.6369200000000001e-03  -3.0578163335896619e-01  -7.8425068737742173e-02   2.7976431041736921e-03   4.9760667182758588e-02
   1.2839000000000001e-04   2.3485763462829077e+00   2.5028349812312261e+00   5.3588069623089415e-02   2.1235837058265541e-01
   2.0986799999999999e-03   8.9019126848362395e-01   6.4591039639921710e-01   3.9004889128927164e-03   5.8731437702873097e-02
   2.3303199999999999e-03   1.5966920241258817e-01   8.4237822398585560e-01   3.3979779633413554e-03   5.4902843210074076e-02
   1.2436200000000000e-03  -1.7752224727589083e+00   3.6371355370124890e-02   6.1057977502155490e-03   7.3549750516894136e-02
   2.4573199999999998e-03   2.0036695125635606e-01   6.9226078816811309e-01   3.2177984858149855e-03   5.3423338250973916e-02
   7.2789999999999997e-04  -5.2997428385955758e-01   2.2413647634437988e+00   1.0497274335577208e-02   9.6316441199948477e-02
   2.0649000000000002e-03  -7.5389887040382997e-01   6.5035293385336856e-01   3.4762403298062034e-03   5.5449732679328997e-02
   5.9192999999999995e-04  -1.4743492350655549e+00   1.9553631772335007e+00   1.2252444364925029e-02   1.0386118650729317e-01
   7.2957999999999996e-04   1.3313500935231859e+00  -1.8853482902087124e+00   1.0736705966113452e-02   9.7318740039646773e-02
   2.3129800000000001e-03   3.3597118722795311e-01  -6.9981213712302204e-01   3.1606039704937176e-03   5.2927598156210807e-02
   1.4646200000000000e-03   1.2365012249112164e+00  -1.0504989204753050e+00   5.5393151811614508e-03   7.0007085664167037e-02
   1.6146400000000001e-03  -6.0234523811493723e-01  -1.2860942475449488e+00   4.4968626984166664e-03   6.3071361301470577e-02
   2.3726799999999998e-03   4.8605761641271122e-01   4.4216606845916473e-01   3.0198943833930924e-03   5.1645666648013927e-02
   2.5527800000000002e-03   3.7653360536854807e-01   3.4326860158793909e-01   2.9343938059351038e-03   5.0972156364605538e-02
   2.4255100000000001e-03   1.1649629573590921e-01  -3.9095277961745567e-01   2.7305642399092153e-03   4.9066651105835420e-02
   2.4541200000000002e-03   4.7410168346777420e-01   7.5930824035864630e-01   3.7305626541530718e-03   5.7443284040204164e-02
   4.9874999999999995e-04  -2.3968875091251247e+00  -8.7523154328697927e-01   1.3266805130383643e-02   1.0824935791883075e-01
   2.5425399999999998e-03  -1.5924873360413022e-01   5.2335490062398937e-01   2.9732290291886996e-03   5.1341161805806078e-02
   1.1163700000000000e-03  -1.8647149146157420e+00   5.9880598365279658e-01   7.8034915996731541e-03   8.2936811774064936e-02
   1.2753599999999999e-03   7.6726377397515200e-01   1.5357327420957489e+00   5.6801981512128678e-03   7.0868602871062572e-02
   1.6900999999999999e-03   8.6664088270487516e-01  -1.2033320414949065e+00   5.1783458500100779e-03   6.7696070324580124e-02
   6.0125000000000000e-04   1.8791361709180483e+00  -1.6447886892327477e+00   1.3975882777813163e-02   1.1105780687244475e-01
   2.2905700000000000e-03   2.3578533137446303e-01  -8.0826408760066448e-01   3.2939630618236113e-03   5.4047486488498393e-02
   1.9311800000000000e-03  -3.8889823273321955e-01  -1.0675043526951953e+00   3.8039395667911710e-03   5.7952591292733335e-02
   2.0228799999999999e-03   7.9932656475259645e-01  -7.5127838583486761e-01   3.7407117152699850e-03   5.7541493424040142e-02
   7.3070999999999997e-04  -7.2959258042363084e-02  -2.3027995262471279e+00   1.0594231242854583e-02   9.6830518501179491e-02
   1.9399000000000000e-03  -1.1807863063434381e+00  -1.4440895469966458e-01   4.0566248039565177e-03   5.9865051846513077e-02
   1.9345000000000000e-03  -9.9549869842941707e-01   5.3417134700807034e-01   3.7257447793967204e-03   5.7452802464380705e-02
   1.9542600000000002e-03   1.1044859995662806e+00  -6.1675932313517245e-01   4.4337834577076827e-03   6.2575723412249068e-02
   1.3323800000000000e-03   1.6330135155329255e+00   4.2109027509902497e-01   5.6168988897277866e-03   7.0528548862213505e-02
   6.5549999999999994e-05   3.7067078121898085e+00   8.1691910801970880e-01   1.2453350443671594e-01   3.0697543880358352e-01
   1.3086300000000001e-03  -5.7208587320958648e-01  -1.6210415228618542e+00   5.7832448768202517e-03   7.1547908666820509e-02
   8.6145000000000004e-04   2.0354500625722611e+00   9.3755793551977384e-01   1.0947237242746429e-02   9.8226308720116132e-02
   4.9733999999999998e-04  -1.1095714173286368e+00  -2.3215050484407023e+00   1.4154843006410308e-02   1.1162999487162130e-01
   1.9875700000000001e-03   1.0135134573791100e+00   7.7330066190385116e-01   4.5477208180641467e-03   6.3441973829579890e-02
   1.4165899999999999e-03  -4.2654764037232806e-01   1.5526223311188387e+00   5.2342663576124878e-03   6.8114871599256915e-02
   2.0081700000000001e-03   8.0890015836349416e-01   7.8746119174411844e-01   3.9525428160745368e-03   5.8968864289381646e-02
   2.4819600000000001e-03   4.0815480751824096e-01  -3.3112788737407689e-01   2.9137101830180134e-03   5.0769887046128552e-02
   1.3240500000000000e-03  -2.3049972209560371e-01  -1.7084284044615590e+00   5.9047533345000878e-03   7.2298418006289916e-02
   2.3299100000000001e-03  -3.0861410482696622e-01  -9.0225190696443069e-01   3.7201939229357540e-03   5.7413799920968178e-02
   6.1538999999999995e-04  -3.2670601330204529e-01  -2.4366005145295122e+00   1.2982171744148677e-02   1.0700940729968143e-01
   5.0712999999999995e-04  -6.3183517582180238e-01  -2.5554285827324970e+00   1.6824014311617990e-02   1.2158884333151208e-01
   5.0160000000000001e-05   2.2197976234583781e+00   3.2290123857426400e+00   1.5664930081621414e-01   3.4602422182033687e-01
   1.2803999999999999e-03   1.4401474166234467e+00  -9.7907385755734222e-01   5.9248560169825699e-03   7.2425421776476664e-02
   5.9540999999999999e-04   2.4603074074016855e+00   1.4980860247626768e-01   1.2840293923332599e-02   1.0623402662438128e-01
   1.3655200000000001e-03  -7.1423975239870083e-02   1.6141285628747351e+00   5.2249712059740895e-03   6.7838312008371579e-02
   2.3941100000000001e-03  -6.1111612332461256e-02  -7.2090518414394078e-01   3.1532461054141619e-03   5.2831063903483140e-02
   1.7827000000000001e-04   1.8000068893809569e+00   2.7469235102220524e+00   4.2745309134893730e-02   1.9220762735471092e-01
   4.1804000000000000e-04  -2.4981904888788919e-01   2.7118671360370961e+00   1.7615914248685721e-02   1.2443993468974429e-01
   1.1058699999999999e-03   1.6036506351557382e+00   9.6700972224251858e-01   6.4851742540425941e-03   7.5806955112347127e-02
   2.5122999999999999e-03  -5.6988100025935851e-02   6.2913278328298250e-01   3.0987184754896705e-03   5.2419416082799278e-02
   1.1769800000000000e-03  -1.2410876382563565e+00   1.3084726352084028e+00   6.1152062792334564e-03   7.3516435483709411e-02
   9.7762000000000001e-04   2.0351374226028947e+00   2.2455970862950880e-02   7.8380418202315567e-03   8.3317321216904508e-02
   7.7039999999999997e-04  -1.3721633343627286e+00  -1.7865368546895268e+00   9.8886108167988446e-03   9.3521086232751766e-02
   2.6464000000000001e-04   3.0596034594109440e+00  -1.2886984947233743e-01   3.1168005539163719e-02   1.6380343883748777e-01
   1.7679799999999999e-03   2.7931525792013673e-01   1.4421238413901736e+00   5.2880273002375603e-03   6.8443565342483775e-02
   9.8157999999999991e-04   6.3705180680485307e-01   1.8947452198717571e+00   7.4852654134547432e-03   8.1140833005486260e-02
   2.0292900000000000e-03   1.7419780666359327e-01  -1.0611053361754490e+00   3.6740728325938862e-03   5.7047368971694150e-02
   3.8730999999999998e-04  -9.9764065793169454e-01  -2.6375602269688847e+00   2.1277112088299726e-02   1.3674750931711854e-01
   2.2256600000000000e-03   7.2810102819805245e-01  -6.0033108194735008e-01   3.5212016985707501e-03   5.5845718742901965e-02
   1.1994900000000001e-03  -4.3107348510642657e-01  -1.7729521013583762e+00   6.4222405953343296e-03   7.5446683813787233e-02
   1.4373999999999999e-03   2.9200297508048689e-01  -1.5922996029356147e+00   5.3976030851577471e-03   6.9152781901629476e-02
   2.2424900000000002e-03  -7.9217204097683380e-01  -4.1447390699704861e-01   3.4100452437546020e-03   5.4907827454595798e-02
   1.1809100000000001e-03   6.7756228148658593e-01  -1.7080409205664489e+00   6.4999151000566047e-03   7.5863866397308979e-02
   2.3395199999999999e-03  -6.6704069289165246e-01  -1.8176667430442409e-01   3.0360147066038901e-03   5.1816667984930322e-02
   4.3895000000000002e-04   2.5808869435500101e+00  -7.6167188140750663e-01   1.7049446212553835e-02   1.2239728199078422e-01
   9.6022000000000002e-04  -1.7386478975406379e+00  -9.7474336201507239e-01   7.2742222973787747e-03   8.0039558897846488e-02
   1.6538799999999999e-03  -1.0377822267132915e+00   9.7994081224719232e-01   4.6343286913620016e-03   6.4060703924299842e-02
   2.1348199999999999e-03  -6.7784071792745892e-01   9.4884606901265112e-01   4.2985490506266934e-03   6.1681027732629040e-02
   1.4534900000000000e-03   4.3802721676589462e-01   1.5541637374035562e+00   5.4231909246425956e-03   6.9304033483214289e-02
   1.0486100000000000e-03   1.8282367719566293e+00  -7.8382247901005675e-01   7.6773186719253763e-03   8.2499042351445673e-02
   2.0685899999999999e-03  -4.8910086515252332e-02   1.0301478905304267e+00   3.5851395926167892e-03   5.6363272649714129e-02
   5.3985000000000003e-04  -2.4336207659469937e+00  -5.6812656447004617e-01   1.2671232951227540e-02   1.0545099378633513e-01
   2.6056000000000001e-04   1.2978761541642569e+00   2.7898738310909605e+00   3.1275660922587337e-02   1.6516255857116002e-01
   1.9720499999999999e-03   3.3681410770152792e-01  -1.1071848365827781e+00   3.9008569263596529e-03   5.8828301592456313e-02
   5.7534999999999997e-04   2.3234210994863491e+00   9.6949968173771361e-01   1.3894160174455576e-02   1.1068459615962663e-01
   1.5102500000000001e-03  -1.4729080704679136e+00  -2.0157415504728937e-01   4.6867387798481845e-03   6.4403383124775851e-02
   2.4497700000000000e-03   6.4933792472879504e-01  -2.9785120097644141e-01   3.1906954076536408e-03   5.3183616309465130e-02
   9.0824000000000005e-04   1.8125761684051025e+00  -1.0258079154672879e+00   8.2013697184460214e-03   8.4960700580401935e-02
   1.3018600000000000e-03   1.2729512612169841e-01  -1.7206137691973469e+00   5.8282310589036412e-03   7.1891337688036711e-02
   1.6321899999999999e-03   1.4256826211994640e+00   8.7221936034936762e-02   4.5900688581968930e-03   6.3777320695309947e-02
   1.8082500000000000e-03  -2.9259432458931234e-01   1.2156156891360848e+00   4.0293868778623594e-03   5.9733128046233326e-02
   1.4319300000000001e-03   1.1493456772398514e-01   1.5836519381932628e+00   5.2321136879534625e-03   6.7878945374722513e-02
   1.7894100000000000e-03   1.3108964219945376e+00  -4.9348391011121422e-02   4.2647318935923580e-03   6.1478481673784342e-02
   5.4250999999999995e-04   6.1458493216788468e-01   2.4877438184559160e+00   1.4725445454395773e-02   1.1387971802372497e-01
   2.2323199999999999e-03   1.2457933465377360e-01  -9.1397371782515813e-01   3.4413438458233349e-03   5.5234145127576503e-02
   4.5037000000000001e-04   1.8837553024300862e+00  -2.0035179937346399e+00   2.0261472229371632e-02   1.3349778242514873e-01
   2.0005000000000001e-04   2.6302010845655830e+00  -1.8765520137745508e+00   4.1034414624602951e-02   1.8766418393831358e-01
   2.1612000000000001e-04   1.5165799547496244e+00  -2.8230673018416041e+00   3.9989717716923563e-02   1.8587097157626048e-01
   1.7991699999999999e-03  -1.1475430153367201e+00  -3.2455368969965093e-01   3.8243786597484098e-03   5.8014294667847570e-02
   9.6467000000000005e-04  -1.6458190210807859e+00   9.5989159733779905e-01   6.0604754456419748e-03   7.3197801631876461e-02
   2.1630400000000002e-03   2.6778197626067285e-01   9.5040528905249977e-01   3.5775995378786239e-03   5.6306397451729884e-02
   1.1690500000000000e-03   1.4418515875151279e+00   1.1004214025475878e+00   6.1724872136390491e-03   7.3932132397015779e-02
   1.6144700000000000e-03  -4.8320953097579861e-02  -1.2725880488617811e+00   3.6972873380731568e-03   5.7129337523705234e-02
   2.5455299999999998e-03   2.2645005021410652e-01   5.4854572267583146e-01   3.0680801242136783e-03   5.2134933475350087e-02
   2.1933999999999999e-03   6.4944282793476327e-01   8.0451420906457982e-01   3.8236466300430689e-03   5.8118050578392720e-02
   9.1401000000000004e-04  -2.1821375035877044e+00   1.4494793238325401e-01   1.0304575993720141e-02   9.5353950404655163e-02
   1.8771000000000000e-04  -1.2618401423537133e+00  -3.0268757328087967e+00   4.3493579857208003e-02   1.9413055300002471e-01
   2.3995000000000002e-03  -4.5074994695606518e-01   5.7024433391657736e-01   3.1503312981006697e-03   5.2855605814863607e-02
   8.0990000000000001e-04  -7.3030776358944860e-01   2.0767334272447169e+00   9.3734558634132482e-03   9.1055118125863005e-02
   2.3803800000000001e-03   4.7717835276660014e-01   5.8463285487260896e-01   3.2451227489831568e-03   5.3524690744033210e-02
   2.1316000000000000e-04   2.8864911112897853e+00  -1.4208944752109511e+00   4.0460883396784268e-02   1.8682276481870611e-01
   6.6850999999999998e-04   2.3240234558262673e+00  -2.9471419795219511e-01   1.0740824685029375e-02   9.7282473461537594e-02
   2.8657999999999998e-04  -2.8893602523808988e+00   6.8657168209794794e-01   2.4772547967775380e-02   1.4700949436772551e-01
   2.2870500000000001e-03  -3.1317178128321260e-01  -7.3973887200041466e-01   3.2544798757657744e-03   5.3619747611352415e-02
   1.8820200000000001e-03  -6.1715082323499992e-01  -9.6215621304761312e-01   3.7199697729967032e-03   5.7333871624112728e-02
   2.1701200000000002e-03  -5.9260141146473710e-01   6.1386368858962237e-01   3.2099912535976387e-03   5.3264112131806395e-02
   6.7137000000000002e-04  -2.0695856103856900e+00   1.1361074017305106e+00   1.1165757942574180e-02   9.9348164871859462e-02
   5.5232000000000002e-04  -1.2837641779976670e+00   2.1859368466973801e+00   1.4012304706804037e-02   1.1118276694214445e-01
   2.6573199999999999e-03   2.7449726163527682e-01   2.4290662374823127e-01   2.8767865337925862e-03   5.0469598637677172e-02
   2.1101000000000002e-03   1.0281380654260850e+00  -1.2628981029219105e-01   3.6534343807544944e-03   5.6946490408138574e-02
   9.9405000000000001e-04  -1.2234795701635377e+00  -1.6009388741472241e+00   7.6771419722486333e-03   8.2473021068371830e-02
   8.2810000000000002e-05   2.9444118423357275e+00   2.2812112174673498e+00   1.1961465186467100e-01   2.9978715588227095e-01
   1.4907900000000001e-03   1.0793877704209389e+00   1.1225275880428252e+00   5.1129652506455318e-03   6.7261020495781573e-02
   6.9070000000000004e-04   3.9940502592493471e-01  -2.2281823366593261e+00   9.3857105946678222e-03   9.0893807842277283e-02
   5.3498000000000000e-04  -1.5577072091765485e+00  -1.9969791217948045e+00   1.3633384551662742e-02   1.0964915133618830e-01
   2.1600899999999999e-03   9.7796520260771824e-01   2.6403411647776615e-02   3.5125602275741770e-03   5.5800695638193468e-02
   6.1649999999999994e-05  -3.3086030289273953e+00  -1.9906082215154128e+00   1.4025476219308111e-01   3.2818844972263711e-01
   4.6033000000000001e-04  -2.5806776937581026e+00   5.1189467945384493e-01   1.5223737644308210e-02   1.1549827572156883e-01
   1.2783899999999999e-03  -2.8385480129209978e-01   1.6760745968654687e+00   5.5246180328293133e-03   6.9908095649692525e-02
   6.3896999999999999e-04  -1.8392804954832853e+00   1.5828887978908883e+00   1.2450609291293201e-02   1.0480597117573200e-01
   2.0938900000000002e-03   2.3849341989404069e-01   1.1068050686699453e+00   4.0616531124128925e-03   5.9972602988888582e-02
   7.8744000000000004e-04   1.6183667301617279e+00  -1.5376855003446865e+00   9.7569661839244787e-03   9.2875736908504453e-02
   2.2075200000000001e-03  -9.0313638606569868e-01   2.1988400037876760e-01   3.4789503270381775e-03   5.5461909414938400e-02
   1.5392400000000001e-03  -8.3289483244272811e-01   1.2913295931634738e+00   5.1424856924741002e-03   6.7470095324008272e-02
   3.9907000000000001e-04   2.3100123793206997e+00   1.5713252344248667e+00   2.0425783524227567e-02   1.3373742644612574e-01
   1.7319499999999999e-03  -1.0634145146423020e+00   6.8951523616272248e-01   3.9022663403996882e-03   5.8795376882121268e-02
   1.8283200000000000e-03  -1.1328685136700460e+00   1.6942044473623144e-02   3.5909910783765309e-03   5.6286797514337433e-02
   1.0617599999999999e-03   1.9465016574374543e+00   2.3560360988221488e-01   7.4128781861115978e-03   8.1041098300976624e-02
   9.9098999999999997e-04  -1.9911087039169209e+00  -2.7866396654019060e-01   7.6183685615735320e-03   8.2143553104081890e-02
   8.5083999999999995e-04  -3.1127062523098203e-01   2.1153185960966661e+00   8.5327559175612747e-03   8.6804067382697858e-02
   1.3716200000000000e-03   2.7726417483075444e-01   1.6561555695678163e+00   5.7990545153691767e-03   7.1539659379168188e-02
   1.2109899999999999e-03  -1.5425999892468039e+00  -8.6535930092410285e-01   5.8420776513803578e-03   7.1939681592322710e-02
   2.7557599999999999e-03   2.7236440025396308e-01  -4.0875682185113144e-01   3.1364036033269334e-03   5.2745891027921078e-02
   1.1051800000000001e-03   2.5498764009474678e-01   1.8597457311852039e+00   6.5338019040466549e-03   7.6023227498614884e-02
   2.2797300000000002e-03  -9.9792747398662651e-01   9.7570928062119533e-02   3.8461880259910270e-03   5.8301381159274634e-02
   7.2698000000000001e-04   1.9248558066043620e+00   1.2265037316925431e+00   1.0244352877750164e-02   9.4914815364019647e-02
   6.6507000000000003e-04  -1.6522650982951148e+00  -1.7304243759745073e+00   1.1767207192611182e-02   1.0192328903831767e-01
   1.5141300000000000e-03   1.5431315818086542e+00  -2.6946124326503168e-01   5.2376606458728742e-03   6.8141019717708765e-02
   2.2436999999999999e-03  -7.2725634718267329e-01  -2.5603928413340818e-02   3.0221784349263791e-03   5.1623505426942648e-02
   1.8562100000000001e-03  -8.9819760818856753e-01  -8.1455842811970325e-01   3.9530187182591579e-03   5.9093064759042642e-02
   1.7909200000000001e-03   9.8124097986136849e-01  -5.2246632667240112e-01   3.4168561280853295e-03   5.4930339290188673e-02
   8.9037999999999997e-04  -1.7345002893290957e+00  -1.2100268227914928e+00   8.4404469765890586e-03   8.6527431377386069e-02
   3.5762000000000001e-04   1.5726536700276632e+00   2.4085398164219209e+00   2.3060882882300165e-02   1.4239528881896935e-01
   8.2569000000000002e-04   2.0990644235079805e+00  -4.5442943753418041e-01   8.6002857484465591e-03   8.6971228652053950e-02
   2.0138999999999999e-04   2.7895345090288309e-01   3.2366738718697357e+00   4.2070929970554435e-02   1.9100654182094470e-01
   1.1889900000000000e-03   1.6271874865051117e+00  -8.7959177846622127e-01   6.6565385921859505e-03   7.6795351098384868e-02
   1.0801500000000000e-03  -6.3940028871273835e-01  -1.8292423368192718e+00   7.1707044230811725e-03   7.9704087371231899e-02
   2.5706399999999999e-03   4.8065717609174052e-01  -9.2111796069063737e-02   2.9469482582459242e-03   5.1098889471397894e-02
   9.3658000000000001e-04  -5.1670665893755019e-01   1.9799684786599736e+00   7.7255939247356702e-03   8.2675729906954903e-02
   6.1448000000000004e-04   1.8781116015642668e-01  -2.4257741401314927e+00   1.2100405545622027e-02   1.0347912328720195e-01
   1.3642800000000000e-03  -9.7646948772718711e-01  -1.2855230016429287e+00   5.0877378175439546e-03   6.7133512226556807e-02
   2.1063499999999999e-03   5.5048487481511543e-01  -8.6289327785368786e-01   3.6192224282237994e-03   5.6668044451474865e-02
   2.1828500000000001e-03   9.1035407128690093e-01  -2.3411367694403734e-01   3.4338772229283768e-03   5.5166020967287406e-02
   1.5894300000000000e-03  -5.4880359146483804e-01   1.4112127609651346e+00   5.0663861842423098e-03   6.7018833858098523e-02
   1.4773900000000001e-03   7.2239938407849169e-01  -1.3475822670606408e+00   4.8910632518928800e-03   6.5752367401803485e-02
   1.0361900000000000e-03  -3.2280527728074065e-01   1.8824233967621251e+00   6.5193512189251051e-03   7.5994565698709896e-02
   7.6701000000000004e-04  -1.8483895212355947e+00   1.3008152304905927e+00   1.0004265610640632e-02   9.4086022120971780e-02
   2.0119500000000002e-03   7.0851081284122563e-01  -8.8209946442215303e-01   3.8593740464378671e-03   5.8478551949819414e-02
   1.5776000000000000e-03  -1.3976815825819500e+00  -5.6066742440607431e-01   5.0271021331661989e-03   6.6673855980362642e-02
   8.4491000000000004e-04  -1.1628622626812928e+00   1.9135641027726340e+00   1.0502951221499539e-02   9.6399491795821537e-02
   2.5020600000000000e-03  -4.0248554416800680e-01   4.3609903241436726e-01   3.0331181567689234e-03   5.1859936550264100e-02
   2.8944000000000002e-04   1.9811451987031070e+00   2.2522006304941549e+00   2.6851485803288791e-02   1.5378696753249033e-01
   1.7744000000000000e-03  -1.2399844921442631e+00   3.0796682395503033e-01   4.1791535026059565e-03   6.0631420817392957e-02
   1.0790600000000000e-03   5.4741055878996014e-01  -1.8832029263637919e+00   7.4849527008465670e-03   8.1387407594250713e-02
   2.1597999999999999e-03  -4.9808388071928400e-01   7.1657496234296891e-01   3.1931140365820559e-03   5.3168829679798420e-02
   2.0740899999999998e-03  -9.6910534388322656e-01   3.7909602125119279e-01   3.6497781854773585e-03   5.6808431317766472e-02
   2.7384900000000001e-03  -1.7217048548305539e-01  -1.1475178046178648e-01   2.8255710753122701e-03   5.0062712730663428e-02
   5.5756000000000002e-04   2.0888389714575903e+00  -1.4489567104395007e+00   1.4549943415825965e-02   1.1319849950492672e-01
   5.7649999999999997e-04   7.7609021224803298e-01  -2.3803814011642448e+00   1.3867705659838202e-02   1.1033597162363841e-01
   1.8590900000000001e-03  -5.5713063882985703e-01   8.5665253341285763e-01   3.2136862638878893e-03   5.3267628559678072e-02
   1.5059699999999999e-03  -1.0356060030753220e+00  -1.0980132012774788e+00   4.7768543520042119e-03   6.5059120407317123e-02
   2.5388099999999999e-03   1.5854474710934116e-01  -5.1578260615682980e-01   2.9903804617662116e-03   5.1433866601011284e-02
   5.0049999999999997e-05  -3.0726598005833350e-01  -3.8967824790059087e+00   1.3699286605552191e-01   3.2493901987483792e-01
   3.7619999999999998e-04  -2.8099360178145099e+00  -3.9129389578605767e-01   2.2291195983477157e-02   1.3958375967333056e-01
   7.3092999999999997e-04   2.2869668461771528e+00  -4.3063199110894068e-02   1.0359394819459845e-02   9.5481240893043245e-02
   9.9913999999999992e-04   1.4875184871101192e+00   1.3086743094755162e+00   7.2586673695923514e-03   8.0067759051989568e-02
   2.8832599999999999e-03   2.2431212901088501e-01  -1.4056081615519544e-01   3.0158433247213460e-03   5.1694461210431364e-02
   1.9935500000000002e-03   4.1182465079391584e-01   9.0080765034131749e-01   3.3444603027541191e-03   5.4375964308512242e-02
   8.3292999999999996e-04   1.5839871730274637e+00  -1.3027978297294347e+00   7.0565466298433905e-03   7.8912429093624697e-02
   1.9715999999999999e-04   1.0243308972389795e+00  -3.1008426055426814e+00   4.4492503393024692e-02   1.9517005580060487e-01
   8.4274000000000003e-04  -1.1939458044845745e+00   1.6278208484776735e+00   6.8855517904035848e-03   7.7583357209906958e-02
   5.4334000000000001e-04  -2.1049906101139624e+00   1.4224858541959065e+00   1.4216444576067022e-02   1.1193858091565624e-01
   1.4163500000000000e-03  -3.8225591218238897e-01  -1.5734903924366086e+00   5.2991114708382005e-03   6.8535425084490481e-02
   2.5863599999999998e-03  -3.9175572791451629e-01  -3.1018267811799161e-01   3.0100489597732183e-03   5.1582746778656208e-02
   2.4849300000000002e-03  -7.3356479750886783e-01   2.2713489281496124e-01   3.3836914106286143e-03   5.4768011320574732e-02
   2.2737500000000002e-03   5.9302741438274206e-03   8.8174722105375436e-01   3.3996102596111554e-03   5.4896546921056832e-02
   1.4423800000000001e-03  -1.4950001075474955e+00   4.8740229637982269e-01   5.0547833971586308e-03   6.6885151622758723e-02
   3.0467999999999999e-04  -1.3865916112411434e+00  -2.5975057705088700e+00   2.4457015959509620e-02   1.4594454846936014e-01
   9.0704000000000002e-04  -1.4591949584547841e+00  -1.5379187521858850e+00   8.7204783330231284e-03   8.7727944309919412e-02
   7.1978999999999999e-04   9.0094561119887706e-01  -2.1269656686037388e+00   1.0587483175916981e-02   9.6631864295868466e-02
   1.8851499999999999e-03  -1.2135195813160164e+00  -6.3151646981561149e-01   4.8916149736887996e-03   6.5764372423251352e-02
   3.6192000000000000e-04   2.4532056705094543e+00  -1.4869661396866254e+00   2.2275898964548652e-02   1.4048393751636359e-01
   1.7857500000000000e-03   7.4896501789934500e-01   1.1452018413320559e+00   4.6011865355770204e-03   6.3842948733562985e-02
   1.3267500000000000e-03   1.6303422981847069e+00  -6.6604894509423862e-01   6.3678895998965385e-03   7.5082189178697537e-02
   2.7836000000000001e-04  -7.4475185772294694e-01  -2.9624171625600013e+00   3.0294177858925107e-02   1.6303671637203712e-01
   4.4159000000000001e-04  -2.5912462695848708e+00   9.2766394969336885e-01   2.0307443765659322e-02   1.3337182467345923e-01
   1.6469099999999999e-03   5.4883226079220404e-01  -1.3189589818253957e+00   4.6320028447161352e-03   6.4033859342485192e-02
   2.0473800000000001e-03  -9.2505485549812350e-01  -4.9911684776009813e-01   3.5983477916271970e-03   5.6480708991252633e-02
   2.6776800000000000e-03   3.0240750105238329e-01   9.5239509459380048e-02   2.8523520531108888e-03   5.0296583192467617e-02
   1.6163200000000001e-03  -9.3181398155905792e-01   1.1311526557738336e+00   4.7574761130447412e-03   6.4953165300655577e-02
   1.5017200000000000e-03  -5.0684098088253693e-01  -1.4331653217863338e+00   4.8566679092507774e-03   6.5587202170389172e-02
   8.5088000000000004e-04  -7.2171411276912267e-01  -2.0546329231069898e+00   9.1966577711113801e-03   9.0261805949648471e-02
   1.9178500000000000e-03   6.0906539141630456e-01  -1.0140468406167034e+00   3.9134179292292454e-03   5.8918633651534699e-02
   5.4365000000000001e-04   4.9887173745732066e-01  -2.4522745425255463e+00   1.3159657075426958e-02   1.0745689172312153e-01
   2.7867199999999999e-03   1.9919886319035590e-01   4.6389476419245228e-04   2.8731265055003713e-03   5.0479916941414099e-02
   2.0612000000000001e-04  -1.2863087587443551e+00   2.9603926733736974e+00   4.4309169306156290e-02   1.9369910523593381e-01
   5.8405000000000002e-04   2.0008718556890628e+00   1.5164435874244429e+00   1.3890084656175090e-02   1.1081388395506880e-01
   8.2386999999999998e-04   1.8224913417334889e+00   1.0230942255355326e+00   7.4817663522692571e-03   8.1274606394596521e-02
   4.3162000000000002e-04   3.1485288942716555e-01  -2.7049517519403570e+00   1.8528330903768455e-02   1.2731596127018316e-01
   7.7357000000000001e-04  -2.2057192088062600e+00  -3.9822035192396044e-01   9.6436203055996865e-03   9.2368783380874578e-02
   2.4049499999999999e-03  -5.7367983795696709e-01   1.9228058995508590e-01   2.9439830283880925e-03   5.1026519538308980e-02
   1.2750000000000001e-03   1.5643877943978206e+00   7.7038145036694550e-01   5.9507134317266239e-03   7.2620591654947025e-02
   1.5086000000000000e-04   1.5228214195381187e-01  -3.3473080158682507e+00   4.5463464052785306e-02   1.9727226884041216e-01
   9.7238999999999995e-04  -1.9281861793532242e+00  -7.7957608489704167e-01   8.7301182914344740e-03   8.7741484831348554e-02
   5.1513999999999998e-04   1.5456255824464655e+00  -2.1183495849095006e+00   1.6384083417851737e-02   1.2013750454369652e-01
   7.8041000000000004e-04   2.6321142224147775e-01   2.0814194141903490e+00   7.2859320382183167e-03   8.0147715415645179e-02
   2.5734999999999998e-03  -5.1308985633825455e-01   5.9377431257052152e-02   2.9710214245802780e-03   5.1319015340112621e-02
   7.9869000000000001e-04   8.3111742091850727e-01   2.0388646116220546e+00   9.1938875767041562e-03   9.0012681058640423e-02
   1.6171700000000000e-03  -1.8616654358319198e-01  -1.3272846330791914e+00   4.1262582845850923e-03   6.0281933886779882e-02
   1.2823200000000000e-03   1.1047377704868502e+00   1.3052485948416668e+00   5.6523064645698602e-03   7.0702152997244957e-02
   2.6335400000000002e-03  -1.4024610858934189e-01  -2.5283445613130973e-01   2.8168482410312096e-03   4.9907427281761410e-02
   6.0196999999999996e-04  -2.3958336754964304e+00  -1.6453163511648654e-02   1.0981939564385318e-02   9.8358921036012847e-02
   1.8672700000000001e-03  -8.5514094186221212e-01   9.6738854829256460e-01   4.3508441788050380e-03   6.2111806081020668e-02
   2.4209700000000002e-03   9.2680583217211301e-02  -1.9700340720279286e-01   2.5525013112787792e-03   4.7460760760614000e-02
   2.5050000000000002e-04   5.3213475278915401e-01  -3.0524320029113681e+00   3.3257194639957639e-02   1.6927109249139249e-01
   1.5327100000000001e-03   4.2724132353892180e-01  -1.4640426212741391e+00   4.9913403225029388e-03   6.6468890488526708e-02
   1.9035199999999999e-03   9.8536113458612062e-01  -7.6062056380699250e-01   4.2521810758134821e-03   6.1220520878830731e-02
   1.4532499999999999e-03  -7.3815579524770070e-01   1.4488824216979916e+00   5.5458045911989011e-03   7.0048659643383790e-02
   3.1666000000000002e-04   2.8521542809017753e+00   5.5998145623932805e-01   2.3348517296885165e-02   1.4277668439665778e-01
   1.6439899999999999e-03  -9.0899194203645806e-01  -9.7363376300727700e-01   4.0860685980596322e-03   6.0069309328261690e-02
   2.4073400000000000e-03  -3.7071953688026099e-01  -6.0597266000886407e-01   3.1940121978913383e-03   5.3104496676293800e-02
   1.2824900000000001e-03   7.2542226242108931e-02   1.7768997753777722e+00   6.4249169868279945e-03   7.5277061338320017e-02
   1.6186000000000000e-03   1.2822495138187111e+00  -6.8099574769848203e-01   4.7329854782595269e-03   6.4770596551519247e-02
   7.5829999999999997e-05  -3.3738350785347531e+00   1.6507180857915789e+00   1.1223498722303495e-01   2.9531631569544320e-01
   1.9266699999999999e-03  -5.8019043201395004e-01   1.0968758187688834e+00   4.2567248535873448e-03   6.1385180080251248e-02
   2.2966499999999999e-03   3.1261215610756748e-01   7.9231097463866229e-01   3.3619841580420865e-03   5.4569533557892617e-02
   2.5929000000000000e-03  -7.8613043327897716e-02   2.4857268738070917e-01   2.7030291647712973e-03   4.8959516847263566e-02
   4.2910000000000002e-04  -1.8934752790931901e+00  -1.9682669938789588e+00   1.8540861711686424e-02   1.2775787071182093e-01
   7.6471000000000004e-04   2.1835900405045638e+00   6.9812564713541347e-01   1.0766497948835873e-02   9.7501520109450221e-02
   2.5421900000000002e-03   5.4085590295786801e-01  -4.0331951753897660e-01   3.2597618414327428e-03   5.3718908567657847e-02
   2.1185999999999999e-04   8.7477455826632766e-01   3.1023857775892738e+00   4.0948504118779518e-02   1.8833920041894708e-01
   6.5218999999999997e-04   1.9961318389259610e+00  -1.1792826412333810e+00   9.8407038337186056e-03   9.3143347369871399e-02
   2.1919399999999999e-03  -8.8825959208058147e-01  -1.8327182386602421e-02   3.3166018595436088e-03   5.4153716479371894e-02
   7.2703999999999998e-04  -5.4518097626684014e-01  -2.2540103946501957e+00   1.0879410291484922e-02   9.8146035190585568e-02
   1.0329899999999999e-03   1.3064602547698865e+00   1.4178111456979805e+00   6.7605153197779922e-03   7.7329826790781486e-02
   1.9449700000000001e-03   8.9559686241667047e-01  -6.3425478300531679e-01   3.6993949373079712e-03   5.7046378800821571e-02
   2.7606400000000000e-03  -5.3040004615924718e-01  -2.1591670075910835e-01   3.3266089095519247e-03   5.4260276820055860e-02
   1.0466600000000000e-03  -1.9479676503459145e+00   1.7982562645639710e-01   7.1887312698518417e-03   7.9753940430992112e-02
   2.2770799999999999e-03  -2.5061949738395861e-01   8.0518646511094083e-01   3.2832153518230754e-03   5.3955620892651442e-02
   1.5448999999999999e-04   3.3191224909552934e+00  -5.3310799495569827e-01   4.7001411767302034e-02   2.0092262224175353e-01
   1.9133000000000000e-04  -3.0827248195723431e+00   1.0710090915664401e+00   4.3375377403488610e-02   1.9328181040478584e-01
   1.4902600000000000e-03  -1.3876075803273038e+00   3.4748744062459219e-01   4.2708936870134795e-03   6.1441677727794602e-02
   2.1965700000000001e-03  -8.0019585872392507e-01  -2.7724965267851753e-01   3.2330101936296628e-03   5.3442036995445988e-02
   2.1332500000000002e-03  -4.0230652153844998e-01   8.3087064805159438e-01   3.2941831415867115e-03   5.4015773339589984e-02
   1.5101900000000000e-03  -8.6644985316798773e-01  -1.1496098260979464e+00   4.2950507056065878e-03   6.1721383959599654e-02
   2.1596000000000001e-04  -2.4112404856229848e+00   2.0641593112549645e+00   3.4524772180249796e-02   1.7372052994801201e-01
   1.8780900000000000e-03  -1.1902358157873094e+00   1.5922236170888582e-01   4.0178022379653532e-03   5.9471405140951651e-02
   5.0336000000000001e-04  -5.5295377950261071e-02  -2.6012894414038596e+00   1.5301870343773193e-02   1.1616845464529996e-01
   9.1558000000000004e-04  -8.9972884203106496e-01   1.8883028209047117e+00   8.3146706176908218e-03   8.5731556812951845e-02
   1.1753499999999999e-03  -1.7991685521159391e+00  -3.8834903730559928e-01   6.4550017578221255e-03   7.5616275499066479e-02
   1.0252000000000000e-04   1.4019470770545128e+00   3.3362999700534068e+00   9.4403781927372102e-02   2.7186822590676540e-01
   3.2874000000000000e-04  -1.7309208489048873e+00  -2.3132756227785496e+00   2.2546844109007102e-02   1.4068371691018297e-01
   1.7734300000000001e-03   1.2631560556351893e+00  -5.0975263319673370e-01   4.5535655492602561e-03   6.3499854698471067e-02
   6.4064999999999999e-04  -2.1363414708418449e+00  -9.0843258779196345e-01   9.5504628053718951e-03   9.1843287707948723e-02
   8.0486000000000002e-04  -1.9473544260359799e+00  -1.0598633656255605e+00   9.7968843360950620e-03   9.2859734038325800e-02
   2.2271000000000001e-03  -2.5965921004879818e-02  -8.6382969515088615e-01   3.2863410799540702e-03   5.3976725604310959e-02
   5.1694999999999996e-04   2.4685797561809260e+00   6.8682116517866787e-01   1.4163406602084577e-02   1.1160837597381580e-01
   2.0497900000000001e-03  -7.1215349661495253e-01   3.9519954552176723e-01   3.0000189803324130e-03   5.1280556803461053e-02
   2.8003699999999999e-03  -2.5131646931694474e-01  -3.6676359423147875e-01   3.1300780000565881e-03   5.2711023497074433e-02
   1.2630700000000000e-03   6.0832568673235110e-01   1.6544270634818745e+00   6.1079184431513701e-03   7.3513446991427450e-02
   2.2457599999999999e-03  -7.4124002430648012e-02  -5.8423623504835454e-01   2.7279434388757045e-03   4.9115107677695294e-02
   1.8532500000000001e-03   1.0945312170875738e+00   4.2322735398543293e-01   3.7988768036995389e-03   5.7929557859721391e-02
   1.9213300000000000e-03   1.1913264914121953e+00  -1.7066877037952366e-01   4.0002958304848502e-03   5.9538321832572655e-02
   2.5353200000000002e-03   8.8844182250111869e-02   5.8855021976970168e-01   3.0675788128041027e-03   5.2161028152485252e-02
   1.8519599999999999e-03   1.0397436781029938e+00   6.0170438457390674e-01   3.8631026704922691e-03   5.8448199640530253e-02
   1.9151800000000001e-03  -3.9190424524876155e-01   1.0943816362214582e+00   3.8498982350294295e-03   5.8357930471046565e-02
   1.1637200000000000e-03  -4.7948316741847496e-01   1.7504148010885221e+00   6.1238786080574231e-03   7.3646071212325803e-02
   2.3772600000000000e-03  -9.7159992526264588e-02   7.7337110146910903e-01   3.2445390983043012e-03   5.3643622579905764e-02
   2.0262300000000000e-03   9.4825617379242466e-01  -3.7610334835469650e-01   3.4674210937986690e-03   5.5423271693095869e-02
   6.2286000000000004e-04   1.7503181780531718e+00   1.6938232573601057e+00   1.2401943663922889e-02   1.0463373604214660e-01
   1.2105499999999999e-03   3.2290126897989602e-01  -1.7958549348195327e+00   6.4987712105810391e-03   7.5835080171432062e-02
   4.2942000000000002e-04   2.0176724662773968e+00   1.8519161555388439e+00   1.8725194075250213e-02   1.2835382156468478e-01
   1.8216899999999999e-03   1.2404916001365731e+00  -3.3671110302716117e-01   4.2285657963597170e-03   6.1199513033219910e-02
   5.9009000000000004e-04   8.7483323865733942e-01   2.3268270100478459e+00   1.3032166796872576e-02   1.0735420794912008e-01
   2.1220800000000001e-03   5.5403405854100218e-01   9.2232433401518632e-01   3.9502354567916400e-03   5.8968096375663755e-02
   2.7103299999999999e-03   6.4821941817319970e-02   5.6649725524588593e-02   2.7606683670920850e-03   4.9447339375750764e-02
   6.9758999999999999e-04   1.2446540103262209e+00   1.9052055420065706e+00   9.4663375456696276e-03   9.1479016702994242e-02
   9.6949999999999998e-04  -1.9818598655085597e+00  -5.2536009297063591e-01   8.1144549283637801e-03   8.4738942029164557e-02
   1.2095700000000001e-03   8.8599811371693660e-01  -1.3815163994871722e+00   4.7662341593179497e-03   6.4915437552299032e-02
   2.1397999999999999e-03   6.8560643347579941e-03  -1.0181943099277662e+00   3.6320652160231975e-03   5.6727404123432461e-02
   5.7346000000000003e-04  -7.9191912210918369e-01   2.3613250759801998e+00   1.3149144078049299e-02   1.0755572669801743e-01
   9.9942000000000000e-04  -1.8631821157651094e+00   3.8550057702733076e-01   6.2677119841514735e-03   7.4336177829923758e-02
   2.4211900000000001e-03  -1.0336663381920962e-01  -3.7550917634244452e-01   2.6867149848891743e-03   4.8698067684266662e-02
   1.8611900000000000e-03   2.1815215000368410e-01  -1.2252050372311889e+00   4.0827624612463954e-03   6.0161328902881797e-02
   1.5009500000000000e-03   1.0647684364860124e+00  -1.1323918606430596e+00   5.1746106778320696e-03   6.7557884117442638e-02
   6.8387999999999999e-04  -9.8792624049494726e-01   2.1293429307442744e+00   1.0924152109126945e-02   9.8337453958683499e-02
   2.1308899999999999e-03   4.0592378360649067e-01   1.0548180265312197e+00   4.2122090070251909e-03   6.0932632329431448e-02
   2.3608800000000001e-03  -1.7302883172532593e-01   1.5311563130703867e-01   2.4805622027929699e-03   4.6834641831717545e-02
   2.2829500000000002e-03   8.2946858656321687e-01   6.6116664163072672e-02   3.2509403775671697e-03   5.3692002914187735e-02
   1.4807799999999999e-03  -1.5496679181321866e+00   2.8816738077744025e-01   5.1967662628852485e-03   6.7762669429692293e-02
   1.6920999999999999e-04  -3.2527107910409891e+00  -4.8370136472081127e-01   4.0970204118127282e-02   1.8762481536395606e-01
   1.5216699999999999e-03   1.1612451425764790e-01  -1.5258973687233579e+00   4.9540674233844728e-03   6.6266340361667689e-02
   2.9695999999999998e-04   1.8222555456897749e+00  -2.4162592769661515e+00   2.9323862062564938e-02   1.6052928544221237e-01
   1.8531200000000000e-03   1.2479589556259982e+00   1.1342445275191512e-01   4.1013601365895045e-03   6.0302633763384683e-02
   1.8741800000000000e-03   6.0476272653255350e-02  -1.1673911211866239e+00   3.7993379581710354e-03   5.7959866881004324e-02
   1.9953400000000000e-03  -9.1817190336791754e-01  -1.8853591226419547e-01   3.2081508372980606e-03   5.3189342260033405e-02
   1.1356000000000001e-03   1.8732424402504531e+00  -1.4531842682008592e-01   6.7011486910142975e-03   7.7065213684078329e-02
   2.7085400000000002e-03   3.3573297781833600e-01  -4.6542795851255939e-02   2.9079555309140404e-03   5.0786371114210638e-02
   1.2032700000000000e-03  -7.7845254883598025e-01  -1.6457620119665832e+00   6.3916210492436379e-03   7.5270902769180331e-02
   1.9708600000000001e-03  -8.9944427255838733e-01  -6.6286374647890545e-01   3.7213198364922763e-03   5.7414524907664799e-02
   1.1958900000000000e-03   1.7173904748707054e+00   6.1234398749623453e-01   6.4126334692431704e-03   7.5335280528702656e-02
   1.6105399999999999e-03  -1.2164501620567811e+00  -8.2874226702771348e-01   4.8116088893659570e-03   6.5253611680116022e-02
   2.4241400000000000e-03   5.0224280658807863e-01   2.8595111441603188e-01   2.9067193394309572e-03   5.0734287186335748e-02
   1.3055100000000000e-03   1.0498960952925829e+00  -1.3232194499338186e+00   5.5968035930326794e-03   7.0318293771883408e-02
   1.3504200000000000e-03  -1.0184442124803055e+00   1.2968260950113752e+00   5.3741814274485848e-03   6.8939700236128582e-02
   2.1431300000000000e-03   6.0286365354625682e-01   3.8287414290498528e-01   2.8180453298400744e-03   4.9896156143641117e-02
   1.7073300000000000e-03  -1.2997321607979377e+00  -2.8527748965336375e-01   4.2326397311787008e-03   6.1177014313695037e-02
   2.3765100000000001e-03   8.7244076777466803e-02  -7.6441894859487136e-01   3.2292309311498495e-03   5.3513814791784610e-02
   5.3386000000000004e-04   2.9513525462102191e-01   2.5566464713412000e+00   1.4815957658356273e-02   1.1441110898195440e-01
   2.3548000000000002e-03   6.7950546980368687e-01  -4.4842300226293030e-01   3.3133284631042172e-03   5.4189324013987357e-02
   9.9292999999999994e-04   1.3984266931506708e+00  -1.4014310025699830e+00   7.1558021022445212e-03   7.9534032324496434e-02
   1.7384000000000000e-04   3.1544967648642666e+00   8.7428403352326023e-01   3.9158693741384254e-02   1.8451497690631755e-01
   1.3018200000000000e-03   9.3601960142353002e-01   1.4193519776096697e+00   5.6032753087763816e-03   7.0464317025189391e-02
   1.0562700000000000e-03   1.1225600962752562e+00   1.5024301552341799e+00   6.2124799585723377e-03   7.4113536396634747e-02
   1.7819900000000000e-03  -4.3957952198535033e-01  -1.2423365748802173e+00   4.3323237011155405e-03   6.1899437405929715e-02
   4.0612999999999999e-04  -1.3959632417153116e+00  -2.2606780586101127e+00   1.4204897181899771e-02   1.1171576270687984e-01
   1.5164700000000000e-03   1.1863727912450153e+00   5.3895920061560809e-01   3.6239020530592645e-03   5.6598986961055087e-02
   9.0883999999999995e-04   4.5267992699892923e-01   1.9979126716108360e+00   7.6295096005312077e-03   8.1986858785693117e-02
   1.6704999999999999e-03   4.6947008688931458e-01   1.1892334160971050e+00   3.9029640854870767e-03   5.8707831790859880e-02
   1.7335000000000001e-04  -7.9067703313533277e-01   3.1960104694501554e+00   4.5328946884672025e-02   1.9646423303330762e-01
   1.4772100000000001e-03  -1.3473885383480178e+00   8.3335354939000383e-01   5.2532635236919529e-03   6.8189517940263317e-02
   1.5952000000000000e-03  -1.0620451089915275e+00  -9.1164475430784542e-01   4.3350143032361678e-03   6.1941253181868362e-02
   2.3058000000000000e-04  -1.7230734967814869e+00   2.6477981700284086e+00   3.9054932918387165e-02   1.8213151506713984e-01
   2.3989100000000002e-03   1.9346651842820239e-01  -6.6031440047668011e-01   3.0666954843008754e-03   5.2148327734346675e-02
   5.4299000000000003e-04  -2.5020835438953726e+00   2.1381507336707728e-01   1.3064260319370602e-02   1.0720013897638019e-01
   8.0115999999999998e-04   1.1260551867741304e+00   1.7083221480009205e+00   6.6526738764790781e-03   7.6625867480950766e-02
   2.1804699999999999e-03  -4.9026836219479075e-01  -6.7422983842265960e-01   3.1742608907169411e-03   5.2914274854056309e-02
   2.2291600000000000e-03   4.9663415835128133e-01  -7.1793073632911297e-01   3.3205340887369887e-03   5.4168392355946157e-02
   4.4043000000000001e-04   2.5506969737990306e+00  -4.3738477551468113e-01   1.3054581232872764e-02   1.0725995055709839e-01
   1.6710999999999999e-04  -3.0535767004277603e+00  -1.3595823891954377e+00   4.6566789084240889e-02   2.0085943233198914e-01
   1.4961700000000000e-03  -5.7704747116654652e-02   1.4508028734900567e+00   4.4273414261454952e-03   6.2536207581131709e-02
   1.9832000000000001e-03  -7.9683047953938391e-01  -1.3498928185677328e-01   2.8103822764459501e-03   4.9830372855069346e-02
   1.7875700000000000e-03  -1.0494587826850348e+00  -2.2698192414876733e-01   3.2777165820124087e-03   5.3765125855980776e-02
   1.5556200000000000e-03  -7.6060245716425812e-01  -1.0133489263881881e+00   3.5606386048861261e-03   5.6059129318048177e-02
   1.0683699999999999e-03  -1.1210504193747119e+00   1.4569539051526819e+00   6.0879304258318204e-03   7.3010175364623509e-02
   9.5679999999999995e-04  -1.7206424674706242e+00  -7.8352871814000247e-01   5.8162215356597699e-03   7.1671009691427492e-02
   2.3139200000000001e-03   2.9245299968160365e-01  -2.6912834979522859e-01   2.5884557735595596e-03   4.7810965440581756e-02
   2.3051000000000000e-03  -1.5359938417231583e-01  -4.8826202881521846e-01   2.7605586658479551e-03   4.9267879242093617e-02
   0.0000000000000000e+00   0.0000000000000000e+00   0.0000000000000000e+00   5.5172649457536837e-03   6.5849712177423317e-02
