5.9112321144734568622029790962089233e-07	-5.0198059237765058505075645534084998e+00
1.2943728446430428448383048398061629e-06	-4.7306884340737909921217754148228146e+00
2.3916098515816977190423628150501865e-06	-4.5317048895382429294450285137855404e+00
3.7682488825621966380871638765656188e-06	-4.3786012748324408896414230273812750e+00
5.4020194407606064106386945547569762e-06	-4.2534214559809318137415391563996550e+00
7.2754827117829191272955467670895275e-06	-4.1470918309037707669018022872523113e+00
9.3743074191041956857082289425546676e-06	-4.0543790326128418940408885236432650e+00
1.1686335649108012725550624548936771e-05	-3.9719841880297995829752867229295017e+00
1.4201016561029304336935087687551817e-05	-3.8976905255996937199221969557642385e+00
1.6909036415762629863288615997746546e-05	-3.8299347237697939305593618725894855e+00
1.9802063321732137005904370582529912e-05	-3.7675718353511829718109013176202281e+00
2.2872563618794682519717317614188368e-05	-3.7097374524535627332199410180254453e+00
2.6113665348418157079381901297673730e-05	-3.6557624652030779886830723426292086e+00
2.9519053962869956857309809914699721e-05	-3.6051180030392560513560438023849208e+00
3.3082890857814686484964802441785712e-05	-3.5573785606860994412564892217962553e+00
3.6799748519477279066724269592233441e-05	-3.5121965352087822939175198108106267e+00
4.0664558055937752247109841784330995e-05	-3.4692841754780676278065928121448853e+00
4.4672566148727888848806117137691655e-05	-3.4284004919193319772321329015123408e+00
4.8819299297829502008336077144284083e-05	-3.3893415725964698537628479367653273e+00
5.3100533801504517504070887694632186e-05	-3.3519332922317655143625414870201867e+00
5.7512270307643915589370039453284863e-05	-3.3160257363894671661650903785075522e+00
6.2050712054058055615717232867451132e-05	-3.2814888772557275205152725514556443e+00
6.6712246118290373163272506064389279e-05	-3.2482091775460007260949885678706181e+00
7.1493427147037459156070125358621601e-05	-3.2160868927313597374333447463586149e+00
7.6390963146943269273214298330066754e-05	-3.1850339056387389385236621083748900e+00
8.1401703003114847914866034002710875e-05	-3.1549719718119127306608012470347299e+00
8.6522625456559181321460114561859746e-05	-3.1258312852984104768755072931936625e+00
9.1750829322033622481919024161250528e-05	-3.0975492969267471816853354441103800e+00
9.7083524767211964378971055356842474e-05	-3.0700697333993224276208740342632967e+00
1.0251802550524679119616034727606529e-04	-3.0433417774805046770192119127700806e+00
1.0805174177769444540468039531051223e-04	-3.0173193784501090883760070836376063e+00
1.1368217402479535149214464775564748e-04	-2.9919606686763242765903647482244854e+00
1.1940690715634158590411311533997421e-04	-2.9672274672374538920928497267812705e+00
1.2522360534962547038585018950499761e-04	-2.9430848554118248524471792884504293e+00
1.3113000731186546466517380281695687e-04	-2.9195008118627883407048007638010224e+00
1.3712392195352428947519915622428832e-04	-2.8964458976901128924509366723574273e+00
1.4320322442643809393385985827352173e-04	-2.8738929833605222948566108962666139e+00
1.4936585248695328077167980532364871e-04	-2.8518170109869967826011288174707303e+00
1.5560980314954679858618065676648984e-04	-2.8301947865868935372100785891538735e+00
1.6193312960086679643528562134375598e-04	-2.8090047978791962224662199280412284e+00
1.6833393834791766448340453965789351e-04	-2.7882270539314536478117057376939947e+00
1.7481038657734249449331067228246049e-04	-2.7678429435755173941550773126216947e+00
1.8136067970552051848826785808585127e-04	-2.7478351100074855452291302562700775e+00
1.8798306910157322594690424872921738e-04	-2.7281873393941004186504099555573415e+00
1.9467584996742280025992905743118999e-04	-2.7088844616429935778425802267500104e+00
2.0143735936082131350645829688115081e-04	-2.6899122617715455006356633271437924e+00
2.0826597434881090192203300393435316e-04	-2.6712574005397102492626469942052550e+00
2.1516011028041882741925828880224148e-04	-2.6529073432046545548422018024286682e+00
2.2211821916856597543020497422889817e-04	-2.6348502954164176116054605225890459e+00
2.2913878817219723681821554163098136e-04	-2.6170751454095750125293441777732419e+00
2.3622033817054775423858232586144866e-04	-2.5995714117605666188862747380104031e+00
2.4336142242225734894850450579562442e-04	-2.5823291960775471221661554355518210e+00
2.5056062530275109506975385222656633e-04	-2.5653391400722839637472673309952424e+00
2.5781656111392928488523369660593561e-04	-2.5485923865341629291457312852193978e+00
2.6512787296076540778752938969032562e-04	-2.5320805437867360652524737113642246e+00
2.7249323168990519206318310038370705e-04	-2.5157956532590793619422826254657613e+00
2.7991133488580089344199162861152832e-04	-2.4997301598488564938782577612547991e+00
2.8738090592030943728715451316441983e-04	-2.4838768847925184434515386662401674e+00
2.9490069305203640032881725876804467e-04	-2.4682290007914290700771478045857067e+00
3.0246946857202504848754007570427825e-04	-2.4527800091716631324242874470446525e+00
3.1008602799267496918437880328795185e-04	-2.4375237188804201561275831393980835e+00
3.1774918927703193045882802548321022e-04	-2.4224542271439759650578793470108312e+00
3.2545779210582266883868725549988227e-04	-2.4075659016313094976537132424043391e+00
3.3321069717981814809340580100313060e-04	-2.3928533639843808521618483541650682e+00
3.4100678555529888560332774938089565e-04	-2.3783114745908236763495835662891593e+00
3.4884495801056835374110152727821498e-04	-2.3639353184878282960197959354895599e+00
3.5672413444161711122948881901635393e-04	-2.3497201922974675512074343564398321e+00
3.6464325328518285913166662699835273e-04	-2.3356615921038568985868281926698857e+00
3.7260127096758150753529405629681869e-04	-2.3217552021915166518151627436879879e+00
3.8059716137780287169589978645074820e-04	-2.3079968845722654941264093921014139e+00
3.8862991536347293194152867724961399e-04	-2.2943826692350481202057576316084556e+00
3.9669854024838370233597824726555746e-04	-2.2809087450593959861543417935723865e+00
4.0480205937038255829184608273721570e-04	-2.2675714513388336640514730921662611e+00
4.1293951163849617335717911687254072e-04	-2.2543672698655564718599723471631742e+00
4.2110995110824072370203792854325277e-04	-2.2412928175321892596576655393051151e+00
4.2931244657414037239818212370679799e-04	-2.2283448394104535416618904095628617e+00
4.3754608117854081406272572977508880e-04	-2.2155202022701746370033834896228368e+00
4.4580995203586435402725441540626227e-04	-2.2028158885052993116141596399130144e+00
4.5410316987150807254237768756304770e-04	-2.1902289904365088646169652114657471e+00
4.6242485867463749473310916653742114e-04	-2.1777567049626388246494875732543250e+00
4.7077415536417522089356931968437027e-04	-2.1653963285354861375874443746337946e+00
4.7915020946732750237856221891306285e-04	-2.1531452524347258231944241757439992e+00
4.8755218281003207630250048879863621e-04	-2.1410009583215961082947531995737564e+00
4.9597924921874796889378401535444162e-04	-2.1289610140517656632163441544043123e+00
5.0443059423304268811758443919683932e-04	-2.1170230697293879050867060451124028e+00
5.1290541482846447331551266482458203e-04	-2.1051848539857923090062653106464161e+00
5.2140291914921725459854857382377133e-04	-2.0934441704675762802348500278864780e+00
5.2992232625018388044593705312259360e-04	-2.0817988945200566918499597030004179e+00
5.3846286584786916458811330638254258e-04	-2.0702469700531295051542821253569038e+00
5.4702377807985853396610314362560922e-04	-2.0587864065775794842707908829466987e+00
5.5560431327241066604844731962300395e-04	-2.0474152764007892655347498335400068e+00
5.6420373171582361157968948665762566e-04	-2.0361317119716263099779828814619369e+00
5.7282130344723362250060097365229870e-04	-2.0249339033650450253251367719696561e+00
5.8145630804052434899175816279950617e-04	-2.0138200958976362763709750658527426e+00
5.9010803440304133007555792361055460e-04	-2.0027885878659935957854828336922181e+00
5.9877578057882286659919540921191829e-04	-1.9918377284003500295309684077335949e+00
6.0745885355807351401145249340278425e-04	-1.9809659154264765217971592780883527e+00
6.1615656909262063878818989232216074e-04	-1.9701715937293263957902548699439419e+00
6.2486825151710781426697247315906415e-04	-1.9594532531123647172221923354235933e+00
6.3359323357569135114587212159080453e-04	-1.9488094266469396489013326851445085e+00
6.4233085625401802212019088836676538e-04	-1.9382386890064384847393454889535808e+00
6.5108046861627310166441663723894990e-04	-1.9277396548803267493036402692695292e+00
6.5984142764709824926418736139099717e-04	-1.9173109774634971491430890682190556e+00
6.6861309809818856213490393762402436e-04	-1.9069513470166586025955805785231608e+00
6.7739485233938735285008115812382603e-04	-1.8966594894937761730617744074317426e+00
6.8618607021410590641026807418685210e-04	-1.8864341652328324062476793360590914e+00
6.9498613889890367529436131918139525e-04	-1.8762741677064210663120241201874864e+00
7.0379445276707211249013224111038594e-04	-1.8661783223289071610636971371537751e+00
7.1261041325607265152024747089999100e-04	-1.8561454853170938803882572876034059e+00
7.2143342873868624696471994881875821e-04	-1.8461745426015289534430782659066474e+00
7.3026291439773841479388063529457468e-04	-1.8362644087857611505395106164690457e+00
7.3909829210426988295927120353190573e-04	-1.8264140261510233012883072313450078e+00
7.4793899029902880141430000241174522e-04	-1.8166223637039722625320464248010772e+00
7.5678444387716598773991360202328659e-04	-1.8068884162652596527023434537014466e+00
7.6563409407601991906305274006113090e-04	-1.7972112035968407004356687575175060e+00
7.7448738836588314086422226716575830e-04	-1.7875897695660529908462846956696446e+00
7.8334378034364646522344063043660290e-04	-1.7780231813446129250323613310106225e+00
7.9220272962922179055649395615097138e-04	-1.7685105286407859713047077344999960e+00
8.0106370176464860639566265469242732e-04	-1.7590509229630878616070521603756381e+00
8.0992616811579326374540282385313166e-04	-1.7496434969139683069796203611383534e+00
8.1878960577655390656638567682232905e-04	-1.7402874035120170613750802129216667e+00
8.2765349747548758474873871453373787e-04	-1.7309818155413147035775091781068160e+00
8.3651733148477951449237695303865356e-04	-1.7217259249266277460757170519026179e+00
8.4538060153147772856797071169535630e-04	-1.7125189421332199981296103765383280e+00
8.5424280671091947607146413641667750e-04	-1.7033600955901198584066472807068503e+00
8.6310345140227869797729279704655151e-04	-1.6942486311357467133672176386705066e+00
8.7196204518616672943792231126648257e-04	-1.6851838114848591687699353153925556e+00
8.8081810276422107023629851604656910e-04	-1.6761649157158437179380601039064611e+00
8.8967114388061962844588043533800748e-04	-1.6671912387774149053731498621486648e+00
8.9852069324546028610366335831679545e-04	-1.6582620910138473121966258026460903e+00
9.0736628045994796604135669746630364e-04	-1.6493767977079059873064696167674775e+00
9.1620743994333360203730264031149209e-04	-1.6405346986406854753678064055270734e+00
9.2504371086155153586494172518402020e-04	-1.6317351476676085352090325306353838e+00
9.3387463705750388999543962103102175e-04	-1.6229775123098741715632210967984802e+00
9.4269976698294239871320780111298043e-04	-1.6142611733606808784760101140398650e+00
9.5151865363190002797368320485398574e-04	-1.6055855245055851616087813744410693e+00
9.6033085447562647994252255713090108e-04	-1.5969499719563876059491767135805569e+00
9.6913593139898336601189771829628703e-04	-1.5883539340979691121288377063837325e+00
9.7793345063825644615552160980473809e-04	-1.5797968411475285566196145229395126e+00
9.8672298272034387649306720829003161e-04	-1.5712781348257001481682026868161765e+00
9.9550410240328088440622124783179330e-04	-1.5627972680390542568694034988086144e+00
1.0042763886180627048016980841478614e-03	-1.5543537045735095780957749697417949e+00
1.0130394244117289652823415635087606e-03	-1.5459469187982072493558601234243506e+00
1.0217927968916740050212917081174272e-03	-1.5375763953794190462349112239547617e+00
1.0305360971711488548265631507841251e-03	-1.5292416290040821204588936034029611e+00
1.0392689203159217968701638104151110e-03	-1.5209421241125719801989216138599082e+00
1.0479908652920655643279447966851564e-03	-1.5126773946403436165753071726682953e+00
1.0567015349148403360884755003230035e-03	-1.5044469637680879130502737798289209e+00
1.0654005357986427319683376167591715e-03	-1.4962503636800667940102593704185039e+00
1.0740874783079920216242291167424419e-03	-1.4880871353303060294987892626585886e+00
1.0827619765095257275732381791461173e-03	-1.4799568282163392653837791219072453e+00
1.0914236481249777313095847097354056e-03	-1.4718590001602107395466628449347266e+00
1.1000721144851128832272563173720590e-03	-1.4637932170964573192209039821797587e+00
1.1087070004845929736176259215095823e-03	-1.4557590528668029937951235683885900e+00
1.1173279345377497450152918245623353e-03	-1.4477560890213108199971761520731473e+00
1.1259345485352414171367633869178399e-03	-1.4397839146257485786958266726749969e+00
1.1345264778015699560395535583711973e-03	-1.4318421260749350986127383043177107e+00
1.1431033610534370502941634631009545e-03	-1.4239303269118443639144702300012110e+00
1.1516648403589174602091114105928253e-03	-1.4160481276522541798521153368595390e+00
1.1602105610974290827146118938843355e-03	-1.4081951456147353513851711091158428e+00
1.1687401719204797255667873124162547e-03	-1.4003710047557860603916639847236313e+00
1.1772533247131712111959081310330250e-03	-1.3925753355099244323452686752636126e+00
1.1857496745564420338483548302637247e-03	-1.3848077746345601864479912092057259e+00
1.1942288796900303746698256234258481e-03	-1.3770679650594737859584843078203875e+00
1.2026906014761398390045003004973335e-03	-1.3693555557407386683571331685875687e+00
1.2111345043637908193525102089852438e-03	-1.3616702015189289573228537323432187e+00
1.2195602558538409070031665593391106e-03	-1.3540115629814615584033290098575572e+00
1.2279675264646582761692696019277884e-03	-1.3463793063289277348116544441302762e+00
1.2363559896984324472743040466140872e-03	-1.3387731032452751650497248772559076e+00
1.2447253220081073016379134220682880e-03	-1.3311926307717071151781076279812020e+00
1.2530752027649216688788623532599552e-03	-1.3236375711841707297834682181860871e+00
1.2614053142265432415883660638024564e-03	-1.3161076118743115704771510430747907e+00
1.2697153415057819898680757695858147e-03	-1.3086024452337764217627129721911330e+00
1.2780049725398696517939591331430742e-03	-1.3011217685417510532858146800830644e+00
1.2862738980602922653490875161382890e-03	-1.2936652838556240861008354298903133e+00
1.2945218115631630834271682869705838e-03	-1.2862326979046723692948783135195409e+00
1.3027484092801235766811120027659200e-03	-1.2788237219866673421465414123856402e+00
1.3109533901497605797892207390524285e-03	-1.2714380718673057454505206102104966e+00
1.3191364557895279756248295385313783e-03	-1.2640754676823717626718695618364011e+00
1.3272973104681616393105832338184344e-03	-1.2567356338425412256749292974096822e+00
1.3354356610785766806622935690330537e-03	-1.2494182989407419189078506899277368e+00
1.3435512171112363295059972819721499e-03	-1.2421231956619872676852318273096012e+00
1.3516436906279821041931012398609479e-03	-1.2348500606956038077602368314216117e+00
1.3597127962363151897321375965913378e-03	-1.2275986346497758114900526349247889e+00
1.3677582510641192286744256411495632e-03	-1.2203686619683332969886065773608526e+00
1.3757797747348149955914274239388481e-03	-1.2131598908497123768008098060556650e+00
1.3837770893429376850049718292536994e-03	-1.2059720731680195175745630917597986e+00
1.3917499194301277933043314031047892e-03	-1.1988049643961337873989979816285710e+00
1.3996979919615268178189414741550554e-03	-1.1916583235307835680832981842818948e+00
1.4076210363025692311116408917415048e-03	-1.1845319130195365105644216223680871e+00
1.4155187841961624160013240600598961e-03	-1.1774254986896437174950293746111390e+00
1.4233909697402464670904063481122705e-03	-1.1703388496786812522766602071451911e+00
1.4312373293657259779246134978286276e-03	-1.1632717383669341025437385060096849e+00
1.4390576018147661396024547284940014e-03	-1.1562239403114696723344480736760737e+00
1.4468515281194456769210333969604511e-03	-1.1491952341818497446668343055146823e+00
1.4546188515807593422253366713120760e-03	-1.1421854016974316485447929789895876e+00
1.4623593177479628752420777413625679e-03	-1.1351942275662110849415401313522398e+00
1.4700726743982535195397298446729900e-03	-1.1282214994251607182708766921895741e+00
1.4777586715167793630681316901223579e-03	-1.1212670077820202263219562937301763e+00
1.4854170612769709416902438086599989e-03	-1.1143305459584950255127082132756845e+00
1.4930475980211887109136971943304452e-03	-1.1074119100348223523786271014794668e+00
1.5006500382416801523415729997946450e-03	-1.1005108987956647890898083918205725e+00
1.5082241405618404378640668399010973e-03	-1.0936273136772926729840751716409678e+00
1.5157696657177707264721334522069853e-03	-1.0867609587160181300005539935760492e+00
1.5232863765401283159511195983560736e-03	-1.0799116404978447217638665021968806e+00
1.5307740379362630147607396399272401e-03	-1.0730791681092978980630532942037567e+00
1.5382324168726342382754909334399380e-03	-1.0662633530894026026471004275094657e+00
1.5456612823575034683889660660624748e-03	-1.0594640093827754925783880137673942e+00
1.5530604054238968464132256082225443e-03	-1.0526809532938003017117379623398574e+00
1.5604295591128327963619240919262645e-03	-1.0459140034418559089773488178875666e+00
1.5677685184568096992196809625955648e-03	-1.0391629807175676637347823239436199e+00
1.5750770604635487587918922470240468e-03	-1.0324277082400534751472716868836201e+00
1.5823549640999873163158150054693353e-03	-1.0257080113151370918409117328901511e+00
1.5896020102765179843079405363013090e-03	-1.0190037173945018835305342179019271e+00
1.5968179818314690802327931725506134e-03	-1.0123146560357592892144542665945108e+00
1.6040026635158219476086904873228792e-03	-1.0056406588634069183008103186253401e+00
1.6111558419781608562171400273750864e-03	-9.9898155953065208290497287840241715e-01
1.6182773057498512742511721333823877e-03	-9.9233719368207730276862417298890561e-01
1.6253668452304424036171994676040083e-03	-9.8570739891712505995974374545135196e-01
1.6324242526732899652847167361637338e-03	-9.7909201475437978982970567828863595e-01
1.6394493221713953146447979579409407e-03	-9.7249088259662577869011048852442994e-01
1.6464418496434570573752606493392199e-03	-9.6590384569666029834166476293012136e-01
1.6534016328201314243978794731711868e-03	-9.5933074912384194390923698668036354e-01
1.6603284712304977502285872459946252e-03	-9.5277143973135475533722507499140128e-01
1.6672221661887254824398643842091216e-03	-9.4622576612416929526292112780952572e-01
1.6740825207809392311474907043951553e-03	-9.3969357862768242765925045315936183e-01
1.6809093398522784464709604449646036e-03	-9.3317472925701809343180026140000387e-01
1.6877024299941483888651313832064149e-03	-9.2666907168697191184301315481852987e-01
1.6944615995316591321447227293526381e-03	-9.2017646122258295095991628993661450e-01
1.7011866585112494119854597090461535e-03	-9.1369675477031650699002816486415970e-01
1.7078774186884922037461749071040830e-03	-9.0722981080984221206199820102522641e-01
1.7145336935160789826731160820493452e-03	-9.0077548936639225337300984225062469e-01
1.7211552981319796869771663140015485e-03	-8.9433365198368493428634240784961237e-01
1.7277420493477754699708125150379245e-03	-8.8790416169739924051575773562227867e-01
1.7342937656371613914668030787233398e-03	-8.8148688300918649254948203237509296e-01
1.7408102671246162610250298431713929e-03	-8.7508168186120556949248639536636090e-01
1.7472913755742369064370515546283916e-03	-8.6868842561116858006569375088576149e-01
1.7537369143787342001059920068634466e-03	-8.6230698300788423409703028329689710e-01
1.7601467085485882337588534915862746e-03	-8.5593722416728653295347559021619544e-01
1.7665205847013600882626138644819286e-03	-8.4957902054893675045717611831889718e-01
1.7728583710511577002473809844118797e-03	-8.4323224493298701734504473908998301e-01
1.7791598973982533808105031281035127e-03	-8.3689677139759415269474784283560429e-01
1.7854249951188505938246567715750251e-03	-8.3057247529677270535796183156026775e-01
1.7916534971549976523390200854158181e-03	-8.2425923323867647770512628761241122e-01
1.7978452380046460412828941484863136e-03	-8.1795692306429810326970957769722282e-01
1.8040000537118511231915397403823916e-03	-8.1166542382657653954422633812307731e-01
1.8101177818571130310093688346221042e-03	-8.0538461576990261757047621816869185e-01
1.8161982615478555982196504319939274e-03	-7.9911438031001306141449250402762040e-01
1.8222413334090412216351558353356843e-03	-7.9285460001426365344109576591879284e-01
1.8282468395739195961922259370287139e-03	-7.8660515858227247580972849429551885e-01
1.8342146236749083040521289590623463e-03	-7.8036594082692440509632488360471693e-01
1.8401445308346032822578535047086736e-03	-7.7413683265572827568772573815777146e-01
1.8460364076569172341502716499356859e-03	-7.6791772105251835886691600655332122e-01
1.8518901022183440897426273673575168e-03	-7.6170849405949202856990301991052023e-01
1.8577054640593476593134007008726661e-03	-7.5550904075957570189900697418482196e-01
1.8634823441758726626307692839916335e-03	-7.4931925125911135286365029446984521e-01
1.8692205950109763534923249220136193e-03	-7.4313901667085610172007728407743399e-01
1.8749200704465789956758089828733282e-03	-7.3696822909728757991858872452597910e-01
1.8805806257953314819740547674523880e-03	-7.3080678161420796225510099963899737e-01
1.8862021177925984227529863713223202e-03	-7.2465456825463974356923975544951599e-01
1.8917844045885550644476357621347928e-03	-7.1851148399300651743203889079355152e-01
1.8973273457403964316192367335560954e-03	-7.1237742472959218891342727759538737e-01
1.9028308022046571186574133288015716e-03	-7.0625228727527222289665422277022439e-01
1.9082946363296401889455445673946331e-03	-7.0013596933651069369034828209950877e-01
1.9137187118479536703341879782358028e-03	-6.9402836950061706104913517125714758e-01
1.9191028938691531661060214113521898e-03	-6.8792938722125675231443645307531013e-01
1.9244470488724891302845846454869440e-03	-6.8183892280420978038593148813277870e-01
1.9297510446997573851560865077223475e-03	-6.7575687739337177278306034741985830e-01
1.9350147505482514872560736298939394e-03	-6.6968315295699192830114971849199663e-01
1.9402380369638155758377025948906531e-03	-6.6361765227414255484916253990870725e-01
1.9454207758339963650020893510357119e-03	-6.5756027892141497511145640539604830e-01
1.9505628403812929672496186106655156e-03	-6.5151093725983671583508892922372840e-01
1.9556641051565032622196067137466419e-03	-6.4546953242200502193318254978014238e-01
1.9607244460321655498392998109799684e-03	-6.3943597029943185833514649921726351e-01
1.9657437401960942520163962588058222e-03	-6.3341015753009568072325758010267065e-01
1.9707218661450084513962286129631855e-03	-6.2739200148619537108512208143959470e-01
1.9756587036782520795791409286996795e-03	-6.2138141026210184549173230977613540e-01
1.9805541338916045905687725171544352e-03	-6.1537829266250294978616010446066362e-01
1.9854080391711809781108509464445672e-03	-6.0938255819073736403962859457375277e-01
1.9902203031874200179972781771406406e-03	-6.0339411703731333879741441954594527e-01
1.9949908108891596383639816961375125e-03	-5.9741288006860818539094634200655260e-01
1.9997194484977983425150704521686526e-03	-5.9143875881574453902545477203975128e-01
2.0044061035015416298718231985997744e-03	-5.8547166546363950705227111356597411e-01
2.0090506646497323812841619525349028e-03	-5.7951151284022290588598768799639917e-01
2.0136530219472641951654310170703175e-03	-5.7355821440582087851082753798244343e-01
2.0182130666490766807291156079367862e-03	-5.6761168424270127051655750929715654e-01
2.0227306912547317340289043324602162e-03	-5.6167183704477722618819343617914061e-01
2.0272057895030698415412541864539298e-03	-5.5573858810746554741904864451372766e-01
2.0316382563669454746921087923565869e-03	-5.4981185331769643719429047416285383e-01
2.0360279880480406570261382363763649e-03	-5.4389154914407132617058135534483801e-01
2.0403748819717558036570428973532807e-03	-5.3797759262716555552273224591102953e-01
2.0446788367821769502300758989156975e-03	-5.3206990136997276180446890663802138e-01
2.0489397523371185058817298591367412e-03	-5.2616839352848788013911187152966903e-01
2.0531575297032406816050104060002052e-03	-5.2027298780242575067680981796356178e-01
2.0573320711512407620301620641699293e-03	-5.1438360342607237998553541898536372e-01
2.0614632801511174049181828846041320e-03	-5.0850016015926597393899978954837661e-01
2.0655510613675071686458113771581199e-03	-5.0262257827850492177973929596135506e-01
2.0695953206550924836435358051075572e-03	-4.9675077856817997242184356885303652e-01
2.0735959650540802991400050578948980e-03	-4.9088468231192790376535188122017431e-01
2.0775529027857506516742620992711706e-03	-4.8502421128410404387179415517045597e-01
2.0814660432480744166685379263372087e-03	-4.7916928774137105934462212370421816e-01
2.0853352970113995189158169305902083e-03	-4.7331983441440148121473460019888507e-01
2.0891605758142048921347182788946011e-03	-4.6747577449969149209381251696273578e-01
2.0929417925589214917859664651066250e-03	-4.6163703165148355036915692844917590e-01
2.0966788613078196791362160493091892e-03	-4.5580352997379547781417871787539069e-01
2.1003716972789623081024588645751599e-03	-4.4997519401255368621828333287977991e-01
2.1040202168422228597197291109747447e-03	-4.4415194874782826653698468280062231e-01
2.1076243375153679821522343944781792e-03	-4.3833371958616771066476812403692342e-01
2.1111839779602038070191342406049290e-03	-4.3252043235303108127538728252613135e-01
2.1146990579787854254365753983784402e-03	-4.2671201328531548929163462285671451e-01
2.1181694985096889195927512599307539e-03	-4.2090838902397678147275011902029871e-01
2.1215952216243453578780234500352085e-03	-4.1510948660674138237501151211119723e-01
2.1249761505234361735927401904972088e-03	-4.0931523346090727558111263075307191e-01
2.1283122095333493590563960242588748e-03	-4.0352555739623214863709194310841778e-01
2.1316033241026959185481667822920954e-03	-3.9774038659790676461124493284141772e-01
2.1348494207988860349254701231344721e-03	-3.9195964961961166062611145916434046e-01
2.1380504273047644159987788890423387e-03	-3.8618327537665531013982270873981930e-01
2.1412062724153042977920741502239778e-03	-3.8041119313919192119348145405722607e-01
2.1443168860343595926935816568332906e-03	-3.7464333252551707732263347827411241e-01
2.1473821991714746812051994891682219e-03	-3.6887962349543946137823462687858829e-01
2.1504021439387513565356046218670430e-03	-3.6311999634372693513998981778496255e-01
2.1533766535477724416556322019198399e-03	-3.5736438169362527935592202879997864e-01
2.1563056623065816086492685103836192e-03	-3.5161271049044792972915239719667637e-01
2.1591891056167189402535092482794532e-03	-3.4586491399523507441804017490048246e-01
2.1620269199703117833893416393268078e-03	-3.4012092377848050784024136999164023e-01
2.1648190429472204542480575217378509e-03	-3.3438067171392466399541296572113370e-01
2.1675654132122383641157563384447625e-03	-3.2864408997241228016507038823904717e-01
2.1702659705123461445979310883681304e-03	-3.2291111101581316873071431932405070e-01
2.1729206556740193602490468283262458e-03	-3.1718166759100460099137427071717020e-01
2.1755294106005894058225431731391657e-03	-3.1145569272391383227716551906789051e-01
2.1780921782696571944381677194854376e-03	-3.0573311971361932236373639625992591e-01
2.1806089027305592519193523048176727e-03	-3.0001388212650922921044424512880304e-01
2.1830795291018858413867841958460049e-03	-2.9429791379049577738904394571730151e-01
2.1855040035690507509086373158057026e-03	-2.8858514878928412525537646027861354e-01
2.1878822733819123856062861277154659e-03	-2.8287552145669437695926634319127175e-01
2.1902142868524458140998345081477652e-03	-2.7716896637103540680233839281360136e-01
2.1924999933524654275534996146626489e-03	-2.7146541834952918425402299011658601e-01
2.1947393433113978778497820567204936e-03	-2.6576481244278430813644650256179829e-01
2.1969322882141049695863561237801382e-03	-2.6006708392931747810255144763943460e-01
2.1990787805987561886535985356001351e-03	-2.5437216831012165057157285896737335e-01
2.2011787740547505581164576907449475e-03	-2.4868000130327964476439511062282761e-01
2.2032322232206875199947113595526535e-03	-2.4299051883862198241039291294904224e-01
2.2052390837823865493132816654428916e-03	-2.3730365705242776208878162832155473e-01
2.2071993124709552144818349386370845e-03	-2.3161935228216738603253190964454137e-01
2.2091128670609054056630055690362939e-03	-2.2593754106128597357242541177651946e-01
2.2109797063683174603038158928453430e-03	-2.2025816011402631124335298064063913e-01
2.2127997902490519224377421060103027e-03	-2.1458114635029020492463294464540080e-01
2.2145730795970086797178794981984776e-03	-2.0890643686053711425075093570569304e-01
2.2162995363424332294172272895017555e-03	-2.0323396891071896391794676827019009e-01
2.2179791234502698318326418419018098e-03	-1.9756367993725004043461669332392411e-01
2.2196118049185613166568556716275550e-03	-1.9189550754201089632835350602731189e-01
2.2211975457768953149404493685877936e-03	-1.8622938948738519683808778580673086e-01
2.2227363120848966962550786150663785e-03	-1.8056526369132845669438678478828255e-01
2.2242280709307659975928481762905234e-03	-1.7490306822246762673237712049394330e-01
2.2256727904298636373967042694523588e-03	-1.6924274129523050179755293066140363e-01
2.2270704397233397149152686703221487e-03	-1.6358422126500393270219448963602339e-01
2.2284209889768092018148133680899884e-03	-1.5792744662331983587625469891420340e-01
2.2297244093790723396631943097397553e-03	-1.5227235599306800483809928882561002e-01
2.2309806731408800635276184259542618e-03	-1.4661888812373473769386983182744749e-01
2.2321897534937442785021733406871704e-03	-1.4096698188666630456567340103113901e-01
2.2333516246887928225041406901301862e-03	-1.3531657627035628815422900050995025e-01
2.2344662619956689551522527775770369e-03	-1.2966761037575583956670770228525944e-01
2.2355336417014752189672246171471899e-03	-1.2402002341160590009073373189021433e-01
2.2365537411097615255170618607076134e-03	-1.1837375468979044777606948556307495e-01
2.2375265385395573254687496262181116e-03	-1.1272874362070983550135421868880903e-01
2.2384520133244477278058862183201296e-03	-1.0708492970867329465913761229931045e-01
2.2393301458116934397305369217046841e-03	-1.0144225254730968569285165991455298e-01
2.2401609173613944049889246130929766e-03	-9.5800651814995583468579774942524556e-02
2.2409443103456970245464053998759528e-03	-9.0160067270299791866573374672357229e-02
2.2416803081480448496893406953899628e-03	-8.4520438747443388036279967313795485e-02
2.2423688951624726437517971918612717e-03	-7.8881706151774402477816731496838084e-02
2.2430100567929437147552924006536803e-03	-7.3243809455256246495773996289211577e-02
2.2436037794527304273118502234594180e-03	-6.7606688691969003621181684480046820e-02
2.2441500505638378081762188539319544e-03	-6.1970283953622706317432813987755566e-02
2.2446488585564701658439995705975106e-03	-5.6334535385081723678744723196005244e-02
2.2451001928685406505803948682270532e-03	-5.0699383179899389897965454808758298e-02
2.2455040439452236872310517811681390e-03	-4.5064767575862007026618155109033075e-02
2.2458604032385502191137846398607235e-03	-3.9430628850541358976244797038898713e-02
2.2461692632070457072195347619848575e-03	-3.3796907316854876818394262413970769e-02
2.2464306173154108348644778891644305e-03	-2.8163543318632598232840716970632382e-02
2.2466444600342448738344308507643505e-03	-2.2530477226190066431469439005012317e-02
2.2468107868398116739493372586629667e-03	-1.6897649431906316050194680802549463e-02
2.2469295942138482438513221185848446e-03	-1.1265000345806095354557599697970446e-02
2.2470008796434158966862858430028255e-03	-5.6324703911454756473867416847778688e-03
2.2470246416207939402079435065616334e-03	0.0000000000000000000000000000000000e+00
2.2470008796434158966862858430028255e-03	5.6324703911454756473867416847778688e-03
2.2469295942138482438513221185848446e-03	1.1265000345806095354557599697970446e-02
2.2468107868398116739493372586629667e-03	1.6897649431906316050194680802549463e-02
2.2466444600342448738344308507643505e-03	2.2530477226190066431469439005012317e-02
2.2464306173154108348644778891644305e-03	2.8163543318632598232840716970632382e-02
2.2461692632070457072195347619848575e-03	3.3796907316854876818394262413970769e-02
2.2458604032385502191137846398607235e-03	3.9430628850541358976244797038898713e-02
2.2455040439452236872310517811681390e-03	4.5064767575862007026618155109033075e-02
2.2451001928685406505803948682270532e-03	5.0699383179899389897965454808758298e-02
2.2446488585564701658439995705975106e-03	5.6334535385081723678744723196005244e-02
2.2441500505638378081762188539319544e-03	6.1970283953622706317432813987755566e-02
2.2436037794527304273118502234594180e-03	6.7606688691969003621181684480046820e-02
2.2430100567929437147552924006536803e-03	7.3243809455256246495773996289211577e-02
2.2423688951624726437517971918612717e-03	7.8881706151774402477816731496838084e-02
2.2416803081480448496893406953899628e-03	8.4520438747443388036279967313795485e-02
2.2409443103456970245464053998759528e-03	9.0160067270299791866573374672357229e-02
2.2401609173613944049889246130929766e-03	9.5800651814995583468579774942524556e-02
2.2393301458116934397305369217046841e-03	1.0144225254730968569285165991455298e-01
2.2384520133244477278058862183201296e-03	1.0708492970867329465913761229931045e-01
2.2375265385395573254687496262181116e-03	1.1272874362070983550135421868880903e-01
2.2365537411097615255170618607076134e-03	1.1837375468979044777606948556307495e-01
2.2355336417014752189672246171471899e-03	1.2402002341160590009073373189021433e-01
2.2344662619956689551522527775770369e-03	1.2966761037575583956670770228525944e-01
2.2333516246887928225041406901301862e-03	1.3531657627035628815422900050995025e-01
2.2321897534937442785021733406871704e-03	1.4096698188666630456567340103113901e-01
2.2309806731408800635276184259542618e-03	1.4661888812373473769386983182744749e-01
2.2297244093790723396631943097397553e-03	1.5227235599306800483809928882561002e-01
2.2284209889768092018148133680899884e-03	1.5792744662331983587625469891420340e-01
2.2270704397233397149152686703221487e-03	1.6358422126500393270219448963602339e-01
2.2256727904298636373967042694523588e-03	1.6924274129523050179755293066140363e-01
2.2242280709307659975928481762905234e-03	1.7490306822246762673237712049394330e-01
2.2227363120848966962550786150663785e-03	1.8056526369132845669438678478828255e-01
2.2211975457768953149404493685877936e-03	1.8622938948738519683808778580673086e-01
2.2196118049185613166568556716275550e-03	1.9189550754201089632835350602731189e-01
2.2179791234502698318326418419018098e-03	1.9756367993725004043461669332392411e-01
2.2162995363424332294172272895017555e-03	2.0323396891071896391794676827019009e-01
2.2145730795970086797178794981984776e-03	2.0890643686053711425075093570569304e-01
2.2127997902490519224377421060103027e-03	2.1458114635029020492463294464540080e-01
2.2109797063683174603038158928453430e-03	2.2025816011402631124335298064063913e-01
2.2091128670609054056630055690362939e-03	2.2593754106128597357242541177651946e-01
2.2071993124709552144818349386370845e-03	2.3161935228216738603253190964454137e-01
2.2052390837823865493132816654428916e-03	2.3730365705242776208878162832155473e-01
2.2032322232206875199947113595526535e-03	2.4299051883862198241039291294904224e-01
2.2011787740547505581164576907449475e-03	2.4868000130327964476439511062282761e-01
2.1990787805987561886535985356001351e-03	2.5437216831012165057157285896737335e-01
2.1969322882141049695863561237801382e-03	2.6006708392931747810255144763943460e-01
2.1947393433113978778497820567204936e-03	2.6576481244278430813644650256179829e-01
2.1924999933524654275534996146626489e-03	2.7146541834952918425402299011658601e-01
2.1902142868524458140998345081477652e-03	2.7716896637103540680233839281360136e-01
2.1878822733819123856062861277154659e-03	2.8287552145669437695926634319127175e-01
2.1855040035690507509086373158057026e-03	2.8858514878928412525537646027861354e-01
2.1830795291018858413867841958460049e-03	2.9429791379049577738904394571730151e-01
2.1806089027305592519193523048176727e-03	3.0001388212650922921044424512880304e-01
2.1780921782696571944381677194854376e-03	3.0573311971361932236373639625992591e-01
2.1755294106005894058225431731391657e-03	3.1145569272391383227716551906789051e-01
2.1729206556740193602490468283262458e-03	3.1718166759100460099137427071717020e-01
2.1702659705123461445979310883681304e-03	3.2291111101581316873071431932405070e-01
2.1675654132122383641157563384447625e-03	3.2864408997241228016507038823904717e-01
2.1648190429472204542480575217378509e-03	3.3438067171392466399541296572113370e-01
2.1620269199703117833893416393268078e-03	3.4012092377848050784024136999164023e-01
2.1591891056167189402535092482794532e-03	3.4586491399523507441804017490048246e-01
2.1563056623065816086492685103836192e-03	3.5161271049044792972915239719667637e-01
2.1533766535477724416556322019198399e-03	3.5736438169362527935592202879997864e-01
2.1504021439387513565356046218670430e-03	3.6311999634372693513998981778496255e-01
2.1473821991714746812051994891682219e-03	3.6887962349543946137823462687858829e-01
2.1443168860343595926935816568332906e-03	3.7464333252551707732263347827411241e-01
2.1412062724153042977920741502239778e-03	3.8041119313919192119348145405722607e-01
2.1380504273047644159987788890423387e-03	3.8618327537665531013982270873981930e-01
2.1348494207988860349254701231344721e-03	3.9195964961961166062611145916434046e-01
2.1316033241026959185481667822920954e-03	3.9774038659790676461124493284141772e-01
2.1283122095333493590563960242588748e-03	4.0352555739623214863709194310841778e-01
2.1249761505234361735927401904972088e-03	4.0931523346090727558111263075307191e-01
2.1215952216243453578780234500352085e-03	4.1510948660674138237501151211119723e-01
2.1181694985096889195927512599307539e-03	4.2090838902397678147275011902029871e-01
2.1146990579787854254365753983784402e-03	4.2671201328531548929163462285671451e-01
2.1111839779602038070191342406049290e-03	4.3252043235303108127538728252613135e-01
2.1076243375153679821522343944781792e-03	4.3833371958616771066476812403692342e-01
2.1040202168422228597197291109747447e-03	4.4415194874782826653698468280062231e-01
2.1003716972789623081024588645751599e-03	4.4997519401255368621828333287977991e-01
2.0966788613078196791362160493091892e-03	4.5580352997379547781417871787539069e-01
2.0929417925589214917859664651066250e-03	4.6163703165148355036915692844917590e-01
2.0891605758142048921347182788946011e-03	4.6747577449969149209381251696273578e-01
2.0853352970113995189158169305902083e-03	4.7331983441440148121473460019888507e-01
2.0814660432480744166685379263372087e-03	4.7916928774137105934462212370421816e-01
2.0775529027857506516742620992711706e-03	4.8502421128410404387179415517045597e-01
2.0735959650540802991400050578948980e-03	4.9088468231192790376535188122017431e-01
2.0695953206550924836435358051075572e-03	4.9675077856817997242184356885303652e-01
2.0655510613675071686458113771581199e-03	5.0262257827850492177973929596135506e-01
2.0614632801511174049181828846041320e-03	5.0850016015926597393899978954837661e-01
2.0573320711512407620301620641699293e-03	5.1438360342607237998553541898536372e-01
2.0531575297032406816050104060002052e-03	5.2027298780242575067680981796356178e-01
2.0489397523371185058817298591367412e-03	5.2616839352848788013911187152966903e-01
2.0446788367821769502300758989156975e-03	5.3206990136997276180446890663802138e-01
2.0403748819717558036570428973532807e-03	5.3797759262716555552273224591102953e-01
2.0360279880480406570261382363763649e-03	5.4389154914407132617058135534483801e-01
2.0316382563669454746921087923565869e-03	5.4981185331769643719429047416285383e-01
2.0272057895030698415412541864539298e-03	5.5573858810746554741904864451372766e-01
2.0227306912547317340289043324602162e-03	5.6167183704477722618819343617914061e-01
2.0182130666490766807291156079367862e-03	5.6761168424270127051655750929715654e-01
2.0136530219472641951654310170703175e-03	5.7355821440582087851082753798244343e-01
2.0090506646497323812841619525349028e-03	5.7951151284022290588598768799639917e-01
2.0044061035015416298718231985997744e-03	5.8547166546363950705227111356597411e-01
1.9997194484977983425150704521686526e-03	5.9143875881574453902545477203975128e-01
1.9949908108891596383639816961375125e-03	5.9741288006860818539094634200655260e-01
1.9902203031874200179972781771406406e-03	6.0339411703731333879741441954594527e-01
1.9854080391711809781108509464445672e-03	6.0938255819073736403962859457375277e-01
1.9805541338916045905687725171544352e-03	6.1537829266250294978616010446066362e-01
1.9756587036782520795791409286996795e-03	6.2138141026210184549173230977613540e-01
1.9707218661450084513962286129631855e-03	6.2739200148619537108512208143959470e-01
1.9657437401960942520163962588058222e-03	6.3341015753009568072325758010267065e-01
1.9607244460321655498392998109799684e-03	6.3943597029943185833514649921726351e-01
1.9556641051565032622196067137466419e-03	6.4546953242200502193318254978014238e-01
1.9505628403812929672496186106655156e-03	6.5151093725983671583508892922372840e-01
1.9454207758339963650020893510357119e-03	6.5756027892141497511145640539604830e-01
1.9402380369638155758377025948906531e-03	6.6361765227414255484916253990870725e-01
1.9350147505482514872560736298939394e-03	6.6968315295699192830114971849199663e-01
1.9297510446997573851560865077223475e-03	6.7575687739337177278306034741985830e-01
1.9244470488724891302845846454869440e-03	6.8183892280420978038593148813277870e-01
1.9191028938691531661060214113521898e-03	6.8792938722125675231443645307531013e-01
1.9137187118479536703341879782358028e-03	6.9402836950061706104913517125714758e-01
1.9082946363296401889455445673946331e-03	7.0013596933651069369034828209950877e-01
1.9028308022046571186574133288015716e-03	7.0625228727527222289665422277022439e-01
1.8973273457403964316192367335560954e-03	7.1237742472959218891342727759538737e-01
1.8917844045885550644476357621347928e-03	7.1851148399300651743203889079355152e-01
1.8862021177925984227529863713223202e-03	7.2465456825463974356923975544951599e-01
1.8805806257953314819740547674523880e-03	7.3080678161420796225510099963899737e-01
1.8749200704465789956758089828733282e-03	7.3696822909728757991858872452597910e-01
1.8692205950109763534923249220136193e-03	7.4313901667085610172007728407743399e-01
1.8634823441758726626307692839916335e-03	7.4931925125911135286365029446984521e-01
1.8577054640593476593134007008726661e-03	7.5550904075957570189900697418482196e-01
1.8518901022183440897426273673575168e-03	7.6170849405949202856990301991052023e-01
1.8460364076569172341502716499356859e-03	7.6791772105251835886691600655332122e-01
1.8401445308346032822578535047086736e-03	7.7413683265572827568772573815777146e-01
1.8342146236749083040521289590623463e-03	7.8036594082692440509632488360471693e-01
1.8282468395739195961922259370287139e-03	7.8660515858227247580972849429551885e-01
1.8222413334090412216351558353356843e-03	7.9285460001426365344109576591879284e-01
1.8161982615478555982196504319939274e-03	7.9911438031001306141449250402762040e-01
1.8101177818571130310093688346221042e-03	8.0538461576990261757047621816869185e-01
1.8040000537118511231915397403823916e-03	8.1166542382657653954422633812307731e-01
1.7978452380046460412828941484863136e-03	8.1795692306429810326970957769722282e-01
1.7916534971549976523390200854158181e-03	8.2425923323867647770512628761241122e-01
1.7854249951188505938246567715750251e-03	8.3057247529677270535796183156026775e-01
1.7791598973982533808105031281035127e-03	8.3689677139759415269474784283560429e-01
1.7728583710511577002473809844118797e-03	8.4323224493298701734504473908998301e-01
1.7665205847013600882626138644819286e-03	8.4957902054893675045717611831889718e-01
1.7601467085485882337588534915862746e-03	8.5593722416728653295347559021619544e-01
1.7537369143787342001059920068634466e-03	8.6230698300788423409703028329689710e-01
1.7472913755742369064370515546283916e-03	8.6868842561116858006569375088576149e-01
1.7408102671246162610250298431713929e-03	8.7508168186120556949248639536636090e-01
1.7342937656371613914668030787233398e-03	8.8148688300918649254948203237509296e-01
1.7277420493477754699708125150379245e-03	8.8790416169739924051575773562227867e-01
1.7211552981319796869771663140015485e-03	8.9433365198368493428634240784961237e-01
1.7145336935160789826731160820493452e-03	9.0077548936639225337300984225062469e-01
1.7078774186884922037461749071040830e-03	9.0722981080984221206199820102522641e-01
1.7011866585112494119854597090461535e-03	9.1369675477031650699002816486415970e-01
1.6944615995316591321447227293526381e-03	9.2017646122258295095991628993661450e-01
1.6877024299941483888651313832064149e-03	9.2666907168697191184301315481852987e-01
1.6809093398522784464709604449646036e-03	9.3317472925701809343180026140000387e-01
1.6740825207809392311474907043951553e-03	9.3969357862768242765925045315936183e-01
1.6672221661887254824398643842091216e-03	9.4622576612416929526292112780952572e-01
1.6603284712304977502285872459946252e-03	9.5277143973135475533722507499140128e-01
1.6534016328201314243978794731711868e-03	9.5933074912384194390923698668036354e-01
1.6464418496434570573752606493392199e-03	9.6590384569666029834166476293012136e-01
1.6394493221713953146447979579409407e-03	9.7249088259662577869011048852442994e-01
1.6324242526732899652847167361637338e-03	9.7909201475437978982970567828863595e-01
1.6253668452304424036171994676040083e-03	9.8570739891712505995974374545135196e-01
1.6182773057498512742511721333823877e-03	9.9233719368207730276862417298890561e-01
1.6111558419781608562171400273750864e-03	9.9898155953065208290497287840241715e-01
1.6040026635158219476086904873228792e-03	1.0056406588634069183008103186253401e+00
1.5968179818314690802327931725506134e-03	1.0123146560357592892144542665945108e+00
1.5896020102765179843079405363013090e-03	1.0190037173945018835305342179019271e+00
1.5823549640999873163158150054693353e-03	1.0257080113151370918409117328901511e+00
1.5750770604635487587918922470240468e-03	1.0324277082400534751472716868836201e+00
1.5677685184568096992196809625955648e-03	1.0391629807175676637347823239436199e+00
1.5604295591128327963619240919262645e-03	1.0459140034418559089773488178875666e+00
1.5530604054238968464132256082225443e-03	1.0526809532938003017117379623398574e+00
1.5456612823575034683889660660624748e-03	1.0594640093827754925783880137673942e+00
1.5382324168726342382754909334399380e-03	1.0662633530894026026471004275094657e+00
1.5307740379362630147607396399272401e-03	1.0730791681092978980630532942037567e+00
1.5232863765401283159511195983560736e-03	1.0799116404978447217638665021968806e+00
1.5157696657177707264721334522069853e-03	1.0867609587160181300005539935760492e+00
1.5082241405618404378640668399010973e-03	1.0936273136772926729840751716409678e+00
1.5006500382416801523415729997946450e-03	1.1005108987956647890898083918205725e+00
1.4930475980211887109136971943304452e-03	1.1074119100348223523786271014794668e+00
1.4854170612769709416902438086599989e-03	1.1143305459584950255127082132756845e+00
1.4777586715167793630681316901223579e-03	1.1212670077820202263219562937301763e+00
1.4700726743982535195397298446729900e-03	1.1282214994251607182708766921895741e+00
1.4623593177479628752420777413625679e-03	1.1351942275662110849415401313522398e+00
1.4546188515807593422253366713120760e-03	1.1421854016974316485447929789895876e+00
1.4468515281194456769210333969604511e-03	1.1491952341818497446668343055146823e+00
1.4390576018147661396024547284940014e-03	1.1562239403114696723344480736760737e+00
1.4312373293657259779246134978286276e-03	1.1632717383669341025437385060096849e+00
1.4233909697402464670904063481122705e-03	1.1703388496786812522766602071451911e+00
1.4155187841961624160013240600598961e-03	1.1774254986896437174950293746111390e+00
1.4076210363025692311116408917415048e-03	1.1845319130195365105644216223680871e+00
1.3996979919615268178189414741550554e-03	1.1916583235307835680832981842818948e+00
1.3917499194301277933043314031047892e-03	1.1988049643961337873989979816285710e+00
1.3837770893429376850049718292536994e-03	1.2059720731680195175745630917597986e+00
1.3757797747348149955914274239388481e-03	1.2131598908497123768008098060556650e+00
1.3677582510641192286744256411495632e-03	1.2203686619683332969886065773608526e+00
1.3597127962363151897321375965913378e-03	1.2275986346497758114900526349247889e+00
1.3516436906279821041931012398609479e-03	1.2348500606956038077602368314216117e+00
1.3435512171112363295059972819721499e-03	1.2421231956619872676852318273096012e+00
1.3354356610785766806622935690330537e-03	1.2494182989407419189078506899277368e+00
1.3272973104681616393105832338184344e-03	1.2567356338425412256749292974096822e+00
1.3191364557895279756248295385313783e-03	1.2640754676823717626718695618364011e+00
1.3109533901497605797892207390524285e-03	1.2714380718673057454505206102104966e+00
1.3027484092801235766811120027659200e-03	1.2788237219866673421465414123856402e+00
1.2945218115631630834271682869705838e-03	1.2862326979046723692948783135195409e+00
1.2862738980602922653490875161382890e-03	1.2936652838556240861008354298903133e+00
1.2780049725398696517939591331430742e-03	1.3011217685417510532858146800830644e+00
1.2697153415057819898680757695858147e-03	1.3086024452337764217627129721911330e+00
1.2614053142265432415883660638024564e-03	1.3161076118743115704771510430747907e+00
1.2530752027649216688788623532599552e-03	1.3236375711841707297834682181860871e+00
1.2447253220081073016379134220682880e-03	1.3311926307717071151781076279812020e+00
1.2363559896984324472743040466140872e-03	1.3387731032452751650497248772559076e+00
1.2279675264646582761692696019277884e-03	1.3463793063289277348116544441302762e+00
1.2195602558538409070031665593391106e-03	1.3540115629814615584033290098575572e+00
1.2111345043637908193525102089852438e-03	1.3616702015189289573228537323432187e+00
1.2026906014761398390045003004973335e-03	1.3693555557407386683571331685875687e+00
1.1942288796900303746698256234258481e-03	1.3770679650594737859584843078203875e+00
1.1857496745564420338483548302637247e-03	1.3848077746345601864479912092057259e+00
1.1772533247131712111959081310330250e-03	1.3925753355099244323452686752636126e+00
1.1687401719204797255667873124162547e-03	1.4003710047557860603916639847236313e+00
1.1602105610974290827146118938843355e-03	1.4081951456147353513851711091158428e+00
1.1516648403589174602091114105928253e-03	1.4160481276522541798521153368595390e+00
1.1431033610534370502941634631009545e-03	1.4239303269118443639144702300012110e+00
1.1345264778015699560395535583711973e-03	1.4318421260749350986127383043177107e+00
1.1259345485352414171367633869178399e-03	1.4397839146257485786958266726749969e+00
1.1173279345377497450152918245623353e-03	1.4477560890213108199971761520731473e+00
1.1087070004845929736176259215095823e-03	1.4557590528668029937951235683885900e+00
1.1000721144851128832272563173720590e-03	1.4637932170964573192209039821797587e+00
1.0914236481249777313095847097354056e-03	1.4718590001602107395466628449347266e+00
1.0827619765095257275732381791461173e-03	1.4799568282163392653837791219072453e+00
1.0740874783079920216242291167424419e-03	1.4880871353303060294987892626585886e+00
1.0654005357986427319683376167591715e-03	1.4962503636800667940102593704185039e+00
1.0567015349148403360884755003230035e-03	1.5044469637680879130502737798289209e+00
1.0479908652920655643279447966851564e-03	1.5126773946403436165753071726682953e+00
1.0392689203159217968701638104151110e-03	1.5209421241125719801989216138599082e+00
1.0305360971711488548265631507841251e-03	1.5292416290040821204588936034029611e+00
1.0217927968916740050212917081174272e-03	1.5375763953794190462349112239547617e+00
1.0130394244117289652823415635087606e-03	1.5459469187982072493558601234243506e+00
1.0042763886180627048016980841478614e-03	1.5543537045735095780957749697417949e+00
9.9550410240328088440622124783179330e-04	1.5627972680390542568694034988086144e+00
9.8672298272034387649306720829003161e-04	1.5712781348257001481682026868161765e+00
9.7793345063825644615552160980473809e-04	1.5797968411475285566196145229395126e+00
9.6913593139898336601189771829628703e-04	1.5883539340979691121288377063837325e+00
9.6033085447562647994252255713090108e-04	1.5969499719563876059491767135805569e+00
9.5151865363190002797368320485398574e-04	1.6055855245055851616087813744410693e+00
9.4269976698294239871320780111298043e-04	1.6142611733606808784760101140398650e+00
9.3387463705750388999543962103102175e-04	1.6229775123098741715632210967984802e+00
9.2504371086155153586494172518402020e-04	1.6317351476676085352090325306353838e+00
9.1620743994333360203730264031149209e-04	1.6405346986406854753678064055270734e+00
9.0736628045994796604135669746630364e-04	1.6493767977079059873064696167674775e+00
8.9852069324546028610366335831679545e-04	1.6582620910138473121966258026460903e+00
8.8967114388061962844588043533800748e-04	1.6671912387774149053731498621486648e+00
8.8081810276422107023629851604656910e-04	1.6761649157158437179380601039064611e+00
8.7196204518616672943792231126648257e-04	1.6851838114848591687699353153925556e+00
8.6310345140227869797729279704655151e-04	1.6942486311357467133672176386705066e+00
8.5424280671091947607146413641667750e-04	1.7033600955901198584066472807068503e+00
8.4538060153147772856797071169535630e-04	1.7125189421332199981296103765383280e+00
8.3651733148477951449237695303865356e-04	1.7217259249266277460757170519026179e+00
8.2765349747548758474873871453373787e-04	1.7309818155413147035775091781068160e+00
8.1878960577655390656638567682232905e-04	1.7402874035120170613750802129216667e+00
8.0992616811579326374540282385313166e-04	1.7496434969139683069796203611383534e+00
8.0106370176464860639566265469242732e-04	1.7590509229630878616070521603756381e+00
7.9220272962922179055649395615097138e-04	1.7685105286407859713047077344999960e+00
7.8334378034364646522344063043660290e-04	1.7780231813446129250323613310106225e+00
7.7448738836588314086422226716575830e-04	1.7875897695660529908462846956696446e+00
7.6563409407601991906305274006113090e-04	1.7972112035968407004356687575175060e+00
7.5678444387716598773991360202328659e-04	1.8068884162652596527023434537014466e+00
7.4793899029902880141430000241174522e-04	1.8166223637039722625320464248010772e+00
7.3909829210426988295927120353190573e-04	1.8264140261510233012883072313450078e+00
7.3026291439773841479388063529457468e-04	1.8362644087857611505395106164690457e+00
7.2143342873868624696471994881875821e-04	1.8461745426015289534430782659066474e+00
7.1261041325607265152024747089999100e-04	1.8561454853170938803882572876034059e+00
7.0379445276707211249013224111038594e-04	1.8661783223289071610636971371537751e+00
6.9498613889890367529436131918139525e-04	1.8762741677064210663120241201874864e+00
6.8618607021410590641026807418685210e-04	1.8864341652328324062476793360590914e+00
6.7739485233938735285008115812382603e-04	1.8966594894937761730617744074317426e+00
6.6861309809818856213490393762402436e-04	1.9069513470166586025955805785231608e+00
6.5984142764709824926418736139099717e-04	1.9173109774634971491430890682190556e+00
6.5108046861627310166441663723894990e-04	1.9277396548803267493036402692695292e+00
6.4233085625401802212019088836676538e-04	1.9382386890064384847393454889535808e+00
6.3359323357569135114587212159080453e-04	1.9488094266469396489013326851445085e+00
6.2486825151710781426697247315906415e-04	1.9594532531123647172221923354235933e+00
6.1615656909262063878818989232216074e-04	1.9701715937293263957902548699439419e+00
6.0745885355807351401145249340278425e-04	1.9809659154264765217971592780883527e+00
5.9877578057882286659919540921191829e-04	1.9918377284003500295309684077335949e+00
5.9010803440304133007555792361055460e-04	2.0027885878659935957854828336922181e+00
5.8145630804052434899175816279950617e-04	2.0138200958976362763709750658527426e+00
5.7282130344723362250060097365229870e-04	2.0249339033650450253251367719696561e+00
5.6420373171582361157968948665762566e-04	2.0361317119716263099779828814619369e+00
5.5560431327241066604844731962300395e-04	2.0474152764007892655347498335400068e+00
5.4702377807985853396610314362560922e-04	2.0587864065775794842707908829466987e+00
5.3846286584786916458811330638254258e-04	2.0702469700531295051542821253569038e+00
5.2992232625018388044593705312259360e-04	2.0817988945200566918499597030004179e+00
5.2140291914921725459854857382377133e-04	2.0934441704675762802348500278864780e+00
5.1290541482846447331551266482458203e-04	2.1051848539857923090062653106464161e+00
5.0443059423304268811758443919683932e-04	2.1170230697293879050867060451124028e+00
4.9597924921874796889378401535444162e-04	2.1289610140517656632163441544043123e+00
4.8755218281003207630250048879863621e-04	2.1410009583215961082947531995737564e+00
4.7915020946732750237856221891306285e-04	2.1531452524347258231944241757439992e+00
4.7077415536417522089356931968437027e-04	2.1653963285354861375874443746337946e+00
4.6242485867463749473310916653742114e-04	2.1777567049626388246494875732543250e+00
4.5410316987150807254237768756304770e-04	2.1902289904365088646169652114657471e+00
4.4580995203586435402725441540626227e-04	2.2028158885052993116141596399130144e+00
4.3754608117854081406272572977508880e-04	2.2155202022701746370033834896228368e+00
4.2931244657414037239818212370679799e-04	2.2283448394104535416618904095628617e+00
4.2110995110824072370203792854325277e-04	2.2412928175321892596576655393051151e+00
4.1293951163849617335717911687254072e-04	2.2543672698655564718599723471631742e+00
4.0480205937038255829184608273721570e-04	2.2675714513388336640514730921662611e+00
3.9669854024838370233597824726555746e-04	2.2809087450593959861543417935723865e+00
3.8862991536347293194152867724961399e-04	2.2943826692350481202057576316084556e+00
3.8059716137780287169589978645074820e-04	2.3079968845722654941264093921014139e+00
3.7260127096758150753529405629681869e-04	2.3217552021915166518151627436879879e+00
3.6464325328518285913166662699835273e-04	2.3356615921038568985868281926698857e+00
3.5672413444161711122948881901635393e-04	2.3497201922974675512074343564398321e+00
3.4884495801056835374110152727821498e-04	2.3639353184878282960197959354895599e+00
3.4100678555529888560332774938089565e-04	2.3783114745908236763495835662891593e+00
3.3321069717981814809340580100313060e-04	2.3928533639843808521618483541650682e+00
3.2545779210582266883868725549988227e-04	2.4075659016313094976537132424043391e+00
3.1774918927703193045882802548321022e-04	2.4224542271439759650578793470108312e+00
3.1008602799267496918437880328795185e-04	2.4375237188804201561275831393980835e+00
3.0246946857202504848754007570427825e-04	2.4527800091716631324242874470446525e+00
2.9490069305203640032881725876804467e-04	2.4682290007914290700771478045857067e+00
2.8738090592030943728715451316441983e-04	2.4838768847925184434515386662401674e+00
2.7991133488580089344199162861152832e-04	2.4997301598488564938782577612547991e+00
2.7249323168990519206318310038370705e-04	2.5157956532590793619422826254657613e+00
2.6512787296076540778752938969032562e-04	2.5320805437867360652524737113642246e+00
2.5781656111392928488523369660593561e-04	2.5485923865341629291457312852193978e+00
2.5056062530275109506975385222656633e-04	2.5653391400722839637472673309952424e+00
2.4336142242225734894850450579562442e-04	2.5823291960775471221661554355518210e+00
2.3622033817054775423858232586144866e-04	2.5995714117605666188862747380104031e+00
2.2913878817219723681821554163098136e-04	2.6170751454095750125293441777732419e+00
2.2211821916856597543020497422889817e-04	2.6348502954164176116054605225890459e+00
2.1516011028041882741925828880224148e-04	2.6529073432046545548422018024286682e+00
2.0826597434881090192203300393435316e-04	2.6712574005397102492626469942052550e+00
2.0143735936082131350645829688115081e-04	2.6899122617715455006356633271437924e+00
1.9467584996742280025992905743118999e-04	2.7088844616429935778425802267500104e+00
1.8798306910157322594690424872921738e-04	2.7281873393941004186504099555573415e+00
1.8136067970552051848826785808585127e-04	2.7478351100074855452291302562700775e+00
1.7481038657734249449331067228246049e-04	2.7678429435755173941550773126216947e+00
1.6833393834791766448340453965789351e-04	2.7882270539314536478117057376939947e+00
1.6193312960086679643528562134375598e-04	2.8090047978791962224662199280412284e+00
1.5560980314954679858618065676648984e-04	2.8301947865868935372100785891538735e+00
1.4936585248695328077167980532364871e-04	2.8518170109869967826011288174707303e+00
1.4320322442643809393385985827352173e-04	2.8738929833605222948566108962666139e+00
1.3712392195352428947519915622428832e-04	2.8964458976901128924509366723574273e+00
1.3113000731186546466517380281695687e-04	2.9195008118627883407048007638010224e+00
1.2522360534962547038585018950499761e-04	2.9430848554118248524471792884504293e+00
1.1940690715634158590411311533997421e-04	2.9672274672374538920928497267812705e+00
1.1368217402479535149214464775564748e-04	2.9919606686763242765903647482244854e+00
1.0805174177769444540468039531051223e-04	3.0173193784501090883760070836376063e+00
1.0251802550524679119616034727606529e-04	3.0433417774805046770192119127700806e+00
9.7083524767211964378971055356842474e-05	3.0700697333993224276208740342632967e+00
9.1750829322033622481919024161250528e-05	3.0975492969267471816853354441103800e+00
8.6522625456559181321460114561859746e-05	3.1258312852984104768755072931936625e+00
8.1401703003114847914866034002710875e-05	3.1549719718119127306608012470347299e+00
7.6390963146943269273214298330066754e-05	3.1850339056387389385236621083748900e+00
7.1493427147037459156070125358621601e-05	3.2160868927313597374333447463586149e+00
6.6712246118290373163272506064389279e-05	3.2482091775460007260949885678706181e+00
6.2050712054058055615717232867451132e-05	3.2814888772557275205152725514556443e+00
5.7512270307643915589370039453284863e-05	3.3160257363894671661650903785075522e+00
5.3100533801504517504070887694632186e-05	3.3519332922317655143625414870201867e+00
4.8819299297829502008336077144284083e-05	3.3893415725964698537628479367653273e+00
4.4672566148727888848806117137691655e-05	3.4284004919193319772321329015123408e+00
4.0664558055937752247109841784330995e-05	3.4692841754780676278065928121448853e+00
3.6799748519477279066724269592233441e-05	3.5121965352087822939175198108106267e+00
3.3082890857814686484964802441785712e-05	3.5573785606860994412564892217962553e+00
2.9519053962869956857309809914699721e-05	3.6051180030392560513560438023849208e+00
2.6113665348418157079381901297673730e-05	3.6557624652030779886830723426292086e+00
2.2872563618794682519717317614188368e-05	3.7097374524535627332199410180254453e+00
1.9802063321732137005904370582529912e-05	3.7675718353511829718109013176202281e+00
1.6909036415762629863288615997746546e-05	3.8299347237697939305593618725894855e+00
1.4201016561029304336935087687551817e-05	3.8976905255996937199221969557642385e+00
1.1686335649108012725550624548936771e-05	3.9719841880297995829752867229295017e+00
9.3743074191041956857082289425546676e-06	4.0543790326128418940408885236432650e+00
7.2754827117829191272955467670895275e-06	4.1470918309037707669018022872523113e+00
5.4020194407606064106386945547569762e-06	4.2534214559809318137415391563996550e+00
3.7682488825621966380871638765656188e-06	4.3786012748324408896414230273812750e+00
2.3916098515816977190423628150501865e-06	4.5317048895382429294450285137855404e+00
1.2943728446430428448383048398061629e-06	4.7306884340737909921217754148228146e+00
5.9112321144734568622029790962089233e-07	5.0198059237765058505075645534084998e+00
0.0000000000000000000000000000000000e+00	9.1579852732110901698377231661828024e-06