   1.2414190000000000e-02   1.6998735230974151e+00   1.0243601368998905e+00   4.5634454801162505e-01  -1.8254952046492701e-01   1.4021949767954536e-01   4.2127145850782244e-01   1.8985541918022089e+00
   1.2248800000000001e-02  -1.7048420187261473e+00   5.8458644158637152e-01  -5.8094705841837768e-01   3.8031268856795719e-01  -7.3486840415447774e-01  -6.5560115130274760e-03   1.8592909477277237e+00
   1.1955900000000000e-02  -7.2469528309551079e-01   7.0419687351120464e-01   6.0466487924173751e-01   8.3873858304847027e-01  -7.2874729825108453e-01  -1.2918044340087478e+00   1.8532735213488842e+00
   1.1875790000000001e-02   1.1192765832608764e+00  -1.0124300793845125e+00   1.2633632018028915e+00   6.1148687981254157e-01   6.6154585123651549e-02  -1.0256603748199057e-01   1.8463853449804017e+00
   1.2630720000000000e-02   6.5169577951117008e-01   2.8868964290423405e-01   4.6060288772234637e-01   8.8630083676573213e-01   1.5867236011402370e+00   4.8685644842120362e-01   1.8808118044299353e+00
   1.1871649999999999e-02   7.3497988493104827e-01   5.1057097162520626e-01   1.4842316703831455e+00   5.1559615129624934e-03   8.9082128613605760e-01  -7.4492930850139349e-01   1.8659862019074649e+00
   1.2325259999999999e-02   8.6687754603990497e-01  -3.8006888887500656e-01   4.7804675631412286e-01   4.4605975707780426e-01  -8.6198056313819527e-01  -1.4894632758398458e+00   1.8674875882083741e+00
   1.1201569999999999e-02   8.2446614701273224e-01   4.1266164325129934e-01   9.6063088084159576e-01   1.4784802295299608e+00  -2.1197635256394751e-01   7.4593422505987506e-01   1.9094369061541905e+00
   1.1816350000000000e-02   5.9434911180048122e-01  -9.1199577507981711e-01  -1.7283860663801880e+00   1.0176987040916990e-01   2.4575956412488004e-01   2.3372853231523461e-01   1.8525457223605433e+00
   1.1544910000000000e-02  -1.7948334310537519e-02   1.2520345221329059e+00   1.2324270361512104e+00  -8.2963330071122710e-01   4.5228318634009551e-01   6.1052646901259688e-01   1.8454329537945549e+00
   1.2095240000000000e-02   2.1686276048510914e-01  -8.8371857184661884e-01  -5.7300978414193771e-01  -8.0696404299013191e-01  -6.4984985519045602e-01   1.4333508148779395e+00   1.8542469781754269e+00
   1.1651650000000000e-02   9.6999553586254261e-01   1.2248188138881346e+00   1.7084502002014601e-01   1.1592750224341724e+00  -2.6171586798063265e-02  -7.9747373424827139e-01   1.8914098006049762e+00
   1.1073049999999999e-02   2.2089828940769629e-01   1.5453655779589868e+00   4.8664964902901170e-01   4.3505832938350070e-01  -1.2232483244928360e+00   5.2514874497826791e-01   1.9295579818184383e+00
   1.1549200000000001e-02  -6.4778781067542562e-02  -6.8954924270534590e-01  -8.0792996539800077e-01   6.1160839551836721e-01   1.5989547330825382e+00  -5.8022603257319350e-01   1.8643118195212323e+00
   1.1751470000000000e-02  -7.8953133837437395e-01   9.5378409213624948e-01  -6.3934923869131999e-01   7.8254285897074916e-01   1.0786842088853730e+00  -7.1890930053136715e-01   1.8242996615492981e+00
   1.1878190000000000e-02  -9.4683540068724414e-01   1.9341672587716727e-01  -1.4503548518028000e+00  -3.1703542023434006e-01   3.8751007457648157e-01   1.0174205442414848e+00   1.8642827484577642e+00
   1.1963500000000000e-02  -4.3953255670177049e-01  -9.4082625154869939e-03   1.5860544183485432e+00   6.2727086304623114e-01   7.9741247711062380e-01   7.3017325000650657e-01   1.8472884089501589e+00
   1.1970860000000000e-02  -1.4272140589662019e+00   8.1325278744857385e-02  -9.9888783924427821e-02   7.3945991851778237e-01   1.0902666944023005e+00   6.8362383321899578e-01   1.8415144856389996e+00
   1.1976160000000000e-02   7.3481715432297179e-01   6.5841324849850125e-01  -1.2411661747831808e+00   8.9575851408927776e-01   9.6255695961618437e-01   4.0342523653239243e-01   1.8953685817535488e+00
   1.1594260000000000e-02   1.3026453816755805e+00  -2.9149824569937133e-02  -4.0565086874662820e-01  -6.6401721962067717e-01   1.4241970790737517e+00  -2.1644004054713245e-01   1.8537779372345382e+00
   1.1494700000000000e-02   3.1468409933389868e-01   1.4370805541562710e+00  -5.2251023663092555e-01  -1.2312939355427790e+00  -5.9411588532420001e-01   1.5565045377354503e-01   1.8430918587792826e+00
   1.1468930000000000e-02  -1.8183638646173395e-01   1.4579344986460365e+00  -6.5047488266175610e-02   4.2535367597350315e-01   6.4898624289133744e-01   1.3359456325076475e+00   1.9187187532418439e+00
   1.2245680000000000e-02   5.6832605872403637e-02   4.2435059223485128e-01   2.2189304560321721e-01  -1.8215837102892991e+00   6.5003522319763529e-01  -7.1079644328698854e-01   1.9234825647406848e+00
   1.1561970000000000e-02   1.4810819344633077e+00  -3.9468394497528086e-01   7.3474932639961477e-01  -9.8828132796667645e-01  -7.4877100146074099e-02  -7.4344751750169547e-01   1.8759106309925462e+00
   1.0700990000000001e-02  -2.5082704988471510e-01  -2.0749011505061712e-01  -2.5063374218897405e-01   8.8795163224516904e-01   2.3207566537784249e-01   1.8902160079358996e+00   1.8965270637691514e+00
   1.1573160000000001e-02   1.2402594991906124e+00  -3.5600524615326290e-01  -7.8807265302415452e-01  -1.3665963487700725e+00  -2.4434108897401838e-01   2.8420704349051118e-01   1.8347744815532852e+00
   1.2069300000000000e-02  -1.0718043554254344e+00   8.7853312474500511e-01   9.0256676794283530e-01  -7.9507149259457699e-01  -9.0611791402956265e-01  -2.8583695057618919e-01   1.8487759488508209e+00
   1.0859390000000000e-02  -4.9564065045775618e-01   7.5808205473218138e-01  -2.3807251367315402e-01   1.9143691265126297e+00  -9.0914838283330246e-02   2.9295100776534805e-01   1.9056417920535134e+00
   1.2753930000000000e-02   1.3667450013570854e+00   6.2894008480710084e-01  -1.0238206345833025e+00  -2.3898322354162624e-01  -3.7960526237829728e-01  -8.3958972012745503e-01   1.8650640704632575e+00
   2.6364329999999998e-02  -1.2729316636464535e-01  -2.5914215519581324e-01   1.1221747694163119e-01  -2.5459662280472417e-01   1.7439967915254578e-01  -2.4905975635718738e-01   1.0282256480880358e+00
   1.1219020000000000e-02   3.9064517194586507e-01   2.3785076310265527e-02  -7.1165135480593375e-02  -1.1520460836102511e+00  -1.5005627564101700e+00  -7.7477678080720014e-01   1.8347019219072376e+00
   1.1600220000000000e-02   3.4836135168542054e-01   3.6705204494915750e-01  -1.6116868679734478e-01  -2.3708165064783727e-02   9.0545520909159805e-01  -1.8334865995499892e+00   1.8932530639619058e+00
   1.1405510000000001e-02  -9.9962322926481828e-01  -7.7574023890144739e-01  -4.7195957489510121e-01   2.3644338276892572e-02  -1.2525125230028051e+00  -1.0164704116996561e+00   1.8642095488868564e+00
   1.0752060000000001e-02  -4.2757755761101979e-01  -4.3254291185909949e-01   1.7009353964892202e+00  -1.1607377578807829e+00   2.1031051168020901e-01   2.4973149752506744e-02   1.9091783118892953e+00
   1.2007300000000000e-02  -1.2848677270788511e-01  -6.1215640887001099e-01   4.4691125553096700e-01   1.4807210113961702e+00  -1.2201814022054163e+00  -2.3760834968826181e-01   1.8663930055952658e+00
   1.2376730000000001e-02   1.4320724320418448e+00  -1.3326369321175116e-01   3.4849777002108401e-01  -2.5189762167487882e-02  -1.4189575556163259e+00   3.7905255280312422e-01   1.8995929816784511e+00
   1.2215610000000000e-02  -7.3499199588292852e-01   9.2236237210500616e-01  -7.0871487414527246e-01  -6.0209715269235153e-01  -3.3278913405271066e-01  -1.3784525283675171e+00   1.8546375506326280e+00
   1.2527610000000000e-02  -1.2884717188087476e+00   1.6989953796672513e-01   9.5290486881307734e-01   7.6452454442782392e-01  -6.3137385590910056e-01   8.4417444861538926e-01   1.8860902773568842e+00
   1.0886560000000000e-02  -2.3719631405094682e-01  -1.8090004316940062e-01  -6.5634730561402255e-01   9.0967121788508809e-01  -1.3950127364300133e+00   1.1576057907133779e+00   1.9152180932514262e+00
   1.0927220000000000e-02   9.4982856996633225e-01   7.8296895661982469e-01  -1.1749832391531141e+00   3.8805776437271437e-03  -6.3431385038033172e-01   1.1799019061168468e+00   1.9412557872289427e+00
   1.2770500000000001e-02   3.7881839009419394e-01   2.9172425608527430e-01   1.7449793379694674e+00   1.0701397349166471e-01  -9.3590875223977510e-01  -1.6286134735942406e-01   1.8575562625561606e+00
   1.1175820000000000e-02   8.7158025476975376e-02   6.9049527903128349e-01  -4.7576105737683611e-01   4.5260313849649547e-01  -1.8018731643389569e+00  -5.7331952168507427e-01   1.8838083899839682e+00
   1.0940830000000000e-02  -7.2776027428630286e-01  -9.4434207151123484e-01   1.5202635551047512e+00   4.5321739349454160e-01  -4.0050331798890221e-01  -6.2875296923425961e-01   1.8661007973557124e+00
   1.0725790000000001e-02   1.8252654794034515e-01  -1.0846959682581248e+00   7.3734170629606843e-01  -4.3826858175403288e-01   1.2902553268718682e+00  -1.0522318557198971e+00   1.9271250469535339e+00
   1.1405260000000000e-02  -3.2824174521589999e-01  -1.1401319055761046e+00  -4.4777050717172573e-01  -1.4825995003044115e+00   8.6033605258102119e-01   2.3032367404790371e-01   1.9309760755511565e+00
   1.2868420000000000e-02   2.2323919840121179e-02  -1.2344742526002740e-02  -1.1403290813763372e+00   9.5819778901133157e-01  -2.0622872788572036e-01  -1.3687282194046761e+00   1.8435704204250110e+00
   1.2550070000000000e-02   1.8934768758625209e-01  -1.1055831511696343e+00  -1.7194576297652991e-01   1.5940758181813706e+00   4.0026157409996388e-01   4.7075539559022433e-01   1.8489977230546562e+00
   1.1666100000000000e-02   4.1990831684693786e-01  -9.1447264590394495e-01  -9.6839470667418759e-01  -9.0198755055440649e-01  -2.6046811798343509e-02  -1.3321977845115072e+00   1.9098315068379168e+00
   1.1137780000000000e-02  -2.5459350547288601e-01   1.6291850453358547e+00  -1.2236237600958713e+00   4.6501398270718747e-01  -3.5146147766629349e-01  -7.2342762209394271e-02   1.9049650766701387e+00
   1.2487320000000000e-02  -1.0147512157619250e+00  -2.5161798501432836e-01   5.2379121415005381e-01  -8.2437845507759011e-01   3.3252261371219982e-01   1.4399800417227437e+00   1.8504044137850677e+00
   1.1742490000000000e-02   5.4099399784965981e-02  -1.6091111214838321e+00   5.7449593943835064e-01  -1.0069193441299302e+00  -7.1120471254032802e-01  -2.2340420236113254e-01   1.9170834097790161e+00
   1.2348890000000000e-02  -6.0574357307772009e-01  -4.6885363040684330e-01   5.4395963086477661e-01  -3.5274261249056676e-01  -1.7332301130108312e+00   4.1424982511127084e-01   1.8432807184953137e+00
   1.0631399999999999e-02  -5.1783224106740788e-01  -4.0805182155256842e-01   7.3243438974359576e-01  -8.3350275238326399e-01  -3.1010678084823134e-01  -1.7114577969084497e+00   1.9164823531088440e+00
   1.1047690000000001e-02  -1.4578170687951197e-01  -1.7052621361199392e+00  -2.0461094976286606e-01   6.2758266374975702e-01   4.5173038629221236e-02  -1.0944396581282176e+00   1.8955851071974006e+00
   1.0224479999999999e-02   1.1521331045384147e+00   4.5088896668009845e-02  -8.6422921406458508e-01   1.4532877277265164e+00  -7.3134211636416879e-01   6.9313112734181240e-02   1.9118807333065333e+00
   1.2177479999999999e-02  -2.1882297553679597e-01  -5.4228756867537094e-02  -1.6621460405647233e+00  -4.9394541447645252e-01  -1.0813521948722775e+00  -2.4731550647698820e-02   1.8476664229016075e+00
   1.3333440000000000e-02  -1.0899453757599347e+00  -1.4394901122214332e+00  -6.1427057866395862e-01   1.1158180096212515e-01  -3.6967345157900139e-01   6.2318167079893549e-01   1.8782234482113687e+00
   1.2308790000000000e-02   4.5840296224128989e-02  -1.3041381526849405e+00   9.0515280316096036e-01   3.4126002032499569e-01  -5.4843578718431019e-01   1.1143579378480566e+00   1.8376940752201174e+00
   1.0609880000000000e-02   4.7376887275958901e-01   3.6212984702689460e-01   9.6701120755188996e-01  -1.0119422846099008e-01  -5.1559044407333365e-01   1.7454169846708709e+00   1.8866839170849588e+00
   1.2467110000000000e-02   7.2289231786961672e-01  -1.2882298625758459e+00  -6.7549394897165593e-01   2.5388639153467352e-01  -1.1946038120043951e+00  -1.3752495452715643e-01   1.8338651207451500e+00
   1.1049810000000000e-02  -7.3250923511075017e-01  -1.4800315686041894e+00   6.7476935493309576e-01   2.6343396610911518e-01   1.0922931650215597e+00   3.6681948240842110e-01   1.8983919779596083e+00
   1.2419870000000000e-02   2.4634813464067110e-02  -1.5385450832315223e-01   7.4908768086029243e-01   1.4915785969233013e+00   7.5680386068547456e-01  -9.2931359456673635e-01   1.8599525628797664e+00
   1.1993340000000000e-02  -1.3267279086466934e+00  -5.9024904797000199e-01  -9.7531389760231413e-01  -4.3768056010428558e-01   7.2436006966643540e-01  -8.6293936848318054e-01   1.9316296978835994e+00
   1.2165199999999999e-02   4.9739472409275414e-04   5.0323304741915953e-01  -1.6094466642464571e+00  -7.9872764270369090e-01   8.2728398857870100e-01  -3.7836473907261808e-01   1.8632327057038856e+00
   1.1521250000000000e-02   4.8474494440180910e-01   1.6504502353237578e+00  -1.7944936468211992e-01  -2.9748294864144553e-01   1.0711840166627129e+00  -3.7041545300747841e-01   1.8469033830305648e+00
   1.2036220000000000e-02  -9.1663855298153507e-01  -2.0065337496122920e-01  -5.7870584996484808e-01  -1.6565184499252592e+00  -5.7246845714353811e-01   4.8465180297992322e-02   1.8616582114849085e+00
   1.1611490000000000e-02  -1.1892414905532289e+00   4.3969593897406356e-01   9.5525464889687861e-01  -1.4128486083607433e-01   9.3375653667931657e-01  -1.0209350115810043e+00   1.8926409108232312e+00
   1.2266310000000001e-02   4.4259049797665090e-01   6.0571045896596876e-01  -4.7158096145152650e-01  -1.1418034373387735e+00   7.6480015597865181e-01   1.2517846089768994e+00   1.8463437442248165e+00
   1.1938209999999999e-02  -1.3180549955297318e+00   1.2030426918699146e+00  -1.9971018898912127e-01  -8.4686661058197354e-01   5.5054366643746278e-01   1.9973150563403386e-01   1.8463378656021714e+00
   1.0382390000000000e-02   9.6316807796118842e-01  -1.8068705838580226e+00  -1.6388688457475559e-01  -2.5497808433549179e-01   4.8125648698199358e-01   2.0474341354743497e-01   1.8549071655528144e+00
   1.1910710000000000e-02  -5.2772324673491422e-01   2.5595602928300520e-01   2.3886349741042337e-01  -6.1914164447507047e-01   1.9008494498575534e+00   1.8452967851789284e-01   1.8966065522516575e+00
   1.0970819999999999e-02  -7.3181360302183707e-01  -3.7584281127300007e-01  -1.5753015903370478e+00   1.1374336274064474e+00  -7.3008537623341918e-02   1.0688051513415157e-01   1.8658926865759158e+00
   1.1047180000000000e-02  -8.1101814700546104e-01   8.2471383033745727e-01  -3.0094266641608108e-01  -5.9159598852098416e-01  -1.0062539892535391e+00   1.2974756109892629e+00   1.8718335074651835e+00
   1.1641729999999999e-02   5.5512577486776893e-01   1.3071945736165196e+00   7.0641233879916054e-01  -5.8329836174400262e-01  -4.7675953728366988e-01  -1.1025671466887002e+00   1.8373796863585081e+00
   1.1399319999999999e-02   1.5690954878212504e+00  -4.8778162340647835e-01  -2.3187456833729114e-01   3.9644752629153956e-01   2.1588722749112479e-01   1.2123105646509107e+00   1.8659234368433248e+00
   1.2512090000000000e-02   8.5122411910835816e-01  -5.5284832612846524e-01   1.0032766765772827e+00  -7.3337400864219837e-01   8.8777974515443125e-01   9.4712657199389128e-01   1.8620913766001435e+00
   1.1563060000000000e-02  -6.7284752458305741e-01   1.5325291536315886e+00   9.6700575112500742e-01   6.9002923774884595e-01   3.1813744492171842e-01  -1.3515687661104631e-01   1.8531522036770125e+00
   1.1021180000000000e-02  -1.4630771816675097e+00  -5.6395103072950559e-01   6.5191700055022367e-02   1.1694783240945150e+00   1.8403356099569740e-01  -6.9632074765678476e-01   1.8306867077178339e+00
   1.0701509999999999e-02  -1.8682921241936494e+00  -6.5614427239246464e-01   5.1675302859100358e-01  -6.6057565229186654e-01  -1.9667842833706140e-02  -9.3683411586220247e-02   1.9072251498579460e+00
   1.2216700000000000e-02   1.5637047543060485e+00  -5.0074219512617291e-01  -2.5529617750238465e-01   7.6136676172392703e-01   5.5341472931229840e-01  -7.3514717804144347e-01   1.8329794477515247e+00
   1.1150670000000000e-02   4.4345773639057479e-02  -7.5724496290527699e-01  -6.6140482923653010e-01  -1.7344661783736115e-02   1.3500972331779215e+00   1.1966675898722758e+00   1.8070613967902900e+00
   1.1571610000000000e-02   4.9211629244253730e-01   1.5236152523543514e-01   7.5608320963755593e-01  -1.5650882187506958e+00  -7.4963279772043467e-01   6.9041547039645135e-01   1.8451395259754106e+00
   2.5890850000000000e-02   1.2544022608964633e-01   2.6370010758643625e-01  -1.2386848744316289e-01   2.5748266394582719e-01  -1.8045580669233807e-01   2.7015475694711411e-01   1.0260192070217879e+00
   0.0000000000000000e+00   0.0000000000000000e+00   0.0000000000000000e+00   0.0000000000000000e+00   0.0000000000000000e+00   0.0000000000000000e+00   0.0000000000000000e+00      1.8279822264799899e+00
