   1.1453840000000000e-02  -6.6698027100275592e-01   1.4274520248483447e+00  -8.0141734263708575e-01   3.0148619229678097e-01   6.2902372661545525e-01   1.0291187267779165e+00  -8.4229921383486450e-02  -1.4212747390899080e-01   3.2792009237234105e+00   1.7514707071273015e+00
   1.1590410000000001e-02  -1.2638098225479746e+00   1.7719816757552262e-01  -3.2649178319335381e-01  -7.5747841398430951e-02  -1.0885102125155695e+00  -9.6098498217451744e-01   6.7904482239830299e-01  -6.5842321691218797e-01   3.3053878835790327e+00   1.7584845431314033e+00
   1.2348840000000000e-02  -1.6411889593844906e-01  -5.7156693431236250e-01   7.9467898246703195e-02   1.2691982129003114e+00   7.0001156065238171e-02  -9.2017689097352051e-01  -9.3856222203639283e-01  -9.8106649965395454e-01   3.3109549284253776e+00   1.7604637489029125e+00
   1.1676570000000001e-02  -1.4682220569070201e+00   7.8863258199259179e-01   4.5205193212409761e-02   6.5183916863272862e-01   1.0117990101458025e+00  -6.5229946648223369e-01   1.4873134411667560e-01  -2.0458877958846450e-01   3.2906351151089108e+00   1.7547606225765260e+00
   1.2057310000000000e-02   8.4505343671568783e-02   7.7101186009736555e-01   4.5235991923410251e-01  -3.0894238389895229e-01  -1.1286718494861090e+00  -1.0043080671947930e+00   7.8606919682371845e-01   9.2322940711674029e-01   3.2952681191316850e+00   1.7561954727860507e+00
   1.1195399999999999e-02  -8.1040221938529722e-01  -1.2917986625485993e+00   2.9266157697671674e-01  -5.2349614330594596e-01  -3.9961567583393492e-01  -1.0862893784932890e+00  -8.4446958505852854e-01  -1.6214417531854705e-01   3.2906242169122311e+00   1.7544234428322738e+00
   1.2147810000000000e-02   4.5856721892219711e-02  -3.9452766021840724e-01  -2.2586447061168264e-02   1.7129019429429873e-01  -5.6714395843958132e-01   1.9718520506424486e+00   3.4863684248344440e-01  -4.2495539366048662e-01   3.3124961479105379e+00   1.7609090798093001e+00
   1.2139390000000000e-02  -1.7456933094235625e+00  -4.5145174346546307e-01   4.8260109783486427e-01  -1.0548383293649348e-01  -1.6173358307821992e-01   7.4611292823930908e-01  -3.7889254078039841e-01  -6.8131549141975956e-01   3.3069321309436446e+00   1.7593343525157801e+00
   1.2159570000000000e-02  -7.3826643356807420e-01   7.1359305047718036e-01   4.5652384820735314e-01  -1.0337591963684167e-02  -7.1129980428497230e-01  -8.0568692602944858e-01  -1.4141323070570633e+00   5.1032000049820547e-01   3.3085482884441340e+00   1.7597432723816271e+00
   1.2623530000000001e-02  -7.9183353621119856e-01  -5.6878302305100981e-01   4.5686194052488971e-01   1.2882269542193103e+00  -3.3531315217439939e-01  -8.2729672169954871e-01   2.5837340351985927e-01   9.7572074288225841e-01   3.3162941638448102e+00   1.7619944507283689e+00
   1.2673570000000000e-02   3.4361218629485418e-01   1.2660223819365766e+00   2.0978884441404436e-01  -4.9850112297271404e-01   4.3557074775252286e-01  -6.1485221957105107e-01   1.3286017316386722e+00  -5.5510155656810223e-01   3.3212513782133182e+00   1.7635734112659069e+00
   1.2277420000000001e-02   5.9742857821208595e-01  -5.4933234779069517e-01  -9.1879819565994891e-01  -1.4410829097057607e+00   1.8049925608371817e-01  -8.0216086173706236e-01   6.5452808299566478e-01   6.4630662876558132e-03   3.3158472495300608e+00   1.7618210844143616e+00
   1.2559390000000000e-02  -8.8998932322743340e-01   4.3380067495865843e-01   7.0394299772835789e-01   5.7676765911403960e-01  -3.2388995671166110e-01   5.7141667126449769e-01   1.5297560201057483e+00   1.4459962126283007e-01   3.3014527493489161e+00   1.7578696146270070e+00
   1.2276779999999999e-02  -6.3916531027270129e-01   5.0013106964492882e-01   8.4511923176625603e-01   1.4827177985065620e+00  -1.1248390874045341e-01   8.2171452538204504e-01  -6.7638913168561776e-01  -6.0297373105415532e-02   3.3257939781692851e+00   1.7646937014072992e+00
   1.2541610000000000e-02  -2.7451269275514617e-01  -4.3930940315001332e-01   3.2697993308513779e-01   6.6487164076297733e-01  -1.8846100342833005e+00   1.3453472592692725e-01  -3.5219906139501428e-01  -3.7549945351207281e-01   3.3222405797607752e+00   1.7636247413796975e+00
   1.1183230000000001e-02   1.3483105898681189e+00  -1.3148729940755379e+00  -4.2306865910523006e-01  -3.1474093425276378e-01  -7.3272429395392313e-01   4.6743441271638209e-01  -4.1516862202682475e-01  -9.1908217635318798e-02   3.2892769442381335e+00   1.7540610957247456e+00
   1.1869100000000000e-02   3.9997961007072941e-01  -4.7967542840911803e-01   1.1014399109158843e+00  -2.8263328885937394e-01   6.9848858587569485e-01  -3.7331499035057475e-01   1.3679290955610717e+00   7.1851606034570314e-01   3.3021647093667892e+00   1.7578602791309277e+00
   1.2108839999999999e-02  -2.1840939729779341e-01   1.1809854513652107e+00   8.3341512412972063e-01   2.5931212893054079e-01   5.9080702708466282e-01  -8.9164507010554950e-02   9.0141821465410166e-02   1.4521851263783514e+00   3.3001752550079777e+00   1.7575584694168918e+00
   1.2223420000000000e-02   1.3463777656852818e+00  -4.8125578828036814e-01   7.3871857201509139e-01  -1.8638861931896133e-01   7.7272790750410758e-01  -5.3029873021376783e-01   7.1286301367405783e-02  -1.0870774086263102e+00   3.3154028767146775e+00   1.7615007600556107e+00
   1.2186199999999999e-02   9.4695025418534640e-02  -1.2068560125468357e+00  -7.8673492268782896e-01  -1.4341360827999625e-01  -4.0302237767151428e-01  -1.7439942361836464e-02  -7.3690775561746524e-02  -1.5494205699226764e+00   3.3098949739584560e+00   1.7600893372204931e+00
   1.2168330000000000e-02  -1.0942335317461709e-01   6.4534843788263441e-01  -1.1755235426351794e-01  -1.2546346567295728e+00   1.3010113958301003e-01   9.4501863234217054e-01   8.3893747620169123e-01   1.0218295639845179e+00   3.3054392174056568e+00   1.7589475895749256e+00
   1.2828170000000000e-02  -1.2287554940754790e-01  -5.1369155213240758e-01  -3.9395781566345828e-01   4.3312332783020113e-01   1.2508639983865193e+00   9.8236185858959846e-01  -8.3570243323383642e-01  -8.8591163258207628e-01   3.3289413956825809e+00   1.7653850142467533e+00
   1.1768410000000000e-02   7.1430367520151328e-01   5.7321472461013356e-01  -1.4350592087824570e+00  -4.4130356295713512e-02  -8.3900338496682636e-01   1.5763456487160177e-01   7.3553236161099667e-01  -7.3115525342934495e-01   3.3043847600864185e+00   1.7583427829799791e+00
   1.2308710000000000e-02   5.7805729548806073e-01   4.3964271831689755e-01  -1.2905648873348865e+00   5.0544524472790409e-01   9.9357972691901930e-01  -5.9743075546457580e-01   5.8935130820424375e-03  -9.3291790438419664e-01   3.3099577104992184e+00   1.7602727529345279e+00
   1.1789400000000000e-02   8.4867105292832090e-01  -2.4259765555457599e-01   3.6586592637117582e-01   1.0781325072348573e+00  -9.7561810114214242e-01  -1.8349609056990879e-01   1.1912918823682326e+00  -4.3737344081155077e-01   3.2885118144669425e+00   1.7541415392696258e+00
   1.2558690000000001e-02   1.4398658947201505e-02  -5.3327210906873812e-01  -3.1745891521185537e-01  -6.4706925013462990e-01   7.9912485992028853e-02  -4.4326653410677103e-01  -3.5225977050333690e-01   1.8754985213606334e+00   3.3188404660609634e+00   1.7626748068611815e+00
   1.1988980000000000e-02  -1.5315729190540215e+00   4.2678759420580542e-01  -5.3637488823316293e-01   1.5613088358163760e-01  -7.2702153449487561e-01   2.9976821917191104e-01  -1.3028558367737658e-01   1.0861081606777054e+00   3.2936817746161946e+00   1.7554634059093619e+00
   1.0870970000000001e-02  -8.8321065984882785e-01  -1.0317020680086149e+00   4.2151193142021498e-01   4.6087536922911587e-01   1.0946701632492404e+00  -2.1943811897987733e-01   8.1268309781004466e-01  -8.0410032101191853e-01   3.2745162702166408e+00   1.7499928414767507e+00
   1.1842840000000000e-02  -2.3630349746521567e-01   1.2789151942909009e+00   4.0654239010158751e-02  -2.6691877360951682e-01  -1.3804546550956653e+00   8.4899761614009828e-01   1.6941528365423286e-01  -4.8909853528962938e-01   3.2934718352602950e+00   1.7554174380237419e+00
   1.1575790000000001e-02   1.4844751334696527e+00   3.3192252801490324e-01  -1.4925650280259405e-02   8.6441926341786735e-01  -2.8891431707360948e-01   6.7592117794055961e-01  -5.8526946995615492e-01  -8.5983666556101734e-01   3.2818327308696245e+00   1.7520969473814088e+00
   1.2241270000000000e-02  -1.5130626357553226e-01  -4.9260300697830744e-01   8.2075010488943578e-01  -1.0165788297296117e+00  -6.8160688723283347e-01   1.8276048986031879e-01   1.0536218014204954e+00  -1.0493375202271473e+00   3.3095665391252704e+00   1.7600472825713198e+00
   1.2170429999999999e-02   1.0180499324992527e+00  -1.6187274707985153e-01   8.3679361330212665e-01   8.7175484649145463e-01  -3.6103734314581604e-01  -6.7893689225530751e-01  -1.0549304072601713e+00   6.6302116275791712e-01   3.3071619494960496e+00   1.7593185068120152e+00
   1.1491470000000000e-02   4.4360320835570170e-02   5.9682473670933034e-01   4.3337635235856803e-01  -3.1047325675603948e-01  -8.1456014186771730e-02   1.5366680910937578e+00  -1.1347174157245394e+00   6.7952084435531701e-01   3.3043521204165618e+00   1.7584186597482854e+00
   1.1773650000000000e-02   2.9047515689451975e-01  -1.3298363216180937e+00   1.2783507098722664e+00   7.8597872006697123e-01  -1.5140928070959278e-02   6.4896925677985551e-01   3.2652438492847401e-02  -4.6143379187944561e-01   3.3008741601378464e+00   1.7578471621361493e+00
   1.1536520000000000e-02  -5.3264174658878660e-01  -1.1489658045799434e-01   1.9734733441354993e-01  -1.0986566913630806e+00   9.1496529133943061e-01  -8.5571531133783374e-01  -2.1433278682591145e-01  -1.2752776768473404e+00   3.3069288038377671e+00   1.7591301103159698e+00
   1.0980290000000000e-02   6.9279619330386355e-01  -9.4833413186600979e-01  -8.8987707926251824e-01   1.5892311953969014e+00   6.0845469598376840e-02   3.4920644337135520e-01   2.8060679493742025e-02   1.5423031254007455e-01   3.3076314235330742e+00   1.7589853778022091e+00
   1.1390229999999999e-02  -4.7096326976196484e-01  -1.1043798694714284e-01  -2.0963009754176201e-01  -1.7393237459945490e+00  -1.0977590458875857e+00  -1.5626536434470209e-01  -4.0096121029016280e-01  -1.2861435077129713e-01   3.2867738771014681e+00   1.7534305575715068e+00
   1.2046629999999999e-02  -5.2843123117710389e-02   4.4004407330278295e-01  -6.9829402315531064e-01   1.0488119149481103e+00   8.7582214726913066e-01  -2.9294476834983835e-01  -1.0366556746048610e+00   9.9252034734769645e-01   3.3052090383629955e+00   1.7587813493658122e+00
   1.2706139999999999e-02   1.6837586239137842e-01  -4.4232686376250885e-01  -1.2471279164895173e+00   4.3944859250382023e-01  -1.0332166536650611e+00  -1.1093883145816255e+00  -3.4473465083314936e-01   4.4128675024815045e-01   3.3072189289132186e+00   1.7593308302857997e+00
   1.2184270000000001e-02  -5.2217327353139920e-01   1.5237263973024592e-01   1.6668788047779715e+00   3.2222648282944782e-01  -2.7597298811343146e-01  -9.9708593809453849e-01   1.8245295018999610e-01  -6.2502177218040667e-01   3.2998907755674041e+00   1.7574921571921041e+00
   1.2798880000000000e-02  -3.6584123252700225e-02  -1.3438374943185614e+00   2.3708614718891136e-01  -1.3258237493183056e+00   6.0007118734430009e-01   7.7415502493159116e-01  -1.1398512909682805e-01   1.1214205232829151e-01   3.3166449222993752e+00   1.7621512927111349e+00
   1.1898489999999999e-02  -4.0892011941448581e-01  -1.1711373855981237e+00  -1.3780505539902921e-01   5.4465729511533911e-01  -3.0164899540653445e-01   5.8160859416097810e-01  -1.3906979571805478e+00   6.9276120844063882e-01   3.2954479710487625e+00   1.7561255143211381e+00
   1.1590600000000000e-02   8.5138352867812694e-01   9.4129833241397398e-01   1.6135689304890521e+00   2.8257680420842390e-01  -5.5987667326061263e-01   3.1631410788639969e-01   1.1988659585830308e-01   8.7552121146001090e-03   3.3002854548824176e+00   1.7571602017520935e+00
   1.2391559999999999e-02  -6.5369663143607493e-01  -4.2247690360282364e-01   1.3794363025016914e+00  -5.1749383652616188e-01  -8.6208172260113081e-01   5.8683991297544658e-01  -5.3547183188301956e-02   8.9510793031759783e-01   3.3156229939965494e+00   1.7618028570328006e+00
   1.0968759999999999e-02   8.6049889430577231e-01   2.5347773919748467e-01  -1.5728466444729050e-01  -6.6068255158442457e-01  -1.3968020567996731e+00   2.0240437761529234e-01  -8.2867419421478339e-01   9.2089227464863888e-01   3.2924840694853912e+00   1.7549650014793718e+00
   1.2432680000000000e-02  -2.3514635183850896e-01   2.7762326056331232e-01  -1.0220717442236358e+00   5.3358266884727812e-01   4.9363020390642426e-01  -4.4985071312272784e-01   1.3436872910182314e+00   9.7960699465369960e-01   3.3182366150736748e+00   1.7625761210808792e+00
   1.2560379999999999e-02  -8.5530979513382244e-01  -5.0019302671938093e-01  -9.6086826461314154e-02   5.0651048991030756e-01   1.0431291592439356e+00   1.1208322404653839e+00   3.3564387315760308e-01   9.5768530664390528e-01   3.3056463804159266e+00   1.7591950716758815e+00
   1.1944649999999999e-02   4.5669105957670258e-01   1.9550017581922691e-01   6.4530144336647999e-01   1.5171075068601687e+00   1.1671983309268927e+00  -3.0547815204859863e-01   5.2213806595602430e-01  -1.5122039995212911e-02   3.2946563407374305e+00   1.7561490821650438e+00
   1.2236230000000001e-02   1.7368081029545241e+00   2.0552238430458045e-01  -3.9754381158248692e-01   2.5543363105560002e-01   1.2818825297489006e-01  -7.8837142407339267e-01   4.8304164958135060e-01   7.1374139406991866e-01   3.3056865357656240e+00   1.7590771933302376e+00
   1.2000560000000000e-02  -5.7834261662856390e-01  -5.7860750630868507e-01   1.2818131035831479e+00   1.1858439343315562e-01   1.1236457607711989e+00  -2.9142393562229241e-01  -9.1956714599312406e-01   4.8478573451087165e-01   3.3189711984923882e+00   1.7627971714895732e+00
   1.2129249999999999e-02  -1.2154018102419528e-01   5.6028057772543516e-01   3.5303632927069012e-01   6.0547742894931389e-01   4.3950206114060142e-02   3.6322035867491148e-01   4.8743683508981384e-01  -1.8791775013556722e+00   3.3140955512080139e+00   1.7614698165784044e+00
   1.2036059999999999e-02   8.4554758730151405e-02   3.3730181632444839e-01   1.1094586184044632e-01  -4.2491287677047102e-02   6.4041230856658726e-01  -1.9868236200828533e+00  -2.4784305739005522e-01   3.9036745651479482e-01   3.3084986583234000e+00   1.7597118421290514e+00
   1.1855170000000000e-02   7.8653660671533643e-01  -7.9265576198812071e-01  -4.7236225037354806e-01   1.5515011862964232e-02   7.4554780521959529e-01   7.1403261935065232e-01   1.3658538100709712e+00  -5.1764276994838898e-01   3.2834716021893953e+00   1.7529192123763868e+00
   1.2478460000000000e-02   6.1581702634398094e-01   5.4583173599536217e-01  -4.9686616140034395e-01  -1.2690894329781615e+00   3.7027574078390751e-01   8.6565365870432798e-01  -3.1807871177586877e-01  -1.0727069795634225e+00   3.3196143273995014e+00   1.7630365691812337e+00
   1.1976179999999999e-02  -1.3347490379973901e+00  -2.6738591696534897e-01   3.3964625697817707e-01  -9.7197618684866327e-01   3.9294205956718387e-01  -7.4280406829249768e-01   7.5300419879000524e-01   6.8945630770149158e-01   3.2891389286790327e+00   1.7544356901021019e+00
   1.1999230000000000e-02  -1.0975859215146995e+00  -7.6803285737676985e-01  -1.3889603169002478e+00   1.4625004706994646e-02   6.9411208717651651e-01  -5.7741675832223249e-01  -3.4482706907662791e-01   5.3983993347596654e-02   3.2964671315780207e+00   1.7563502487345473e+00
   1.2765139999999999e-02   2.1600349640030803e-01  -2.8822349588516444e-01   1.0227583832043408e+00  -5.2531291243526179e-01  -4.7490591137473376e-01   4.9094941826663430e-01  -1.3256234583254631e+00  -9.7052019350896346e-01   3.3190762156916085e+00   1.7628987325992662e+00
   1.2099720000000000e-02   6.0541528251506915e-01   2.7544303521235453e-01   1.0924787592322815e+00  -1.4856863262183391e+00   3.1913599438995127e-01  -5.7200381051412530e-01  -4.5926418112633705e-01   4.5909834749432077e-01   3.3036835239500721e+00   1.7585682847354192e+00
   1.1975860000000000e-02   2.2790405759130511e-01   3.4064853787555766e-01  -2.9790150235321011e-01  -6.2313472645870571e-01   1.9592607240745872e+00  -1.6637939748244807e-01   2.9425894554481391e-01   3.4335416243705608e-01   3.3037752583825508e+00   1.7586482269496493e+00
   1.1762810000000000e-02   1.3195440540130325e+00  -2.2746019735393594e-01   5.1089999320821444e-01   4.1677621279005306e-03   1.0753274828708770e+00   8.0673129763811657e-01  -6.5105784204101835e-01   6.4377663041683231e-01   3.2952110410599360e+00   1.7559941783728401e+00
   1.2239669999999999e-02  -2.3802135058695889e-01   3.4027849032796031e-01   1.2551035628093024e+00  -4.4515160015688982e-01   1.0859665134724226e+00   1.0871241264835303e+00   3.8854764392396818e-01  -4.6865373828491252e-01   3.3043441516538232e+00   1.7587779688469525e+00
   1.2046980000000001e-02  -9.9748067944086893e-01   1.1952371331564031e-01  -9.0454998206390624e-01  -7.8898937434159422e-01   4.9441550973092541e-01   5.5182142641812859e-01   1.0977817922566697e+00  -6.9430345104199509e-01   3.3023829704650804e+00   1.7580676277802745e+00
   1.1887570000000000e-02   3.0983518068304183e-01   1.1876699876252443e+00   6.5640138358227085e-01   2.5395414940423700e-01   9.8227169647658374e-01  -2.6280007393571514e-01  -1.0897665824169480e+00  -6.9265396597814266e-01   3.2940113518926450e+00   1.7558380378770739e+00
   1.1187539999999999e-02   7.2638792705626387e-01  -6.8750021161191310e-01   5.3156808607853789e-01   5.3530352938412473e-01  -2.9521824988329942e-01   8.3674842386886628e-01   5.3763554600245700e-01   1.4757139669810362e+00   3.3126865236016441e+00   1.7605950133678705e+00
   1.0966810000000000e-02  -9.6987760314539595e-01   6.4079405001707701e-01  -6.9445413206437201e-01  -1.3328312976863824e-01  -2.8918386286381481e-01  -2.6446285782176626e-01  -1.0220486951222865e+00  -1.3048168675899474e+00   3.2704950182791697e+00   1.7489823182702104e+00
   1.2359020000000000e-02   3.6029076576247349e-02   1.4150560970517037e+00  -1.7369415873848179e-01   1.2678450992208217e+00  -5.3771215350472057e-01  -8.3823556923845755e-01   8.4851181382126037e-02  -1.9576448573829042e-01   3.3156263499165126e+00   1.7618180458953121e+00
   1.0991620000000001e-02  -6.4819691430042958e-01  -5.3814537593179457e-01  -1.3334076851607708e+00  -6.6407223399076609e-01  -7.1810548458621204e-01   1.0524933465937343e+00  -4.3740776142048854e-01   3.1837768998129949e-02   3.2773497070106967e+00   1.7507264388434181e+00
   1.2970509999999999e-02   8.4096663956040563e-01   5.3828564687133151e-01   6.2077647935890837e-02  -4.3892726294288426e-01  -9.6069559856837161e-01  -1.1369543339919663e+00  -3.3862321723392358e-01  -1.0367180858090665e+00   3.3209653933548413e+00   1.7633234761934073e+00
   1.2458350000000000e-02   7.7383680394118726e-01  -3.8687492011340946e-01  -6.4584182431323423e-01  -6.6765720727831568e-01   4.1525470572971329e-01  -6.2149520934404223e-01  -1.5682760583797883e+00  -1.3366462125016493e-01   3.3065930414201823e+00   1.7594083462703187e+00
   1.1536730000000000e-02   5.2316080295455336e-01  -1.5430028507616114e+00  -2.6075803478049780e-01   3.0187391386247964e-01   1.0661460424371503e+00  -7.2040775580773153e-01  -8.3885550551548879e-02   4.7209907187225936e-01   3.2783548657545398e+00   1.7513830157761092e+00
   1.1959120000000000e-02  -4.3791085684713460e-01   1.1393422801380655e+00  -1.3196397219616460e+00  -7.8707175470591551e-01  -8.1268598241363996e-02  -8.1141809525033126e-01  -4.5722957701244078e-02   3.9302732180286731e-01   3.3007562261917514e+00   1.7574387642613629e+00
   1.1472490000000000e-02  -7.4828932293742689e-01  -1.7220067326249970e+00  -3.0383402773709967e-01   1.0077809147865026e-01  -4.8357424602575100e-01   1.8399784337519659e-01   8.3704350389916649e-01   3.3672259383144160e-01   3.2831773501864281e+00   1.7526627428194093e+00
   1.1551990000000000e-02  -9.5502143244227211e-01   3.0872622137229383e-01  -2.8623159403362930e-01  -1.0490157071927171e+00   8.7590264060655409e-01   2.9455883842492164e-01  -1.2184660887063983e+00   4.4797457946823449e-01   3.2908794667283905e+00   1.7546466809135985e+00
   1.1132059999999999e-02   6.3535431296884007e-02  -3.9908237864608787e-01  -6.9859726928175792e-01  -4.6717361319927958e-01  -1.2496499134651622e+00   2.7251039672068789e-01   1.3470548732572423e+00   6.6330419569788857e-01   3.2901267070166771e+00   1.7542417111160522e+00
   1.1492620000000000e-02   3.5243852399251163e-01   7.4657621007388586e-01  -5.4339943098682464e-01   1.0500908972778691e+00  -9.3313150996832606e-01   6.5086249698433929e-01   9.2982274143985230e-02   1.1552446276611879e+00   3.2875509064844581e+00   1.7540048541162412e+00
   1.2216390000000001e-02   7.0173333980521913e-01  -1.5424431854742798e-01  -1.5800531277994641e+00  -2.5559986323170558e-01   5.2516501760137257e-01   8.4164753903947997e-01  -1.1301711885850159e-01   7.5931382784658263e-01   3.3040285081473439e+00   1.7584914913766796e+00
   1.1230290000000000e-02   8.3427508986781737e-02  -5.6746095800578145e-01  -4.0298578150156400e-01   4.2716449124545602e-01   4.0160522490873235e-02  -1.4765376890056052e+00   1.2062693337648536e+00  -6.6915954577664616e-01   3.2871594529400290e+00   1.7536512843024328e+00
   1.1363780000000000e-02   1.0508417912444519e+00   1.6356446732494190e+00  -3.6033975737870766e-01  -4.9114737266404351e-01   1.4450864486272738e-01  -9.5889753397305655e-02  -5.5775175911236807e-01   4.8393173176891030e-01   3.2838803344098069e+00   1.7526395573599485e+00
   1.1157550000000000e-02   8.7618246241139408e-01   1.0497795223908324e+00  -1.0824036697103569e-01   6.7485041816586999e-01   6.1794018647841220e-01   1.1087417264947803e+00   9.0987086750385304e-01   9.0987241842324720e-02   3.2957780625968902e+00   1.7559000555988549e+00
   1.2028769999999999e-02  -8.9647591208101507e-01  -9.8102270645349612e-02  -1.0122988234109611e+00   1.4057728094573518e+00  -2.9726783335569784e-01   4.5881864252718252e-01   4.7611459328720174e-01  -5.7514683441322900e-01   3.2980496966954820e+00   1.7568085261297113e+00
   1.1059540000000000e-02  -9.7094669619108154e-01   1.4470584669015087e+00   8.4233870532984112e-01  -9.8605320280897346e-01  -1.0072772557128634e-01  -1.2603507389753700e-02  -6.4611965686458106e-02  -2.9951022255931753e-01   3.2992699682045630e+00   1.7568583470225558e+00
   1.1271220000000000e-02   7.1108597932173212e-01  -1.2222232484048934e+00   8.0409148229083682e-01  -4.0323252780228902e-01  -8.8036847477606617e-01  -1.0122675263429590e+00   2.5111043336310712e-01   2.9333493199416844e-01   3.2932768364820517e+00   1.7551395032930275e+00
   1.1129350000000000e-02   1.4746384640880037e+00   1.7236926184973511e-01   4.5803635198603099e-01  -1.0161073644573495e+00  -5.0427744476396086e-01   7.1233079149812495e-01   7.3040755314986916e-01  -1.6258292269628480e-02   3.2756263089881430e+00   1.7504081041332400e+00
   1.0875940000000001e-02   2.0756082129660211e-01   5.1229811379676482e-01  -1.1131949558376304e+00   5.9315915875879788e-01  -6.4875472324475647e-01   4.5236526948910610e-01  -1.4861394040235307e+00  -2.8825215531605058e-01   3.2915912081735401e+00   1.7546958451307157e+00
   0.0000000000000000e+00   0.0000000000000000e+00   0.0000000000000000e+00   0.0000000000000000e+00   0.0000000000000000e+00   0.0000000000000000e+00   0.0000000000000000e+00   0.0000000000000000e+00   0.0000000000000000e+00   3.3018023383665569e+00   1.7578447068253338e+00
