3.8523008254423073769931158418882974e-07	-5.1015367527939049832753651299522723e+00
8.4508950107108432324973649530737557e-07	-4.8167533765505801035045096823210408e+00
1.5640606439360537084928123147857849e-06	-4.6209279166945088555067001648226780e+00
2.4680353662821165162428926889981212e-06	-4.4703746149427916483023963673885733e+00
3.5428739640977415569180694596525691e-06	-4.3473680899537637185067916844578556e+00
4.7774991671331002074512891397548730e-06	-4.2429524825988987799889683432923684e+00
6.1628038769305107915719143910709501e-06	-4.1519631684495155462554632124885433e+00
7.6910592106363173503259471180083345e-06	-4.0711451578930047421923200430756436e+00
9.3555555796851238484462187769522527e-06	-3.9983115360221166116530910208803972e+00
1.1150368153633897267810693840104638e-05	-3.9319202889364186956410113938289229e+00
1.3070195021292676820841414582660876e-05	-3.8708422523794106906624491708207290e+00
1.5110240756882787722952001510498699e-05	-3.8142250627483796985676915039468224e+00
1.7266129834116969906215535428793201e-05	-3.7614090285448032300114255029394387e+00
1.9533840478967864404385866036628680e-05	-3.7118727957156440233846491683423380e+00
2.1909652993398213996052758746602546e-05	-3.6651969620664415041718446986334440e+00
2.4390108614387406229957436316585081e-05	-3.6210389540102494121270201425580552e+00
2.6971976226408667779391886568145726e-05	-3.5791152185092010708024771812142113e+00
2.9652225048301696757900364925398535e-05	-3.5391883098530734552646521272401431e+00
3.2428001945989109582959399885555671e-05	-3.5010573375620010579147204745916654e+00
3.5296612382760957797890341473944979e-05	-3.4645507752804810260854797849283376e+00
3.8255504269430918649259765582627946e-05	-3.4295209618085733585534974438656435e+00
4.1302254154656512095733430256284499e-05	-3.3958398368335547701914530194239262e+00
4.4434555324528668826373129311739011e-05	-3.3633955921922616064080592009474055e+00
4.7650207475332460135128000094730985e-05	-3.3320900119248491568329959756743245e+00
5.0947107694202437586149530131330830e-05	-3.3018363374019059149836780173034083e+00
5.4323242536032560132847448569341451e-05	-3.2725575375513974297619781396426128e+00
5.7776681026129042672645783783611479e-05	-3.2441848950741741055121240781926084e+00
6.1305568449990961304927872235553190e-05	-3.2166568416366976544500538695732701e+00
6.4908120816598789599491316860063515e-05	-3.1899179910724627297893097867010730e+00
6.8582619901366719377326492535362230e-05	-3.1639183314167297464790617876756008e+00
7.2327408790699581353854419413583254e-05	-3.1386125453696386180894697684131546e+00
7.6140887862798402893401154143559098e-05	-3.1139594353758746725591388970899153e+00
8.0021511149659915324241228977420882e-05	-3.0899214345151972404968094943105187e+00
8.3967783033628292490147231797334241e-05	-3.0664641882349114589980673476524776e+00
8.7978255238773891586147023788950064e-05	-3.0435561949216420379075346729322578e+00
9.2051524083095356590372400942255848e-05	-3.0211684956218346431878961769789572e+00
9.6186227962302198665263860473607165e-05	-2.9992744050363980496015994177709899e+00
1.0038104503991797893568838396064154e-04	-2.9778492773515485230447088842286545e+00
1.0463469112179376412033206368129542e-04	-2.9568703016121966290859942475970043e+00
1.0894591769595208513437678238552658e-04	-2.9363163222614734622971452007187006e+00
1.1331351012108463575994634168228570e-04	-2.9161676812097271562530954883452719e+00
1.1773628594907587973765458042723235e-04	-2.8964060783963125138699245278413504e+00
1.2221309336867898317054026683129716e-04	-2.8770144482967925824297291255964012e+00
1.2674280975897832989895912722431306e-04	-2.8579768502292545358229945405124105e+00
1.3132434034257375516109094050153246e-04	-2.8392783706438304631616898525391076e+00
1.3595661692954793816194727699181638e-04	-2.8209050358529388017605771462921859e+00
1.4063859674425685201203395990373789e-04	-2.8028437338870526350360300712418702e+00
1.4536926132783592989608595170767974e-04	-2.7850821443505434786354190361602959e+00
1.5014761551006010697294329489008945e-04	-2.7676086753111887690685442535030505e+00
1.5497268644484954925453361704009525e-04	-2.7504124063907529991411768831900096e+00
1.5984352270428761532386568081659799e-04	-2.7334830373370727236828555911543343e+00
1.6475919342652430664529618182635098e-04	-2.7168108414538671271771161686515971e+00
1.6971878751338635523640800680432137e-04	-2.7003866233459615007205004846321453e+00
1.7472141287391198437458621993850604e-04	-2.6842016805071198036075512721401742e+00
1.7976619571038090649063646982353996e-04	-2.6682477683371756389887322157973681e+00
1.8485227984372396831768418030499032e-04	-2.6525170682262253239460932074854499e+00
1.8997882607547687768833471149458604e-04	-2.6370021583876209168564444851329656e+00
1.9514501158369282446722940121884973e-04	-2.6216959871594679324275457414635341e+00
2.0035002935045313660494035862652254e-04	-2.6065918485272009406201453333290660e+00
2.0559308761881649780099679424702188e-04	-2.5916833596483388006316689618948473e+00
2.1087340937722838617172230298697061e-04	-2.5769644401853449527603342587680432e+00
2.1619023186957560952337327950160165e-04	-2.5624292932741703130377325610129642e+00
2.2154280612921814540293738256242208e-04	-2.5480723879749861734640925753049671e+00
2.2693039653546371673859497883995949e-04	-2.5338884430682016968062826002932326e+00
2.3235228039107119755398089949904610e-04	-2.5198724120734267280260882977186623e+00
2.3780774751947840714771297232580602e-04	-2.5060194693818589704970424817789582e+00
2.4329609988054930897446922803824655e-04	-2.4923249974038778582917436493452385e+00
2.4881665120372613277403065104767891e-04	-2.4787845746436144843170557532792140e+00
2.5436872663755441165299432396368239e-04	-2.4653939646211079117538105145359082e+00
2.5995166241462418832866775597821856e-04	-2.4521491055704991664076774961624364e+00
2.6556480553103942113826740135149345e-04	-2.4390461008496808268540972823955621e+00
2.7120751343959055324411731478996144e-04	-2.4260812100030207262072992551471492e+00
2.7687915375586286856661156957504796e-04	-2.4132508404243064565607886495820184e+00
2.8257910397656615336145637720164083e-04	-2.4005515395719941755860816520921397e+00
2.8830675120941976587917892778539769e-04	-2.3879799876932609822207415033589534e+00
2.9406149191397189254430366086159187e-04	-2.3755329910173160009383778738603842e+00
2.9984273165277289916602953085101724e-04	-2.3632074753819745589250113313426468e+00
3.0564988485236059371043720150890035e-04	-2.3510004802606889492880692450781560e+00
3.1148237457355019363699594356638820e-04	-2.3389091531600988993494651235452710e+00
3.1733963229055409669736951650026534e-04	-2.3269307443607506179595423577570979e+00
3.2322109767848642417382523072294656e-04	-2.3150626019759664299837686993811397e+00
3.2912621840883495127623325744549248e-04	-2.3033021673059549895360951135198369e+00
3.3505444995250865158103278430695624e-04	-2.2916469704661590830473381627110301e+00
3.4100525539009283328011795782682484e-04	-2.2800946262705654196312865262262944e+00
3.4697810522896589043268937354848605e-04	-2.2686428303522674010827055645629140e+00
3.5297247722695217347316122333950640e-04	-2.2572893555049943358205194247683240e+00
3.5898785622220452783865182298343518e-04	-2.2460320482306136785395902669434669e+00
3.6502373396902777384533553031977925e-04	-2.2348688254787897441915058108329145e+00
3.7107960897937091037081264953519706e-04	-2.2237976715660546049140884270449746e+00
3.7715498636973121547408981011832757e-04	-2.2128166352625248923781371015825959e+00
3.8324937771322777622357750038097302e-04	-2.2019238270353912273567998444823743e+00
3.8936230089661538740830233631549664e-04	-2.1911174164391232197262368071662373e+00
3.9549327998202228722130965651199351e-04	-2.1803956296430797839234353635594868e+00
4.0164184507320691388730922577306670e-04	-2.1697567470878984792477726034621667e+00
4.0780753218613983134034840213430826e-04	-2.1591991012626646064204211581085866e+00
4.1398988312372724008405535781656366e-04	-2.1487210745954361577605539727002957e+00
4.2018844535450211227370564748377551e-04	-2.1383210974502291741091898054274663e+00
4.2640277189511801461102724524388696e-04	-2.1279976462240538729950470760656205e+00
4.3263242119648915177147776346995210e-04	-2.1177492415380389180596001103156144e+00
4.3887695703342811623881165006028485e-04	-2.1075744465170928574482636502168887e+00
4.4513594839764030388372641326464842e-04	-2.0974718651529311873119550785901593e+00
4.5140896939394098178772676999261198e-04	-2.0874401407456475112285696563954639e+00
4.5769559913956760644591986689639037e-04	-2.0774779544193304117502474589351511e+00
4.6399542166646621495005191206913967e-04	-2.0675840237075262283772586309802467e+00
4.7030802582643657523182026682523957e-04	-2.0577571012046240316982968531115010e+00
4.7663300519902630811019797962497024e-04	-2.0479959732794945859218202818838702e+00
4.8296995800206940607739974626798045e-04	-2.0382994588479517161982245367381941e+00
4.8931848700476949214137758761584064e-04	-2.0286664082008238002767581817323282e+00
4.9567819944323280574675646555048309e-04	-2.0190957018846265018246393406649845e+00
5.0204870693836028953985698895162679e-04	-2.0095862496320166432714036966936343e+00
5.0842962541601229695213977780291028e-04	-2.0001369893393824524258736894040335e+00
5.1482057502936336148682904896195615e-04	-1.9907468860890883786348069734961311e+00
5.2122118008336817834980360080300276e-04	-1.9814149312140442364172707046531640e+00
5.2763106896126346080696939151929283e-04	-1.9721401414024094880184007426010484e+00
5.3404987405303365958949658181441469e-04	-1.9629215578403748351246195866017821e+00
5.4047723168577168516581790167656795e-04	-1.9537582453910856984776077833975011e+00
5.4691278205586876032891150169166344e-04	-1.9446492918078863036737654874742683e+00
5.5335616916297036415707620082563545e-04	-1.9355938069801695861771067318380287e+00
5.5980704074563791717382855508262991e-04	-1.9265909222102175506711023681955363e+00
5.6626504821865841001598974149014010e-04	-1.9176397895195095942465786066090260e+00
5.7272984661194660210398532210329191e-04	-1.9087395809830631114997319119680846e+00
5.7920109451098672015032335961146088e-04	-1.8998894880904518851862554252840739e+00
5.8567845399876277580582516514307156e-04	-1.8910887211322237357645736576088607e+00
5.9216159059912870383838219544417371e-04	-1.8823365086105100315524088910977867e+00
5.9865017322157150305409260393026868e-04	-1.8736320966726862932140606457678671e+00
6.0514387410732244740271155774386688e-04	-1.8649747485670055796681352800027322e+00
6.1164236877677322969241796853239635e-04	-1.8563637441191849102436919232573994e+00
6.1814533597815561006963471049804455e-04	-1.8477983792289799303259760328205496e+00
6.2465245763744477058120775065951533e-04	-1.8392779653858346143705169827739642e+00
6.3116341880944813012025869429994709e-04	-1.8308018292027412515582720400181827e+00
6.3767790763004285498377564104688496e-04	-1.8223693119674914886128239141685014e+00
6.4419561526952671300719730562215336e-04	-1.8139797692105420085085420517133971e+00
6.5071623588704826742125375815876448e-04	-1.8056325702887586853900834924977133e+00
6.5723946658608369361219192663785851e-04	-1.7973270979843409439366268209441768e+00
6.6376500737092873106671543205565466e-04	-1.7890627481182637221805257857045909e+00
6.7029256110417545696511324444227516e-04	-1.7808389291776080355693854236229209e+00
6.7682183346514468998954853231600856e-04	-1.7726550619561828014885236381325336e+00
6.8335253290924590561228499075242850e-04	-1.7645105792078704325183724269862815e+00
6.8988437062823756993814158570778454e-04	-1.7564049253121568594633677508832981e+00
6.9641706051136178046863535276821234e-04	-1.7483375559513332095177313763315647e+00
7.0295031910732804116797431018485673e-04	-1.7403079377988814411146882894882476e+00
7.0948386558712189805182397534595489e-04	-1.7323155482185799183294909181817059e+00
7.1601742170761502217786289607403758e-04	-1.7243598749738872810020464737051013e+00
7.2255071177595415127011412396041510e-04	-1.7164404159471841128687933365549053e+00
7.2908346261470709102972415509320433e-04	-1.7085566788684719042797031491200483e+00
7.3561540352774473414789846392686217e-04	-1.7007081810531477187485542828509983e+00
7.4214626626683878072461364787530676e-04	-1.6928944491484908691354352125384493e+00
7.4867578499895553970557050201479407e-04	-1.6851150188885148507997875211283774e+00
7.5520369627422685849450587830880835e-04	-1.6773694348568538226384474622044536e+00
7.6172973899457986841705616945112177e-04	-1.6696572502573681258179276701070572e+00
7.6825365438300784847280192978942524e-04	-1.6619780266921677340110299428978164e+00
7.7477518595346510001347635840735055e-04	-1.6543313339467661845985384951499660e+00
7.8129407948136929176376330368579393e-04	-1.6467167497820904911284615091447409e+00
7.8781008297469527903317583131649155e-04	-1.6391338597330848240701488301385415e+00
7.9432294664564492407358402844928184e-04	-1.6315822569136574076884623614409374e+00
8.0083242288287794728456864833487029e-04	-1.6240615418277311514035287504331774e+00
8.0733826622428932227562257750199563e-04	-1.6165713221861690477517528459488341e+00
8.1384023333031919253106644455683631e-04	-1.6091112127293553573842214199252122e+00
8.2033808295778173441688723506117054e-04	-1.6016808350552230938368996398275619e+00
8.2683157593419982130330059379766614e-04	-1.5942798174525273446707491586821497e+00
8.3332047513263275739803792295089750e-04	-1.5869077947391725469000744479658817e+00
8.3980454544698474820134568055679484e-04	-1.5795644081054099977125941257143967e+00
8.4628355376778215797752444857335321e-04	-1.5722493049617296491669156727544465e+00
8.5275726895840797392943337868487313e-04	-1.5649621387912776292858327991771290e+00
8.5922546183178225247030782548829203e-04	-1.5577025690066379719134079587849946e+00
8.6568790512747766569042816808353987e-04	-1.5504702608108237428336207584371043e+00
8.7214437348925959636556897212382413e-04	-1.5432648850623291377976846731435065e+00
8.7859464344304054817418666989810984e-04	-1.5360861181441002160639052317458471e+00
8.8503849337523894468033605169341812e-04	-1.5289336418362877366226574290724902e+00
8.9147570351153268657497439714595438e-04	-1.5218071431926510983437946709509120e+00
8.9790605589599812210277923026291844e-04	-1.5147063144204876638669548639445223e+00
9.0432933437062536096674932515356677e-04	-1.5076308527639667833721025815654224e+00
9.1074532455520112771038984434241760e-04	-1.5005804603907526408773145879435932e+00
9.1715381382755060701979851953638318e-04	-1.4935548442818046341635097290966258e+00
9.2355459130412998093994587795296709e-04	-1.4865537161242483809070874962850230e+00
9.2994744782096159701816732315154579e-04	-1.4795767922072146285733022137778735e+00
9.3633217591490393721434232259792228e-04	-1.4726237933205473439625800128454163e+00
9.4270856980524878037693717868683969e-04	-1.4656944446562860793365247809082508e+00
9.4907642537563816648785628630667021e-04	-1.4587884757128313645918730267485935e+00
9.5543554015629397902375916963049871e-04	-1.4519056202017053673263760745794670e+00
9.6178571330655316295078681146283778e-04	-1.4450456159568234027223402735234053e+00
9.6812674559770179033454479889742695e-04	-1.4382082048461950704050463919008856e+00
9.7445843939610137356679521272216059e-04	-1.4313931326859768528555798738194268e+00
9.8078059864660100803232555224386705e-04	-1.4246001491568009362330457550905161e+00
9.8709302885622910190078997990456149e-04	-1.4178290077223078158955748397210782e+00
9.9339553707815862085556943311941220e-04	-1.4110794655498129314732473344703435e+00
9.9968793189593994018170070487794928e-04	-1.4043512834330401456933596019179446e+00
1.0059700234079955559351954548585137e-03	-1.3976442257168573426459506494334208e+00
1.0122416232123710611052576866829738e-03	-1.3909580602239517798812853901282086e+00
1.0185025443917369419492199671863335e-03	-1.3842925581833850894627382534008614e+00
1.0247526014986358942096213536724100e-03	-1.3776474941609699904205783163467153e+00
1.0309916105409704988882499597908867e-03	-1.3710226459914128532916931621903930e+00
1.0372193889677262328203765419759405e-03	-1.3644177947121682506925743441498375e+00
1.0434357556549249206240601428784252e-03	-1.3578327244989535400537642049925357e+00
1.0496405308918038618479258599887423e-03	-1.3512672226028733594415494894099402e+00
1.0558335363672159904534841365702431e-03	-1.3447210792891056783183702629360779e+00
1.0620145951562465432861308251384135e-03	-1.3381940877771027354821833320791193e+00
1.0681835317070418300479289002914204e-03	-1.3316860441822618194451792410239698e+00
1.0743401718278458096151210651300770e-03	-1.3251967474590224051745430394555896e+00
1.0804843426742402864688057432253995e-03	-1.3187259993453476582841397022357644e+00
1.0866158727365846466480653297390523e-03	-1.3122736043085497561569674538935845e+00
1.0927345918276511551060185758980610e-03	-1.3058393694924198576815338443769763e+00
1.0988403310704519357611612548709784e-03	-1.2994231046656248817624091852636171e+00
1.1049329228862538519949759938753928e-03	-1.2930246221713345318581388008152346e+00
1.1110122009827775989539744481159207e-03	-1.2866437368780432317374357354202437e+00
1.1170780003425774098679337332727603e-03	-1.2802802661315528185490434038043836e+00
1.1231301572115978667901398750253701e-03	-1.2739340297080829751923324372603671e+00
1.1291685090879043917903408512251650e-03	-1.2676048497684774767789362827466863e+00
1.1351928947105840777737371359993060e-03	-1.2612925508134753775237857355691742e+00
1.1412031540488135988432555501924700e-03	-1.2549969596400172764436423078927474e+00
1.1471991282910910185479238598254443e-03	-1.2487179052985577744376031220608679e+00
1.1531806598346283905446910635919374e-03	-1.2424552190513561732642958206562587e+00
1.1591475922749021202188950611918989e-03	-1.2362087343317183701281072962543310e+00
1.1650997703953581277313342475160172e-03	-1.2299782867041637714853223981959840e+00
1.1710370401572689228564352165925364e-03	-1.2237637138254918876575834625824746e+00
1.1769592486897397699126345469414995e-03	-1.2175648554067240772086329148089735e+00
1.1828662442798611871266522264530374e-03	-1.2113815531758966880549703482324968e+00
1.1887578763630050889793082291479592e-03	-1.2052136508416825921390247613118678e+00
1.1946339955132619425111374760259301e-03	-1.1990609940578188333378077225769517e+00
1.2004944534340163692783355491355884e-03	-1.1929234303883188052024619323282416e+00
1.2063391029486586836984791520158757e-03	-1.1868008092734480471674664730221516e+00
1.2121677979914299159639750268596681e-03	-1.1806929819964433960288449480279686e+00
1.2179803935983979235803462627048335e-03	-1.1745998016509558547206818710413861e+00
1.2237767458985622499554744961211600e-03	-1.1685211231091981436286686099485939e+00
1.2295567121050854413722248151146687e-03	-1.1624568029907784817383382332176742e+00
1.2353201505066485851662380236702686e-03	-1.1564066996322027066560861145614432e+00
1.2410669204589288820472071902511264e-03	-1.1503706730570273847587276402685257e+00
1.2467968823761971142882257553932453e-03	-1.1443485849466470861834062322895668e+00
1.2525098977230329190048672149431258e-03	-1.1383402986116995047924401316936815e+00
1.2582058290061558219931556095796910e-03	-1.1323456789640725913341642769885302e+00
1.2638845397663700326317521635198464e-03	-1.1263645924894983394381142688791594e+00
1.2695458945706210442154273002133043e-03	-1.1203969072207183194696954925047772e+00
1.2751897590041621268098420109435344e-03	-1.1144424927112064952373473314398479e+00
1.2808159996628288413362330084922853e-03	-1.1085012200094352836798606545869068e+00
1.2864244841454197441420062762748465e-03	-1.1025729616336712285239908422228506e+00
1.2920150810461814908215820970217628e-03	-1.0966575915472870560303650446064746e+00
1.2975876599473965865520980082810465e-03	-1.0907549851345772648540107486963076e+00
1.3031420914120720677307106211310379e-03	-1.0848650191770647732283228106785601e+00
1.3086782469767274362731785994406470e-03	-1.0789875718302865056111936728076178e+00
1.3141959991442802035851207791231294e-03	-1.0731225226010461480631058626238092e+00
1.3196952213770274359748531603121195e-03	-1.0672697523251226373943517155303853e+00
1.3251757880897217271661434554304612e-03	-1.0614291431454232739395409155135956e+00
1.3306375746427400566158421430659716e-03	-1.0556005784905706620925313184685792e+00
1.3360804573353440245695799091812123e-03	-1.0497839430539129868479915508066979e+00
1.3415043133990299862221844357660434e-03	-1.0439791227729474289155851954726900e+00
1.3469090209909676380110119810378459e-03	-1.0381860048091468058530440663834669e+00
1.3522944591875256389821125521690223e-03	-1.0324044775281798024447918349958382e+00
1.3576605079778828793524346558745947e-03	-1.0266344304805154205593627658509356e+00
1.3630070482577240368668172404890305e-03	-1.0208757543824025372647537459013609e+00
1.3683339618230180893363359139569529e-03	-1.0151283410972157103667823060075124e+00
1.3736411313638784788640481283618200e-03	-1.0093920836171586130503786801682049e+00
1.3789284404585036497340780990633487e-03	-1.0036668760453167142250567456962476e+00
1.3841957735671967077784593811005800e-03	-9.9795261357805104877027660785368765e-01
1.3894430160264629742607974789955568e-03	-9.9224919248772514240033468701391650e-01
1.3946700540431842319436569588661263e-03	-9.8655651010575736956815748420679659e-01
1.3998767746888684850541114191216188e-03	-9.8087446480599122993977579374174087e-01
1.4050630658939740783450972526115852e-03	-9.7520295598837622972404448135170568e-01
1.4102288164423070433845612186982104e-03	-9.6954188406295224875434579252300476e-01
1.4153739159654905626048836619488712e-03	-9.6389115043413046290120464986787435e-01
1.4204982549375054635262251942254431e-03	-9.5825065748526407434957246140243128e-01
1.4256017246693006769433675872450831e-03	-9.5262030856350227969694267415126627e-01
1.4306842173034726137499491833981577e-03	-9.4700000796492107790602811984351566e-01
1.4357456258090124354799628337665841e-03	-9.4138966091992468705898370435123206e-01
1.4407858439761202135868179220286359e-03	-9.3578917357891150078286096689773792e-01
1.4458047664110849919676051598407682e-03	-9.3019845299819867231541041858494952e-01
1.4508022885312297862865045914971841e-03	-9.2461740712619956661756001347701915e-01
1.4557783065599205722682407885212873e-03	-9.1904594478984846886898369087675482e-01
1.4607327175216383333314601477168575e-03	-9.1348397568126708125549862545219748e-01
1.4656654192371132557238894183749719e-03	-9.0793141034466747931546723113143401e-01
1.4705763103185201767168096687439564e-03	-9.0238816016348633439553284135632218e-01
1.4754652901647344084261061449080077e-03	-8.9685413734774534010743005320892849e-01
1.4803322589566470764609854397130504e-03	-8.9132925492163290820596920691935868e-01
1.4851771176525391288691441073506801e-03	-8.8581342671130232314762383712826951e-01
1.4899997679835131867581976501568834e-03	-8.8030656733288166485899718274449214e-01
1.4948001124489824235367287339348058e-03	-8.7480859218069092606005582319700874e-01
1.4995780543122156749433134827294067e-03	-8.6931941741566186395951156230744602e-01
1.5043334975959379969270003324475054e-03	-8.6383895995395623637625501826874820e-01
1.5090663470779859030163618616291081e-03	-8.5836713745577817944463150561214427e-01
1.5137765082870165270745882105722212e-03	-8.5290386831437658813227331367703888e-01
1.5184638874982699712930782233867032e-03	-8.4744907164523346193331257113635353e-01
1.5231283917293841129333210951280516e-03	-8.4200266727543427638986073553715299e-01
1.5277699287362611566940369024929125e-03	-8.3656457573321653663016527526158956e-01
1.5323884070089852326648358505356313e-03	-8.3113471823769276197922315146064285e-01
1.5369837357677903526361341762801302e-03	-8.2571301668874424098021696806308889e-01
1.5415558249590780500746006609711856e-03	-8.2029939365708198394342167564741777e-01
1.5461045852514840413506796476709175e-03	-8.1489377237447138549090202618614673e-01
1.5506299280319932578262352655864698e-03	-8.0949607672411719256539972252957756e-01
1.5551317654021026101823969434122350e-03	-8.0410623123120545409273338160472078e-01
1.5596100101740308578963924500319345e-03	-7.9872416105359920699876295496592055e-01
1.5640645758669749680674958076577878e-03	-7.9334979197268472965207507129852793e-01
1.5684953767034123588519929361061634e-03	-7.8798305038436526809730114670460657e-01
1.5729023276054484336009176657647738e-03	-7.8262386329019921272444828600516500e-01
1.5772853441912088224077200069283193e-03	-7.7727215828867977334773635752465936e-01
1.5816443427712757581713326146375226e-03	-7.7192786356665326910207455353530017e-01
1.5859792403451680244684903085401195e-03	-7.6659090789087321616338331445258599e-01
1.5902899545978639225126805584196639e-03	-7.6126122059968746111547607309094714e-01
1.5945764038963667142606727897381431e-03	-7.5593873159485567087433027684640208e-01
1.5988385072863120083159716221159487e-03	-7.5062337133349455149170295817673927e-01
1.6030761844886165646764158304365482e-03	-7.4531507082014822794388539006795896e-01
1.6072893558961680035850285832855626e-03	-7.4001376159898127521600671162971767e-01
1.6114779425705549127735223594992521e-03	-7.3471937574609194766416974415228244e-01
1.6156418662388368562408638171005249e-03	-7.2943184586194320882179167635107568e-01
1.6197810492903537963891862002663460e-03	-7.2415110506390921755631696715938838e-01
1.6238954147735744498501658879836084e-03	-7.1887708697893497882004231353196444e-01
1.6279848863929831056807148223123121e-03	-7.1360972573630691821485053573674282e-01
1.6320493885060044427913375297353608e-03	-7.0834895596053218924458104201792511e-01
1.6360888461199658914975153771315425e-03	-7.0309471276432457049868775089633149e-01
1.6401031848890970919576690523121196e-03	-6.9784693174169485713364375850365789e-01
1.6440923311115660099841757262138049e-03	-6.9260554896114369692995576047386421e-01
1.6480562117265512782900506494450186e-03	-6.8737050095895486593721922310428903e-01
1.6519947543113503386666254718594587e-03	-6.8214172473258702231084523465443603e-01
1.6559078870785229678801620685942731e-03	-6.7691915773416201942432666677557981e-01
1.6597955388730697772310416551626694e-03	-6.7170273786404790074156360143356074e-01
1.6636576391696452827410932905976711e-03	-6.6649240346453473928522437280607646e-01
1.6674941180698051498258229437134523e-03	-6.6128809331360152386881124423872277e-01
1.6713049062992872230717464924547291e-03	-6.5608974661877233260053755915365711e-01
1.6750899352053259583776148307590182e-03	-6.5089730301106007154392337138244490e-01
1.6788491367539998812348714384898262e-03	-6.4571070253899609285993508112255771e-01
1.6825824435276117013199564487365034e-03	-6.4052988566274404228445563277294326e-01
1.6862897887221007198517519100785973e-03	-6.3535479324829632043799592501203868e-01
1.6899711061444871723341693916147868e-03	-6.3018536656175157624618939923829292e-01
1.6936263302103481553591673219803264e-03	-6.2502154726367168369334426818132024e-01
1.6972553959413247920918425304934730e-03	-6.1986327740351668526003051348622787e-01
1.7008582389626602968990982165259526e-03	-6.1471049941415621673151994922846711e-01
1.7044347955007686053191193856230913e-03	-6.0956315610645595862836840107663661e-01
1.7079850023808332412027992229092951e-03	-6.0442119066393768932436578523748698e-01
1.7115087970244360983926122973936795e-03	-5.9928454663751154400068603665194369e-01
1.7150061174472158197414246482090210e-03	-5.9415316794027911195793588308012271e-01
1.7184769022565554616155153283578188e-03	-5.8902699884240603248892903447275310e-01
1.7219210906492991372747558671704695e-03	-5.8390598396606277652282775448254682e-01
1.7253386224094973376805001417133363e-03	-5.7879006828043232760367071976915122e-01
1.7287294379061806333502752746027177e-03	-5.7367919709678350148058277611448844e-01
1.7320934780911614658597848708791001e-03	-5.6857331606360866867995883998277643e-01
1.7354306844968637424889434569082989e-03	-5.6347237116182466891794970990967096e-01
1.7387409992341799523215147576263378e-03	-5.5837630870003573011048587349277696e-01
1.7420243649903555268392421194080060e-03	-5.5328507530985722806322108799790991e-01
1.7452807250269001727029101251484555e-03	-5.4819861794129914569007086932565925e-01
1.7485100231775259089862940770462866e-03	-5.4311688385820811283093262774874076e-01
1.7517122038461115456261301331655485e-03	-5.3803982063376692943074895898935439e-01
1.7548872120046933442737259265449415e-03	-5.3296737614605049601694634809762519e-01
1.7580349931914816070832438347743386e-03	-5.2789949857363709608368205758352127e-01
1.7611554935089029432496040067286375e-03	-5.2283613639127399517210963598309045e-01
1.7642486596216679673169130285569511e-03	-5.1777723836559634113850146937332622e-01
1.7673144387548641874178328601971617e-03	-5.1272275355089836933865582557787231e-01
1.7703527786920738456768353722046356e-03	-5.0767263128495593523932553281962985e-01
1.7733636277735164770172791859458163e-03	-5.0262682118489941530685528416301915e-01
1.7763469348942159565551039286520828e-03	-4.9758527314313603493089451485311414e-01
1.7793026495021918096420373138784112e-03	-4.9254793732332069962773348951277523e-01
1.7822307215966745624398968334253734e-03	-4.8751476415637442284395284075584555e-01
1.7851311017263449146661546268150830e-03	-4.8248570433654946035684258974031406e-01
1.7880037409875965198507065380135598e-03	-4.7746070881754027755330622248265780e-01
1.7908485910228221620860014328987647e-03	-4.7243972880863949177330746203209385e-01
1.7936656040187231218385739342711524e-03	-4.6742271577093794743665752991402777e-01
1.7964547327046415269207854001578894e-03	-4.6240962141356809684212959607449419e-01
1.7992159303509154881983906628661391e-03	-4.5740039768998987434431856762941382e-01
1.8019491507672568230335627532155454e-03	-4.5239499679431826608488303877873622e-01
1.8046543483011511728353507701385475e-03	-4.4739337115769179158911517136349063e-01
1.8073314778362803244113193021089412e-03	-4.4239547344468112734425217442013916e-01
1.8099804947909665480863999430443127e-03	-4.3740125654973711596041120320606996e-01
1.8126013551166387687788321607362267e-03	-4.3241067359367741768611859848055621e-01
1.8151940152963203893995154652713488e-03	-4.2742367792021107391552106720196106e-01
1.8177584323431385890711491679598902e-03	-4.2244022309250026489070956126045705e-01
1.8202945637988549217481905462275504e-03	-4.1746026288975855607715351618430961e-01
1.8228023677324170438588868621534943e-03	-4.1248375130388493967983533586773622e-01
1.8252818027385314025873812782557703e-03	-4.0751064253613298947890413459375586e-01
1.8277328279362567193680875807417589e-03	-4.0254089099381445860296090058553523e-01
1.8301554029676181060770850211340541e-03	-3.9757445128703666103169244604247824e-01
1.8325494879962416542770952340882088e-03	-3.9261127822547298853356284416751021e-01
1.8349150437060093407045427226323129e-03	-3.8765132681516592540455368237730774e-01
1.8372520312997340949801258572470245e-03	-3.8269455225536193378625945287589459e-01
1.8395604124978548782790765970248112e-03	-3.7774090993537759251157342173653989e-01
1.8418401495371516244146873868317894e-03	-3.7279035543149638235916915482566671e-01
1.8440912051694798974695398148750843e-03	-3.6784284450389552029926982983915093e-01
1.8463135426605251227539726751839759e-03	-3.6289833309360225478793157253611700e-01
1.8485071257885762504814526673990633e-03	-3.5795677731947904342023621646511775e-01
1.8506719188433187141264196323805656e-03	-3.5301813347523704328924281385279350e-01
1.8528078866246465479726158580773292e-03	-3.4808235802647735322200129730643810e-01
1.8549149944414935308696072075669492e-03	-3.4314940760775945568097066294584945e-01
1.8569932081106832256928803215321931e-03	-3.3821923901969631453326564709107182e-01
1.8590424939557977864492590818901100e-03	-3.3329180922607559310561428966820399e-01
1.8610628188060654073851158441906652e-03	-3.2836707535100646496395803347821853e-01
1.8630541499952662908406367498369653e-03	-3.2344499467609149768736320181052339e-01
1.8650164553606570129499012891310687e-03	-3.1852552463762309755032117256647467e-01
1.8669497032419131686144075804890369e-03	-3.1360862282380401048946696676037913e-01
1.8688538624800901794775580597249295e-03	-3.0869424697199138201400718722534829e-01
1.8707289024166021509001453682466675e-03	-3.0378235496596388582737828723449598e-01
1.8725747928922186661826638577831174e-03	-2.9887290483321143786441290854527033e-01
1.8743915042460794084999259903001046e-03	-2.9396585474224701921703395628824706e-01
1.8761790073147265032075820231757107e-03	-2.8906116299994013802558478228213675e-01
1.8779372734311544753493123511951533e-03	-2.8415878804887146685560660311069110e-01
1.8796662744238777193382612251059546e-03	-2.7925868846470819836436645470316158e-01
1.8813659826160153799072749238006531e-03	-2.7436082295359966819080639823494293e-01
1.8830363708243935455202538747049757e-03	-2.6946515034959279997982588233063817e-01
1.8846774123586646575119744110006512e-03	-2.6457162961206693327983759763965108e-01
1.8862890810204440402766204574950011e-03	-2.5968021982318760073418335094406329e-01
1.8878713511024634598565182433642277e-03	-2.5479088018537882652501007323787737e-01
1.8894241973877416202927093450590689e-03	-2.4990357001881352342525780797516781e-01
1.8909475951487715090885417976062853e-03	-2.4501824875892157107309519247210844e-01
1.8924415201467245051069103737939531e-03	-2.4013487595391516320597224735725996e-01
1.8939059486306711641716322043025559e-03	-2.3525341126233101658089064192567147e-01
1.8953408573368185995741917929005048e-03	-2.3037381445058903916589188615353383e-01
1.8967462234877643765992117885769366e-03	-2.2549604539056705991743814451873123e-01
1.8981220247917668420759769645765376e-03	-2.2062006405719122706154439082109236e-01
1.8994682394420318118396260167865806e-03	-2.1574583052604168627538361155707443e-01
1.9007848461160155408446894670238878e-03	-2.1087330497097315452273279651850899e-01
1.9020718239747439025159459164982778e-03	-2.0600244766175000953309697765253904e-01
1.9033291526621477057475404505702493e-03	-2.0113321896169551903261983607395507e-01
1.9045568123044140797713991806290633e-03	-1.9626557932535483783687981291534819e-01
1.9057547835093538589106176646098057e-03	-1.9139948929617140480323815974227734e-01
1.9069230473657849010131273083090197e-03	-1.8653490950417637541534966878915232e-01
1.9080615854429312751259761200627425e-03	-1.8167180066369072943651068722373545e-01
1.9091703797898382557214161228174157e-03	-1.7681012357103969662338943131071358e-01
1.9102494129348030625230816903165348e-03	-1.7194983910227914693899295404352985e-01
1.9112986678848212867042782263064985e-03	-1.6709090821093359504505226774849581e-01
1.9123181281250489459411810598933599e-03	-1.6223329192574547209087854745527772e-01
1.9133077776182801125019674165802792e-03	-1.5737695134843532094963412679061316e-01
1.9142676008044400602389623512047991e-03	-1.5252184765147257408529684979968696e-01
1.9151975826000938780251605398033183e-03	-1.4766794207585657616575054479708456e-01
1.9160977083979704988393733569674231e-03	-1.4281519592890751637073473354188788e-01
1.9169679640665020953561239914562752e-03	-1.3796357058206693807911237391107963e-01
1.9178083359493787945376476470466207e-03	-1.3311302746870749625929790719094153e-01
1.9186188108651186653563203503645535e-03	-1.2826352808195163543091567369908370e-01
1.9193993761066529353969059419397136e-03	-1.2341503397249886351597227683147422e-01
1.9201500194409263936995401901209934e-03	-1.1856750674646129925512275193439855e-01
1.9208707291085129388067238401721423e-03	-1.1372090806320717313004282897301837e-01
1.9215614938232462325711296036472766e-03	-1.0887519963321196390749862102153539e-01
1.9222223027718654218660951646068584e-03	-1.0403034321591685500539890398390338e-01
1.9228531456136758919176256711825014e-03	-9.9186300617594196876850320619966261e-02
1.9234540124802250165459123521935113e-03	-9.4343033689219663515897861715861293e-02
1.9240248939749928721661334567115856e-03	-8.9500504324350793009066922393461842e-02
1.9245657811730978839529815468478647e-03	-8.4658674457011603790834284868349080e-02
1.9250766656210173741212965761322587e-03	-7.9817506059582979909509359559903453e-02
1.9255575393363229838167139890156851e-03	-7.4976961140698520173430880050604234e-02
1.9260083948074309416456957744999837e-03	-7.0137001743145547526566560367732491e-02
1.9264292249933671534040322786212424e-03	-6.5297589941770976398194610776791876e-02
1.9268200233235470890872138166492192e-03	-6.0458687841391737083959578026784280e-02
1.9271807836975704447853019492113434e-03	-5.5620257574709457445806715001568360e-02
1.9275115004850305585794070738161350e-03	-5.0782261300229103366648233559652644e-02
1.9278121685253385610669263853389874e-03	-4.5944661200181280462604195975543857e-02
1.9280827831275622426486373203479647e-03	-4.1107419478447900541757225411911480e-02
1.9283233400702796212128978770218310e-03	-3.6270498358490917203994663918451257e-02
1.9285338356014471953508968807103173e-03	-3.1433860081283835802079784408023875e-02
1.9287142664382828697324432771456365e-03	-2.6597466903245703729955439853985448e-02
1.9288646297671635407645016756994327e-03	-2.1761281094177287670764371666710535e-02
1.9289849232435373321448884067075709e-03	-1.6925264935199145024460766359276889e-02
1.9290751449918504714115541655868066e-03	-1.2089380716691297243443401929332369e-02
1.9291352936054888000740109655482197e-03	-7.2535907362342132345832742163579303e-03
1.9291653681467339113980270049792350e-03	-2.4178572965508113375350470106609040e-03
1.9291653681467339113980270049792350e-03	2.4178572965508113375350470106609040e-03
1.9291352936054888000740109655482197e-03	7.2535907362342132345832742163579303e-03
1.9290751449918504714115541655868066e-03	1.2089380716691297243443401929332369e-02
1.9289849232435373321448884067075709e-03	1.6925264935199145024460766359276889e-02
1.9288646297671635407645016756994327e-03	2.1761281094177287670764371666710535e-02
1.9287142664382828697324432771456365e-03	2.6597466903245703729955439853985448e-02
1.9285338356014471953508968807103173e-03	3.1433860081283835802079784408023875e-02
1.9283233400702796212128978770218310e-03	3.6270498358490917203994663918451257e-02
1.9280827831275622426486373203479647e-03	4.1107419478447900541757225411911480e-02
1.9278121685253385610669263853389874e-03	4.5944661200181280462604195975543857e-02
1.9275115004850305585794070738161350e-03	5.0782261300229103366648233559652644e-02
1.9271807836975704447853019492113434e-03	5.5620257574709457445806715001568360e-02
1.9268200233235470890872138166492192e-03	6.0458687841391737083959578026784280e-02
1.9264292249933671534040322786212424e-03	6.5297589941770976398194610776791876e-02
1.9260083948074309416456957744999837e-03	7.0137001743145547526566560367732491e-02
1.9255575393363229838167139890156851e-03	7.4976961140698520173430880050604234e-02
1.9250766656210173741212965761322587e-03	7.9817506059582979909509359559903453e-02
1.9245657811730978839529815468478647e-03	8.4658674457011603790834284868349080e-02
1.9240248939749928721661334567115856e-03	8.9500504324350793009066922393461842e-02
1.9234540124802250165459123521935113e-03	9.4343033689219663515897861715861293e-02
1.9228531456136758919176256711825014e-03	9.9186300617594196876850320619966261e-02
1.9222223027718654218660951646068584e-03	1.0403034321591685500539890398390338e-01
1.9215614938232462325711296036472766e-03	1.0887519963321196390749862102153539e-01
1.9208707291085129388067238401721423e-03	1.1372090806320717313004282897301837e-01
1.9201500194409263936995401901209934e-03	1.1856750674646129925512275193439855e-01
1.9193993761066529353969059419397136e-03	1.2341503397249886351597227683147422e-01
1.9186188108651186653563203503645535e-03	1.2826352808195163543091567369908370e-01
1.9178083359493787945376476470466207e-03	1.3311302746870749625929790719094153e-01
1.9169679640665020953561239914562752e-03	1.3796357058206693807911237391107963e-01
1.9160977083979704988393733569674231e-03	1.4281519592890751637073473354188788e-01
1.9151975826000938780251605398033183e-03	1.4766794207585657616575054479708456e-01
1.9142676008044400602389623512047991e-03	1.5252184765147257408529684979968696e-01
1.9133077776182801125019674165802792e-03	1.5737695134843532094963412679061316e-01
1.9123181281250489459411810598933599e-03	1.6223329192574547209087854745527772e-01
1.9112986678848212867042782263064985e-03	1.6709090821093359504505226774849581e-01
1.9102494129348030625230816903165348e-03	1.7194983910227914693899295404352985e-01
1.9091703797898382557214161228174157e-03	1.7681012357103969662338943131071358e-01
1.9080615854429312751259761200627425e-03	1.8167180066369072943651068722373545e-01
1.9069230473657849010131273083090197e-03	1.8653490950417637541534966878915232e-01
1.9057547835093538589106176646098057e-03	1.9139948929617140480323815974227734e-01
1.9045568123044140797713991806290633e-03	1.9626557932535483783687981291534819e-01
1.9033291526621477057475404505702493e-03	2.0113321896169551903261983607395507e-01
1.9020718239747439025159459164982778e-03	2.0600244766175000953309697765253904e-01
1.9007848461160155408446894670238878e-03	2.1087330497097315452273279651850899e-01
1.8994682394420318118396260167865806e-03	2.1574583052604168627538361155707443e-01
1.8981220247917668420759769645765376e-03	2.2062006405719122706154439082109236e-01
1.8967462234877643765992117885769366e-03	2.2549604539056705991743814451873123e-01
1.8953408573368185995741917929005048e-03	2.3037381445058903916589188615353383e-01
1.8939059486306711641716322043025559e-03	2.3525341126233101658089064192567147e-01
1.8924415201467245051069103737939531e-03	2.4013487595391516320597224735725996e-01
1.8909475951487715090885417976062853e-03	2.4501824875892157107309519247210844e-01
1.8894241973877416202927093450590689e-03	2.4990357001881352342525780797516781e-01
1.8878713511024634598565182433642277e-03	2.5479088018537882652501007323787737e-01
1.8862890810204440402766204574950011e-03	2.5968021982318760073418335094406329e-01
1.8846774123586646575119744110006512e-03	2.6457162961206693327983759763965108e-01
1.8830363708243935455202538747049757e-03	2.6946515034959279997982588233063817e-01
1.8813659826160153799072749238006531e-03	2.7436082295359966819080639823494293e-01
1.8796662744238777193382612251059546e-03	2.7925868846470819836436645470316158e-01
1.8779372734311544753493123511951533e-03	2.8415878804887146685560660311069110e-01
1.8761790073147265032075820231757107e-03	2.8906116299994013802558478228213675e-01
1.8743915042460794084999259903001046e-03	2.9396585474224701921703395628824706e-01
1.8725747928922186661826638577831174e-03	2.9887290483321143786441290854527033e-01
1.8707289024166021509001453682466675e-03	3.0378235496596388582737828723449598e-01
1.8688538624800901794775580597249295e-03	3.0869424697199138201400718722534829e-01
1.8669497032419131686144075804890369e-03	3.1360862282380401048946696676037913e-01
1.8650164553606570129499012891310687e-03	3.1852552463762309755032117256647467e-01
1.8630541499952662908406367498369653e-03	3.2344499467609149768736320181052339e-01
1.8610628188060654073851158441906652e-03	3.2836707535100646496395803347821853e-01
1.8590424939557977864492590818901100e-03	3.3329180922607559310561428966820399e-01
1.8569932081106832256928803215321931e-03	3.3821923901969631453326564709107182e-01
1.8549149944414935308696072075669492e-03	3.4314940760775945568097066294584945e-01
1.8528078866246465479726158580773292e-03	3.4808235802647735322200129730643810e-01
1.8506719188433187141264196323805656e-03	3.5301813347523704328924281385279350e-01
1.8485071257885762504814526673990633e-03	3.5795677731947904342023621646511775e-01
1.8463135426605251227539726751839759e-03	3.6289833309360225478793157253611700e-01
1.8440912051694798974695398148750843e-03	3.6784284450389552029926982983915093e-01
1.8418401495371516244146873868317894e-03	3.7279035543149638235916915482566671e-01
1.8395604124978548782790765970248112e-03	3.7774090993537759251157342173653989e-01
1.8372520312997340949801258572470245e-03	3.8269455225536193378625945287589459e-01
1.8349150437060093407045427226323129e-03	3.8765132681516592540455368237730774e-01
1.8325494879962416542770952340882088e-03	3.9261127822547298853356284416751021e-01
1.8301554029676181060770850211340541e-03	3.9757445128703666103169244604247824e-01
1.8277328279362567193680875807417589e-03	4.0254089099381445860296090058553523e-01
1.8252818027385314025873812782557703e-03	4.0751064253613298947890413459375586e-01
1.8228023677324170438588868621534943e-03	4.1248375130388493967983533586773622e-01
1.8202945637988549217481905462275504e-03	4.1746026288975855607715351618430961e-01
1.8177584323431385890711491679598902e-03	4.2244022309250026489070956126045705e-01
1.8151940152963203893995154652713488e-03	4.2742367792021107391552106720196106e-01
1.8126013551166387687788321607362267e-03	4.3241067359367741768611859848055621e-01
1.8099804947909665480863999430443127e-03	4.3740125654973711596041120320606996e-01
1.8073314778362803244113193021089412e-03	4.4239547344468112734425217442013916e-01
1.8046543483011511728353507701385475e-03	4.4739337115769179158911517136349063e-01
1.8019491507672568230335627532155454e-03	4.5239499679431826608488303877873622e-01
1.7992159303509154881983906628661391e-03	4.5740039768998987434431856762941382e-01
1.7964547327046415269207854001578894e-03	4.6240962141356809684212959607449419e-01
1.7936656040187231218385739342711524e-03	4.6742271577093794743665752991402777e-01
1.7908485910228221620860014328987647e-03	4.7243972880863949177330746203209385e-01
1.7880037409875965198507065380135598e-03	4.7746070881754027755330622248265780e-01
1.7851311017263449146661546268150830e-03	4.8248570433654946035684258974031406e-01
1.7822307215966745624398968334253734e-03	4.8751476415637442284395284075584555e-01
1.7793026495021918096420373138784112e-03	4.9254793732332069962773348951277523e-01
1.7763469348942159565551039286520828e-03	4.9758527314313603493089451485311414e-01
1.7733636277735164770172791859458163e-03	5.0262682118489941530685528416301915e-01
1.7703527786920738456768353722046356e-03	5.0767263128495593523932553281962985e-01
1.7673144387548641874178328601971617e-03	5.1272275355089836933865582557787231e-01
1.7642486596216679673169130285569511e-03	5.1777723836559634113850146937332622e-01
1.7611554935089029432496040067286375e-03	5.2283613639127399517210963598309045e-01
1.7580349931914816070832438347743386e-03	5.2789949857363709608368205758352127e-01
1.7548872120046933442737259265449415e-03	5.3296737614605049601694634809762519e-01
1.7517122038461115456261301331655485e-03	5.3803982063376692943074895898935439e-01
1.7485100231775259089862940770462866e-03	5.4311688385820811283093262774874076e-01
1.7452807250269001727029101251484555e-03	5.4819861794129914569007086932565925e-01
1.7420243649903555268392421194080060e-03	5.5328507530985722806322108799790991e-01
1.7387409992341799523215147576263378e-03	5.5837630870003573011048587349277696e-01
1.7354306844968637424889434569082989e-03	5.6347237116182466891794970990967096e-01
1.7320934780911614658597848708791001e-03	5.6857331606360866867995883998277643e-01
1.7287294379061806333502752746027177e-03	5.7367919709678350148058277611448844e-01
1.7253386224094973376805001417133363e-03	5.7879006828043232760367071976915122e-01
1.7219210906492991372747558671704695e-03	5.8390598396606277652282775448254682e-01
1.7184769022565554616155153283578188e-03	5.8902699884240603248892903447275310e-01
1.7150061174472158197414246482090210e-03	5.9415316794027911195793588308012271e-01
1.7115087970244360983926122973936795e-03	5.9928454663751154400068603665194369e-01
1.7079850023808332412027992229092951e-03	6.0442119066393768932436578523748698e-01
1.7044347955007686053191193856230913e-03	6.0956315610645595862836840107663661e-01
1.7008582389626602968990982165259526e-03	6.1471049941415621673151994922846711e-01
1.6972553959413247920918425304934730e-03	6.1986327740351668526003051348622787e-01
1.6936263302103481553591673219803264e-03	6.2502154726367168369334426818132024e-01
1.6899711061444871723341693916147868e-03	6.3018536656175157624618939923829292e-01
1.6862897887221007198517519100785973e-03	6.3535479324829632043799592501203868e-01
1.6825824435276117013199564487365034e-03	6.4052988566274404228445563277294326e-01
1.6788491367539998812348714384898262e-03	6.4571070253899609285993508112255771e-01
1.6750899352053259583776148307590182e-03	6.5089730301106007154392337138244490e-01
1.6713049062992872230717464924547291e-03	6.5608974661877233260053755915365711e-01
1.6674941180698051498258229437134523e-03	6.6128809331360152386881124423872277e-01
1.6636576391696452827410932905976711e-03	6.6649240346453473928522437280607646e-01
1.6597955388730697772310416551626694e-03	6.7170273786404790074156360143356074e-01
1.6559078870785229678801620685942731e-03	6.7691915773416201942432666677557981e-01
1.6519947543113503386666254718594587e-03	6.8214172473258702231084523465443603e-01
1.6480562117265512782900506494450186e-03	6.8737050095895486593721922310428903e-01
1.6440923311115660099841757262138049e-03	6.9260554896114369692995576047386421e-01
1.6401031848890970919576690523121196e-03	6.9784693174169485713364375850365789e-01
1.6360888461199658914975153771315425e-03	7.0309471276432457049868775089633149e-01
1.6320493885060044427913375297353608e-03	7.0834895596053218924458104201792511e-01
1.6279848863929831056807148223123121e-03	7.1360972573630691821485053573674282e-01
1.6238954147735744498501658879836084e-03	7.1887708697893497882004231353196444e-01
1.6197810492903537963891862002663460e-03	7.2415110506390921755631696715938838e-01
1.6156418662388368562408638171005249e-03	7.2943184586194320882179167635107568e-01
1.6114779425705549127735223594992521e-03	7.3471937574609194766416974415228244e-01
1.6072893558961680035850285832855626e-03	7.4001376159898127521600671162971767e-01
1.6030761844886165646764158304365482e-03	7.4531507082014822794388539006795896e-01
1.5988385072863120083159716221159487e-03	7.5062337133349455149170295817673927e-01
1.5945764038963667142606727897381431e-03	7.5593873159485567087433027684640208e-01
1.5902899545978639225126805584196639e-03	7.6126122059968746111547607309094714e-01
1.5859792403451680244684903085401195e-03	7.6659090789087321616338331445258599e-01
1.5816443427712757581713326146375226e-03	7.7192786356665326910207455353530017e-01
1.5772853441912088224077200069283193e-03	7.7727215828867977334773635752465936e-01
1.5729023276054484336009176657647738e-03	7.8262386329019921272444828600516500e-01
1.5684953767034123588519929361061634e-03	7.8798305038436526809730114670460657e-01
1.5640645758669749680674958076577878e-03	7.9334979197268472965207507129852793e-01
1.5596100101740308578963924500319345e-03	7.9872416105359920699876295496592055e-01
1.5551317654021026101823969434122350e-03	8.0410623123120545409273338160472078e-01
1.5506299280319932578262352655864698e-03	8.0949607672411719256539972252957756e-01
1.5461045852514840413506796476709175e-03	8.1489377237447138549090202618614673e-01
1.5415558249590780500746006609711856e-03	8.2029939365708198394342167564741777e-01
1.5369837357677903526361341762801302e-03	8.2571301668874424098021696806308889e-01
1.5323884070089852326648358505356313e-03	8.3113471823769276197922315146064285e-01
1.5277699287362611566940369024929125e-03	8.3656457573321653663016527526158956e-01
1.5231283917293841129333210951280516e-03	8.4200266727543427638986073553715299e-01
1.5184638874982699712930782233867032e-03	8.4744907164523346193331257113635353e-01
1.5137765082870165270745882105722212e-03	8.5290386831437658813227331367703888e-01
1.5090663470779859030163618616291081e-03	8.5836713745577817944463150561214427e-01
1.5043334975959379969270003324475054e-03	8.6383895995395623637625501826874820e-01
1.4995780543122156749433134827294067e-03	8.6931941741566186395951156230744602e-01
1.4948001124489824235367287339348058e-03	8.7480859218069092606005582319700874e-01
1.4899997679835131867581976501568834e-03	8.8030656733288166485899718274449214e-01
1.4851771176525391288691441073506801e-03	8.8581342671130232314762383712826951e-01
1.4803322589566470764609854397130504e-03	8.9132925492163290820596920691935868e-01
1.4754652901647344084261061449080077e-03	8.9685413734774534010743005320892849e-01
1.4705763103185201767168096687439564e-03	9.0238816016348633439553284135632218e-01
1.4656654192371132557238894183749719e-03	9.0793141034466747931546723113143401e-01
1.4607327175216383333314601477168575e-03	9.1348397568126708125549862545219748e-01
1.4557783065599205722682407885212873e-03	9.1904594478984846886898369087675482e-01
1.4508022885312297862865045914971841e-03	9.2461740712619956661756001347701915e-01
1.4458047664110849919676051598407682e-03	9.3019845299819867231541041858494952e-01
1.4407858439761202135868179220286359e-03	9.3578917357891150078286096689773792e-01
1.4357456258090124354799628337665841e-03	9.4138966091992468705898370435123206e-01
1.4306842173034726137499491833981577e-03	9.4700000796492107790602811984351566e-01
1.4256017246693006769433675872450831e-03	9.5262030856350227969694267415126627e-01
1.4204982549375054635262251942254431e-03	9.5825065748526407434957246140243128e-01
1.4153739159654905626048836619488712e-03	9.6389115043413046290120464986787435e-01
1.4102288164423070433845612186982104e-03	9.6954188406295224875434579252300476e-01
1.4050630658939740783450972526115852e-03	9.7520295598837622972404448135170568e-01
1.3998767746888684850541114191216188e-03	9.8087446480599122993977579374174087e-01
1.3946700540431842319436569588661263e-03	9.8655651010575736956815748420679659e-01
1.3894430160264629742607974789955568e-03	9.9224919248772514240033468701391650e-01
1.3841957735671967077784593811005800e-03	9.9795261357805104877027660785368765e-01
1.3789284404585036497340780990633487e-03	1.0036668760453167142250567456962476e+00
1.3736411313638784788640481283618200e-03	1.0093920836171586130503786801682049e+00
1.3683339618230180893363359139569529e-03	1.0151283410972157103667823060075124e+00
1.3630070482577240368668172404890305e-03	1.0208757543824025372647537459013609e+00
1.3576605079778828793524346558745947e-03	1.0266344304805154205593627658509356e+00
1.3522944591875256389821125521690223e-03	1.0324044775281798024447918349958382e+00
1.3469090209909676380110119810378459e-03	1.0381860048091468058530440663834669e+00
1.3415043133990299862221844357660434e-03	1.0439791227729474289155851954726900e+00
1.3360804573353440245695799091812123e-03	1.0497839430539129868479915508066979e+00
1.3306375746427400566158421430659716e-03	1.0556005784905706620925313184685792e+00
1.3251757880897217271661434554304612e-03	1.0614291431454232739395409155135956e+00
1.3196952213770274359748531603121195e-03	1.0672697523251226373943517155303853e+00
1.3141959991442802035851207791231294e-03	1.0731225226010461480631058626238092e+00
1.3086782469767274362731785994406470e-03	1.0789875718302865056111936728076178e+00
1.3031420914120720677307106211310379e-03	1.0848650191770647732283228106785601e+00
1.2975876599473965865520980082810465e-03	1.0907549851345772648540107486963076e+00
1.2920150810461814908215820970217628e-03	1.0966575915472870560303650446064746e+00
1.2864244841454197441420062762748465e-03	1.1025729616336712285239908422228506e+00
1.2808159996628288413362330084922853e-03	1.1085012200094352836798606545869068e+00
1.2751897590041621268098420109435344e-03	1.1144424927112064952373473314398479e+00
1.2695458945706210442154273002133043e-03	1.1203969072207183194696954925047772e+00
1.2638845397663700326317521635198464e-03	1.1263645924894983394381142688791594e+00
1.2582058290061558219931556095796910e-03	1.1323456789640725913341642769885302e+00
1.2525098977230329190048672149431258e-03	1.1383402986116995047924401316936815e+00
1.2467968823761971142882257553932453e-03	1.1443485849466470861834062322895668e+00
1.2410669204589288820472071902511264e-03	1.1503706730570273847587276402685257e+00
1.2353201505066485851662380236702686e-03	1.1564066996322027066560861145614432e+00
1.2295567121050854413722248151146687e-03	1.1624568029907784817383382332176742e+00
1.2237767458985622499554744961211600e-03	1.1685211231091981436286686099485939e+00
1.2179803935983979235803462627048335e-03	1.1745998016509558547206818710413861e+00
1.2121677979914299159639750268596681e-03	1.1806929819964433960288449480279686e+00
1.2063391029486586836984791520158757e-03	1.1868008092734480471674664730221516e+00
1.2004944534340163692783355491355884e-03	1.1929234303883188052024619323282416e+00
1.1946339955132619425111374760259301e-03	1.1990609940578188333378077225769517e+00
1.1887578763630050889793082291479592e-03	1.2052136508416825921390247613118678e+00
1.1828662442798611871266522264530374e-03	1.2113815531758966880549703482324968e+00
1.1769592486897397699126345469414995e-03	1.2175648554067240772086329148089735e+00
1.1710370401572689228564352165925364e-03	1.2237637138254918876575834625824746e+00
1.1650997703953581277313342475160172e-03	1.2299782867041637714853223981959840e+00
1.1591475922749021202188950611918989e-03	1.2362087343317183701281072962543310e+00
1.1531806598346283905446910635919374e-03	1.2424552190513561732642958206562587e+00
1.1471991282910910185479238598254443e-03	1.2487179052985577744376031220608679e+00
1.1412031540488135988432555501924700e-03	1.2549969596400172764436423078927474e+00
1.1351928947105840777737371359993060e-03	1.2612925508134753775237857355691742e+00
1.1291685090879043917903408512251650e-03	1.2676048497684774767789362827466863e+00
1.1231301572115978667901398750253701e-03	1.2739340297080829751923324372603671e+00
1.1170780003425774098679337332727603e-03	1.2802802661315528185490434038043836e+00
1.1110122009827775989539744481159207e-03	1.2866437368780432317374357354202437e+00
1.1049329228862538519949759938753928e-03	1.2930246221713345318581388008152346e+00
1.0988403310704519357611612548709784e-03	1.2994231046656248817624091852636171e+00
1.0927345918276511551060185758980610e-03	1.3058393694924198576815338443769763e+00
1.0866158727365846466480653297390523e-03	1.3122736043085497561569674538935845e+00
1.0804843426742402864688057432253995e-03	1.3187259993453476582841397022357644e+00
1.0743401718278458096151210651300770e-03	1.3251967474590224051745430394555896e+00
1.0681835317070418300479289002914204e-03	1.3316860441822618194451792410239698e+00
1.0620145951562465432861308251384135e-03	1.3381940877771027354821833320791193e+00
1.0558335363672159904534841365702431e-03	1.3447210792891056783183702629360779e+00
1.0496405308918038618479258599887423e-03	1.3512672226028733594415494894099402e+00
1.0434357556549249206240601428784252e-03	1.3578327244989535400537642049925357e+00
1.0372193889677262328203765419759405e-03	1.3644177947121682506925743441498375e+00
1.0309916105409704988882499597908867e-03	1.3710226459914128532916931621903930e+00
1.0247526014986358942096213536724100e-03	1.3776474941609699904205783163467153e+00
1.0185025443917369419492199671863335e-03	1.3842925581833850894627382534008614e+00
1.0122416232123710611052576866829738e-03	1.3909580602239517798812853901282086e+00
1.0059700234079955559351954548585137e-03	1.3976442257168573426459506494334208e+00
9.9968793189593994018170070487794928e-04	1.4043512834330401456933596019179446e+00
9.9339553707815862085556943311941220e-04	1.4110794655498129314732473344703435e+00
9.8709302885622910190078997990456149e-04	1.4178290077223078158955748397210782e+00
9.8078059864660100803232555224386705e-04	1.4246001491568009362330457550905161e+00
9.7445843939610137356679521272216059e-04	1.4313931326859768528555798738194268e+00
9.6812674559770179033454479889742695e-04	1.4382082048461950704050463919008856e+00
9.6178571330655316295078681146283778e-04	1.4450456159568234027223402735234053e+00
9.5543554015629397902375916963049871e-04	1.4519056202017053673263760745794670e+00
9.4907642537563816648785628630667021e-04	1.4587884757128313645918730267485935e+00
9.4270856980524878037693717868683969e-04	1.4656944446562860793365247809082508e+00
9.3633217591490393721434232259792228e-04	1.4726237933205473439625800128454163e+00
9.2994744782096159701816732315154579e-04	1.4795767922072146285733022137778735e+00
9.2355459130412998093994587795296709e-04	1.4865537161242483809070874962850230e+00
9.1715381382755060701979851953638318e-04	1.4935548442818046341635097290966258e+00
9.1074532455520112771038984434241760e-04	1.5005804603907526408773145879435932e+00
9.0432933437062536096674932515356677e-04	1.5076308527639667833721025815654224e+00
8.9790605589599812210277923026291844e-04	1.5147063144204876638669548639445223e+00
8.9147570351153268657497439714595438e-04	1.5218071431926510983437946709509120e+00
8.8503849337523894468033605169341812e-04	1.5289336418362877366226574290724902e+00
8.7859464344304054817418666989810984e-04	1.5360861181441002160639052317458471e+00
8.7214437348925959636556897212382413e-04	1.5432648850623291377976846731435065e+00
8.6568790512747766569042816808353987e-04	1.5504702608108237428336207584371043e+00
8.5922546183178225247030782548829203e-04	1.5577025690066379719134079587849946e+00
8.5275726895840797392943337868487313e-04	1.5649621387912776292858327991771290e+00
8.4628355376778215797752444857335321e-04	1.5722493049617296491669156727544465e+00
8.3980454544698474820134568055679484e-04	1.5795644081054099977125941257143967e+00
8.3332047513263275739803792295089750e-04	1.5869077947391725469000744479658817e+00
8.2683157593419982130330059379766614e-04	1.5942798174525273446707491586821497e+00
8.2033808295778173441688723506117054e-04	1.6016808350552230938368996398275619e+00
8.1384023333031919253106644455683631e-04	1.6091112127293553573842214199252122e+00
8.0733826622428932227562257750199563e-04	1.6165713221861690477517528459488341e+00
8.0083242288287794728456864833487029e-04	1.6240615418277311514035287504331774e+00
7.9432294664564492407358402844928184e-04	1.6315822569136574076884623614409374e+00
7.8781008297469527903317583131649155e-04	1.6391338597330848240701488301385415e+00
7.8129407948136929176376330368579393e-04	1.6467167497820904911284615091447409e+00
7.7477518595346510001347635840735055e-04	1.6543313339467661845985384951499660e+00
7.6825365438300784847280192978942524e-04	1.6619780266921677340110299428978164e+00
7.6172973899457986841705616945112177e-04	1.6696572502573681258179276701070572e+00
7.5520369627422685849450587830880835e-04	1.6773694348568538226384474622044536e+00
7.4867578499895553970557050201479407e-04	1.6851150188885148507997875211283774e+00
7.4214626626683878072461364787530676e-04	1.6928944491484908691354352125384493e+00
7.3561540352774473414789846392686217e-04	1.7007081810531477187485542828509983e+00
7.2908346261470709102972415509320433e-04	1.7085566788684719042797031491200483e+00
7.2255071177595415127011412396041510e-04	1.7164404159471841128687933365549053e+00
7.1601742170761502217786289607403758e-04	1.7243598749738872810020464737051013e+00
7.0948386558712189805182397534595489e-04	1.7323155482185799183294909181817059e+00
7.0295031910732804116797431018485673e-04	1.7403079377988814411146882894882476e+00
6.9641706051136178046863535276821234e-04	1.7483375559513332095177313763315647e+00
6.8988437062823756993814158570778454e-04	1.7564049253121568594633677508832981e+00
6.8335253290924590561228499075242850e-04	1.7645105792078704325183724269862815e+00
6.7682183346514468998954853231600856e-04	1.7726550619561828014885236381325336e+00
6.7029256110417545696511324444227516e-04	1.7808389291776080355693854236229209e+00
6.6376500737092873106671543205565466e-04	1.7890627481182637221805257857045909e+00
6.5723946658608369361219192663785851e-04	1.7973270979843409439366268209441768e+00
6.5071623588704826742125375815876448e-04	1.8056325702887586853900834924977133e+00
6.4419561526952671300719730562215336e-04	1.8139797692105420085085420517133971e+00
6.3767790763004285498377564104688496e-04	1.8223693119674914886128239141685014e+00
6.3116341880944813012025869429994709e-04	1.8308018292027412515582720400181827e+00
6.2465245763744477058120775065951533e-04	1.8392779653858346143705169827739642e+00
6.1814533597815561006963471049804455e-04	1.8477983792289799303259760328205496e+00
6.1164236877677322969241796853239635e-04	1.8563637441191849102436919232573994e+00
6.0514387410732244740271155774386688e-04	1.8649747485670055796681352800027322e+00
5.9865017322157150305409260393026868e-04	1.8736320966726862932140606457678671e+00
5.9216159059912870383838219544417371e-04	1.8823365086105100315524088910977867e+00
5.8567845399876277580582516514307156e-04	1.8910887211322237357645736576088607e+00
5.7920109451098672015032335961146088e-04	1.8998894880904518851862554252840739e+00
5.7272984661194660210398532210329191e-04	1.9087395809830631114997319119680846e+00
5.6626504821865841001598974149014010e-04	1.9176397895195095942465786066090260e+00
5.5980704074563791717382855508262991e-04	1.9265909222102175506711023681955363e+00
5.5335616916297036415707620082563545e-04	1.9355938069801695861771067318380287e+00
5.4691278205586876032891150169166344e-04	1.9446492918078863036737654874742683e+00
5.4047723168577168516581790167656795e-04	1.9537582453910856984776077833975011e+00
5.3404987405303365958949658181441469e-04	1.9629215578403748351246195866017821e+00
5.2763106896126346080696939151929283e-04	1.9721401414024094880184007426010484e+00
5.2122118008336817834980360080300276e-04	1.9814149312140442364172707046531640e+00
5.1482057502936336148682904896195615e-04	1.9907468860890883786348069734961311e+00
5.0842962541601229695213977780291028e-04	2.0001369893393824524258736894040335e+00
5.0204870693836028953985698895162679e-04	2.0095862496320166432714036966936343e+00
4.9567819944323280574675646555048309e-04	2.0190957018846265018246393406649845e+00
4.8931848700476949214137758761584064e-04	2.0286664082008238002767581817323282e+00
4.8296995800206940607739974626798045e-04	2.0382994588479517161982245367381941e+00
4.7663300519902630811019797962497024e-04	2.0479959732794945859218202818838702e+00
4.7030802582643657523182026682523957e-04	2.0577571012046240316982968531115010e+00
4.6399542166646621495005191206913967e-04	2.0675840237075262283772586309802467e+00
4.5769559913956760644591986689639037e-04	2.0774779544193304117502474589351511e+00
4.5140896939394098178772676999261198e-04	2.0874401407456475112285696563954639e+00
4.4513594839764030388372641326464842e-04	2.0974718651529311873119550785901593e+00
4.3887695703342811623881165006028485e-04	2.1075744465170928574482636502168887e+00
4.3263242119648915177147776346995210e-04	2.1177492415380389180596001103156144e+00
4.2640277189511801461102724524388696e-04	2.1279976462240538729950470760656205e+00
4.2018844535450211227370564748377551e-04	2.1383210974502291741091898054274663e+00
4.1398988312372724008405535781656366e-04	2.1487210745954361577605539727002957e+00
4.0780753218613983134034840213430826e-04	2.1591991012626646064204211581085866e+00
4.0164184507320691388730922577306670e-04	2.1697567470878984792477726034621667e+00
3.9549327998202228722130965651199351e-04	2.1803956296430797839234353635594868e+00
3.8936230089661538740830233631549664e-04	2.1911174164391232197262368071662373e+00
3.8324937771322777622357750038097302e-04	2.2019238270353912273567998444823743e+00
3.7715498636973121547408981011832757e-04	2.2128166352625248923781371015825959e+00
3.7107960897937091037081264953519706e-04	2.2237976715660546049140884270449746e+00
3.6502373396902777384533553031977925e-04	2.2348688254787897441915058108329145e+00
3.5898785622220452783865182298343518e-04	2.2460320482306136785395902669434669e+00
3.5297247722695217347316122333950640e-04	2.2572893555049943358205194247683240e+00
3.4697810522896589043268937354848605e-04	2.2686428303522674010827055645629140e+00
3.4100525539009283328011795782682484e-04	2.2800946262705654196312865262262944e+00
3.3505444995250865158103278430695624e-04	2.2916469704661590830473381627110301e+00
3.2912621840883495127623325744549248e-04	2.3033021673059549895360951135198369e+00
3.2322109767848642417382523072294656e-04	2.3150626019759664299837686993811397e+00
3.1733963229055409669736951650026534e-04	2.3269307443607506179595423577570979e+00
3.1148237457355019363699594356638820e-04	2.3389091531600988993494651235452710e+00
3.0564988485236059371043720150890035e-04	2.3510004802606889492880692450781560e+00
2.9984273165277289916602953085101724e-04	2.3632074753819745589250113313426468e+00
2.9406149191397189254430366086159187e-04	2.3755329910173160009383778738603842e+00
2.8830675120941976587917892778539769e-04	2.3879799876932609822207415033589534e+00
2.8257910397656615336145637720164083e-04	2.4005515395719941755860816520921397e+00
2.7687915375586286856661156957504796e-04	2.4132508404243064565607886495820184e+00
2.7120751343959055324411731478996144e-04	2.4260812100030207262072992551471492e+00
2.6556480553103942113826740135149345e-04	2.4390461008496808268540972823955621e+00
2.5995166241462418832866775597821856e-04	2.4521491055704991664076774961624364e+00
2.5436872663755441165299432396368239e-04	2.4653939646211079117538105145359082e+00
2.4881665120372613277403065104767891e-04	2.4787845746436144843170557532792140e+00
2.4329609988054930897446922803824655e-04	2.4923249974038778582917436493452385e+00
2.3780774751947840714771297232580602e-04	2.5060194693818589704970424817789582e+00
2.3235228039107119755398089949904610e-04	2.5198724120734267280260882977186623e+00
2.2693039653546371673859497883995949e-04	2.5338884430682016968062826002932326e+00
2.2154280612921814540293738256242208e-04	2.5480723879749861734640925753049671e+00
2.1619023186957560952337327950160165e-04	2.5624292932741703130377325610129642e+00
2.1087340937722838617172230298697061e-04	2.5769644401853449527603342587680432e+00
2.0559308761881649780099679424702188e-04	2.5916833596483388006316689618948473e+00
2.0035002935045313660494035862652254e-04	2.6065918485272009406201453333290660e+00
1.9514501158369282446722940121884973e-04	2.6216959871594679324275457414635341e+00
1.8997882607547687768833471149458604e-04	2.6370021583876209168564444851329656e+00
1.8485227984372396831768418030499032e-04	2.6525170682262253239460932074854499e+00
1.7976619571038090649063646982353996e-04	2.6682477683371756389887322157973681e+00
1.7472141287391198437458621993850604e-04	2.6842016805071198036075512721401742e+00
1.6971878751338635523640800680432137e-04	2.7003866233459615007205004846321453e+00
1.6475919342652430664529618182635098e-04	2.7168108414538671271771161686515971e+00
1.5984352270428761532386568081659799e-04	2.7334830373370727236828555911543343e+00
1.5497268644484954925453361704009525e-04	2.7504124063907529991411768831900096e+00
1.5014761551006010697294329489008945e-04	2.7676086753111887690685442535030505e+00
1.4536926132783592989608595170767974e-04	2.7850821443505434786354190361602959e+00
1.4063859674425685201203395990373789e-04	2.8028437338870526350360300712418702e+00
1.3595661692954793816194727699181638e-04	2.8209050358529388017605771462921859e+00
1.3132434034257375516109094050153246e-04	2.8392783706438304631616898525391076e+00
1.2674280975897832989895912722431306e-04	2.8579768502292545358229945405124105e+00
1.2221309336867898317054026683129716e-04	2.8770144482967925824297291255964012e+00
1.1773628594907587973765458042723235e-04	2.8964060783963125138699245278413504e+00
1.1331351012108463575994634168228570e-04	2.9161676812097271562530954883452719e+00
1.0894591769595208513437678238552658e-04	2.9363163222614734622971452007187006e+00
1.0463469112179376412033206368129542e-04	2.9568703016121966290859942475970043e+00
1.0038104503991797893568838396064154e-04	2.9778492773515485230447088842286545e+00
9.6186227962302198665263860473607165e-05	2.9992744050363980496015994177709899e+00
9.2051524083095356590372400942255848e-05	3.0211684956218346431878961769789572e+00
8.7978255238773891586147023788950064e-05	3.0435561949216420379075346729322578e+00
8.3967783033628292490147231797334241e-05	3.0664641882349114589980673476524776e+00
8.0021511149659915324241228977420882e-05	3.0899214345151972404968094943105187e+00
7.6140887862798402893401154143559098e-05	3.1139594353758746725591388970899153e+00
7.2327408790699581353854419413583254e-05	3.1386125453696386180894697684131546e+00
6.8582619901366719377326492535362230e-05	3.1639183314167297464790617876756008e+00
6.4908120816598789599491316860063515e-05	3.1899179910724627297893097867010730e+00
6.1305568449990961304927872235553190e-05	3.2166568416366976544500538695732701e+00
5.7776681026129042672645783783611479e-05	3.2441848950741741055121240781926084e+00
5.4323242536032560132847448569341451e-05	3.2725575375513974297619781396426128e+00
5.0947107694202437586149530131330830e-05	3.3018363374019059149836780173034083e+00
4.7650207475332460135128000094730985e-05	3.3320900119248491568329959756743245e+00
4.4434555324528668826373129311739011e-05	3.3633955921922616064080592009474055e+00
4.1302254154656512095733430256284499e-05	3.3958398368335547701914530194239262e+00
3.8255504269430918649259765582627946e-05	3.4295209618085733585534974438656435e+00
3.5296612382760957797890341473944979e-05	3.4645507752804810260854797849283376e+00
3.2428001945989109582959399885555671e-05	3.5010573375620010579147204745916654e+00
2.9652225048301696757900364925398535e-05	3.5391883098530734552646521272401431e+00
2.6971976226408667779391886568145726e-05	3.5791152185092010708024771812142113e+00
2.4390108614387406229957436316585081e-05	3.6210389540102494121270201425580552e+00
2.1909652993398213996052758746602546e-05	3.6651969620664415041718446986334440e+00
1.9533840478967864404385866036628680e-05	3.7118727957156440233846491683423380e+00
1.7266129834116969906215535428793201e-05	3.7614090285448032300114255029394387e+00
1.5110240756882787722952001510498699e-05	3.8142250627483796985676915039468224e+00
1.3070195021292676820841414582660876e-05	3.8708422523794106906624491708207290e+00
1.1150368153633897267810693840104638e-05	3.9319202889364186956410113938289229e+00
9.3555555796851238484462187769522527e-06	3.9983115360221166116530910208803972e+00
7.6910592106363173503259471180083345e-06	4.0711451578930047421923200430756436e+00
6.1628038769305107915719143910709501e-06	4.1519631684495155462554632124885433e+00
4.7774991671331002074512891397548730e-06	4.2429524825988987799889683432923684e+00
3.5428739640977415569180694596525691e-06	4.3473680899537637185067916844578556e+00
2.4680353662821165162428926889981212e-06	4.4703746149427916483023963673885733e+00
1.5640606439360537084928123147857849e-06	4.6209279166945088555067001648226780e+00
8.4508950107108432324973649530737557e-07	4.8167533765505801035045096823210408e+00
3.8523008254423073769931158418882974e-07	5.1015367527939049832753651299522723e+00
0.0000000000000000000000000000000000e+00	6.7503402698386851162015420336415096e-06