   1.1022870000000001e-02   1.7461764699461237e+00   6.9870139778008511e-01   1.1238455871505182e-01  -7.6577727359730530e-01   2.1111087688460720e-01   4.6686178681499019e-01   1.8313280480141840e+00
   1.1028840000000000e-02  -1.6032706940083215e+00   6.0792355392396724e-01  -9.2890170578162479e-01   4.3399969930270088e-01  -5.5805603060579512e-01  -2.0656436921588558e-01   1.7987974977284491e+00
   1.0176599999999999e-02  -1.1692942046573109e+00   3.8254897847441111e-01   3.7678506536109185e-01   9.1988270742758083e-01  -5.1741286950493015e-01  -1.3454992621954558e+00   1.8259044694796138e+00
   1.1890619999999999e-02   7.5445479211383581e-01  -1.1968579806935900e+00   1.3860459548413340e+00   6.1003450445048046e-01   9.7639628570103248e-02   4.1204134524899558e-02   1.8354063924841160e+00
   1.0473200000000000e-02   1.6830096993530144e-01  -2.9483143836649978e-01   4.4954439537307062e-01   1.1152364580148730e+00   1.6240062098811405e+00   3.8304346503826170e-01   1.7903595536660295e+00
   1.1215200000000000e-02   1.1297165099881874e+00   6.4294442021575027e-01   1.2290485854748652e+00   2.0788064792050320e-01   1.0666985805165516e+00  -4.7752705611472612e-01   1.9165758987978967e+00
   1.1355530000000001e-02   5.2752981300801671e-01  -2.9301648548370995e-01   6.3739454894259873e-01   3.0372084324102716e-01  -7.2858000599814687e-01  -1.7175796512410098e+00   1.8167452630728971e+00
   9.5718200000000000e-03   1.0000272393443255e+00   3.2211835386307752e-01   9.3501659169282925e-01   1.5032876482086228e+00   1.3339625395045043e-01   7.7622944448746345e-01   1.9050563015393693e+00
   1.0167080000000000e-02   1.1222478845569388e+00  -4.4337055132277980e-01  -1.7849003165558031e+00   9.3835768372003636e-02   1.3786140043948086e-01   4.1099630879027621e-01   1.9373007547372374e+00
   1.0199210000000000e-02   7.4535623406919188e-02   1.2528894573248248e+00   1.0869094879253638e+00  -1.0564713434143698e+00   6.9710112262587121e-01   4.3398975104650428e-01   1.8246340988244598e+00
   1.0819090000000000e-02  -3.5290255611907839e-01  -5.5549467369091188e-01  -4.9682754839393545e-01  -6.9673790962012727e-01  -1.5340173978666645e+00   9.2987843053605734e-01   1.8200952337404834e+00
   9.9005199999999995e-03   7.0271266240915853e-01   1.2334119694924677e+00   1.0636132716990881e-01   1.1991989059684418e+00  -1.2722384432725353e-01  -1.1656313832732783e+00   1.8948812844762788e+00
   9.2341300000000001e-03   9.6648194772146945e-01   1.7882214816060158e+00   1.9576607679318583e-01   4.5234880807504563e-01  -4.1792610635713878e-01   5.5800574961169047e-01   1.8683300933123179e+00
   1.0436140000000000e-02   4.6078740384539893e-02  -8.0698302001554334e-01  -9.1122664396243669e-01   6.7525629641840679e-01   1.4197815071364015e+00  -6.8793789046989084e-01   1.7931775931117311e+00
   1.0951799999999999e-02  -6.6735841621990333e-01   9.8541801836362430e-01  -4.2798113655746656e-01   9.6653779242525617e-01   1.1090916810898293e+00  -7.3796654554432073e-01   1.7882646897520758e+00
   1.0201540000000000e-02  -1.2315931747556876e+00  -5.5648328687180136e-02  -1.2907642868717928e+00  -3.7038852063829031e-01   3.7936700082875735e-01   1.0891056284736795e+00   1.8693820860780654e+00
   1.0887819999999999e-02  -5.5229010680250890e-01   2.8075191257061771e-01   1.7253651475742122e+00   4.4944529036923009e-01   7.8875889984893466e-01   5.9970713186909785e-01   1.8708870840536871e+00
   1.1208900000000001e-02  -1.7301399763114949e+00   3.3230749898740297e-01   3.9546500765244064e-01   5.5470974480978252e-01   7.6431272134057082e-01   3.5649183472756391e-01   1.7956287227635983e+00
   1.0997939999999999e-02   1.1585341354062706e+00   7.4401359939065970e-01  -7.2957444111015912e-01   9.3922745757173476e-01   1.0641506556499134e+00   1.8346462254179657e-01   1.8482288570079526e+00
   1.0109079999999999e-02   1.2761996178736046e+00  -1.1294196553981303e-01  -4.6940130600420088e-01  -6.4041855879929066e-01   1.5010521207735661e+00  -3.1721018163434217e-01   1.8434401796631033e+00
   1.0444020000000000e-02  -7.4725050148908928e-02   1.5181524751373736e+00  -3.9547787320748912e-01  -1.2067161657537842e+00  -7.3154048117893111e-01   6.5142817201545480e-02   1.8135179449230345e+00
   1.1018180000000001e-02  -2.1675973161964637e-01   1.3327876041953777e+00   2.3893560928710623e-02   4.3447319827523456e-01   1.0340177331636233e+00   1.1995110242177118e+00   1.8583148289736848e+00
   1.2050109999999999e-02   1.8187847871373033e-01   4.1963643660299377e-01   4.6492103236798615e-02  -1.7065365615849779e+00   5.8922335284142890e-01  -8.3939460169206237e-01   1.7953702388359110e+00
   1.1074720000000000e-02   1.4156508980431728e+00  -6.7340070429489840e-01   5.1952994743334258e-01  -9.2042082645922751e-01  -3.3926696563415042e-03  -8.6612844346921836e-01   1.7997217558811192e+00
   1.1605360000000000e-02  -6.0049903590176090e-01  -3.8220949640154989e-01   2.3578286757803466e-01   9.3211766880122571e-01   2.0885700538621002e-01   1.6453513904847470e+00   1.7863316233154831e+00
   1.0049000000000001e-02   8.8087868621475862e-01  -6.2614116788055385e-01  -9.9584310060962389e-01  -1.5763978768291753e+00  -1.9840043383319991e-01   1.9599048748053996e-01   1.8731110037297707e+00
   1.2468760000000001e-02  -1.1991200802611486e+00   6.3935076083870834e-01   8.8843223933535509e-01  -7.6546178092618189e-01  -9.8870840134010440e-01  -1.7397291055010641e-01   1.8421903388333831e+00
   1.1195930000000000e-02  -3.4983391861946539e-01   8.5989014978830725e-01  -1.2040464028831023e-01   1.8214051567823037e+00  -1.8037258837440329e-01   4.4446193749626489e-01   1.8391867659303172e+00
   1.1828409999999999e-02   1.3511348416196376e+00   6.8811534031171018e-01  -9.3630845275423247e-01  -3.1899133548263398e-01  -3.2936600862959076e-01  -9.8943902282205554e-01   1.8450423998946235e+00
   2.1681880000000001e-02  -3.4538022341802915e-01  -4.5989478250800958e-01   1.1783482299864639e-01  -7.3030275596026609e-02  -1.4742060323360284e-01  -1.9993939522379639e-01   9.9531823968681277e-01
   1.0492550000000000e-02   3.8383819855097273e-01  -1.5287663137936608e-02  -1.3443724920185962e-01  -1.2208592118090307e+00  -1.3971766182533845e+00  -8.8058988534278604e-01   1.7811114210670280e+00
   1.0990550000000000e-02   3.5599549787327134e-01   2.2986096574277995e-01  -1.5720687858669524e-01   3.4862762951198063e-02   9.5415932127917658e-01  -1.7881578811303096e+00   1.7926634569982933e+00
   1.0430119999999999e-02  -1.0057227955605763e+00  -7.8101536350371059e-01  -4.9615860991178745e-01   1.0462723008756689e-01  -1.4325021067990593e+00  -9.2491909978802245e-01   1.9142196091551542e+00
   1.0572649999999999e-02   3.5994115333429710e-01  -1.5018294571101384e-01   1.8336356472738768e+00  -8.6286848293955487e-01  -1.6238117574001604e-01  -3.7212342783325308e-01   1.8077273280770301e+00
   1.0585080000000000e-02   2.2574363660216459e-01  -5.5769270503133417e-01   3.5803643933614354e-01   1.6457474582807972e+00  -1.0581558465193477e+00  -4.4843594555486249e-01   1.8203396021650824e+00
   1.0113380000000000e-02   1.6287624052528813e+00   1.9580309623959397e-01   8.9434627806249467e-01   1.8212009415810571e-01  -1.0471178359327120e+00  -2.0453841432834360e-01   1.8570234835612829e+00
   1.1626110000000000e-02  -5.4535333491222260e-01   9.7303240708713346e-01  -6.4613823295717698e-01  -3.8949122976990963e-01  -3.9956654781571416e-01  -1.5013340494497271e+00   1.7874313562187474e+00
   1.0662720000000001e-02  -1.1798342939386326e+00   1.0876564032895293e-01   8.4737583808626848e-01   9.3760393404100062e-01  -1.0243495455727993e+00   6.0080034500254653e-01   1.8123332875959082e+00
   1.1283210000000000e-02  -4.1092770853278959e-01  -3.3155508787443350e-01  -1.1650690059946853e+00   9.6805921326854893e-01  -1.0826597939782669e+00   7.3165670744875222e-01   1.7945999236520456e+00
   1.0657949999999999e-02   6.6090081171519255e-01   4.1465455246295846e-01  -7.5127678719804225e-01   2.8391867895125633e-01  -1.4077258121740752e-01   1.8197618020647539e+00   1.8679462763775183e+00
   9.4545900000000006e-03   4.0203802694138924e-02   6.6440709662134467e-01   1.7581758073799385e+00   8.4648116934283180e-01  -7.0331017267777207e-01  -4.1544723010234069e-01   1.8982432527155950e+00
   1.2815820000000000e-02  -6.3969779703305599e-02   8.8224095737266928e-01  -1.8206621999680178e-01   4.7260541941235606e-01  -1.7199680000641635e+00  -4.2368056149648020e-01   1.8325237268017356e+00
   1.0031610000000000e-02  -1.1185596404246732e+00  -9.7811662867772220e-01   1.4411789684651470e+00   3.9049738458411010e-01  -1.9676824395693859e-01  -5.8767007317077291e-01   1.8973611126955303e+00
   1.1217210000000000e-02   4.7499028037901583e-02  -9.0629680937623880e-01   9.3855982317891151e-01  -3.0330881998476728e-01   1.2872176340190129e+00  -9.6010811054666123e-01   1.8220163089133969e+00
   1.0855119999999999e-02   5.2590957652740933e-01  -6.6175848228760348e-01   8.1004557523879672e-01  -1.2644718678076876e+00   1.0060031945231933e+00   5.9188842612345149e-01   1.7957856511335617e+00
   1.3171920000000000e-02   3.3799378306268918e-02  -6.1908474080394731e-02  -1.2630113149771010e+00   1.1249794034251359e+00  -2.5239673365275411e-01  -1.0888651653850789e+00   1.8271964292555105e+00
   1.1732430000000000e-02   6.3625536959620099e-01  -1.0255986410583493e+00  -4.9633249440451227e-01   1.3934718779203381e+00   2.5473003236179420e-01   6.8855895430092517e-01   1.7868318068493145e+00
   1.0879440000000001e-02   2.8953790826448123e-01  -8.5664382256677563e-01  -1.0575148375278329e+00  -6.9630626516761407e-01   3.6394432396028860e-02  -1.4229567085691304e+00   1.8213358467303773e+00
   1.0771350000000001e-02   1.9522710441349596e-03   1.5119984653733849e+00  -1.4180061873462517e+00   4.1504035819255058e-01  -1.9567141264492161e-01   2.1914182101490884e-01   1.8526473953608018e+00
   1.1260829999999999e-02  -8.7435736868440017e-01   2.7855326226308397e-01   4.2205228507934817e-01  -8.7168183429076285e-01   3.9969474469344940e-01   1.5036544744468914e+00   1.7796005861314343e+00
   1.0935590000000000e-02  -1.1395918245280169e-01  -1.7157800650573147e+00   4.0990356570672215e-01  -1.1461375511969449e+00  -4.7186194747542659e-01  -2.3386225682318634e-01   1.9215238715631067e+00
   1.0676200000000000e-02   2.5123170286206545e-02  -5.5643361067270258e-01   1.0241259464576524e+00  -2.3016252484849006e-01  -1.7508627568256132e+00  -1.2656341011352276e-01   1.8377708188246480e+00
   9.4265500000000006e-03  -7.8044344522479880e-01  -4.4539101316184021e-01   5.7525794809272179e-01  -1.0181442635627467e+00  -2.8281908395080940e-01  -1.6131518176836666e+00   1.8820488712858021e+00
   9.8237900000000006e-03  -1.0873234251339946e-01  -1.6609789731521829e+00  -1.3171441793271376e-02   6.6906578821018270e-01   7.8537735508238324e-02  -1.2524747041472930e+00   1.8883111036693878e+00
   9.9083499999999998e-03   1.2873965985678142e+00   3.5634406883265196e-01  -8.0358798855716829e-01   1.1801577319990320e+00  -8.2184575937514859e-01   1.6238510885527541e-01   1.7948090043562082e+00
   1.0138420000000000e-02  -1.7550889838094796e-01   1.7095007908571627e-01  -1.8054232591673871e+00  -4.8679337700402819e-01  -1.0142601380925793e+00  -2.1151555543332998e-01   1.8511014599484699e+00
   1.0968900000000000e-02  -5.8629449524625987e-01  -1.4587045605871780e+00  -1.4367126445159246e+00   1.4570096519430028e-02  -4.7807651257322933e-02   5.1911220768417303e-02   1.8537435853859632e+00
   9.4805700000000007e-03  -2.4479239519458307e-01  -1.7910340615480289e+00   2.0677595661655304e-01   6.5404134547530879e-01  -8.1830920697617859e-01   6.2476391907527096e-01   1.8589981214325035e+00
   9.9782900000000008e-03   4.6377734852856195e-01  -1.0887330075274464e-01   4.0842035365950402e-01   8.1358532729613064e-01  -1.3791483012592534e+00   1.2202437195631368e+00   1.7793916649809967e+00
   1.2210199999999999e-02   9.3405097544774340e-01  -1.0948341311532741e+00  -6.5754514366288419e-01   1.7483709990707608e-01  -1.2233774140989730e+00  -4.1698938742180813e-01   1.8105880588228864e+00
   1.1415059999999999e-02  -8.3310094782208310e-01  -1.4176863836229536e+00   3.9839255459108369e-01   1.5932509987618179e-01   1.0908956057020092e+00   5.6744726806768342e-01   1.8460074768723738e+00
   1.0912810000000000e-02  -1.3898755164045340e-01  -1.8421041600701629e-01   8.2111778312636285e-01   1.5340352986825703e+00   7.3558346157183285e-01  -8.9384996202325639e-01   1.8318112553745449e+00
   1.1615149999999999e-02  -1.5222733460981228e+00  -4.8083195440857607e-01  -4.9950574385690788e-01  -9.2602219698794216e-02   7.4601380846517251e-01  -1.0578548891902082e+00   1.8806986207165413e+00
   1.0346090000000000e-02  -2.2932229704296059e-01   4.5885571567555145e-01  -1.7417693112047004e+00  -5.4567384806473618e-01   9.4869930602497965e-01  -5.5873831121145712e-01   1.9188712323417714e+00
   1.0007340000000000e-02   4.8570207238417840e-01   1.6949180141620401e+00  -2.8680667370554686e-01  -3.7160447057931295e-01   9.8488970883848215e-01  -5.0449896928402982e-01   1.8046294045732676e+00
   1.0827190000000000e-02  -1.0613537725280928e+00  -1.3683082254804724e-01  -6.8455183048996282e-01  -1.6016844107123418e+00  -4.9441899645086124e-01  -1.2214403174173195e-01   1.8254248173583900e+00
   1.0838110000000000e-02  -7.5419944704550701e-01   7.8820640062114911e-01   1.1334566717464760e+00  -1.5124844540188470e-01   7.7233831943174647e-01  -1.1587853538030928e+00   1.8157265454928551e+00
   1.0500870000000001e-02   3.0913932352870660e-01   8.3690543995367250e-01  -9.0480077570021922e-01  -1.3194585535999555e+00   5.9308267813599835e-01   1.0560489309411651e+00   1.9548052758607688e+00
   1.0855770000000001e-02  -1.3475542567224705e+00   1.1497841702796265e+00  -3.4115085108990112e-01  -8.5640222397704635e-01   6.0090762863280400e-01  -7.6936043139886806e-02   1.7951141336657879e+00
   1.0322960000000001e-02   9.3120798188096554e-01  -1.7202179855211759e+00  -2.5461888006629640e-01  -1.4787523275287537e-01   7.4218202842893066e-01   1.1043408627683077e-01   1.8031184072969524e+00
   1.1674140000000000e-02  -4.7641043559282981e-01   3.4079761050887286e-01   1.3433568486372890e-01  -4.0608213395215659e-01   1.9187928724897991e+00   5.0247644094067852e-02   1.7964225367941442e+00
   1.0048430000000001e-02  -6.0703949148753988e-01   1.2790449304843321e-01  -1.3655071804857861e+00   1.1091374645254568e+00   8.4770311851272306e-01   6.0991852244406830e-01   1.8351590446257935e+00
   1.1643890000000000e-02  -8.6389625972603812e-01   9.7544652577786339e-01  -2.9197579908442711e-01  -8.3458597751825500e-02  -9.1059338732131589e-01   1.2680632722201342e+00   1.8067377786175576e+00
   1.0403539999999999e-02   5.9179660288519420e-01   1.2625905515876643e+00   8.7234670183937468e-01  -6.8913523617085704e-01  -5.8420717123162469e-01  -1.0277033209287234e+00   1.8483618527139247e+00
   1.1617460000000000e-02   1.4587234804950935e+00  -8.8972191674858447e-01   2.0001467795511590e-01  -2.1435148563451220e-01  -5.1629314635824852e-01   9.6310709987376819e-01   1.8007363997727548e+00
   1.1036950000000000e-02   1.0065927249655215e+00  -7.2598076339122700e-02   7.7776041210753233e-01   5.8608072337826608e-03   9.0165976992120678e-01   1.3879191567407019e+00   1.8295550124009528e+00
   1.0061580000000001e-02  -8.2116330839564200e-01   1.8646434298831243e+00   6.1816155573197240e-01   4.2931776187916443e-01  -1.4715420158989781e-01  -5.4472639348950781e-02   1.8808374059242494e+00
   1.0388150000000001e-02  -1.1991701572806799e+00  -8.5032748122237023e-01  -2.7525392017019795e-01   1.4921059489790385e+00   1.4502365444158619e-01  -9.2177840155351617e-02   1.8165697963489273e+00
   9.9480400000000000e-03  -1.8123528980943540e+00  -8.8971334033572946e-01   4.9561426896008329e-02  -3.2013303651726988e-01  -5.4553812310506922e-01   5.7291710136271712e-01   1.8949932342136069e+00
   1.1704310000000001e-02   1.5853846095188211e+00  -5.4692389679581321e-01  -5.1104836638013372e-02   8.6344567985156184e-01   4.0152627964398446e-01  -7.4345623269615568e-01   1.8160632984139220e+00
   9.2500299999999994e-03   2.5503579704934110e-01  -4.6613559471363925e-01  -8.2376508993778241e-01  -7.4829386688589794e-02   1.5337313189050317e+00   1.2414593020595668e+00   1.8728494058110832e+00
   1.1657410000000000e-02   3.1973403022836894e-01   5.1956294587758384e-02   5.7870232983398240e-01  -1.6552757521217536e+00  -6.8226009719864866e-01   6.9978371938517892e-01   1.7796725123413286e+00
   2.1589279999999999e-02   1.9916403855715925e-01   4.0035409397718419e-01   3.9192409681588031e-01   2.5990654257727319e-01  -2.2238397452986482e-02   1.8098125723344336e-03   9.9777672915176097e-01
   1.0024430000000001e-02   1.0417630052722473e+00   5.7549579069618584e-01  -6.1365571434105848e-01  -5.5649205134546798e-01  -1.3952224871447894e+00   7.0495242966129334e-01   1.8149935097703420e+00
   1.0248119999999999e-02  -5.5204617265387546e-01  -9.5181448367962362e-01  -6.3754509445632834e-01  -1.3159163792085449e+00   1.1011391963256132e+00  -6.3359827632157376e-02   1.8272742017923320e+00
   9.8947099999999993e-03  -1.2418830740217404e+00  -3.3143420494438752e-01   1.0160850839832669e+00  -1.2714017397857389e+00   5.9386843976114145e-01   1.2569181931867006e-02   1.8392865522913739e+00
   2.0977300000000001e-02   1.6492870579611907e-01   7.7321485566726744e-02  -5.4898340928587641e-01  -1.9878386530981287e-01   1.9816696992519720e-01   2.2756428200444034e-01   9.9342351229589332e-01
   1.0586630000000000e-02  -2.6572262139645680e-01  -8.1156998499902744e-01   1.3906324193923543e+00  -3.2971779128894640e-01  -4.2287188183542901e-01   1.2022518739213941e+00   1.8019886606587392e+00
   1.0509950000000001e-02   3.1726363045951428e-01   9.3165179755758898e-01   1.2233288448595916e+00  -2.5804883706789838e-01  -7.3696693518789680e-01   1.2307483038353459e+00   1.8812067680028828e+00
   1.0678500000000000e-02  -1.3430131040637660e-02  -1.1414783215111264e+00  -4.4143263499022883e-01  -7.0960745066140074e-01  -1.3143577653952512e-02   1.5523654312351569e+00   1.8193803331770098e+00
   0.0000000000000000e+00   0.0000000000000000e+00   0.0000000000000000e+00   0.0000000000000000e+00   0.0000000000000000e+00   0.0000000000000000e+00   0.0000000000000000e+00      1.7816300211997371e+00
