   9.9880699999999999e-03   1.5088292745349563e+00   6.7089253040295738e-01   3.2711706144664920e-01  -1.2841802251288317e+00  -6.4716402518953831e-02   2.2319542817274515e-01   1.7888698633404327e+00
   1.1187630000000000e-02  -1.5630600143271893e+00   5.7324200699941719e-01  -9.4106494120549311e-01   2.4654006372174486e-01  -7.4434324537565943e-01  -1.2969129792078254e-01   1.7888817780736386e+00
   1.0007479999999999e-02  -1.1253226032041808e+00   3.5522370577193674e-01   4.1974916028810783e-01   9.8758273591290091e-01  -5.3190764893852360e-01  -1.3119372068284005e+00   1.7972838249829779e+00
   1.2015110000000001e-02   8.5275213690609930e-01  -1.1595785224853103e+00   1.3075549389401233e+00   6.5731442567882103e-01   1.0783288112052845e-01   2.1107948940292834e-01   1.8241154240087631e+00
   1.0565300000000000e-02   6.4798329952582090e-01  -4.3361108739398563e-01   3.7210071441993098e-01   6.9856809187358970e-01   1.6003368417429598e+00   7.5152366830279926e-01   1.7796756444393325e+00
   1.0972700000000000e-02   1.3438950989545608e+00   7.0964976093344523e-01   1.0591120712751823e+00   3.2544432327081996e-01   9.6753121203559744e-01  -3.1342109776459576e-01   1.8817480045787258e+00
   1.0607090000000000e-02   7.1079558384890495e-01  -1.1071495408963450e-01   4.0384963572490351e-01   5.0774589775825663e-01  -6.5071016206338783e-01  -1.7051511532197001e+00   1.7620836780212987e+00
   9.9508500000000007e-03   6.7555566963825875e-01   6.2406888920948622e-01   9.3014305163452926e-01   1.5429989776145161e+00   1.1499000343124744e-02   7.7769991875826705e-01   1.8656178792366425e+00
   9.7063400000000008e-03   1.8541283769556123e+00  -3.2669395666846135e-01  -9.5205703632355854e-01   7.6010584101652387e-02   1.5138291087521119e-01   6.5751660861832695e-01   1.9261057993082613e+00
   9.8140299999999996e-03  -1.4834074443132172e-01   1.3720673040031808e+00   1.2126572551200039e+00  -9.4996216784842280e-01   3.4932676029208737e-01   6.9533668426756912e-01   1.9040627800639631e+00
   1.0955019999999999e-02  -4.2345773134901948e-01  -4.2657712839009110e-01  -2.3653586205801655e-01  -6.7837029422589956e-01  -1.7425350675552642e+00   6.4388418973153438e-01   1.7876453959411587e+00
   1.0295189999999999e-02   5.1647391278226751e-01   1.2970640497094488e+00   1.1860653367168629e-01   1.2728406652255624e+00   2.3120318243641996e-02  -9.7918976439387129e-01   1.8079094782343914e+00
   1.0018690000000000e-02   1.0929601385003318e+00   1.6834926518639499e+00   6.2082320872809842e-02   2.7923992047464363e-01  -2.4902045052691982e-01   6.5195696747101961e-01   1.8149172328334902e+00
   1.0334350000000001e-02  -1.0736952406764709e-01  -8.8510933462251118e-01  -8.9848394813751153e-01   6.1285463692403286e-01   1.4498046441758263e+00  -6.3390060682385074e-01   1.7949216939681032e+00
   1.0185069999999999e-02  -9.7507720456091551e-01   9.3847178050129365e-01  -6.9943215754543231e-01   8.3350022792127287e-01   9.3627222721738601e-01  -7.3024370173555775e-01   1.7738978273846526e+00
   1.1653449999999999e-02  -1.1961946214102290e+00  -1.0328960812941038e-03  -9.5572574776695096e-01   5.1802017565389047e-01   9.5499036578221630e-01   8.2217789758354609e-01   1.7900840575023367e+00
   9.5685700000000002e-03  -2.4619087690708560e-01   1.1750715867567998e-01   1.8566909500340472e+00   2.6083689724266246e-01   9.3804447739079455e-01   5.9089664896833272e-01   1.8697251020564776e+00
   1.0730200000000001e-02  -1.7441571522727251e+00   4.3092421916225665e-01   7.5750576418814941e-01   5.2764295430143637e-01   4.6783943154216934e-01   3.3876880816036264e-01   1.8051821329682720e+00
   1.0554040000000001e-02   8.2813992246605994e-01   7.7739708187628309e-01  -8.4316595703735842e-01   9.8121616445321169e-01   1.2717139365454253e+00   4.2573316798387911e-02   1.8553227283500642e+00
   1.0133450000000000e-02   1.2514732032784965e+00  -1.0209472659450068e-01  -4.9824663795931134e-01  -6.9551731601725097e-01   1.4558181964558676e+00  -3.9974216644590271e-01   1.8232556142356908e+00
   1.0776310000000001e-02  -9.8414260831608494e-02   1.4262285745525145e+00  -4.6169587067373746e-01  -1.1548215357273981e+00  -8.9264861274157625e-01   7.4871818280247804e-02   1.7973879308856102e+00
   1.0449900000000000e-02  -2.7769929356024742e-01   1.3652863343986017e+00   3.1570440735128608e-01   6.6599511980843773e-01   1.1510644189465986e+00   8.5850942423025800e-01   1.8321841571848743e+00
   1.1695010000000000e-02   4.5714104542249764e-02   3.7731812775366869e-01  -1.3023779730346130e-01  -1.7437976984987502e+00   3.7262034084478490e-01  -8.3106340060724360e-01   1.7369123606136447e+00
   1.0997079999999999e-02   1.4199774203303197e+00  -7.5238605070041031e-01   4.7817455977470308e-01  -7.0353739400075588e-01   4.1295424382130901e-02  -9.5925347605395161e-01   1.7630652123236694e+00
   1.0800650000000000e-02  -6.1291203317659726e-01  -4.8181359086838421e-01   5.9061736515030783e-01   1.1397433103751675e+00   2.5758307442678652e-01   1.4014147029746487e+00   1.7721624984476134e+00
   1.0529580000000000e-02   7.9765753795120131e-01  -6.1889982308945868e-01  -1.1318399899204148e+00  -1.4991577611662761e+00  -1.9098494207556846e-01   2.0931164996188673e-01   1.8595340017998088e+00
   1.2020019999999999e-02  -1.1916163122036567e+00   5.2968842559800400e-01   8.8682867176676772e-01  -7.8049872937681042e-01  -1.0680508587959434e+00  -3.2968174950038498e-01   1.8441510737061939e+00
   1.0941520000000000e-02  -5.7851552896927239e-01   7.0528734129594128e-01  -4.1032897075296154e-01   1.7541816022782875e+00  -1.3877551200915902e-01   4.0188107694936925e-01   1.7612579287680716e+00
   1.1461150000000000e-02   1.4060320052895883e+00   7.9599628370619024e-01  -9.6564538861889304e-01  -2.5650561255537835e-01  -2.0682943922279717e-01  -9.5487972353425776e-01   1.8933780000486107e+00
   2.1626099999999999e-02  -3.9660466091585833e-01  -4.6804797705430046e-01  -1.4838711393439598e-02  -4.4897453884522855e-02  -7.9244018032312818e-02  -1.8083852822559496e-01   9.9462315787812572e-01
   1.1303440000000000e-02   6.2458343202184308e-01  -2.5184626316519347e-02  -3.2256970867765751e-02  -1.1469686924632971e+00  -1.4040332063918470e+00  -7.5516700162986095e-01   1.7777648636161107e+00
   1.1006090000000000e-02   3.1279568546947889e-01   2.7499846497051184e-01  -1.1344182632841648e-01   1.3771636850576674e-01   1.0248696839635056e+00  -1.7444055921435349e+00   1.7786798658493492e+00
   1.0008970000000001e-02  -9.0054300220742556e-01  -8.2720047037436584e-01  -3.9687079936706543e-01   1.2706044263035746e-01  -1.4257948714252215e+00  -1.0346156733109635e+00   1.8831701972918653e+00
   9.8580200000000003e-03   4.5580414625006788e-01  -2.5112448126105769e-01   1.7890413497927162e+00  -1.0103920967210789e+00  -3.3313581934243791e-01  -2.3271743059559574e-01   1.8311292348150647e+00
   1.0639760000000000e-02   1.7801151474925331e-01  -5.3269484818232993e-01   3.8189416464745296e-01   1.7345647076350836e+00  -8.4322957530851816e-01  -3.8996400029345835e-01   1.7660614466654463e+00
   1.0495510000000000e-02   1.7617022703466318e+00   1.9301320196023664e-01   6.3707591453007817e-01   4.0836434563586421e-01  -8.7900758257326728e-01  -1.3952523620585222e-01   1.8135170283433568e+00
   1.1284040000000000e-02  -5.3205950893339682e-01   9.9040664075059281e-01  -6.0643785784886728e-01  -3.4285524198091361e-01  -4.6507222181524310e-01  -1.5098668211371105e+00   1.7697250823749011e+00
   1.0163220000000001e-02  -1.0733153552225778e+00   5.7730121317106142e-02   7.9697303617473980e-01   9.3727713432534487e-01  -1.2841110450128002e+00   5.2544127314630817e-01   1.8293948319986473e+00
   1.0690220000000000e-02  -5.2360478249623177e-01  -3.7338292992824162e-01  -1.0881232750491390e+00   8.7013271107986245e-01  -1.1357261411551516e+00   8.6667734202650715e-01   1.8002168762368689e+00
   9.5113699999999999e-03   3.7137287936802116e-01   4.6883927090741251e-01  -7.8178067536008433e-01   7.4849744187560741e-01   2.4735149077675150e-01   1.7840179299987959e+00   1.8487579256193971e+00
   9.7053899999999995e-03   7.8130079628623714e-02   4.7872386766624936e-01   1.8479610151716559e+00   8.3384777747649763e-01  -4.2111442718696152e-01  -5.9566639079223693e-01   1.9113079071580108e+00
   1.2752889999999999e-02   1.0177837481391232e-01   8.4044502809284516e-01  -1.7390831258387812e-01   5.5131990619266646e-01  -1.7143296303377771e+00  -3.5077282912887359e-01   1.8033591675540968e+00
   9.9908700000000007e-03  -1.1358537963611159e+00  -9.8054708827177617e-01   1.4329111851542824e+00   3.7135969034200739e-01  -1.4307115632761364e-01  -5.0327655908029278e-01   1.8496999391123561e+00
   1.0907530000000000e-02   1.2780155216529351e-01  -9.7124889494228406e-01   9.8004305843946549e-01  -1.6145039626577037e-01   1.2356688445922575e+00  -9.5122892536765746e-01   1.8052128204136177e+00
   1.1443000000000000e-02   5.9935420807112627e-01  -7.1258817965680155e-01   7.2396288320143887e-01  -1.1683694883727416e+00   9.7874652579224808e-01   6.6311559679669785e-01   1.7553950568904586e+00
   1.1507699999999999e-02  -7.8215785126822729e-02  -8.0949957524844754e-02  -1.1842973935668941e+00   1.1297002202026605e+00  -2.5276134822146290e-01  -1.2367068169043050e+00   1.8029449943222833e+00
   1.1022710000000000e-02   4.6606706425762368e-01  -1.0851480986729536e+00  -5.6322027172569000e-01   1.4510733748088827e+00   3.0721246109412698e-01   6.5469460933324997e-01   1.7965466760722371e+00
   1.0832639999999999e-02   3.6331628775878877e-01  -9.0424962492611582e-01  -1.0268777948828469e+00  -6.2273970520220812e-01   8.7773045806654376e-02  -1.4481961364882523e+00   1.8383552438204331e+00
   1.0291210000000000e-02  -1.4786627402241059e-01   1.5669276375896137e+00  -1.3767769830360543e+00   3.4694485416750198e-01  -1.7928405239995640e-01   2.8581397661504987e-01   1.8458042475332763e+00
   1.0390040000000000e-02  -7.1564752797209441e-01   9.2133519394522884e-02   3.0074356847760347e-01  -5.9494528560815485e-01   9.3506803886598699e-01   1.6081221649882445e+00   1.7825825477993393e+00
   1.1059400000000000e-02  -2.8445351938594970e-01  -1.6207531266536794e+00   3.8508122344645440e-01  -1.2325058627813450e+00  -3.9750713558296613e-01  -2.8831423007516999e-01   1.8950779738366388e+00
   1.0179130000000000e-02   1.9865937199540715e-01  -7.5006204868533355e-01   1.0842374020820267e+00   8.6512323155491622e-02  -1.5670733858714878e+00  -4.6657735637431824e-01   1.7849853341763982e+00
   9.8078200000000001e-03  -4.5203536457447369e-01  -3.7788423132230542e-01   7.8165398527744812e-01  -8.0675677571517523e-01  -2.8308619193948303e-01  -1.7235738204467075e+00   1.8223127779404196e+00
   9.7028500000000007e-03  -5.6170863136259248e-02  -1.6414898621491907e+00   1.5223091746196496e-01   7.1209191281478346e-01   5.5766607514774851e-02  -1.2464294040337593e+00   1.8726369089513533e+00
   9.1234799999999998e-03   1.1294970569211544e+00   4.6026760215725149e-01  -9.3479435481188178e-01   1.3521156050930447e+00  -7.8273957591405019e-01   1.2280758863923802e-01   1.8360982277995026e+00
   9.4496700000000003e-03   1.3145950737684881e-01   1.3753916642193709e-01  -1.7245368787010489e+00  -3.3415100379689244e-01  -1.1824411680518008e+00  -4.3026603352080445e-01   1.8166645236263790e+00
   1.0477660000000000e-02  -6.2699460064024037e-01  -1.4648005912135393e+00  -1.4157577006026001e+00  -1.4971399246100883e-01  -1.2730654277508396e-01   3.5946361179274591e-02   1.8475166030125449e+00
   8.9804099999999994e-03  -3.5459617637003793e-01  -1.8464438796609295e+00   2.3618567484597708e-01   5.4183481917852050e-01  -8.4692542165245766e-01   5.4873873882518798e-01   1.8499932180845271e+00
   1.0691090000000000e-02   6.6107681601821056e-01  -3.5093509777107323e-01   2.8839564614620822e-01   8.1998124474854350e-01  -1.1685838653459053e+00   1.2320697437080124e+00   1.7354640838086237e+00
   1.1918720000000001e-02   9.7243628980227304e-01  -1.1186268042774732e+00  -7.3878290516694423e-01   2.9495001159508299e-01  -1.1503109046000215e+00  -3.2460391738276423e-01   1.8158277477256639e+00
   1.0603280000000000e-02  -8.4628452641545993e-01  -1.4847495870654519e+00   4.1537273552829801e-01   1.4928153537640126e-01   1.1013970364283605e+00   5.2995749067587883e-01   1.8604706239082960e+00
   1.2269860000000000e-02  -3.0422033819036742e-01  -1.3530737026860212e-01   6.6684442464173677e-01   1.5201535128078354e+00   1.0607939924591261e+00  -5.5287333380464398e-01   1.8381215825610147e+00
   1.1140550000000001e-02  -1.5530502039331751e+00  -4.9045872619566933e-01  -3.3365718486753193e-01  -2.2697269190179542e-01   6.8065725086924000e-01  -1.1684528372508165e+00   1.9107762492864999e+00
   1.0707290000000000e-02  -2.5149998122749323e-01   4.5231331027866239e-01  -1.6742222390203974e+00  -6.5541865252757281e-01   8.3352726887521111e-01  -6.0374265573576802e-01   1.8542111837777979e+00
   9.8297400000000000e-03   3.0730450985616847e-01   1.7574701288491068e+00  -2.0595535316716040e-01  -4.6035831748860784e-01   8.9157174300103625e-01  -5.8262718132817493e-01   1.7854228657267295e+00
   9.2858899999999998e-03  -1.1180447403553941e+00  -2.1913829743586907e-01  -8.1144028945248503e-01  -1.4590582168750690e+00  -6.2123064079961010e-01  -5.6429887326722983e-01   1.8341240086744881e+00
   9.9918799999999999e-03  -8.4079514363459207e-01   9.5690587723431075e-01   1.0906042166789827e+00  -2.1054384369890686e-02   7.5590787283479899e-01  -1.1106582661646465e+00   1.8274820484103067e+00
   1.0947439999999999e-02   5.5102505662353440e-01   1.0137511040426472e+00  -6.7825748780216455e-01  -1.0309689336143788e+00   8.7481187481832712e-01   9.9676321377024579e-01   1.8896957061651529e+00
   1.1650470000000000e-02  -1.3393954702378044e+00   1.0853148689935519e+00  -3.1170215003178986e-01  -9.1158211047057536e-01   5.2563337914823915e-01   1.3994697447042659e-01   1.7790332893706784e+00
   1.0132350000000000e-02   9.1078426055457806e-01  -1.7854000631419356e+00  -2.9327186295345642e-01  -1.8965351142518244e-01   5.9361422943665920e-01   1.3108386351537588e-01   1.7948275459815679e+00
   1.1725640000000001e-02  -4.8810497612412929e-01   3.2422759767978931e-01   1.0834883102883629e-01  -2.9675509500391539e-01   1.9264316045171470e+00  -8.6923503799042873e-02   1.7720824089740597e+00
   8.9384000000000009e-03   2.2102659715698231e-01  -2.3260866038831410e-01  -2.0452952264399888e+00   7.1917450234666236e-01   2.4398297845741129e-01   1.8314435055087655e-01   1.8851443982644605e+00
   1.2476020000000001e-02  -7.5099366792262545e-01   9.0799780509205896e-01   3.1779947941527179e-02  -3.2330998406909380e-03  -6.5181805396220993e-01   1.5041355129773339e+00   1.7914977215797652e+00
   9.7457299999999993e-03   5.8643418266986214e-01   1.3183132086251050e+00   9.0265335847851969e-01  -5.3954670645466518e-01  -6.5284776674586809e-01  -1.0933580432554866e+00   1.8678740826372562e+00
   9.9368500000000005e-03   1.1720515729987531e+00  -1.0044407960474071e+00   4.6959422138293172e-01  -7.8237071798092594e-01  -8.4747375544864445e-01   7.3762616741789777e-01   1.7765213058787275e+00
   1.1280729999999999e-02   1.1843729134621968e+00   1.1238324579871357e-01   7.0446158092679789e-01  -9.2565963847263566e-02   3.6168208327317619e-01   1.5229668653422410e+00   1.8332638748591825e+00
   9.6216800000000005e-03  -7.7891731348273441e-01   1.8566650577713828e+00   5.5634481538594427e-01   5.0111687808120697e-01  -4.8054018771785451e-01   1.2657443686481208e-02   1.8788332182903769e+00
   9.4903200000000000e-03  -1.3715927053498727e+00  -9.1940568010340784e-01  -4.5819741559496019e-01   1.3468422986686002e+00   6.2891754727026059e-02  -1.7218449431346686e-01   1.8517953257351099e+00
   1.0256750000000000e-02  -1.8038177921455620e+00  -7.4433214979679707e-01  -7.4482539741582615e-02  -4.5499273644201893e-01  -3.8463291170020858e-01   7.7769637654107227e-01   1.8912389261682701e+00
   1.1003640000000000e-02   1.4321247790240785e+00  -5.1338956766175092e-01  -1.2363004461830258e-01   1.0838442249901830e+00   5.3093046691417933e-01  -7.3044837258634665e-01   1.7912262416100182e+00
   8.6760799999999992e-03   3.3234254856064721e-01  -5.9913467229601336e-01  -1.1480142093438719e+00  -2.6526766902086907e-01   1.3624456037774237e+00   1.0839434716751359e+00   1.8341214931644994e+00
   1.1470030000000001e-02  -2.0460417995473087e-01   5.5173606829777379e-02   2.6381585195752189e-01  -1.7707996094208329e+00  -4.0418354548401481e-01   9.1630744839050948e-01   1.7893672304778903e+00
   2.1367259999999999e-02   6.4910524355946783e-02   3.8411331758168277e-01   5.3753586991418456e-01   5.2089977421851688e-02  -4.4275922916331414e-03   1.9128704364170895e-02   9.9536846985899907e-01
   1.0157100000000001e-02   9.5862162071835899e-01   5.0514439099812636e-01  -8.0275680941557304e-01  -4.8897254449648009e-01  -1.1795479166581535e+00   1.1026342563498801e+00   1.8560756389777429e+00
   1.0389420000000000e-02  -6.1368947827408904e-01  -8.4985190812916012e-01  -5.9855861149848899e-01  -1.3528185530318555e+00   1.1015753865420632e+00   8.3728817900181648e-02   1.8160118383324504e+00
   9.9118999999999995e-03  -1.2162589860071686e+00  -2.5613232114896689e-01   1.0460735043049816e+00  -1.2525242643638013e+00   6.4007189158309830e-01  -9.3099505442432479e-02   1.8095470616384428e+00
   2.1310679999999999e-02   3.4869311718849888e-01   1.0524457282387242e-01  -5.2523823463264385e-01  -1.5183724703059162e-03   9.1477727690084318e-02   1.6534772424915933e-01   9.9505505536112382e-01
   1.0835579999999999e-02  -4.7566622896864924e-01  -6.4252445071263342e-01   1.3646220978101780e+00  -3.9574410052326675e-01  -4.9354744997702849e-01   1.2056844005524519e+00   1.7923129416101182e+00
   9.8237700000000008e-03   4.3661081496614657e-01   8.2374732957547159e-01   1.2289390241271030e+00  -2.6984660976323122e-01  -1.2884920395606527e+00   8.3258553226828746e-01   1.8856157098783362e+00
   1.1489950000000001e-02   7.4846343322229614e-02  -1.0917811862535465e+00  -4.4364235934728785e-01  -3.7419488371534515e-01  -1.7023214596403391e-01   1.6373280006297986e+00   1.7939570900241621e+00
   9.9966399999999993e-03  -6.6788531954603125e-01   1.9377215550058360e-01  -1.4660169490424670e+00  -8.4676208569313327e-01  -1.9155185262814903e-01   1.1013838119396639e+00   1.8134107485041862e+00
   7.8022800000000000e-03   4.8964370074285041e-01   4.9017311425437632e-01   1.1382284697529061e+00  -1.1729540801835026e+00   1.1316355880204578e+00  -7.6403794556092808e-01   1.8304839407804676e+00
   0.0000000000000000e+00   0.0000000000000000e+00   0.0000000000000000e+00   0.0000000000000000e+00   0.0000000000000000e+00   0.0000000000000000e+00   0.0000000000000000e+00      1.7681348239382439e+00
