   1.0932249999999999e-02  -1.0753063589217789e-01  -1.0728992513744566e+00  -3.1787808673879964e-01  -1.4768791644909274e+00  -6.0650852789744658e-01  -3.0732161073793013e-01  -1.0123019557395219e+00  -4.6771239239704131e-02   2.0629601056910130e-01   4.0388739591292211e+00   1.9513765429819860e+00
   1.0823330000000001e-02  -2.3828887251098829e-01   3.2296476655891659e-01   1.3382273403455769e-01   1.4977638646230171e+00   1.9585182914221541e-01   4.6598239514484785e-01  -1.0636421075631017e+00   1.0583332118533133e+00   1.7017560843629517e-01   4.0226504325166283e+00   1.9471768592290843e+00
   1.0976520000000000e-02   8.3465631387547479e-01  -5.5031874915031465e-01   3.7941054624071335e-01  -1.0149534204713249e+00   1.4945642894164917e+00   1.8534892004878628e-01  -2.6643296957317320e-01  -2.4361325951542764e-01   5.9782766200795068e-01   4.0286922476567320e+00   1.9485656703893079e+00
   1.0730600000000000e-02   6.7633810806118766e-01  -1.9037126110872324e-01  -7.9563496800277367e-01   2.1086114322584826e-01   3.8244678815177086e-01  -8.1662165994832125e-01  -1.5250783302054904e+00  -6.0942436887352058e-01   5.2445588074940219e-01   4.0321045228381909e+00   1.9492948951111655e+00
   1.0882480000000000e-02  -6.0488778409770148e-02  -1.0926921757204655e+00  -9.9981076168390459e-01  -7.3308095936973239e-02   7.4045053824617268e-01   1.1213960245295194e-01  -4.4416476294337948e-01   1.3035094077576146e+00   5.4095127743046933e-01   4.0226987031177703e+00   1.9474309705054476e+00
   1.0744729999999999e-02  -1.2287830213304503e+00   4.8929080155929738e-01  -1.2659046429143237e+00  -9.0958178682137014e-02   1.5489591199793859e-01  -1.2330181787908868e-01  -1.1981614421438191e+00   3.1933042113878130e-01   9.6252373939806526e-02   4.0231615910036771e+00   1.9470775422406676e+00
   1.0936440000000000e-02   7.7620541663670573e-01  -8.2619474200998522e-01  -3.3732087628266472e-01   1.1824362229264507e+00  -5.4284994260688113e-01  -2.0249274246653765e-01   7.5235739136067514e-01   1.0343835622167088e+00  -4.2634582946894534e-01   4.0272924448147602e+00   1.9484037270282197e+00
   1.0796000000000000e-02   2.5357497755796482e-01   1.6365079329687435e-01   7.7102706118612097e-01   7.5514806465087780e-01   1.0960794934009204e+00  -8.4859241080363339e-03  -1.0351906014661776e+00  -9.0774370150048567e-01  -7.8044204006168161e-01   4.0259040787977778e+00   1.9478793567346364e+00
   1.1003370000000000e-02  -7.3528848616350406e-01  -6.6617335360832763e-01   1.4003669788789073e+00   1.2584963248066174e+00  -1.5574739951759597e-01  -3.2204090258864054e-01   1.4098891140864328e-01   9.6803876335178674e-02  -5.2634420835109685e-01   4.0356892989248836e+00   1.9505847579455402e+00
   1.0694449999999999e-02   1.0219539930079389e+00   4.0769723996156854e-01   1.4318740068885821e-01  -1.0651818238011037e+00   1.6314224760909948e-02  -7.4508009749277571e-01  -8.6193858746538010e-01  -4.1464015808786242e-01  -1.0833068439738782e+00   4.0325087250399880e+00   1.9497107501168096e+00
   1.0773010000000000e-02  -1.3830477480636943e-01  -9.6605070281604266e-01   3.7504232333593174e-01   1.3701560059113671e-01  -1.2911906537323976e+00   1.2751970516744491e+00  -2.6549470593273161e-01   6.8837539755779464e-01  -3.7823995746382212e-03   4.0218198855251686e+00   1.9470466289776227e+00
   1.0852270000000001e-02  -8.6066331879510660e-01   4.9718352484696832e-01  -4.0650645280603320e-01   1.0108878718778778e+00  -1.5360131680549500e+00  -1.7015532018930468e-01   1.8915145360262922e-01   1.9082730285267313e-01  -5.9160339589645305e-01   4.0317209829536056e+00   1.9496073693868217e+00
   1.0848139999999999e-02   1.2589523338885160e+00   1.3107874189374355e-01  -3.0622843954915363e-01  -1.5107233136221657e-01  -1.7243629018568085e+00  -1.7063835761907800e-01  -9.9125819373800883e-02  -3.6212881247275452e-01   3.1444352431094164e-01   4.0318268552318584e+00   1.9493773349592864e+00
   1.1082300000000000e-02  -5.1744899551693424e-01   1.1343061245433762e-01  -2.9539940873662329e-01  -1.6587275107332111e+00   6.4084541314361509e-01  -5.3847444648763210e-01   2.4180742691868479e-01   8.5350555599445144e-01  -6.1503978800886638e-01   4.0480455293094284e+00   1.9536664399351105e+00
   1.0797790000000000e-02  -1.2008063833011248e-01   5.9429850130063869e-02  -2.6069215509790630e-02   2.4968066662592486e-01   3.5464744921328889e-01  -3.9991138228546891e-01   9.2431868230149694e-01  -2.8605937806586434e-01  -1.9137234607549571e+00   4.0226409556049036e+00   1.9472393868560396e+00
   1.0830260000000000e-02  -4.9912969113292249e-01   4.1257331662109870e-01  -5.1586250729125516e-01  -1.1384054228433282e+00  -1.1307278891519899e+00   5.6270182743328778e-01  -1.7890362981629740e-01  -2.4505239952665039e-01  -1.1451860863706029e+00   4.0348309155609456e+00   1.9500028645677807e+00
   1.1146480000000000e-02   6.4014013829873304e-02  -5.8666800107146214e-02   2.8320833640708150e-02  -2.7151940812420289e-01  -3.4904735743940452e-01   4.3419094256374918e-01  -9.2287426174671294e-01   2.5334129312570786e-01   1.9048027931081124e+00   4.0372353798067584e+00   1.9508112723087763e+00
   1.0264750000000000e-02   1.2699843567870095e-01  -1.7345965101880756e-01   9.1709129341020657e-01  -1.1465277644979127e-01   4.6856418052463211e-01   4.0881455895162322e-01   2.6874757766313684e-01   1.8760837596720643e+00  -3.9484536487475080e-01   4.0238543518150820e+00   1.9473343422053642e+00
   1.0996489999999999e-02  -1.2615287135891520e+00  -1.4208444816298544e+00  -5.6672794779233382e-01  -1.3634929584579369e-01  -3.1181239751149986e-01   1.2892868311182500e-02   7.4835687146672725e-01   4.7528970159166642e-02  -5.9187617474204202e-01   4.0395224758947608e+00   1.9513900916274711e+00
   1.0885209999999999e-02  -9.6639072713804908e-01  -4.9028028814867319e-01  -6.7193329347443487e-01  -5.4012566510984639e-01   6.9632844261424343e-01  -9.1104143719913810e-01   1.8824525181358021e-01  -3.0820925159341694e-01   1.2883333950899594e+00   4.0472464714595464e+00   1.9534768840430521e+00
   1.0961500000000001e-02  -1.3300143827621624e+00   1.0187479760859028e+00  -8.2058806515228755e-01  -2.7743624932441757e-01   1.7213014957423145e-01  -1.1051748017046796e-02   1.0554163499370564e+00  -4.9523665410753487e-01  -5.3186370658379244e-02   4.0277056681172771e+00   1.9484824728288435e+00
   1.1119900000000000e-02   8.0352429784907187e-01   1.3024691395069685e+00  -2.8408627464165281e-01  -3.5642544761906747e-01  -4.7570917378293720e-01  -3.9383844283983194e-01   1.1813707334303838e+00   5.6008720417611757e-01  -5.1332724640442584e-01   4.0276643312830389e+00   1.9483490993094363e+00
   1.0989779999999999e-02   6.6469900424422590e-01  -1.5248862192895063e+00  -7.9114091136901221e-01   4.1394632544296504e-02  -1.1224194789901236e-01   2.1216261499922304e-01   3.8669038522180721e-01  -5.8983592916036043e-01   1.0022342929637309e+00   4.0377778492408911e+00   1.9508669940692012e+00
   1.0400180000000000e-02   1.0024131181621789e+00  -7.6278300638041940e-01   1.1044216858919786e+00   1.2026753119139375e-01  -5.6620047114876904e-01   4.1084215354515491e-01   1.2540715930520872e+00  -3.7554528540320553e-01   9.7067655954653873e-02   4.0319149728238521e+00   1.9492454580746184e+00
   1.0965839999999999e-02   2.8306569975096247e-02   4.4452286201203633e-01  -8.1733105728209288e-01   5.5699043268147475e-01   1.2997881937350741e+00   1.0279265901434154e+00  -3.2042898452663893e-01  -5.7355393247262176e-01   7.9101569629119195e-01   4.0411484025275417e+00   1.9517830824901399e+00
   1.0769720000000000e-02   5.0748831981349152e-01   5.3057522265083201e-01  -5.0344259684167192e-01  -3.0937009844434166e-01  -8.7552042874569003e-01  -2.2169350515817327e-01  -9.0209365508295625e-01   1.5701527891535418e+00  -1.3308321468965864e-01   4.0406283135242891e+00   1.9517059373224517e+00
   1.1142510000000000e-02  -1.2518207580244973e+00  -1.2304534003174204e-01   3.2359875064170679e-01   1.1857064115698598e-01   1.7199491305124455e+00   1.8245067509620883e-01   9.0655931960372596e-02   3.4156590503361473e-01  -3.3971567318140972e-01   4.0364140743732424e+00   1.9507382680451690e+00
   1.1018240000000000e-02   9.6315997101048781e-02   1.0974530009120991e+00   3.4906832657204612e-01   1.4441531081250332e+00   6.1128230448449683e-01   3.1952336632036971e-01   1.0293163594891632e+00   5.7798519461507054e-02  -1.8972726074350321e-01   4.0470706343330241e+00   1.9533092859891283e+00
   1.0965400000000000e-02   9.7662606026740817e-01   3.8905869036486507e-01  -6.8970138553492288e-01   3.7435648077921480e-01   1.2701346519859815e+00  -2.7954882200253034e-01  -4.1490324303061610e-01   8.9103903676944074e-01  -7.7353310456256963e-01   4.0418652195793241e+00   1.9520817903416612e+00
   1.1030570000000000e-02   8.6535175126570041e-01  -1.6425791020873021e-01   2.2922997686150073e-01  -5.5348635551360714e-01  -2.7292665362713492e-01   1.2888240151139483e+00  -5.6648289159956944e-01  -1.3157930673276397e+00   1.2439087380364724e-01   4.0324756229511873e+00   1.9496112203799667e+00
   1.1241650000000001e-02  -2.7773839543794349e-01  -1.9766643239249670e-01  -8.6865623800442382e-01  -6.9402744166189911e-01  -1.1422811293491644e+00   4.7287849104992154e-02   9.5444431362638804e-01   8.7838632995259280e-01   7.4308006485464828e-01   4.0375814807933503e+00   1.9505902290994415e+00
   1.1023510000000000e-02   2.6823695012566064e-02  -4.2382488763369108e-01   7.7179978877025213e-01  -5.9028784115176269e-01  -1.2474489963807740e+00  -1.0555330164857517e+00   3.1442793837252297e-01   6.2326829739969525e-01  -8.1587467074266606e-01   4.0281699390833605e+00   1.9488308688472478e+00
   1.1270140000000000e-02  -1.0379943108628786e+00  -3.9002603041214456e-01  -2.5287199044294939e-01   1.0845162357984592e+00  -4.5273716855999430e-02   7.4420667077791691e-01   7.9319954484307198e-01   3.6523695513098359e-01   1.0533122767348289e+00   4.0355812099903208e+00   1.9504064481135954e+00
   1.0812840000000001e-02   1.1819399834727166e-01   2.5939507919016896e-01   6.4475736194197816e-02  -7.0222798147294607e-01   5.9224375280939012e-01   1.2085296663986616e+00  -1.4435663845332418e+00   6.1279513277360997e-01  -3.7069198112042540e-01   4.0343919656161926e+00   1.9501611164704586e+00
   1.0898520000000000e-02  -4.6313275172753776e-01  -7.3633896712677815e-01  -1.1940352422458259e-01   2.4236640748936025e-01  -5.0379130507813522e-02  -2.2401395491505754e-01  -1.0857557399034325e+00   7.9159627379032693e-01  -1.5184191304283408e+00   4.0407966248150489e+00   1.9518096744426703e+00
   1.0771420000000000e-02   2.5745685143643648e-01   1.3815828670288219e+00  -9.6392259749257037e-01   5.3054786198109471e-01  -1.3617354702455764e-01   7.7592652853967867e-02  -6.4119104452873865e-01  -7.8757148512034336e-01  -8.4942302417634374e-01   4.0344499792266824e+00   1.9499645958040737e+00
   1.0872530000000000e-02  -2.6445373204225076e-01   3.4643970100877752e-01   8.4719653662598915e-01   8.6420609593313880e-02  -1.1292858653334010e+00   3.4409539945460851e-02  -1.6307141383561232e+00  -2.9940543728365060e-01  -1.3063417104847799e-01   4.0268178260579228e+00   1.9481758569766203e+00
   1.1070969999999999e-02   5.6872910240800045e-01   5.3279332397639168e-01   1.0588758020620324e+00  -1.5291646487512878e+00  -6.4179389442961032e-01   4.0296764615052227e-01  -3.3353043229572360e-02   4.4907190675344044e-01   3.3121843550215224e-01   4.0368878841086415e+00   1.9508393896169156e+00
   1.0557730000000000e-02  -5.4549127855788426e-01   2.1033390439106365e-02  -1.1426127993810529e+00   3.1735294285194095e-02  -7.3331180945507723e-01  -9.4651353191142328e-03  -3.2451821821547344e-01  -1.5387473390565074e+00   6.0025025715968872e-01   4.0214437709915067e+00   1.9466680307014079e+00
   1.0759639999999999e-02   2.8479690296772736e-01  -1.4666590974779317e+00   1.6209441523179949e-01  -5.6449915877024470e-02   8.4027734458299042e-01  -1.3122424262709058e+00   1.0053471427289400e-01  -9.5826028635198013e-02  -5.5143476447997275e-01   4.0393296135874088e+00   1.9514517650118934e+00
   1.0814320000000001e-02  -1.2351633381648708e+00   1.8919366470512314e-01   7.8511437038215393e-02   6.4900288030555098e-01  -7.1820638581242782e-02   1.2660332559908385e+00  -3.5799518530486774e-01  -7.3775211089610093e-01  -8.4487575637086909e-01   4.0296036546061966e+00   1.9488374095782677e+00
   1.0748819999999999e-02  -4.8401533808393604e-01   4.5605430907598649e-01  -1.1433326028493362e+00   2.6053876820991395e-01   2.3011315942996372e-01   9.8181689891780610e-01   4.1387675388088624e-01   1.1360591572550556e+00  -8.3504113633238441e-01   4.0331799395000134e+00   1.9498971819588855e+00
   1.0779060000000000e-02  -9.7957454121476994e-01  -3.8710974736023290e-01   6.8719393101226223e-01  -3.4235361341243387e-01  -1.3041569390805354e+00   2.9136633748139590e-01   4.0173412662373637e-01  -8.8890078990320798e-01   7.4059531903790654e-01   4.0340445697209768e+00   1.9498964721058905e+00
   1.0983180000000000e-02   4.1692884498969612e-01   9.8012722538614605e-01   1.7175381038597631e-01  -7.2849283193561043e-01   9.8445596647303235e-01   1.0881827793708558e+00   6.4128254552706354e-01  -4.0022272884031013e-01  -7.4305342909740069e-01   4.0381055358939326e+00   1.9510858028506111e+00
   1.1248130000000000e-02   1.8964941674493793e-01   6.0109606729785126e-01   1.0790942938672057e+00   6.4211634698993902e-01  -9.9015840315240400e-01  -3.0160256375955846e-01   4.2056729800750586e-01   9.1560995570265657e-01   9.2783954911465738e-01   4.0397006775473434e+00   1.9514772624723637e+00
   1.0804619999999999e-02   2.8546461572952880e-01   1.9316049063579786e-02  -9.7376351282673812e-01   3.8668516835566119e-01  -6.4611245659935268e-01   1.0537504549163346e+00   1.2467325444640689e+00  -7.7170562966937117e-01  -3.7343950093573436e-01   4.0360353001422302e+00   1.9504643074473422e+00
   1.0983230000000000e-02   2.2382174335990065e-01  -2.7838319020098273e-01  -1.6524282600344611e+00  -2.3734815721075647e-01  -4.3936458145682822e-01  -1.1487120216738085e+00   1.5317174564197777e-01   6.0208418410435234e-02  -6.8350054915175151e-01   4.0208643055522693e+00   1.9468233401317812e+00
   1.0868360000000001e-02   3.1630960143596287e-01  -1.1413706571855573e+00   1.0861283987670840e-02   4.1989467773615824e-01  -9.2188754552824625e-01  -1.6015243363244380e-01  -2.9511015147261521e-01  -1.1703398917344592e+00  -1.0347698940443213e+00   4.0335986747671830e+00   1.9500144416290839e+00
   1.0771520000000000e-02  -1.0938385265664934e+00   9.2882373359695602e-01   4.0169182207842952e-01   1.0287588812176429e+00   1.4415631838304913e-01  -5.3981267050966220e-01  -4.8718124094598986e-01  -6.1214491102451207e-01   9.0220540220007173e-01   4.0385790107545469e+00   1.9513025904448749e+00
   1.0819759999999999e-02  -1.8294963922998783e-01  -5.8676859882944288e-01  -1.1169594770977185e+00  -6.2203711715586063e-01   1.0375295109564291e+00   2.6711197326079622e-01  -3.8347668406624685e-01  -9.2577162961019155e-01  -9.1847488294296153e-01   4.0416941025077824e+00   1.9520172835431058e+00
   1.0861130000000000e-02   6.5095559246169477e-01   5.0797809422160933e-01   2.8843117087506842e-01   1.1271023727349680e+00  -3.6853346164471223e-01  -1.5162970713071080e+00  -4.6077015672409988e-01   7.2557572442614043e-02  -5.2964469571802952e-01   4.0310215531672968e+00   1.9492642746151323e+00
   1.0808119999999999e-02  -8.7804795655373791e-01   1.6466281476884828e-01  -2.4945589439469251e-01   5.5916808806649632e-01   2.4774012282894636e-01  -1.3032040403537033e+00   5.7832389255070149e-01   1.3252656658905422e+00  -1.5069733172288063e-01   4.0509026367817356e+00   1.9544496274428689e+00
   1.1169560000000000e-02   2.5642224284460130e-01  -2.8623751003168102e-01  -1.4463562466287830e-01  -1.4468292486062599e+00  -2.1689180073087155e-01  -5.2298661885765085e-01   1.0460136970050937e+00  -1.1035208063436490e+00  -1.8371629277000065e-01   4.0387733161547068e+00   1.9510560039997298e+00
   1.0919669999999999e-02   1.1834736964476489e-01   9.5724156255717263e-01  -3.7075434048297867e-01  -9.9548729785690696e-02   1.2901763729261952e+00  -1.3178055810863181e+00   2.1568133805836343e-01  -6.9743891262125024e-01  -1.5054659206671815e-02   4.0487908949320435e+00   1.9538077992381515e+00
   1.0794800000000000e-02   4.0573673468881649e-01   7.4040657697549583e-01  -1.3699223496508621e+00   9.9227627778173777e-01  -2.0147195195435241e-01  -4.4113469355145130e-01   1.9330659986613818e-01   3.9304440357157083e-01   1.0021132340937693e+00   4.0411560313120622e+00   1.9518639878352746e+00
   1.0932539999999999e-02   1.7561146474749449e+00  -6.2962531349350870e-02  -4.8324593838608548e-01   4.8666179184122421e-01   4.3851224290465551e-01  -2.0627485669236537e-01   4.0572220104994206e-01  -9.4286752639353710e-01  -3.2545518788009165e-01   4.0324428515018633e+00   1.9496132736956635e+00
   1.1174940000000000e-02  -4.8253720728452720e-01  -5.3711167397419046e-01   4.5005629503829653e-01   3.2335887712794492e-01   8.5697640173429901e-01   1.9518713524921574e-01   8.5654867483332253e-01  -1.6080039407592155e+00   1.1338047235193228e-01   4.0418977039179165e+00   1.9520229621707987e+00
   1.0966109999999999e-02   7.6406249210933253e-02   1.0717952586574258e+00   9.7518447089884841e-01   1.0048193912227107e-01  -7.2963936718510491e-01  -1.2534662236097663e-01   4.3925564525487837e-01  -1.3222293070248876e+00  -5.9287183199855120e-01   4.0383469168970301e+00   1.9510554727656078e+00
   1.0413449999999999e-02  -7.1931691772666029e-01   2.0932811654847605e-01   7.5305507047093911e-01  -1.8118664316052249e-01  -5.0015139398113095e-01   8.0538143175537380e-01   1.5147761000664164e+00   5.1387196550977987e-01  -6.2679152251994430e-01   4.0234696782467587e+00   1.9471567789965387e+00
   1.1217740000000000e-02   1.2037966426223869e+00  -1.9831013374353615e-01  -1.1908652751748409e-01  -6.4468642340854987e-01   4.4538518397748604e-02  -1.2416456988810280e+00   3.4083392475626761e-01   7.6060205687542470e-01   8.5510744837181596e-01   4.0289827278946433e+00   1.9485876056987550e+00
   1.0898490000000000e-02  -3.7698485755090161e-01   1.1474755118312068e+00  -2.2858803451085924e-01  -7.8279348469727883e-01  -9.0956583900260624e-01  -1.2452961931234319e+00  -2.8107608900846620e-01  -7.3634737279103912e-02   6.1564763856717253e-01   4.0320417117051255e+00   1.9495061377880385e+00
   1.0462430000000000e-02   6.3821238132898883e-01   9.3364089315814947e-01   2.0742037917523503e-02  -5.8156539540458629e-02  -4.9739504237223077e-03   3.8377349737099353e-04   8.6957580790659461e-01  -1.0071525450474035e+00   1.3934355708581838e+00   4.0237015992172269e+00   1.9473094915564637e+00
   1.1025050000000000e-02  -6.7565992930058982e-01   1.5416262808685930e+00   7.2791584624668648e-01  -5.9292634477581797e-02   1.5167269952741752e-01  -1.8649152762974591e-01  -4.0800906330819486e-01   5.8338894650949624e-01  -1.0166012962987729e+00   4.0359082958718346e+00   1.9505536546238462e+00
   1.0896460000000000e-02  -5.3956771358908640e-01  -4.9409156992649789e-01  -1.0361491915244323e+00   1.5610892467657256e+00   6.2941222975412237e-01  -4.3783806697223576e-01  -3.2037129309658498e-02  -4.4258176969817664e-01  -3.9142060996729272e-01   4.0349933890741170e+00   1.9503482832018215e+00
   1.0884130000000001e-02  -4.5400190302587012e-01  -9.7161047432378600e-01  -2.5139254493762031e-01   7.1890113395658406e-01  -1.0419271374292411e+00  -1.0108831735956338e+00  -6.7955567669495831e-01   3.6976837105588356e-01   7.4679731320369369e-01   4.0382841531387932e+00   1.9512299198336944e+00
   1.1153659999999999e-02   4.6821251629287819e-01  -4.2324339314775666e-01   5.0212010107924510e-01   1.1313273607902581e+00   1.1138971295279818e+00  -5.4079354746926545e-01   1.7387742846238755e-01   2.5642722681136887e-01   1.1562428091658903e+00   4.0227250357983060e+00   1.9472646733237307e+00
   1.1025850000000000e-02  -8.8003910888568654e-02  -2.3702244912511242e-01  -8.9688256686193041e-02   7.4082339016686094e-01  -6.0474854829497438e-01  -1.2403254210241372e+00   1.3763515581852039e+00  -6.5176600262790341e-01   3.2038170064449495e-01   4.0397118513190353e+00   1.9512744946738030e+00
   1.0964160000000001e-02   2.7211628633515234e-01  -3.8378413903741682e-01  -7.3327049260926103e-01  -3.6286388514846127e-02   1.1229585422075496e+00  -1.1261406324165124e-01   1.6610277580346007e+00   3.7800022206413825e-01   5.1482014469212356e-02   4.0239216496910428e+00   1.9475586447032076e+00
   1.0143530000000000e-02  -8.4617687597334867e-01   4.6991790986785453e-01   1.3417204332762949e+00  -5.0189819185091888e-01   3.5806069293905984e-01  -1.0240977245420582e+00   8.9747725090172048e-01  -5.9337775130776448e-02   2.9165798801452597e-01   4.0245558090059106e+00   1.9474537222157926e+00
   1.1259610000000000e-02  -4.0855185103281105e-01  -7.7681814152097095e-01   1.3312978721708815e+00  -9.8029962752946298e-01   2.1354567320700368e-01   4.2097592856400939e-01  -1.7190015801958070e-01  -3.7414129893873876e-01  -1.0081395967851541e+00   4.0367185345529935e+00   1.9505911668348423e+00
   1.1016330000000000e-02   3.5662720501559009e-01  -1.1556578502692290e+00   2.2160601457361298e-01   7.8409201010613638e-01   9.0792327512314841e-01   1.2536446929476501e+00   2.6999948738283119e-01   9.3100086611565533e-02  -6.2081292384962428e-01   4.0471231993802297e+00   1.9533692680814141e+00
   1.0803210000000001e-02  -1.3111216702361432e+00  -9.5202095976870071e-02   1.0373358375512294e-01  -2.1516572177128795e-01  -1.0188507385847481e-01  -1.2364093178202169e+00  -4.9808820162534156e-01  -8.9432860736675801e-01  -7.7707350694522836e-01   4.0247703740784813e+00   1.9478940981038988e+00
   1.0561970000000000e-02  -7.5763027476249944e-01  -5.8804428520870988e-01  -5.4173658942204961e-01  -1.0248386556771787e+00   2.3984593353225075e-01   1.5630527597112045e+00   2.0200262161431778e-01  -4.9180681080194959e-02   4.0572259706004721e-01   4.0227402209347805e+00   1.9470548833647112e+00
   1.1012070000000001e-02   7.5861252667478385e-01   6.6832859089653152e-01  -1.4153943208581965e+00  -1.2225228490879703e+00   1.9891320822429062e-01   3.1040455166162279e-01  -1.4351431755970631e-01  -7.5261105640868478e-02   4.9559873701950180e-01   4.0247889402785662e+00   1.9478273325922437e+00
   1.1176999999999999e-02  -2.0349068728298245e-01   2.9018958008500162e-01   1.6538750757595539e+00   2.7648512899528288e-01   4.7397834042632125e-01   1.1415575754189267e+00  -1.9193418356377404e-01  -6.2727066706585843e-02   6.4151396118022275e-01   4.0377244288359933e+00   1.9508680494259645e+00
   1.0925509999999999e-02  -8.5260927192692493e-01  -1.2843730564328177e+00   2.7576371129775223e-01   3.2931519682200189e-01   4.4259377985191428e-01   4.2685811891262010e-01  -1.1926129979134150e+00  -5.6367464786130628e-01   5.2263592590523422e-01   4.0281338779080942e+00   1.9486602321114150e+00
   1.0771510000000000e-02  -3.0908054492890896e-01   1.2493522801375061e+00  -1.0787800412508733e-01  -3.3084124675470955e-01   9.1854127524523599e-01   6.7448208125850923e-02   1.3440365948324715e-01   1.1550870686483283e+00   9.7375551463678134e-01   4.0111683925198509e+00   1.9442687313253955e+00
   1.0741350000000000e-02  -1.7301232288530279e+00   5.4812508060544746e-02   5.2241058928241413e-01  -5.2336803853824632e-01  -4.6344210198503466e-01   2.0202085009545329e-01  -4.1307167295983133e-01   9.6984142721918698e-01   3.1895587010650450e-01   4.0368186154499481e+00   1.9508568038579364e+00
   1.0631949999999999e-02   1.2430061831779078e+00   1.4316992548215988e+00   5.2152110477694935e-01   1.8027820930098093e-01   2.6918435593307716e-01  -1.2092756161857518e-03  -8.3878647821272823e-01   8.5237542532622113e-04   5.7121696126359700e-01   4.0293427366849439e+00   1.9486984601826587e+00
   1.1146260000000000e-02   4.8831261623652855e-01  -4.2379032631761815e-01   1.1254086560425816e+00  -2.4895997820553839e-01  -1.7925102754556588e-01  -1.0081192165019477e+00  -4.0268933923554412e-01  -1.1414732552512044e+00   8.2003152172380500e-01   4.0412405208318170e+00   1.9519183101421569e+00
   1.1046600000000000e-02   1.1109994523148807e+00  -9.2125071140951842e-01  -4.0704303482299131e-01  -1.0186728612881073e+00  -1.3719867806733285e-01   5.4419071743895187e-01   4.3139504390151245e-01   5.7615104695123587e-01  -9.2433698714305923e-01   4.0421260852309384e+00   1.9522942012794375e+00
   1.0999940000000000e-02   1.3256067120304200e+00   1.3479165305675769e-01  -1.6240133399077211e-01   2.4262873081529390e-01   8.5567629121215502e-02   1.2599046746753133e+00   4.5029718233630678e-01   8.5670567257153518e-01   7.6544717955361641e-01   4.0452785359872196e+00   1.9528047281464407e+00
   1.0790249999999999e-02   4.9822872373835891e-01  -5.0542645314236190e-01  -1.3681914912273776e+00   5.5614667907366722e-01  -5.7831750652838410e-01   9.3532630153816043e-01  -9.7666861624494827e-01   5.8039318482412242e-02  -2.4605470980070232e-01   4.0166397164020724e+00   1.9453610642582315e+00
   1.0254040000000001e-02  -3.2173105084730030e-01  -1.5234154512226148e+00   9.7248257080332468e-01  -4.2199181659248275e-01   4.4919216767990176e-02  -2.0878702448217940e-01   4.4614962596034863e-01   7.5196586980442359e-01   8.1641690145257861e-01   4.0207554077471173e+00   1.9463001136372240e+00
   1.1066740000000000e-02  -7.4401227964696526e-01   8.4337912082666056e-01   3.6803199233391160e-01  -1.1690539948642500e+00   5.5518159333396155e-01   1.9658503014734718e-01  -7.5446371539870882e-01  -1.0415373324393897e+00   4.0380803354470163e-01   4.0262124014287926e+00   1.9480851963703791e+00
   1.1093120000000000e-02   1.3734056713274105e+00  -9.8866242849430130e-01   7.7145655518079381e-01   2.9302194877471349e-01  -1.2601162708693570e-01   1.9373387692424745e-02  -1.0691195798715181e+00   4.9712952261302273e-01   4.6272193994699749e-02   4.0387562340281109e+00   1.9513350490262924e+00
   1.1013250000000000e-02   9.8259886090413950e-01   4.8321749866198499e-01   6.2322812085298973e-01   5.7272338875502860e-01  -6.7744592724545694e-01   8.9253844132225890e-01  -1.8572492728206835e-01   3.0552073025768733e-01  -1.3027813341553889e+00   4.0462333942452124e+00   1.9531933075984753e+00
   1.0825270000000000e-02   5.3835311730482394e-01  -1.0270120824396846e-01   2.8533772390867657e-01   1.6443274029155002e+00  -6.3508948195312009e-01   5.4123941099265460e-01  -2.7240629848798686e-01  -8.7719692449664821e-01   6.0705526026787815e-01   4.0374606745834409e+00   1.9508248562667492e+00
   1.0385100000000000e-02   1.0530676790294913e+00   2.6818407830818880e-01   1.4067975307809697e+00  -7.1345457745069257e-02   8.4693601365467974e-01  -5.8660987437658663e-01   6.3102088163851111e-01   2.6516974322121273e-01  -5.4456608194286205e-01   4.0170386732420873e+00   1.9455791828428752e+00
   1.1102529999999999e-02  -3.3843563926044751e-01   1.3929919610532262e+00  -1.7501867912657879e-01   3.0981228341722587e-02  -8.8008069168934311e-01   1.3047214740646913e+00  -8.4293188436467326e-02   7.1760440934334604e-02   5.8497033209068716e-01   4.0327710506234782e+00   1.9495912938660751e+00
   9.1738500000000008e-03  -2.1849497075199553e-01   4.6351761010412142e-02   5.3619383835182965e-01  -9.6970077136638877e-01   5.1026561794473924e-01   6.2878633634861336e-01   1.3085348129650929e+00   9.2633717308976141e-02   1.2189865062918868e+00   4.0056557886536170e+00   1.9421202094452477e+00
   1.1030260000000000e-02  -2.8252782339075949e-01   3.4884823003154264e-02   8.2641608153327129e-01  -3.4277806222596152e-01   7.5810324351004388e-01  -1.0972802551920904e+00  -1.2648747941069418e+00   7.7302100154140940e-01   3.3976103858151507e-01   4.0456459844041497e+00   1.9529538132418474e+00
   0.0000000000000000e+00   0.0000000000000000e+00   0.0000000000000000e+00   0.0000000000000000e+00   0.0000000000000000e+00   0.0000000000000000e+00   0.0000000000000000e+00   0.0000000000000000e+00   0.0000000000000000e+00   0.0000000000000000e+00   4.0331709956614983e+00   1.9497953266843264e+00
