   1.4014660000000000e-02  -1.0167994847159285e+00   6.6354707921378964e-01  -7.8575444601153954e-01   1.8375613847622588e-01   4.1172523814566570e-01
   6.1779399999999998e-03  -9.3846215583055406e-02   2.3131426281522196e+00  -7.2347791248769933e-01   4.4699354820984322e-01   6.1823379222113595e-01
   5.9334300000000000e-03   1.7276662075960674e+00  -1.2528083751946564e+00  -1.2059487370731623e+00   4.6208394297422545e-01   6.2615748473979593e-01
   5.2816100000000000e-03  -1.4556547275960614e+00  -7.5647487300751337e-01   1.8836226128049010e+00   4.5814014920404056e-01   6.2496745260780573e-01
   5.8342899999999998e-03  -2.3104565742744669e+00  -6.5973714511556703e-01  -4.4990624908205479e-01   4.5433568085798959e-01   6.2198971206321052e-01
   5.8578099999999998e-03  -1.0351372980963289e+00   1.6692299616369903e+00   1.3486541149518727e+00   4.0159181177994768e-01   5.8584102820343209e-01
   6.1314400000000002e-03  -3.2687631833696812e-01  -1.2740156459612362e+00   1.9617023908334685e+00   3.9811413456456252e-01   5.8467833536998293e-01
   6.3541500000000002e-03   5.6848543377566907e-01  -1.9740929892410375e+00   1.2521560871552770e+00   4.3902689287822827e-01   6.1404766803843813e-01
   1.2678190000000001e-02   3.3725146241967058e-01   1.0540440642586133e+00   1.0509426108074829e+00   1.8894704071705726e-01   4.1685582691616552e-01
   1.1564349999999999e-02   2.6208834743862852e-01   1.5842555154306328e+00   1.8898663523803683e-01   1.9552951988304496e-01   4.2374380012612578e-01
   2.2038499999999999e-02  -1.8303091843141286e-02   9.1908039654489838e-03  -6.5791575876375285e-03   1.1902128304061084e-01   3.3325171049734198e-01
   1.7615660000000002e-02   4.8822408730184286e-01  -2.1112841415756020e-02   6.7998757272851451e-01   1.3253683468259123e-01   3.5068373823851534e-01
   1.2826000000000001e-02   1.3147774412232882e-01  -1.9442617962123082e-01  -1.4425092047666559e+00   1.7573780423790791e-01   4.0261207503492275e-01
   1.3648330000000000e-02   1.1290312984206532e+00   5.4234461385052490e-01  -7.1865594170386105e-01   1.8006361019543587e-01   4.0752818765590326e-01
   1.1190250000000001e-02   1.6194435514495407e+00   3.3114601128131760e-01   5.2241056604078025e-02   1.9984063059155122e-01   4.2847929655226169e-01
   1.8690129999999999e-02  -3.5473635979631774e-01  -7.8736310040187940e-01   3.5281354943194378e-02   1.3935209561099474e-01   3.5975956774471685e-01
   1.0990220000000000e-02   6.4872146907755257e-01   1.3782477311745014e+00  -6.5222636463582129e-01   1.9651996542334479e-01   4.2511792420871380e-01
   1.1432919999999999e-02  -1.1445237470750592e-01  -1.3140441568756089e+00   8.0292947323981467e-01   1.8053135614197374e-01   4.0695431526958314e-01
   1.8934240000000001e-02  -5.4106590192969306e-01   5.5202249015879201e-01   1.8206571422930092e-02   1.3304148041740230e-01   3.5178987681412704e-01
   1.2536310000000000e-02   3.2901313522887743e-01   2.4564107134680704e-01   1.4935963706654076e+00   1.9128674926276981e-01   4.1921646118501071e-01
   1.3479880000000000e-02  -4.4961700640177887e-01   1.2135323154736248e+00   5.9951180024892203e-01   1.7508147155895490e-01   4.0193128776666237e-01
   6.2316699999999999e-03  -9.7413549802346155e-01   2.1447289324002545e+00   1.3385917489306992e-01   4.0406025371578896e-01   5.8710849032745438e-01
   5.7470999999999998e-03   6.9051529606276485e-01  -1.0321627061302576e+00  -2.1650164318539331e+00   4.8987558369283241e-01   6.4568397515964382e-01
   5.5539999999999999e-03  -1.9877765231402664e+00   1.3110223348189871e+00   6.1075401120377126e-01   4.4886068825817921e-01   6.1773289691583921e-01
   1.3066080000000001e-02  -1.0827584016314487e+00   6.2092752640730609e-01   7.8808891965732641e-01   1.8188807759025258e-01   4.0912588776054870e-01
   1.1747590000000000e-02   7.0066610193281431e-01  -8.5616078093672965e-01  -1.0528809871361742e+00   1.7922455706435406e-01   4.0633355642087926e-01
   6.1639599999999996e-03   1.2349730597254858e+00   6.3008565909067094e-01   2.0043177576498321e+00   4.5060955231830141e-01   6.2169797638521596e-01
   1.0139820000000001e-02  -1.4114072674206983e+00  -1.8481223714529590e-01   9.2227146882550826e-01   1.9518921013265103e-01   4.2330144216864080e-01
   1.7271640000000001e-02  -1.6553327540401486e-01  -4.5668461789074666e-01  -6.5040106995697322e-01   1.2890306001637614e-01   3.4585393860384006e-01
   1.2925870000000001e-02   4.6283754824361634e-01   6.4021331903801248e-01  -1.2865203533023992e+00   1.8596964658826920e-01   4.1383578247195663e-01
   6.1899900000000002e-03   2.0786251782445353e+00  -6.5912799550343321e-02   1.1949479713021367e+00   4.2523694680353169e-01   6.0337961953535912e-01
   5.9658300000000001e-03  -1.4854129215661855e+00   5.6340765215939459e-01   1.8590995757525466e+00   4.5567020414164994e-01   6.2371303257072341e-01
   1.3068150000000001e-02  -1.4641642452924604e+00   2.5813789844733731e-01   5.5534056296839655e-02   1.8354386480953860e-01   4.1103378413699931e-01
   1.2367009999999999e-02  -8.3030911273809282e-01  -8.8403416263735313e-01   9.2056432579900083e-01   1.8352617446013317e-01   4.1111392509018124e-01
   1.3752830000000001e-02  -3.7786031860683261e-01   1.2754217286057894e+00  -3.0965846203900482e-01   1.7010240434580867e-01   3.9575240017859176e-01
   6.0614600000000003e-03  -1.6338767323009558e+00   4.4289900825311962e-01  -1.7708511736392614e+00   4.6264076240464863e-01   6.2856269548256172e-01
   1.7659169999999998e-02   2.7938911692654145e-01   7.0342801223534979e-01  -3.8988306648415849e-01   1.3409402109697985e-01   3.5278464159870698e-01
   6.6099200000000000e-03   2.1523971785889615e+00  -9.0390365421704211e-01   3.5014431949763904e-03   3.9902289243117944e-01   5.8533373928720189e-01
   5.6752900000000004e-03   2.7370238378910312e-03   2.2570702381623073e+00   9.2149838398040074e-01   4.3928236463382109e-01   6.1145806133962477e-01
   6.1895600000000002e-03  -2.0853596256577742e-01  -4.0576137765614104e-04   2.4349944942202901e+00   4.5693523185952717e-01   6.2654061260593452e-01
   1.7367779999999999e-02  -7.6661147872479163e-01  -1.1185563903617754e-01  -3.4144000831587235e-01   1.3042592802580386e-01   3.4832585056007603e-01
   1.0153900000000000e-02  -1.5165082397445051e+00  -1.2469577652469589e-01  -7.7572118338060225e-01   1.9901943677335432e-01   4.2700139971427070e-01
   1.0156409999999999e-02  -3.4676490585968278e-01  -1.5646206011755115e+00  -5.8161030188677676e-01   1.9864812545285981e-01   4.2680775154613726e-01
   5.3623100000000003e-03   1.3210550161054446e+00  -2.1378792712142380e+00   6.8884771755856486e-02   4.7973837919160733e-01   6.3929505653185248e-01
   5.4983599999999999e-03  -1.8056719802258187e-01  -2.5088659454868010e+00  -2.8087531601187648e-03   4.8544149648837859e-01   6.4474646136247171e-01
   1.3086330000000000e-02  -1.3233122332283811e+00  -6.6297017700777561e-01   8.1745133869996600e-02   1.8324323677106052e-01   4.1078481704987585e-01
   5.1888999999999998e-03  -9.3529740131130690e-01  -2.0551653986836165e+00   1.1035421104040337e+00   4.6516511698265262e-01   6.3004070901126985e-01
   1.7556160000000001e-02   2.3908867224971594e-01   7.0780983131912556e-01   3.3121540716309866e-01   1.3096442147556389e-01   3.4859584341398114e-01
   5.9560100000000003e-03  -1.9157296615005903e+00  -1.2488090615964926e+00   7.0989809733077636e-01   4.1136900287843731e-01   5.9364225753885447e-01
   1.8385640000000002e-02   4.8610856277834441e-01  -6.7080054586990664e-02  -6.6222265392185353e-01   1.3400775242550325e-01   3.5299092675550958e-01
   1.1082320000000000e-02  -2.3578368809721773e-01   1.2156486293971536e+00  -1.0806654588378617e+00   1.9713900839124401e-01   4.2525353627121265e-01
   5.3990100000000001e-03   9.7535658288747451e-01  -8.0026764010366136e-01   2.1743445437876558e+00   4.8600451256492244e-01   6.4382974659519643e-01
   4.5871400000000000e-03  -5.9038425706287678e-01  -1.9591219568183800e+00  -1.6119333936749827e+00   5.1374395288282548e-01   6.6170448993695763e-01
   6.5766799999999997e-03   1.8485450751479460e+00   1.3009891598009660e+00  -6.6817629768210518e-01   4.0859583545359562e-01   5.9363567574348231e-01
   5.5716100000000003e-03  -2.3629330065742713e+00   6.0291155595041508e-02   7.1828105823323352e-01   4.5686531048601120e-01   6.2470538942711107e-01
   4.6372000000000002e-03  -5.3651662371520259e-01   1.4368378625058891e+00  -2.0887332469562856e+00   5.0784270938596843e-01   6.5744750468612989e-01
   1.1809490000000001e-02   1.1020882961924425e+00  -1.1566943309202531e+00  -1.6599644630801574e-01   1.9604966067266852e-01   4.2441221769460746e-01
   6.4040499999999997e-03   1.6463724809149967e+00  -1.2898098033135390e+00   1.0708834489928838e+00   4.0368788859697430e-01   5.8802047133420654e-01
   1.0285760000000000e-02   1.0446249372045426e+00  -3.0434932209680921e-01   1.2620629725896826e+00   1.9036474592783267e-01   4.1818506237333697e-01
   5.8243000000000001e-03   4.0523839160965003e-01   3.8246894456467917e-01  -2.3667414624862206e+00   4.3080102339047821e-01   6.0780293034037935e-01
   9.7609299999999993e-03   1.0833299372722291e+00  -1.6718829947141101e-01  -1.4615547060752392e+00   2.2883621961640643e-01   4.5507749104853829e-01
   6.2935400000000002e-03   2.0813599838275851e+00  -5.6161258782833165e-02  -1.0148666979911785e+00   3.7646850410796506e-01   5.6834342827667639e-01
   4.9452999999999997e-03   1.5703411945365788e+00   6.6398287848238335e-01  -1.8484453702758501e+00   4.6704744723167763e-01   6.2636270028930996e-01
   5.3191200000000001e-03   1.1572877500754486e+00   2.2376571842150428e+00  -6.3731881008836283e-02   4.7821513328195947e-01   6.3822541916137110e-01
   1.7446540000000000e-02  -7.1756186134560640e-01  -1.3933288409239489e-01   4.2394663381767200e-01   1.3114322445467630e-01   3.4920251758232501e-01
   5.6814300000000003e-03   7.8637121941457966e-01   1.6804195149471806e+00  -1.6036686070994544e+00   4.4856998759805422e-01   6.1951763323403131e-01
   5.6554300000000004e-03   1.9709281583255647e+00   1.2033231854181818e+00   7.2947640266983826e-01   4.2163292733266011e-01   5.9982093180924145e-01
   6.0557500000000004e-03  -2.2258335961571527e+00   7.5248868343098430e-01  -5.7977156490750636e-01   4.3767481955436477e-01   6.1134887190815856e-01
   1.9104900000000001e-02   4.8517434848685637e-01  -5.4805125703623514e-01   4.5602974328633368e-02   1.3203887772203007e-01   3.5022064548484588e-01
   1.1836319999999999e-02   2.0789461683534602e-01  -6.6476058729902932e-01   1.4011431152846279e+00   1.8842175673445549e-01   4.1596882065073254e-01
   1.3972450000000001e-02   1.2346009599484533e+00  -3.6440297352243528e-01  -4.8159050074555920e-01   1.7102371509788633e-01   3.9732756179891987e-01
   5.2755800000000002e-03   7.2151681596426459e-02   1.3547289213300295e+00   2.1178270150086167e+00   4.7384550513420037e-01   6.3551598385209096e-01
   5.7855700000000003e-03  -1.5259885499852874e+00  -1.8845128806451206e+00  -4.4302847025529640e-01   4.5761387937713011e-01   6.2637257150532066e-01
   1.0130070000000000e-02  -4.7514650171742379e-01   7.3609144939759363e-01   1.4586861885443667e+00   1.9707512882614109e-01   4.2504459743039347e-01
   1.3550240000000000e-02   1.0871832856053145e+00   5.3509188643248695e-01   8.5580520965381823e-01   1.8664091057584703e-01   4.1494804800414076e-01
   1.2880300000000001e-02  -9.5599894721168110e-01  -9.2792825521323341e-01  -6.5940223651864538e-01   1.8237369986448698e-01   4.0962450356799152e-01
   1.0428059999999999e-02  -8.0208767502404965e-01  -1.4669824886238609e+00   1.9859970182565526e-01   1.9583065735525090e-01   4.2416308214318554e-01
   1.0859760000000000e-02  -1.2002202665341739e+00   1.1194851212325179e+00  -3.0088892994436241e-02   1.9238882186990600e-01   4.2033685361166356e-01
   1.7919040000000001e-02  -2.3690423986876075e-01   3.4190485638579016e-01  -7.5353982709175815e-01   1.3474883440563135e-01   3.5390867558010158e-01
   6.5412999999999999e-03  -1.3594023764801137e+00   1.6827143811702809e+00  -1.0003075398188932e+00   4.3273401578143045e-01   6.0881626915127729e-01
   1.3488210000000000e-02   7.2097380215665985e-01  -9.9243633637309570e-01   7.1316310011078632e-01   1.7611594282785636e-01   4.0249185499361129e-01
   5.8183000000000002e-03  -6.3315000160243340e-01  -4.5520758218085433e-01  -2.3304956592772630e+00   4.5339609930968749e-01   6.2256460455035245e-01
   1.0902880000000000e-02  -2.2648924607808193e-01  -1.0148729464499406e+00  -1.3569330036574831e+00   2.0930960324807582e-01   4.3809549717661334e-01
   1.7805709999999999e-02   7.7675542549870835e-01   2.1891313130317500e-01   1.4357879611050469e-02   1.2966495005350961e-01   3.4732792845271176e-01
   6.3020100000000003e-03   1.0687754012638666e+00   1.6849823816924994e+00   1.1835410839514529e+00   3.8151620867034908e-01   5.7203838397652240e-01
   1.3367520000000001e-02   1.0176204655461065e+00   1.0781741160629605e+00   1.4673646760579051e-01   1.8575417617412582e-01   4.1395083124532056e-01
   1.7423370000000001e-02  -2.1632151424287635e-01   3.2408849929850708e-01   7.6087866483289013e-01   1.3231489957804637e-01   3.5054775629815604e-01
   7.3500400000000004e-03   6.2339307522851040e-01  -1.9370660137013076e+00  -1.0237501647697118e+00   3.8559872690644614e-01   5.7760868215686445e-01
   1.1908660000000000e-02   3.0865294123997278e-01  -1.5374380909259981e+00   1.2587728927952480e-01   1.9308190542591150e-01   4.2074957561299292e-01
   1.7301960000000002e-02  -6.3345280067719778e-02  -4.8513485992566707e-01   6.5745750728034680e-01   1.2973494502193869e-01   3.4692396726372299e-01
   6.0772200000000004e-03  -1.5566962990900330e+00  -9.7606228591017397e-01  -1.5450738875801260e+00   4.2323022136230687e-01   6.0258823189745536e-01
   1.3171260000000001e-02  -5.7515129736037429e-01  -1.6541490840836978e-01   1.3732957056151573e+00   1.8752043554775169e-01   4.1543620190498254e-01
   1.2501740000000001e-02  -7.7051548636596046e-01  -2.2975261602939526e-01  -1.2280828094277529e+00   1.7363093602544336e-01   4.0020361567945872e-01
   9.8968500000000004e-03  -4.9492428865992755e-01   4.9482328133052034e-01  -1.6134862424588301e+00   2.0920113407551194e-01   4.3722314063960305e-01
   1.3551100000000000e-02   1.2893895272305766e+00  -3.8735766848468933e-01   4.1781443391646106e-01   1.7335607285548615e-01   3.9994077447071585e-01
   3.7166700000000000e-03   2.6290832520741687e+00   2.9746369590231586e-01   8.9045179247552054e-03   4.7816114373136220e-01   6.3557741311621785e-01
   1.3488260000000000e-02   2.6881294560716607e-01  -1.0125011549064944e+00  -4.8255160930661811e-01   1.4072654796069647e-01   3.6017846542590581e-01
   0.0000000000000000e+00   0.0000000000000000e+00   0.0000000000000000e+00   0.0000000000000000e+00   2.3362664126628774e-01   4.4500080358647925e-01
