   9.6108600000000006e-03   1.4767824440970454e+00   7.0192480026740811e-01   4.3315820282388895e-01  -1.2773039810277402e+00  -3.1286209124561037e-02   1.8618154083285920e-01   1.7577453914133865e+00
   8.1556100000000006e-03  -1.4511488889247091e+00  -1.8581312970603645e-01  -1.6103034681145154e+00  -1.0646516891169324e-02  -6.4737845577289413e-02  -4.5805120454059661e-01   1.8104098981291570e+00
   9.7081500000000005e-03  -1.0075968353725739e+00   3.9669902504273563e-01   5.2038446227762203e-01   9.8135341208223958e-01  -6.0155514853605685e-01  -1.3285148334148302e+00   1.7669176105399580e+00
   9.6096399999999992e-03   2.0757468359473361e-01  -1.2513395240067002e+00   1.1275389382404986e+00   1.1954624008004056e+00   1.6739004648880329e-01   7.9248203324716923e-02   1.7183021834636285e+00
   1.0294859999999999e-02   7.0508363562266174e-01  -3.8761389499395410e-01   4.8560882154974599e-01   6.9835780652735702e-01   1.6121475263802598e+00   6.1614054144427632e-01   1.7447614031304624e+00
   1.0073950000000000e-02   1.2901193437904248e+00   9.0261686486115833e-01   9.8227662911702429e-01   2.8565828979057378e-01   9.2155927066037713e-01  -4.8453959693636928e-01   1.8302686282126694e+00
   9.1222100000000004e-03   6.0584544737279900e-01  -1.5437153837902709e-02  -2.1327349677148050e-01   4.2352394525116399e-01  -1.0802377229880158e+00  -1.6517682615483764e+00   1.7245618031797794e+00
   9.9799399999999996e-03   9.1841670563091948e-01   4.8352757494388654e-01   8.4458498010854133e-01   1.5426317795582021e+00   8.1872239419061646e-02   6.4143004930813952e-01   1.8051661283936344e+00
   8.9997299999999992e-03   2.0195107634698135e+00  -5.0924018494000481e-02  -4.4844466925651622e-01   1.3626825526278155e-02   5.1101625142414342e-01   6.4610759574605059e-01   1.8721404608246766e+00
   8.7224699999999995e-03  -2.9876045015613495e-01   1.4522794090685358e+00   1.1190337677625601e+00  -9.3815904593463961e-01   2.1830768750322177e-01   7.3238767285208184e-01   1.8331673422802901e+00
   9.6087900000000007e-03  -5.0307654199698493e-01  -2.3008626812006272e-01   3.8981716006351398e-02  -5.5150570922489139e-01  -1.8447601692387237e+00   7.7392186508468008e-01   1.7942183153546076e+00
   9.6054499999999998e-03   5.9888274276825226e-01   1.2777501475922217e+00  -9.8900755181507510e-02   1.2525704921914684e+00  -1.7898963632468587e-01  -9.4678406457110298e-01   1.7483776767712018e+00
   9.6526100000000007e-03   1.0764324558028469e+00   1.6484713107942723e+00   5.9173308869695684e-02   3.2054306197275706e-01  -2.5798716834640506e-01   7.4808247957372453e-01   1.7845906718992472e+00
   1.0041240000000000e-02  -2.2138342503194300e-01  -8.1741177988089597e-01  -8.2125774322939304e-01   5.1470710132617514e-01   1.4421034800524135e+00  -8.3745989376242924e-01   1.7669788874954044e+00
   9.9310800000000001e-03  -1.1080650617004533e+00   9.9988066739735115e-01  -5.2140008379361569e-01   8.3575848037650691e-01   8.0275555242213625e-01  -7.2925850667670888e-01   1.7365228818009721e+00
   1.0711139999999999e-02  -1.1144621737165319e+00   1.3199563032192480e-01  -1.1274251467513869e+00   5.5450035438939238e-01   8.7865731747242326e-01   8.5147174637925216e-01   1.7724885706566420e+00
   9.4436099999999999e-03  -2.2717432007219701e-01   2.5580442528353531e-01   1.9544521167384683e+00   4.1006646093488580e-01   6.6983285247424718e-01   5.7254984480622229e-01   1.8771090047662351e+00
   9.2876999999999994e-03  -1.7542066245003007e+00   6.0101611459022508e-01   8.3873106985788870e-01   4.2841149891994013e-01   2.6243199409726187e-01   4.2979354955660648e-01   1.7622342349652884e+00
   9.6595799999999992e-03   7.3090141723928437e-01   7.9819379751427233e-01  -9.6349687205771706e-01   1.0378427364211047e+00   1.2857629424368922e+00  -8.2479109247626498e-02   1.8675592691846616e+00
   8.9092300000000006e-03   1.2813643224904832e+00  -5.2532373763791287e-02  -5.2215029735263074e-01  -5.6300394396720332e-01   1.4788963926116121e+00  -6.2969530544281338e-01   1.8237831804157609e+00
   1.0253300000000000e-02  -3.8076434576467283e-02   1.4994142379227036e+00  -3.7523055015503332e-01  -9.6220176876445329e-01  -9.9114077212099305e-01   2.1358700688003696e-01   1.7515072884326515e+00
   1.0546850000000000e-02  -2.4234568404309756e-01   1.2936710437561070e+00   3.0780320085486540e-01   6.6281595186508169e-01   1.1824436475884446e+00   8.4682194254241439e-01   1.7721946070250536e+00
   9.5497499999999992e-03   1.5379988700765662e-01  -3.4664740463638544e-01   8.6617675121298726e-02  -1.4048974091039683e+00   8.2692961802571685e-01  -1.2187958668073782e+00   1.7157342624009997e+00
   1.0479860000000001e-02   1.4184780655310327e+00  -6.6669232838015802e-01   4.2716653231255663e-01  -5.9555875178613249e-01  -8.7131324585928857e-02  -1.1422701006090461e+00   1.7497232560211502e+00
   1.0574270000000000e-02  -6.1608820473956583e-01  -4.7059194370085011e-01   4.6966355460955117e-01   1.0621766787250202e+00   2.9025135082291365e-01   1.5162647413571273e+00   1.7577139632738217e+00
   9.7546700000000000e-03   9.3364658666342171e-01  -3.6800605740211012e-01  -1.0915232495555018e+00  -1.5625883719463651e+00   3.9194869616023158e-03   5.0671699417522739e-02   1.8143694290794037e+00
   1.0746080000000000e-02  -1.1113671655419157e+00   5.6426986539643342e-01   1.0572512548839326e+00  -7.4527189984643816e-01  -1.0765892028658290e+00  -3.0231401329055302e-01   1.8179118471635223e+00
   1.0336750000000000e-02  -5.4196189333174838e-01   7.8451471507058590e-01  -2.3855877912870752e-01   1.7186779135229138e+00  -2.3032200230983371e-01   5.1863542949031560e-01   1.7180535839741500e+00
   1.0652880000000000e-02   1.3748125457782725e+00   8.2827902362099115e-01  -1.0446957546291049e+00  -3.2618175215808587e-01  -2.6270328229495882e-01  -8.6239247828873700e-01   1.8511460340774211e+00
   2.1279860000000001e-02  -4.5498259054647655e-01  -3.8256706717963684e-01  -1.3378007319044777e-01  -1.3505130844055387e-02  -2.0394819427031763e-01  -7.0521728214785084e-02   9.8861548770780638e-01
   1.1042530000000000e-02   5.3946719960214218e-01  -4.5974023187258422e-03  -1.5362455761817346e-02  -1.2428314727835106e+00  -1.3840218468900427e+00  -6.4204343897183314e-01   1.7320330240270501e+00
   1.0670819999999999e-02   2.8261413995224627e-01   3.5619491185976565e-01  -9.0920718309492415e-02   2.3666772215379075e-01   7.9448023064631135e-01  -1.8453444079331707e+00   1.7564888854069574e+00
   9.4012499999999999e-03  -1.0192540309009064e+00  -8.4447614339664356e-01  -3.0808210292354965e-01   1.5384160653891171e-01  -1.5143324438134640e+00  -8.7450297822222145e-01   1.8844462624148526e+00
   9.2542400000000004e-03   3.6376647406491575e-01  -1.2768112876261653e-01   1.7089541471771452e+00  -1.2724370213944516e+00  -1.2245046728688669e-01  -3.6342850353917378e-01   1.8458662928349041e+00
   9.8686299999999998e-03   2.0936765868020096e-01  -5.2375078231618311e-01   1.1161626181289439e-01   1.7211373396474547e+00  -1.0029595217380107e+00  -3.7311490712655243e-01   1.7511084835261785e+00
   9.7406000000000003e-03   1.7529955982154781e+00   2.0458130889491580e-01   4.4600861179345586e-01   4.1836112217956062e-01  -9.8730280070941945e-01  -1.8178963782649576e-01   1.7567454509657610e+00
   1.0854920000000001e-02  -6.4828880683905654e-01   1.0808421376863575e+00  -5.3692209504708865e-01  -3.5392337766386872e-01  -4.9541374986030690e-01  -1.4005509151701554e+00   1.7330296098192077e+00
   9.6109100000000003e-03  -8.2549517997120481e-01   3.7904600037057978e-02   1.1810595996582338e+00   1.0274680517725066e+00  -1.1385426335400779e+00   4.6654318941889183e-01   1.8066817832606805e+00
   1.0717300000000001e-02  -5.1316041816326941e-01  -3.8522211845413223e-01  -1.1636760177303409e+00   8.7859558942199223e-01  -1.0532247869042408e+00   8.9667139047574662e-01   1.8016586832494834e+00
   8.8546200000000005e-03   4.7185998812004121e-01   4.3919259660764448e-01  -8.5546534183638545e-01   8.1288271312383487e-01   3.5881092926142821e-01   1.7064326976910515e+00   1.8152888513136276e+00
   9.3854799999999999e-03   4.8825822811087249e-01   1.3644176775396494e-01   1.6466982605486253e+00   7.9930554972881551e-01  -3.3520969115506916e-01  -1.0649368027302342e+00   1.8664114047423683e+00
   1.1148350000000000e-02   1.3579324800290632e-01   8.7203010976080508e-01  -6.0699465956754330e-02   5.7540001334067603e-01  -1.7620413381880606e+00  -2.0096003625899250e-01   1.7689312638617785e+00
   9.5279600000000002e-03  -1.1866123991454296e+00  -9.0586982171706742e-01   1.4458381949764851e+00   1.7162562597249953e-01  -1.1087838281245679e-01  -4.9408081777348944e-01   1.7859510734889412e+00
   1.0813900000000000e-02   1.7286129359944996e-01  -8.5436172916122399e-01   1.0807231846567511e+00  -9.4373172906874622e-02   1.2518037734861989e+00  -8.9601186509795427e-01   1.7698396877621305e+00
   1.0230560000000000e-02   6.5480230319394417e-01  -9.0220011797295685e-01   4.0407761844334372e-01  -1.3098441017180567e+00   8.2053722082668301e-01   6.5086444121530251e-01   1.7121997354952041e+00
   1.1016450000000001e-02  -2.1352537338537173e-01  -4.2483107908848343e-02  -1.2917007382401513e+00   1.2041549742058495e+00  -1.9684598841980891e-01  -1.0324247792880443e+00   1.7722440761325708e+00
   9.9231500000000004e-03   9.0500730459222273e-02  -8.0527519559399807e-01  -6.9950177089168974e-01   1.6522992531384173e+00   6.4004820514421124e-01   3.5965019024821293e-01   1.7507320118643448e+00
   1.0303790000000000e-02   1.4478444119431516e-01  -8.4267142815200202e-01  -1.1514921296078555e+00  -5.7663650362957919e-01  -9.7632908004318411e-02  -1.4445285348431376e+00   1.7930042523166259e+00
   1.0258470000000000e-02  -2.1279827768422199e-01   1.4998446452374130e+00  -1.3619118012316676e+00   4.5112829195108123e-01  -2.1341107552690999e-01   2.7679033172620759e-01   1.7922306969983051e+00
   9.9389100000000005e-03  -7.5877976988639284e-01   1.0408485754210856e-01   2.4270019293922748e-01  -6.3589756514034645e-01   1.0331941610916897e+00   1.4996541948701760e+00   1.7325275891468597e+00
   1.0507509999999999e-02  -3.0068144890625748e-01  -1.6038239739039430e+00   4.8107249530389962e-01  -1.1304854565004681e+00  -3.6368392497365581e-01  -4.3316380476923155e-01   1.8201497688724630e+00
   1.0111940000000000e-02   3.3991896276060918e-01  -8.5005161455446665e-01   1.1308819179371270e+00   6.8272624649650615e-02  -1.4481971739123216e+00  -4.6552521757930548e-01   1.7644677140794360e+00
   8.8458800000000004e-03  -4.1087398428698435e-01  -2.8450500042876009e-01   7.6806751735806100e-01  -7.0077673630973869e-01  -4.9081650281856953e-01  -1.7637823541660023e+00   1.7613589923916320e+00
   1.0162569999999999e-02  -1.4064272382653237e-01  -1.4394173853603762e+00   1.7259817368256197e-01   7.1610313144939308e-01   4.2967078626814769e-03  -1.3706575085477435e+00   1.7991263998143963e+00
   8.6719999999999992e-03   1.1314295254288733e+00   3.9458620233301184e-01  -1.0837347679746570e+00   1.2919839726579658e+00  -6.9872294481980557e-01   2.4172959637487612e-01   1.7982689277014645e+00
   9.5627400000000001e-03  -7.4579934041502736e-03   2.9099162452507105e-01  -1.5498755936822171e+00  -2.9804462321551090e-01  -1.3096742865988837e+00  -4.2486341840800856e-01   1.7469972843100177e+00
   8.7420199999999997e-03  -7.1313038232160730e-01  -1.7057307128820387e+00  -1.1385241558950030e+00   3.4259221894425573e-01   1.4659434045351116e-01   5.0319713005590287e-02   1.8283031798239127e+00
   8.6964699999999995e-03  -3.9107464703683653e-01  -1.7462181888440558e+00   2.6086901218337044e-01   4.9138761692580807e-01  -9.7745581027985295e-01   6.0954873033928147e-01   1.8069799660651056e+00
   9.8829599999999997e-03   5.8066753376945202e-01  -1.6053013201032348e-01   3.6639628538606911e-01   7.9378054369840367e-01  -1.2383794724425918e+00   1.2850611862592376e+00   1.7149378606900616e+00
   1.0809590000000001e-02   9.7189879471098550e-01  -1.1118778032809287e+00  -7.8158722326386454e-01   2.9977446099866256e-01  -1.1549665051345188e+00  -3.1377981052785514e-01   1.7705236409232368e+00
   9.7581100000000004e-03  -4.9810472663599376e-01  -1.6721389021150965e+00   4.8387138706393906e-01  -9.5054185927137755e-02   9.2253477222214475e-01   6.3233132892482102e-01   1.7937891017807448e+00
   1.0898010000000000e-02  -2.5090895582305933e-01   1.6752183393278530e-01   6.8079578181508227e-01   1.5304053526988943e+00   9.7214250557495063e-01  -6.7378791220536205e-01   1.7752043643422839e+00
   1.0354159999999999e-02  -1.5440513709550931e+00  -4.7315902106945090e-01  -7.9292935793649377e-02  -2.7960091479577392e-01   6.0266528833012867e-01  -1.2238940171732675e+00   1.8307727736327180e+00
   9.6335299999999995e-03  -1.7308796495678994e-01   6.2091177931073505e-01  -1.6375335197408585e+00  -6.3644668495458667e-01   8.0468717352479768e-01  -7.0541640359166780e-01   1.8080320613357481e+00
   9.1609900000000008e-03   3.1949226548366971e-01   1.8492278498349759e+00  -1.9090514741049844e-01  -3.3258449338151852e-01   8.0244066700511907e-01  -5.6314163156366348e-01   1.7630889339578888e+00
   9.1547699999999996e-03  -1.1509200293305304e+00  -9.7285478445635759e-02  -4.9890219752092285e-01  -1.5377190745907432e+00  -6.8428246245549806e-01  -5.6364462174072516e-01   1.8107695953712368e+00
   9.8481500000000000e-03  -7.5234077785964326e-01   9.4232241191317545e-01   1.1893391912674656e+00  -2.5411008254726336e-01   8.3824983821087495e-01  -1.0375041512606815e+00   1.8380812672683837e+00
   1.0177550000000000e-02   5.1168537291083038e-01   1.0550628409217897e+00  -8.2454403410886690e-01  -9.3457205090549689e-01   8.6179008896774756e-01   1.0148266193906303e+00   1.8618649967260985e+00
   1.0740280000000000e-02  -1.4122114460570578e+00   1.1437741218839794e+00  -3.3202516030021345e-01  -7.6373766783921593e-01   4.4798812269596855e-01   2.0350053582205807e-01   1.7414692840568291e+00
   1.0066820000000001e-02   9.0374903745995983e-01  -1.7545587239526526e+00  -3.8072046901703110e-01  -2.1395291486395185e-01   5.5781906825927652e-01  -2.3203785526586920e-01   1.7726859144122331e+00
   9.7365600000000000e-03  -4.7960174388286864e-01   4.9511697191365017e-01  -2.0390461918272748e-01  -4.0985999202998752e-01   1.8738653801266203e+00  -3.2286821165721102e-01   1.7130589901840676e+00
   9.8569000000000000e-03   6.7898005686354224e-01  -4.7461577395040472e-01  -1.9774793527405765e+00   1.9298257491322290e-01   2.1547962816597488e-01   2.4192994220884392e-01   1.8548720162167496e+00
   1.1646100000000000e-02  -6.6495558528747345e-01   9.3235977280269822e-01   9.9839646777923313e-02   4.7018603643352593e-02  -6.2717843963590436e-01   1.5694280818828579e+00   1.7676889100141648e+00
   9.1949000000000006e-03   6.6394473539221355e-01   1.2720613118505064e+00   8.1853964624858710e-01  -5.5856023653013132e-01  -6.1052408602529296e-01  -1.1774000574105199e+00   1.8309175845952381e+00
   9.7672000000000002e-03   1.1432351936028329e+00  -9.8042456210457052e-01   3.6020342290399704e-01  -8.4769040425155751e-01  -9.0797737348909324e-01   6.9781298842016570e-01   1.7417471881504480e+00
   1.0352960000000000e-02   8.6657719964947943e-01   2.6511013758504065e-01   7.4122925813926266e-01  -2.3473476591907483e-01   3.0491504874971692e-01   1.6965518891706690e+00   1.7678412008464022e+00
   9.2787800000000004e-03  -4.8076443131871732e-01   1.7839057504536899e+00   9.0124958538666755e-01   6.6787283592346391e-01  -3.8449688815200411e-01  -8.9018852313608801e-02   1.8470898276022212e+00
   9.0276799999999997e-03  -1.5344604144515137e+00  -7.5232569089578694e-01  -1.1310715220915570e-01   1.3745345753679432e+00  -4.3612434237030656e-03  -1.5161232117527768e-01   1.8284567570157457e+00
   9.9871700000000001e-03  -1.8046724697533987e+00  -7.4075786730387871e-01  -5.5573001980797981e-02  -4.3923725423042131e-01  -3.3807092690878782e-01   8.3995809678832178e-01   1.8852099549878432e+00
   1.0735990000000001e-02   1.3757715135643074e+00  -5.3417655007360132e-01  -1.5725730967992105e-01   1.1226399968479550e+00   4.4654248036391270e-01  -8.5494878546275921e-01   1.7891953452004408e+00
   8.6887200000000005e-03   3.2829837399781653e-01  -6.4990964457524047e-01  -9.7859543619069567e-01  -1.7041113993527698e-01   1.5503761054683047e+00   9.8295559338215321e-01   1.8312207998732948e+00
   1.0765580000000000e-02  -1.9698247651668110e-01   7.3048819069994719e-02   2.1915150671948722e-01  -1.7369892018810700e+00  -4.2829546103311261e-01   9.9310618846785015e-01   1.7553404677611633e+00
   2.0884300000000001e-02   5.9848843575520824e-02   2.8684160842120110e-01   5.9730497236737712e-01  -1.7124507572802558e-03  -1.9185444810819290e-02  -6.0891457349420045e-02   9.8705981723643277e-01
   1.0353720000000000e-02   1.0124782287272127e+00   3.5990197375695920e-01  -8.5651944147303471e-01  -4.9127940125580127e-01  -1.0867269113582521e+00   1.0923460927251556e+00   1.8037306124517170e+00
   1.0528050000000001e-02  -7.4568811780340338e-01  -7.7840060952812629e-01  -8.2808544651541149e-01  -1.2411702416029264e+00   9.8845476169074442e-01   1.2329472618220444e-01   1.7750706498143136e+00
   9.6306299999999994e-03  -1.1395865202520763e+00  -2.6152351163735832e-01   9.6664967996297835e-01  -1.3006522441094075e+00   7.2429118358993383e-01   3.3033671499622483e-02   1.7582872390246254e+00
   2.1386659999999998e-02   3.9689359987792561e-01   1.0844344235649774e-01  -4.2437935432655743e-01   2.2750346827740192e-03   2.2080106507357422e-01   1.3609599215130616e-01   9.9062464094803782e-01
   1.0345170000000001e-02  -4.2191597567782130e-01  -7.1823435124015322e-01   1.3683749401638865e+00  -4.9800991391131483e-01  -4.3566455193413062e-01   1.1902878896260041e+00   1.7690751856025910e+00
   9.3199200000000006e-03   6.1012434088368550e-01   7.3789326620465201e-01   1.4034844145212617e+00  -2.8407109245479201e-01  -1.2017041879469808e+00   6.3930306127559666e-01   1.8529462133495334e+00
   1.0321169999999999e-02   1.3290697499867015e-02  -9.4382646760067435e-01  -5.5287344173226161e-01  -4.2838607682469337e-01  -9.1638972730133161e-02   1.7311376904344407e+00   1.7628250983955054e+00
   9.7237100000000000e-03  -6.6839658608568342e-01   3.2586243255250680e-01  -1.4453725395119972e+00  -8.7102513708851614e-01  -2.6766462789638862e-01   1.0115903375630293e+00   1.7645140370711994e+00
   8.8406400000000003e-03   4.9266411757853801e-01   4.7491726555067382e-01   9.2909247180138965e-01  -9.2150599992493065e-01   1.5434835537481704e+00   3.1245169365507752e-01   1.7755626766383530e+00
   8.3981300000000002e-03  -1.8473921706614496e-01  -1.3068697349767100e+00  -1.0776545385047174e+00  -9.9677274124253501e-01  -9.1468152079986997e-01   3.3341042290890022e-01   1.7916600679033516e+00
   9.7506799999999994e-03  -8.1662152156898551e-02   8.7229733612942462e-01  -9.9070803804039403e-02  -1.7843042266876687e+00   3.2007970525331891e-01  -5.3053760802968553e-01   1.7382579933436975e+00
   9.2899899999999997e-03  -1.1842591153190356e+00  -4.3364474459100105e-01   4.5187085146365885e-01   5.2233992959236386e-01   1.5456421710410870e+00   1.8590599193533805e-01   1.7546322746703278e+00
   9.5521700000000005e-03   1.3385809737370966e+00  -8.1247826300196868e-01   1.4170938336534813e+00   2.8166437922912829e-02   2.2531352216165695e-01   3.0707101266669384e-01   1.8014680360672171e+00
   9.6154099999999996e-03  -1.5540902033425548e+00   7.8431398528213414e-01  -4.9140195019243460e-01   3.6298625520342304e-01  -1.0644091699440192e+00   6.1689653491127518e-02   1.7792594980161498e+00
   9.3700999999999993e-03   1.1255949570120216e+00  -1.2364438879809163e+00  -1.6443297064843326e-01   7.9713139117287324e-01  -6.7601014399303314e-02   1.0324860833952680e+00   1.7617516038746752e+00
   0.0000000000000000e+00   0.0000000000000000e+00   0.0000000000000000e+00   0.0000000000000000e+00   0.0000000000000000e+00   0.0000000000000000e+00   0.0000000000000000e+00      1.7346361798947081e+00
